1.00000000000000e-02	2.17541010609382e+14
2.00000000000000e-02	1.35929936240950e+13
3.00000000000000e-02	2.68394819435039e+12
4.00000000000000e-02	8.48743236883061e+11
5.00000000000000e-02	3.47392920565243e+11
6.00000000000000e-02	1.67382946213415e+11
7.00000000000000e-02	9.02543794443587e+10
8.00000000000000e-02	5.28413148118960e+10
9.00000000000000e-02	3.29432655367398e+10
1.00000000000000e-01	2.15808260386840e+10
1.10000000000000e-01	1.47149574959783e+10
1.20000000000000e-01	1.03703611238645e+10
1.30000000000000e-01	7.51385614378433e+09
1.40000000000000e-01	5.57409713281243e+09
1.50000000000000e-01	4.21979834373458e+09
1.60000000000000e-01	3.25142262235436e+09
1.70000000000000e-01	2.54442018451817e+09
1.80000000000000e-01	2.01859546745420e+09
1.90000000000000e-01	1.62108415689329e+09
2.00000000000000e-01	1.31614774042712e+09
2.10000000000000e-01	1.07912597543331e+09
2.20000000000000e-01	8.92732911938572e+08
2.30000000000000e-01	7.44515666205055e+08
2.40000000000000e-01	6.25524913560098e+08
2.50000000000000e-01	5.29111772222982e+08
2.60000000000000e-01	4.50364401098742e+08
2.70000000000000e-01	3.85532261640474e+08
2.80000000000000e-01	3.31801705752796e+08
2.90000000000000e-01	2.86962340429112e+08
3.00000000000000e-01	2.49318628650383e+08
3.10000000000000e-01	2.17537998669538e+08
3.20000000000000e-01	1.90565349674516e+08
3.30000000000000e-01	1.67558585456855e+08
3.40000000000000e-01	1.47839031268362e+08
3.50000000000000e-01	1.30871258513315e+08
3.60000000000000e-01	1.16204215448081e+08
3.70000000000000e-01	1.03479295755142e+08
3.80000000000000e-01	9.23994692943885e+07
3.90000000000000e-01	8.27166503436087e+07
4.00000000000000e-01	7.42284742180213e+07
4.10000000000000e-01	6.67629105237154e+07
4.20000000000000e-01	6.01791343434077e+07
4.30000000000000e-01	5.43549651442951e+07
4.40000000000000e-01	4.91898638520255e+07
4.50000000000000e-01	4.45978041941105e+07
4.60000000000000e-01	4.05047290229899e+07
4.70000000000000e-01	3.68486337055660e+07
4.80000000000000e-01	3.35751365339923e+07
4.90000000000000e-01	3.06380507181471e+07
5.00000000000000e-01	2.79976682386192e+07
5.10000000000000e-01	2.56186516474716e+07
5.20000000000000e-01	2.34726605286844e+07
5.30000000000000e-01	2.15319620322430e+07
5.40000000000000e-01	1.97751122135186e+07
5.50000000000000e-01	1.81814284668988e+07
5.60000000000000e-01	1.67331578885332e+07
5.70000000000000e-01	1.54156899509854e+07
5.80000000000000e-01	1.42155964117567e+07
5.90000000000000e-01	1.31203525829403e+07
6.00000000000000e-01	1.21198998700614e+07
6.10000000000000e-01	1.12043739535608e+07
6.20000000000000e-01	1.03660165084004e+07
6.30000000000000e-01	9.59717775410171e+06
6.40000000000000e-01	8.89147880135000e+06
6.50000000000000e-01	8.24277438215584e+06
6.60000000000000e-01	7.64601946650807e+06
6.70000000000000e-01	7.09616835793189e+06
6.80000000000000e-01	6.58945679806429e+06
6.90000000000000e-01	6.12193456522273e+06
7.00000000000000e-01	5.69008688904164e+06
7.10000000000000e-01	5.29084911994934e+06
7.20000000000000e-01	4.92141003043217e+06
7.30000000000000e-01	4.57948224027238e+06
7.40000000000000e-01	4.26249207787737e+06
7.50000000000000e-01	3.96861853384873e+06
7.60000000000000e-01	3.69579535560944e+06
7.70000000000000e-01	3.44257352404203e+06
7.80000000000000e-01	3.20715540471255e+06
7.90000000000000e-01	2.98829450189278e+06
8.00000000000000e-01	2.78461184947401e+06
8.10000000000000e-01	2.59502006795908e+06
8.20000000000000e-01	2.41840381350226e+06
8.30000000000000e-01	2.25381426241863e+06
8.40000000000000e-01	2.10039621414001e+06
8.50000000000000e-01	1.95719481724375e+06
8.60000000000000e-01	1.82358888556203e+06
8.70000000000000e-01	1.69881304305475e+06
8.80000000000000e-01	1.58225717805099e+06
8.90000000000000e-01	1.47335304341616e+06
9.00000000000000e-01	1.37156699825381e+06
9.10000000000000e-01	1.27635944380453e+06
9.20000000000000e-01	1.18732903248405e+06
9.30000000000000e-01	1.10404681979844e+06
9.40000000000000e-01	1.02610367492262e+06
9.50000000000000e-01	9.53150427590724e+05
9.60000000000000e-01	8.84834656344216e+05
9.70000000000000e-01	8.20894231219465e+05
9.80000000000000e-01	7.61022006171835e+05
9.90000000000000e-01	7.04959214472126e+05
1.00000000000000e+00	6.52470637806247e+05
1.01000000000000e+00	6.03303039466036e+05
1.02000000000000e+00	5.57259985448258e+05
1.03000000000000e+00	5.14167650099067e+05
1.04000000000000e+00	4.73822439419267e+05
1.05000000000000e+00	4.36056343921791e+05
1.06000000000000e+00	4.00715000790151e+05
1.07000000000000e+00	3.67648145972252e+05
1.08000000000000e+00	3.36699199738586e+05
1.09000000000000e+00	3.07742803490901e+05
1.10000000000000e+00	2.80650806141605e+05
1.11000000000000e+00	2.55292613753529e+05
1.12000000000000e+00	2.31574387424189e+05
1.13000000000000e+00	2.09386229741905e+05
1.14000000000000e+00	1.88621529341299e+05
1.15000000000000e+00	1.69202384906225e+05
1.16000000000000e+00	1.51042576656244e+05
1.17000000000000e+00	1.34085733246961e+05
1.18000000000000e+00	1.18261174790852e+05
1.19000000000000e+00	1.03512568762460e+05
1.20000000000000e+00	8.97950909202262e+04
1.21000000000000e+00	7.70659627326570e+04
1.22000000000000e+00	6.52795598484202e+04
1.23000000000000e+00	5.44062476115793e+04
1.24000000000000e+00	4.44194868115175e+04
1.25000000000000e+00	3.53068105637262e+04
1.26000000000000e+00	2.70733987156259e+04
1.27000000000000e+00	1.97525556639335e+04
1.28000000000000e+00	1.34034222690607e+04
1.29000000000000e+00	8.11953625087892e+03
1.30000000000000e+00	4.02958719209756e+03
1.31000000000000e+00	1.28466350214962e+03
1.32000000000000e+00	5.56767628639126e+01
1.33000000000000e+00	5.14239623111869e+02
1.34000000000000e+00	2.81480022649415e+03
1.35000000000000e+00	7.07502814142194e+03
1.36000000000000e+00	1.33518322305742e+04
1.37000000000000e+00	2.16291366977284e+04
1.38000000000000e+00	3.17954164972692e+04
1.39000000000000e+00	4.36419616270671e+04
1.40000000000000e+00	5.68629484991886e+04
1.41000000000000e+00	7.10592958091651e+04
1.42000000000000e+00	8.57631232424605e+04
1.43000000000000e+00	1.00465263134187e+05
1.44000000000000e+00	1.14647675263319e+05
1.45000000000000e+00	1.27809199083242e+05
1.46000000000000e+00	1.39507135289519e+05
1.47000000000000e+00	1.49363285053529e+05
1.48000000000000e+00	1.57098258675305e+05
1.49000000000000e+00	1.62515753318130e+05
1.50000000000000e+00	1.65515177498623e+05
1.51000000000000e+00	1.66076443892352e+05
1.52000000000000e+00	1.64260464010941e+05
1.53000000000000e+00	1.60209213814389e+05
1.54000000000000e+00	1.54121244095798e+05
1.55000000000000e+00	1.46266335780786e+05
1.56000000000000e+00	1.36979306316261e+05
1.57000000000000e+00	1.26616412970002e+05
1.58000000000000e+00	1.15556478124812e+05
1.59000000000000e+00	1.04160120874662e+05
1.60000000000000e+00	9.27497082917652e+04
1.61000000000000e+00	8.15912539316967e+04
1.62000000000000e+00	7.08793236799769e+04
1.63000000000000e+00	6.07465310970175e+04
1.64000000000000e+00	5.12754823929725e+04
1.65000000000000e+00	4.25351541837530e+04
1.66000000000000e+00	3.45925757106329e+04
1.67000000000000e+00	2.75572559054896e+04
1.68000000000000e+00	2.15896793945229e+04
1.69000000000000e+00	1.69273434914844e+04
1.70000000000000e+00	1.38859695442909e+04
1.71000000000000e+00	1.28725500365860e+04
1.72000000000000e+00	1.43894018109569e+04
1.73000000000000e+00	1.90717246993349e+04
1.74000000000000e+00	2.77534253373560e+04
1.75000000000000e+00	4.15493250779025e+04
1.76000000000000e+00	6.19637737920405e+04
1.77000000000000e+00	9.09880940597659e+04
1.78000000000000e+00	1.31176067395179e+05
1.79000000000000e+00	1.85609368517940e+05
1.80000000000000e+00	2.57711793365117e+05
1.81000000000000e+00	3.50901532339011e+05
1.82000000000000e+00	4.68153995078192e+05
1.83000000000000e+00	6.11664560201255e+05
1.84000000000000e+00	7.82715922877067e+05
1.85000000000000e+00	9.81865675590822e+05
1.86000000000000e+00	1.20880674196498e+06
1.87000000000000e+00	1.46254891090390e+06
1.88000000000000e+00	1.74111583064443e+06
1.89000000000000e+00	2.04158840429046e+06
1.90000000000000e+00	2.36010673652671e+06
1.91000000000000e+00	2.69156796272579e+06
1.92000000000000e+00	3.02962724188394e+06
1.93000000000000e+00	3.36590509621217e+06
1.94000000000000e+00	3.68965737704572e+06
1.95000000000000e+00	3.98759346037886e+06
1.96000000000000e+00	4.24435259535492e+06
1.97000000000000e+00	4.44403003605610e+06
1.98000000000000e+00	4.57231418417844e+06
1.99000000000000e+00	4.61912422502619e+06
2.00000000000000e+00	4.58059196207857e+06
2.01000000000000e+00	4.46025711144181e+06
2.02000000000000e+00	4.26893575936436e+06
2.03000000000000e+00	4.02299457522035e+06
2.04000000000000e+00	3.74178739555613e+06
2.05000000000000e+00	3.44502078725186e+06
2.06000000000000e+00	3.15005716030300e+06
2.07000000000000e+00	2.87002153113518e+06
2.08000000000000e+00	2.61316278145495e+06
2.09000000000000e+00	2.38261669214128e+06
2.10000000000000e+00	2.17751054038475e+06
2.11000000000000e+00	1.99443314628662e+06
2.12000000000000e+00	1.82898371176045e+06
2.13000000000000e+00	1.67743154226568e+06
2.14000000000000e+00	1.53761942107271e+06
2.15000000000000e+00	1.40892010580367e+06
2.16000000000000e+00	1.29177411227333e+06
2.17000000000000e+00	1.18660172409894e+06
2.18000000000000e+00	1.09331007631289e+06
2.19000000000000e+00	1.01086810882811e+06
2.20000000000000e+00	9.37609046467949e+05
2.21000000000000e+00	8.71554714042633e+05
2.22000000000000e+00	8.10929863342325e+05
2.23000000000000e+00	7.54714374782695e+05
2.24000000000000e+00	7.02779814951448e+05
2.25000000000000e+00	6.55965729953666e+05
2.26000000000000e+00	6.15598871675474e+05
2.27000000000000e+00	5.83045380780203e+05
2.28000000000000e+00	5.59330479261100e+05
2.29000000000000e+00	5.44950624505749e+05
2.30000000000000e+00	5.39814202701884e+05
2.31000000000000e+00	5.43237073641259e+05
2.32000000000000e+00	5.53930356342826e+05
2.33000000000000e+00	5.70015737553398e+05
2.34000000000000e+00	5.88986008985646e+05
2.35000000000000e+00	6.07995324601795e+05
2.36000000000000e+00	6.24088264013835e+05
2.37000000000000e+00	6.34625638418866e+05
2.38000000000000e+00	6.37588732116777e+05
2.39000000000000e+00	6.31688497400165e+05
2.40000000000000e+00	6.16415188791288e+05
2.41000000000000e+00	5.91989674201312e+05
2.42000000000000e+00	5.59327971333837e+05
2.43000000000000e+00	5.19887391185361e+05
2.44000000000000e+00	4.75440407099687e+05
2.45000000000000e+00	4.27905976422935e+05
2.46000000000000e+00	3.79044040468549e+05
2.47000000000000e+00	3.30419063694468e+05
2.48000000000000e+00	2.83240720748241e+05
2.49000000000000e+00	2.38425323901397e+05
2.50000000000000e+00	1.96581618535864e+05
2.51000000000000e+00	1.58099125426386e+05
2.52000000000000e+00	1.23213877780267e+05
2.53000000000000e+00	9.21085864233305e+04
2.54000000000000e+00	6.49830163447093e+04
2.55000000000000e+00	4.21280122460574e+04
2.56000000000000e+00	2.39164400020607e+04
2.57000000000000e+00	1.07563677797298e+04
2.58000000000000e+00	2.98595951657218e+03
2.59000000000000e+00	7.40758178651485e+02
2.60000000000000e+00	3.82827656050010e+03
2.61000000000000e+00	1.16621540492406e+04
2.62000000000000e+00	2.32902130690336e+04
2.63000000000000e+00	3.75446915642630e+04
2.64000000000000e+00	5.33064313648011e+04
2.65000000000000e+00	6.97865265198818e+04
2.66000000000000e+00	8.67457231492631e+04
2.67000000000000e+00	1.04515333529781e+05
2.68000000000000e+00	1.23907726927920e+05
2.69000000000000e+00	1.46037750287017e+05
2.70000000000000e+00	1.72174488587279e+05
2.71000000000000e+00	2.03585722676578e+05
2.72000000000000e+00	2.41407040414103e+05
2.73000000000000e+00	2.86566308425284e+05
2.74000000000000e+00	3.39687845828138e+05
2.75000000000000e+00	4.01079446080305e+05
2.76000000000000e+00	4.70733648902532e+05
2.77000000000000e+00	5.48353361233985e+05
2.78000000000000e+00	6.33299901457733e+05
2.79000000000000e+00	7.24615658856295e+05
2.80000000000000e+00	8.20887048423150e+05
2.81000000000000e+00	9.20305361906270e+05
2.82000000000000e+00	1.02065602125066e+06
2.83000000000000e+00	1.11940440400183e+06
2.84000000000000e+00	1.21384201740810e+06
2.85000000000000e+00	1.30130140135766e+06
2.86000000000000e+00	1.37936704552877e+06
2.87000000000000e+00	1.44610638969025e+06
2.88000000000000e+00	1.50029485402528e+06
2.89000000000000e+00	1.54139416558591e+06
2.90000000000000e+00	1.56963452643542e+06
2.91000000000000e+00	1.58592308111469e+06
2.92000000000000e+00	1.59160690560545e+06
2.93000000000000e+00	1.58848276910279e+06
2.94000000000000e+00	1.57857143130047e+06
2.95000000000000e+00	1.56405540321110e+06
2.96000000000000e+00	1.54727701239005e+06
2.97000000000000e+00	1.53042622654982e+06
2.98000000000000e+00	1.51572647267553e+06
2.99000000000000e+00	1.50508232250288e+06
3.00000000000000e+00	1.50014058615726e+06
3.01000000000000e+00	1.50198895882361e+06
3.02000000000000e+00	1.51110627115513e+06
3.03000000000000e+00	1.52733843259275e+06
3.04000000000000e+00	1.54988893170204e+06
3.05000000000000e+00	1.57746145042165e+06
3.06000000000000e+00	1.60833486363966e+06
3.07000000000000e+00	1.64064666848872e+06
3.08000000000000e+00	1.67248144554185e+06
3.09000000000000e+00	1.70181694190310e+06
3.10000000000000e+00	1.72669686205689e+06
3.11000000000000e+00	1.74500564752103e+06
3.12000000000000e+00	1.75442891761296e+06
3.13000000000000e+00	1.75231033243527e+06
3.14000000000000e+00	1.73566240986824e+06
3.15000000000000e+00	1.70141729949801e+06
3.16000000000000e+00	1.64711758954397e+06
3.17000000000000e+00	1.57149986351308e+06
3.18000000000000e+00	1.47527115939900e+06
3.19000000000000e+00	1.36142030380746e+06
3.20000000000000e+00	1.23479801380702e+06
3.21000000000000e+00	1.10129421019017e+06
3.22000000000000e+00	9.66803893153997e+05
3.23000000000000e+00	8.36378099749684e+05
3.24000000000000e+00	7.13877555130742e+05
3.25000000000000e+00	6.01909225032191e+05
3.26000000000000e+00	5.02034666829291e+05
3.27000000000000e+00	4.14931724116467e+05
3.28000000000000e+00	3.40594009832285e+05
3.29000000000000e+00	2.78477712251934e+05
3.30000000000000e+00	2.27635031973525e+05
3.31000000000000e+00	1.86856119125312e+05
3.32000000000000e+00	1.54828114358381e+05
3.33000000000000e+00	1.30233484492962e+05
3.34000000000000e+00	1.11865219396728e+05
3.35000000000000e+00	9.86745562182250e+04
3.36000000000000e+00	8.97984296298635e+04
3.37000000000000e+00	8.45507799213299e+04
3.38000000000000e+00	8.23961213288424e+04
3.39000000000000e+00	8.29264280060705e+04
3.40000000000000e+00	8.58331916167142e+04
3.41000000000000e+00	9.08828864431308e+04
3.42000000000000e+00	9.79052479920829e+04
3.43000000000000e+00	1.06784244750739e+05
3.44000000000000e+00	1.17450761691045e+05
3.45000000000000e+00	1.29888915905799e+05
3.46000000000000e+00	1.44146439471119e+05
3.47000000000000e+00	1.60350086828078e+05
3.48000000000000e+00	1.78732304508270e+05
3.49000000000000e+00	1.99650208680805e+05
3.50000000000000e+00	2.23623137268038e+05
3.51000000000000e+00	2.51352554763667e+05
3.52000000000000e+00	2.83752337740302e+05
3.53000000000000e+00	3.21947647407180e+05
3.54000000000000e+00	3.67269533110405e+05
3.55000000000000e+00	4.21202796741482e+05
3.56000000000000e+00	4.85305957943604e+05
3.57000000000000e+00	5.61094727556108e+05
3.58000000000000e+00	6.49901335343073e+05
3.59000000000000e+00	7.52691436490330e+05
3.60000000000000e+00	8.69894130199972e+05
3.61000000000000e+00	1.00114978549438e+06
3.62000000000000e+00	1.14505776856883e+06
3.63000000000000e+00	1.29893219709564e+06
3.64000000000000e+00	1.45857627124248e+06
3.65000000000000e+00	1.61818402323655e+06
3.66000000000000e+00	1.77051300804550e+06
3.67000000000000e+00	1.90730409071754e+06
3.68000000000000e+00	2.01997945748246e+06
3.69000000000000e+00	2.10059833810271e+06
3.70000000000000e+00	2.14277445347284e+06
3.71000000000000e+00	2.14258819818565e+06
3.72000000000000e+00	2.09928165510461e+06
3.73000000000000e+00	2.01549965143740e+06
3.74000000000000e+00	1.89714965491775e+06
3.75000000000000e+00	1.75261978572586e+06
3.76000000000000e+00	1.59158883170042e+06
3.77000000000000e+00	1.42363341191010e+06
3.78000000000000e+00	1.25711676872688e+06
3.79000000000000e+00	1.09841649104622e+06
3.80000000000000e+00	9.51727699507862e+05
3.81000000000000e+00	8.19258330729670e+05
3.82000000000000e+00	7.01633750226681e+05
3.83000000000000e+00	5.98366772654405e+05
3.84000000000000e+00	5.08282109526942e+05
3.85000000000000e+00	4.29901622013145e+05
3.86000000000000e+00	3.61685518071925e+05
3.87000000000000e+00	3.02214456629843e+05
3.88000000000000e+00	2.50291206512218e+05
3.89000000000000e+00	2.04980727631707e+05
3.90000000000000e+00	1.65568079434105e+05
3.91000000000000e+00	1.31512228742834e+05
3.92000000000000e+00	1.02379284528685e+05
3.93000000000000e+00	7.77814047523395e+04
3.94000000000000e+00	5.73407802998195e+04
3.95000000000000e+00	4.06743948018740e+04
3.96000000000000e+00	2.74000821835757e+04
3.97000000000000e+00	1.71618045228370e+04
3.98000000000000e+00	9.66474056445597e+03
3.99000000000000e+00	4.71760271013921e+03
4.00000000000000e+00	2.27535218606331e+03
4.01000000000000e+00	2.47744609629170e+03
4.02000000000000e+00	5.67809567463861e+03
4.03000000000000e+00	1.24678880204404e+04
4.04000000000000e+00	2.36882694754011e+04
4.05000000000000e+00	4.04420968301714e+04
4.06000000000000e+00	6.41019199725280e+04
4.07000000000000e+00	9.63227085994055e+04
4.08000000000000e+00	1.39046257413539e+05
4.09000000000000e+00	1.94513134243324e+05
4.10000000000000e+00	2.65245418055861e+05
4.11000000000000e+00	3.54000775776821e+05
4.12000000000000e+00	4.63684173417293e+05
4.13000000000000e+00	5.97195960725783e+05
4.14000000000000e+00	7.57263205615682e+05
4.15000000000000e+00	9.46213790684967e+05
4.16000000000000e+00	1.16582743472878e+06
4.17000000000000e+00	1.41715073277678e+06
4.18000000000000e+00	1.70042341564383e+06
4.19000000000000e+00	2.01484466402828e+06
4.20000000000000e+00	2.35824857091069e+06
4.21000000000000e+00	2.72647393697538e+06
4.22000000000000e+00	3.11250787586458e+06
4.23000000000000e+00	3.50549671846856e+06
4.24000000000000e+00	3.89000610680844e+06
4.25000000000000e+00	4.24615313933543e+06
4.26000000000000e+00	4.55078683039549e+06
4.27000000000000e+00	4.78052725577915e+06
4.28000000000000e+00	4.91526013605988e+06
4.29000000000000e+00	4.94226319344538e+06
4.30000000000000e+00	4.85839458750977e+06
4.31000000000000e+00	4.67098247660047e+06
4.32000000000000e+00	4.39616306091239e+06
4.33000000000000e+00	4.05573969634005e+06
4.34000000000000e+00	3.67386016074898e+06
4.35000000000000e+00	3.27379341701001e+06
4.36000000000000e+00	2.87558784047062e+06
4.37000000000000e+00	2.49471458823512e+06
4.38000000000000e+00	2.14188800794018e+06
4.39000000000000e+00	1.82334320049400e+06
4.40000000000000e+00	1.54172595927407e+06
4.41000000000000e+00	1.29694929256494e+06
4.42000000000000e+00	1.08712519463550e+06
4.43000000000000e+00	9.09309191456743e+05
4.44000000000000e+00	7.59991644608493e+05
4.45000000000000e+00	6.35490038269248e+05
4.46000000000000e+00	5.32162183156539e+05
4.47000000000000e+00	4.46582326487617e+05
4.48000000000000e+00	3.75656384390364e+05
4.49000000000000e+00	3.16702449159099e+05
4.50000000000000e+00	2.67477946662220e+05
4.51000000000000e+00	2.26190081111534e+05
4.52000000000000e+00	1.91438231183729e+05
4.53000000000000e+00	1.62169084259649e+05
4.54000000000000e+00	1.37583710139225e+05
4.55000000000000e+00	1.17073534366464e+05
4.56000000000000e+00	1.00153991547029e+05
4.57000000000000e+00	8.64192930796213e+04
4.58000000000000e+00	7.55097806431680e+04
4.59000000000000e+00	6.70953291715503e+04
4.60000000000000e+00	6.08675837508818e+04
4.61000000000000e+00	5.65445602017485e+04
4.62000000000000e+00	5.38759430836177e+04
4.63000000000000e+00	5.26554059221322e+04
4.64000000000000e+00	5.27363713771022e+04
4.65000000000000e+00	5.40494246010547e+04
4.66000000000000e+00	5.66203127559275e+04
4.67000000000000e+00	6.05874945833110e+04
4.68000000000000e+00	6.62143227708139e+04
4.69000000000000e+00	7.38904447625300e+04
4.70000000000000e+00	8.41186811717920e+04
4.71000000000000e+00	9.74825517354653e+04
4.72000000000000e+00	1.14588048738015e+05
4.73000000000000e+00	1.35987802533113e+05
4.74000000000000e+00	1.62088373274516e+05
4.75000000000000e+00	1.93039443538469e+05
4.76000000000000e+00	2.28656671551778e+05
4.77000000000000e+00	2.68357113487183e+05
4.78000000000000e+00	3.11139841704670e+05
4.79000000000000e+00	3.55637083115092e+05
4.80000000000000e+00	4.00194277150942e+05
4.81000000000000e+00	4.43010018781334e+05
4.82000000000000e+00	4.82295362293997e+05
4.83000000000000e+00	5.16419390787734e+05
4.84000000000000e+00	5.44059466078819e+05
4.85000000000000e+00	5.64281790228771e+05
4.86000000000000e+00	5.76607915498234e+05
4.87000000000000e+00	5.80968215347800e+05
4.88000000000000e+00	5.77669832966768e+05
4.89000000000000e+00	5.67305621901487e+05
4.90000000000000e+00	5.50700745602860e+05
4.91000000000000e+00	5.28800795161126e+05
4.92000000000000e+00	5.02652027868254e+05
4.93000000000000e+00	4.73350466858708e+05
4.94000000000000e+00	4.41970098009494e+05
4.95000000000000e+00	4.09560402522371e+05
4.96000000000000e+00	3.77057587522995e+05
4.97000000000000e+00	3.45298403801543e+05
4.98000000000000e+00	3.14956996846159e+05
4.99000000000000e+00	2.86552383906781e+05
5.00000000000000e+00	2.60433219407026e+05
5.01000000000000e+00	2.36783796117307e+05
5.02000000000000e+00	2.15646261119444e+05
5.03000000000000e+00	1.96918586894496e+05
5.04000000000000e+00	1.80386819390234e+05
5.05000000000000e+00	1.65743950956734e+05
5.06000000000000e+00	1.52616712118449e+05
5.07000000000000e+00	1.40599013630635e+05
5.08000000000000e+00	1.29305329157957e+05
5.09000000000000e+00	1.18408463036599e+05
5.10000000000000e+00	1.07696863453198e+05
5.11000000000000e+00	9.71141550395881e+04
5.12000000000000e+00	8.67968700068432e+04
5.13000000000000e+00	7.70948561613982e+04
5.14000000000000e+00	6.85656211610231e+04
5.15000000000000e+00	6.19529535727229e+04
5.16000000000000e+00	5.81321662646852e+04
5.17000000000000e+00	5.80350078954102e+04
5.18000000000000e+00	6.25398038560090e+04
5.19000000000000e+00	7.23476849961014e+04
5.20000000000000e+00	8.78489429674425e+04
5.21000000000000e+00	1.08995584818329e+05
5.22000000000000e+00	1.35220512672688e+05
5.23000000000000e+00	1.65419396656560e+05
5.24000000000000e+00	1.98008068076231e+05
5.25000000000000e+00	2.31069927983046e+05
5.26000000000000e+00	2.62568096917375e+05
5.27000000000000e+00	2.90585735572374e+05
5.28000000000000e+00	3.13560712905654e+05
5.29000000000000e+00	3.30432189793067e+05
5.30000000000000e+00	3.40755131758080e+05
5.31000000000000e+00	3.44640068327645e+05
5.32000000000000e+00	3.42680836318500e+05
5.33000000000000e+00	3.35802026380321e+05
5.34000000000000e+00	3.25074983927703e+05
5.35000000000000e+00	3.11601058443991e+05
5.36000000000000e+00	2.96396223759992e+05
5.37000000000000e+00	2.80329349270836e+05
5.38000000000000e+00	2.64087025843096e+05
5.39000000000000e+00	2.48187433935213e+05
5.40000000000000e+00	2.32987693552609e+05
5.41000000000000e+00	2.18689011427625e+05
5.42000000000000e+00	2.05395915818131e+05
5.43000000000000e+00	1.93124083873242e+05
5.44000000000000e+00	1.81843399213164e+05
5.45000000000000e+00	1.71491560843546e+05
5.46000000000000e+00	1.62015520284340e+05
5.47000000000000e+00	1.53367793079335e+05
5.48000000000000e+00	1.45530245795648e+05
5.49000000000000e+00	1.38510158710933e+05
5.50000000000000e+00	1.32335648733577e+05
5.51000000000000e+00	1.27043140649798e+05
5.52000000000000e+00	1.22675232449270e+05
5.53000000000000e+00	1.19241636692197e+05
5.54000000000000e+00	1.16719573358488e+05
5.55000000000000e+00	1.15029940110212e+05
5.56000000000000e+00	1.14031388395082e+05
5.57000000000000e+00	1.13524573286449e+05
5.58000000000000e+00	1.13259550804904e+05
5.59000000000000e+00	1.12959533791184e+05
5.60000000000000e+00	1.12336569976986e+05
5.61000000000000e+00	1.11132065198067e+05
5.62000000000000e+00	1.09129955199249e+05
5.63000000000000e+00	1.06195121543756e+05
5.64000000000000e+00	1.02280172897636e+05
5.65000000000000e+00	9.74441211882338e+04
5.66000000000000e+00	9.18495118118537e+04
5.67000000000000e+00	8.57580733338376e+04
5.68000000000000e+00	7.95042212229512e+04
5.69000000000000e+00	7.34677517130402e+04
5.70000000000000e+00	6.80399428309551e+04
5.71000000000000e+00	6.35786388659071e+04
5.72000000000000e+00	6.03714842877565e+04
5.73000000000000e+00	5.86091349150633e+04
5.74000000000000e+00	5.83627028569580e+04
5.75000000000000e+00	5.95915441910446e+04
5.76000000000000e+00	6.21532174435226e+04
5.77000000000000e+00	6.58325646066850e+04
5.78000000000000e+00	7.03695114212162e+04
5.79000000000000e+00	7.54907970465566e+04
5.80000000000000e+00	8.09328196856104e+04
5.81000000000000e+00	8.64568118429330e+04
5.82000000000000e+00	9.18510803948762e+04
5.83000000000000e+00	9.69347085968633e+04
5.84000000000000e+00	1.01547371995309e+05
5.85000000000000e+00	1.05552906910548e+05
5.86000000000000e+00	1.08834542905707e+05
5.87000000000000e+00	1.11300753848916e+05
5.88000000000000e+00	1.12894126097536e+05
5.89000000000000e+00	1.13590459616970e+05
5.90000000000000e+00	1.13415740099734e+05
5.91000000000000e+00	1.12433688746429e+05
5.92000000000000e+00	1.10748072449901e+05
5.93000000000000e+00	1.08490018883721e+05
5.94000000000000e+00	1.05815107718454e+05
5.95000000000000e+00	1.02887527923378e+05
5.96000000000000e+00	9.98738918056166e+04
5.97000000000000e+00	9.69340730375944e+04
5.98000000000000e+00	9.42101519862326e+04
5.99000000000000e+00	9.18177266371935e+04
6.00000000000000e+00	8.98386272311316e+04
6.01000000000000e+00	8.83195623339643e+04
6.02000000000000e+00	8.72716152689156e+04
6.03000000000000e+00	8.66710310386314e+04
6.04000000000000e+00	8.64681485296549e+04
6.05000000000000e+00	8.65934837653963e+04
6.06000000000000e+00	8.69623545398827e+04
6.07000000000000e+00	8.74862803492112e+04
6.08000000000000e+00	8.80767239991818e+04
6.09000000000000e+00	8.86533383408210e+04
6.10000000000000e+00	8.91478445316023e+04
6.11000000000000e+00	8.95104793663342e+04
6.12000000000000e+00	8.97115212611896e+04
6.13000000000000e+00	8.97423942090145e+04
6.14000000000000e+00	8.96114748094786e+04
6.15000000000000e+00	8.93471171949937e+04
6.16000000000000e+00	8.89832251931760e+04
6.17000000000000e+00	8.85592717543542e+04
6.18000000000000e+00	8.81209214237439e+04
6.19000000000000e+00	8.77035613763668e+04
6.20000000000000e+00	8.73424398444203e+04
6.21000000000000e+00	8.70582451012048e+04
6.22000000000000e+00	8.68627319026638e+04
6.23000000000000e+00	8.67538400805314e+04
6.24000000000000e+00	8.67208702752193e+04
6.25000000000000e+00	8.67439516643676e+04
6.26000000000000e+00	8.68021829133302e+04
6.27000000000000e+00	8.68745578690347e+04
6.28000000000000e+00	8.69398044459119e+04
6.29000000000000e+00	8.69824841207895e+04
6.30000000000000e+00	8.69874438832498e+04
6.31000000000000e+00	8.69398845693670e+04
6.32000000000000e+00	8.68238711048134e+04
6.33000000000000e+00	8.66263193982380e+04
6.34000000000000e+00	8.63286792359510e+04
6.35000000000000e+00	8.59194705730082e+04
6.36000000000000e+00	8.53855063732616e+04
6.37000000000000e+00	8.47133430069263e+04
6.38000000000000e+00	8.38937656368586e+04
6.39000000000000e+00	8.29207304267450e+04
6.40000000000000e+00	8.17909655917117e+04
6.41000000000000e+00	8.05112183651465e+04
6.42000000000000e+00	7.90973075811216e+04
6.43000000000000e+00	7.75805558936236e+04
6.44000000000000e+00	7.60041986330886e+04
6.45000000000000e+00	7.44271036082800e+04
6.46000000000000e+00	7.29220848306290e+04
6.47000000000000e+00	7.15766685629429e+04
6.48000000000000e+00	7.04887074747905e+04
6.49000000000000e+00	6.97661220829646e+04
6.50000000000000e+00	6.95220059578502e+04
6.51000000000000e+00	6.98679546611232e+04
6.52000000000000e+00	7.09054836080109e+04
6.53000000000000e+00	7.27153827969357e+04
6.54000000000000e+00	7.53437327618650e+04
6.55000000000000e+00	7.87930562081069e+04
6.56000000000000e+00	8.30136726612054e+04
6.57000000000000e+00	8.78956081121955e+04
6.58000000000000e+00	9.32782016227328e+04
6.59000000000000e+00	9.89528654764484e+04
6.60000000000000e+00	1.04681375437129e+05
6.61000000000000e+00	1.10209805631880e+05
6.62000000000000e+00	1.15289981453809e+05
6.63000000000000e+00	1.19691902684388e+05
6.64000000000000e+00	1.23227700109605e+05
6.65000000000000e+00	1.25759522740711e+05
6.66000000000000e+00	1.27214019053194e+05
6.67000000000000e+00	1.27583760176405e+05
6.68000000000000e+00	1.26924312458684e+05
6.69000000000000e+00	1.25340479488977e+05
6.70000000000000e+00	1.22974902581575e+05
6.71000000000000e+00	1.19990531780849e+05
6.72000000000000e+00	1.16556478540826e+05
6.73000000000000e+00	1.12841075827879e+05
6.74000000000000e+00	1.08995298202024e+05
6.75000000000000e+00	1.05152481057566e+05
6.76000000000000e+00	1.01422432787289e+05
6.77000000000000e+00	9.78941247544909e+04
6.78000000000000e+00	9.46309602129205e+04
6.79000000000000e+00	9.16812474691503e+04
6.80000000000000e+00	8.90739815679269e+04
6.81000000000000e+00	8.68268788706662e+04
6.82000000000000e+00	8.49405843433260e+04
6.83000000000000e+00	8.34039681563081e+04
6.84000000000000e+00	8.21868589253494e+04
6.85000000000000e+00	8.12425231807758e+04
6.86000000000000e+00	8.05061347847954e+04
6.87000000000000e+00	7.98982446032162e+04
6.88000000000000e+00	7.93284826906854e+04
6.89000000000000e+00	7.86970640288117e+04
6.90000000000000e+00	7.79091720694131e+04
6.91000000000000e+00	7.68783686101257e+04
6.92000000000000e+00	7.55394880457141e+04
6.93000000000000e+00	7.38569145959278e+04
6.94000000000000e+00	7.18284453257408e+04
6.95000000000000e+00	6.94881825953367e+04
6.96000000000000e+00	6.69070989530062e+04
6.97000000000000e+00	6.41804681642403e+04
6.98000000000000e+00	6.14247004115366e+04
6.99000000000000e+00	5.87617700016620e+04
7.00000000000000e+00	5.63095722849110e+04
7.01000000000000e+00	5.41716448615308e+04
7.02000000000000e+00	5.24300756911290e+04
7.03000000000000e+00	5.11389883516854e+04
7.04000000000000e+00	5.03261871823455e+04
7.05000000000000e+00	4.99923540773865e+04
7.06000000000000e+00	5.01176896850277e+04
7.07000000000000e+00	5.06662361587251e+04
7.08000000000000e+00	5.15907769546717e+04
7.09000000000000e+00	5.28410337249451e+04
7.10000000000000e+00	5.43661760114959e+04
7.11000000000000e+00	5.61203447787630e+04
7.12000000000000e+00	5.80612628858578e+04
7.13000000000000e+00	6.01536124643272e+04
7.14000000000000e+00	6.23664118500747e+04
7.15000000000000e+00	6.46701166361819e+04
7.16000000000000e+00	6.70348526730862e+04
7.17000000000000e+00	6.94298958046180e+04
7.18000000000000e+00	7.18235762922066e+04
7.19000000000000e+00	7.41786661513289e+04
7.20000000000000e+00	7.64629683083706e+04
7.21000000000000e+00	7.86376460889501e+04
7.22000000000000e+00	8.06686566989776e+04
7.23000000000000e+00	8.25196975736984e+04
7.24000000000000e+00	8.41565359120722e+04
7.25000000000000e+00	8.55453703701853e+04
7.26000000000000e+00	8.66563763085913e+04
7.27000000000000e+00	8.74604055992161e+04
7.28000000000000e+00	8.79329251874545e+04
7.29000000000000e+00	8.80539041390976e+04
7.30000000000000e+00	8.78107328424046e+04
7.31000000000000e+00	8.71941594231485e+04
7.32000000000000e+00	8.62075550303890e+04
7.33000000000000e+00	8.48644760792607e+04
7.34000000000000e+00	8.31905080248603e+04
7.35000000000000e+00	8.12246965082177e+04
7.36000000000000e+00	7.90174364372960e+04
7.37000000000000e+00	7.66315024688611e+04
7.38000000000000e+00	7.41379819150449e+04
7.39000000000000e+00	7.16122716868613e+04
7.40000000000000e+00	6.91293101886676e+04
7.41000000000000e+00	6.67609902437176e+04
7.42000000000000e+00	6.45683018260155e+04
7.43000000000000e+00	6.26002476921459e+04
7.44000000000000e+00	6.08855479929916e+04
7.45000000000000e+00	5.94356536571075e+04
7.46000000000000e+00	5.82428978263441e+04
7.47000000000000e+00	5.72834400495757e+04
7.48000000000000e+00	5.65239216237732e+04
7.49000000000000e+00	5.59258192727076e+04
7.50000000000000e+00	5.54544881149794e+04
7.51000000000000e+00	5.50849310942291e+04
7.52000000000000e+00	5.48087948875037e+04
7.53000000000000e+00	5.46361705415834e+04
7.54000000000000e+00	5.45967574820197e+04
7.55000000000000e+00	5.47411469439238e+04
7.56000000000000e+00	5.51310590306890e+04
7.57000000000000e+00	5.58343321217654e+04
7.58000000000000e+00	5.69140750757820e+04
7.59000000000000e+00	5.84200355845135e+04
7.60000000000000e+00	6.03765437231050e+04
7.61000000000000e+00	6.27775346977590e+04
7.62000000000000e+00	6.55791930681312e+04
7.63000000000000e+00	6.87017347004855e+04
7.64000000000000e+00	7.20337949273233e+04
7.65000000000000e+00	7.54384473115713e+04
7.66000000000000e+00	7.87675966080116e+04
7.67000000000000e+00	8.18772991474420e+04
7.68000000000000e+00	8.46373304934586e+04
7.69000000000000e+00	8.69441769629666e+04
7.70000000000000e+00	8.87314383231807e+04
7.71000000000000e+00	8.99717744999783e+04
7.72000000000000e+00	9.06760236678402e+04
7.73000000000000e+00	9.08863616782921e+04
7.74000000000000e+00	9.06719360718144e+04
7.75000000000000e+00	9.01117847685977e+04
7.76000000000000e+00	8.92920095935266e+04
7.77000000000000e+00	8.82853434196040e+04
7.78000000000000e+00	8.71505501622569e+04
7.79000000000000e+00	8.59265451206185e+04
7.80000000000000e+00	8.46354969626233e+04
7.81000000000000e+00	8.32894988324516e+04
7.82000000000000e+00	8.18925470829426e+04
7.83000000000000e+00	8.04460748288022e+04
7.84000000000000e+00	7.89561140005558e+04
7.85000000000000e+00	7.74342758952968e+04
7.86000000000000e+00	7.58961288952350e+04
7.87000000000000e+00	7.43656589760613e+04
7.88000000000000e+00	7.28725047345519e+04
7.89000000000000e+00	7.14485765334543e+04
7.90000000000000e+00	7.01292327289285e+04
7.91000000000000e+00	6.89444503705802e+04
7.92000000000000e+00	6.79210984957607e+04
7.93000000000000e+00	6.70756440421944e+04
7.94000000000000e+00	6.64122716833443e+04
7.95000000000000e+00	6.59260658456708e+04
7.96000000000000e+00	6.55999749431159e+04
7.97000000000000e+00	6.54077973077398e+04
7.98000000000000e+00	6.53170427464769e+04
7.99000000000000e+00	6.52957919840723e+04
8.00000000000000e+00	6.53091644204843e+04
8.01000000000000e+00	6.53250262450852e+04
8.02000000000000e+00	6.53136246044746e+04
8.03000000000000e+00	6.52478315580941e+04
8.04000000000000e+00	6.50991710799234e+04
8.05000000000000e+00	6.48444751650192e+04
8.06000000000000e+00	6.44596605273416e+04
8.07000000000000e+00	6.39278245870848e+04
8.08000000000000e+00	6.32361839058291e+04
8.09000000000000e+00	6.23815409415088e+04
8.10000000000000e+00	6.13715090881830e+04
8.11000000000000e+00	6.02261158813099e+04
8.12000000000000e+00	5.89758889404677e+04
8.13000000000000e+00	5.76649879484969e+04
8.14000000000000e+00	5.63439400960462e+04
8.15000000000000e+00	5.50726969703510e+04
8.16000000000000e+00	5.39106629175169e+04
8.17000000000000e+00	5.29168928205332e+04
8.18000000000000e+00	5.21492694758114e+04
8.19000000000000e+00	5.16527414307415e+04
8.20000000000000e+00	5.14615366595002e+04
8.21000000000000e+00	5.15984119588252e+04
8.22000000000000e+00	5.20697777852781e+04
8.23000000000000e+00	5.28640961015385e+04
8.24000000000000e+00	5.39581958165646e+04
8.25000000000000e+00	5.53122675862010e+04
8.26000000000000e+00	5.68714582812047e+04
8.27000000000000e+00	5.85712673132453e+04
8.28000000000000e+00	6.03382009984640e+04
8.29000000000000e+00	6.20930750613726e+04
8.30000000000000e+00	6.37631918712971e+04
8.31000000000000e+00	6.52800453285566e+04
8.32000000000000e+00	6.65888794534405e+04
8.33000000000000e+00	6.76536024000543e+04
8.34000000000000e+00	6.84541745009207e+04
8.35000000000000e+00	6.89881609592816e+04
8.36000000000000e+00	6.92715347346212e+04
8.37000000000000e+00	6.93295879061360e+04
8.38000000000000e+00	6.91980127274433e+04
8.39000000000000e+00	6.89147676385073e+04
8.40000000000000e+00	6.85213492659477e+04
8.41000000000000e+00	6.80541339194910e+04
8.42000000000000e+00	6.75467469887833e+04
8.43000000000000e+00	6.70267546445297e+04
8.44000000000000e+00	6.65161263851939e+04
8.45000000000000e+00	6.60293300159313e+04
8.46000000000000e+00	6.55757256788662e+04
8.47000000000000e+00	6.51587531664024e+04
8.48000000000000e+00	6.47779603451070e+04
8.49000000000000e+00	6.44314730262529e+04
8.50000000000000e+00	6.41174058532926e+04
8.51000000000000e+00	6.38347163904254e+04
8.52000000000000e+00	6.35771436191239e+04
8.53000000000000e+00	6.33413343796379e+04
8.54000000000000e+00	6.31182563875352e+04
8.55000000000000e+00	6.28973656049948e+04
8.56000000000000e+00	6.26661501701303e+04
8.57000000000000e+00	6.24112230573522e+04
8.58000000000000e+00	6.21206665557430e+04
8.59000000000000e+00	6.17849777664265e+04
8.60000000000000e+00	6.13974151729168e+04
8.61000000000000e+00	6.09540485298749e+04
8.62000000000000e+00	6.04510336949037e+04
8.63000000000000e+00	5.98892173952048e+04
8.64000000000000e+00	5.92697960742817e+04
8.65000000000000e+00	5.85944446525713e+04
8.66000000000000e+00	5.78653868796187e+04
8.67000000000000e+00	5.70844826303014e+04
8.68000000000000e+00	5.62553494901806e+04
8.69000000000000e+00	5.53812700592052e+04
8.70000000000000e+00	5.44705409477919e+04
8.71000000000000e+00	5.35308324368666e+04
8.72000000000000e+00	5.25782563891275e+04
8.73000000000000e+00	5.16314974906347e+04
8.74000000000000e+00	5.07215202848241e+04
8.75000000000000e+00	4.98835363853147e+04
8.76000000000000e+00	4.91665872355036e+04
8.77000000000000e+00	4.86221303068649e+04
8.78000000000000e+00	4.83128596140961e+04
8.79000000000000e+00	4.82996650865637e+04
8.80000000000000e+00	4.86385920213419e+04
8.81000000000000e+00	4.93767299301031e+04
8.82000000000000e+00	5.05398414690219e+04
8.83000000000000e+00	5.21317474972963e+04
8.84000000000000e+00	5.41239934971952e+04
8.85000000000000e+00	5.64603983069413e+04
8.86000000000000e+00	5.90559518835288e+04
8.87000000000000e+00	6.18026900722933e+04
8.88000000000000e+00	6.45810587142606e+04
8.89000000000000e+00	6.72692830200114e+04
8.90000000000000e+00	6.97524535574935e+04
8.91000000000000e+00	7.19338276222921e+04
8.92000000000000e+00	7.37379062752632e+04
8.93000000000000e+00	7.51250295423719e+04
8.94000000000000e+00	7.60763826151987e+04
8.95000000000000e+00	7.66068690644037e+04
8.96000000000000e+00	7.67496057878972e+04
8.97000000000000e+00	7.65557584063508e+04
8.98000000000000e+00	7.60844471971198e+04
8.99000000000000e+00	7.54022874313522e+04
9.00000000000000e+00	7.45740808432430e+04
9.01000000000000e+00	7.36646785031820e+04
9.02000000000000e+00	7.27296952158374e+04
9.03000000000000e+00	7.18152639748093e+04
9.04000000000000e+00	7.09580969981284e+04
9.05000000000000e+00	7.01768594507719e+04
9.06000000000000e+00	6.94830503677611e+04
9.07000000000000e+00	6.88751179978030e+04
9.08000000000000e+00	6.83461080643654e+04
9.09000000000000e+00	6.78866376322587e+04
9.10000000000000e+00	6.74887839700030e+04
9.11000000000000e+00	6.71393816278225e+04
9.12000000000000e+00	6.68337007366666e+04
9.13000000000000e+00	6.65631285335805e+04
9.14000000000000e+00	6.63241121123731e+04
9.15000000000000e+00	6.61132972465521e+04
9.16000000000000e+00	6.59296498155601e+04
9.17000000000000e+00	6.57730594628408e+04
9.18000000000000e+00	6.56452425274281e+04
9.19000000000000e+00	6.55459259170130e+04
9.20000000000000e+00	6.54766851783285e+04
9.21000000000000e+00	6.54377756179245e+04
9.22000000000000e+00	6.54262114101784e+04
9.23000000000000e+00	6.54384615186546e+04
9.24000000000000e+00	6.54671126911405e+04
9.25000000000000e+00	6.55037305015221e+04
9.26000000000000e+00	6.55371761573613e+04
9.27000000000000e+00	6.55579222870535e+04
9.28000000000000e+00	6.55583592386074e+04
9.29000000000000e+00	6.55330919024807e+04
9.30000000000000e+00	6.54794547503616e+04
9.31000000000000e+00	6.53977531847831e+04
9.32000000000000e+00	6.52923824822954e+04
9.33000000000000e+00	6.51682622480842e+04
9.34000000000000e+00	6.50325191654237e+04
9.35000000000000e+00	6.48910690148385e+04
9.36000000000000e+00	6.47499085133119e+04
9.37000000000000e+00	6.46125841256832e+04
9.38000000000000e+00	6.44811838626802e+04
9.39000000000000e+00	6.43581058131869e+04
9.40000000000000e+00	6.42401071284324e+04
9.41000000000000e+00	6.41280538163627e+04
9.42000000000000e+00	6.40180686858426e+04
9.43000000000000e+00	6.39079008733396e+04
9.44000000000000e+00	6.37945688620721e+04
9.45000000000000e+00	6.36750941345326e+04
9.46000000000000e+00	6.35493373466298e+04
9.47000000000000e+00	6.34163336865387e+04
9.48000000000000e+00	6.32788427465058e+04
9.49000000000000e+00	6.31390959620775e+04
9.50000000000000e+00	6.30031280179432e+04
9.51000000000000e+00	6.28744747604981e+04
9.52000000000000e+00	6.27554951610707e+04
9.53000000000000e+00	6.26467649332858e+04
9.54000000000000e+00	6.25452098710102e+04
9.55000000000000e+00	6.24460157887523e+04
9.56000000000000e+00	6.23488974013554e+04
9.57000000000000e+00	6.22578536509672e+04
9.58000000000000e+00	6.21819664077680e+04
9.59000000000000e+00	6.21331424473758e+04
9.60000000000000e+00	6.21239194058085e+04
9.61000000000000e+00	6.21589540389949e+04
9.62000000000000e+00	6.22365768629075e+04
9.63000000000000e+00	6.23478799125600e+04
9.64000000000000e+00	6.24809736002243e+04
9.65000000000000e+00	6.26233085286885e+04
9.66000000000000e+00	6.27641311375773e+04
9.67000000000000e+00	6.28982112584628e+04
9.68000000000000e+00	6.30216577246716e+04
9.69000000000000e+00	6.31333690701124e+04
9.70000000000000e+00	6.32325802027967e+04
9.71000000000000e+00	6.33220025634002e+04
9.72000000000000e+00	6.33993075635940e+04
9.73000000000000e+00	6.34661033033037e+04
9.74000000000000e+00	6.35233333085181e+04
9.75000000000000e+00	6.35700116183150e+04
9.76000000000000e+00	6.36072716236614e+04
9.77000000000000e+00	6.36349871515442e+04
9.78000000000000e+00	6.36518234440449e+04
9.79000000000000e+00	6.36608487014093e+04
9.80000000000000e+00	6.36606295279927e+04
9.81000000000000e+00	6.36533987325864e+04
9.82000000000000e+00	6.36407300428956e+04
9.83000000000000e+00	6.36228600973022e+04
9.84000000000000e+00	6.36006723304706e+04
9.85000000000000e+00	6.35743347835600e+04
9.86000000000000e+00	6.35448449462164e+04
9.87000000000000e+00	6.35136118292038e+04
9.88000000000000e+00	6.34912664558564e+04
9.89000000000000e+00	6.35062130255615e+04
9.90000000000000e+00	6.36297161400821e+04
9.91000000000000e+00	6.40209630496394e+04
9.92000000000000e+00	6.49973514014254e+04
9.93000000000000e+00	6.71313775565486e+04
9.94000000000000e+00	7.14072494433729e+04
9.95000000000000e+00	7.95082437914049e+04
9.96000000000000e+00	9.44738342080384e+04
9.97000000000000e+00	1.22276838136480e+05
9.98000000000000e+00	1.75805871524550e+05
9.99000000000000e+00	2.85544105020031e+05
1.00000000000000e+01	5.30564653064013e+05
1.00100000000000e+01	1.12577888507463e+06
1.00200000000000e+01	2.42323780743584e+06
1.00300000000000e+01	3.01167311679991e+06
1.00400000000000e+01	1.41410111505567e+06
1.00500000000000e+01	4.87644582135233e+05
1.00600000000000e+01	1.77887726497061e+05
1.00700000000000e+01	7.27916424422165e+04
1.00800000000000e+01	3.32479408231926e+04
1.00900000000000e+01	1.66755262042566e+04
1.01000000000000e+01	9.03582967626980e+03
1.01100000000000e+01	5.21843001266511e+03
1.01200000000000e+01	3.17754587859716e+03
1.01300000000000e+01	2.02269318971232e+03
1.01400000000000e+01	1.33699161999635e+03
1.01500000000000e+01	9.12763223927223e+02
1.01600000000000e+01	6.40810326895461e+02
1.01700000000000e+01	4.61004159724994e+02
1.01800000000000e+01	3.38859623787175e+02
1.01900000000000e+01	2.53868546954865e+02
1.02000000000000e+01	1.93458242093991e+02
1.02100000000000e+01	1.49690041020586e+02
1.02200000000000e+01	1.17430160699916e+02
1.02300000000000e+01	9.32784633660812e+01
1.02400000000000e+01	7.49412784466993e+01
1.02500000000000e+01	6.08375045048992e+01
1.02600000000000e+01	4.98612409034846e+01
1.02700000000000e+01	4.12252519292086e+01
1.02800000000000e+01	3.43627294216314e+01
1.02900000000000e+01	2.88586247267132e+01
1.03000000000000e+01	2.44062092104626e+01
1.03100000000000e+01	2.07754107974786e+01
1.03200000000000e+01	1.77926608847114e+01
1.03300000000000e+01	1.53249469692576e+01
1.03400000000000e+01	1.32699977553750e+01
1.03500000000000e+01	1.15481675266424e+01
1.03600000000000e+01	1.00970630489446e+01
1.03700000000000e+01	8.86727781920666e+00
1.03800000000000e+01	7.81971044669778e+00
1.03900000000000e+01	6.92297119137227e+00
1.04000000000000e+01	6.15173752479810e+00
1.04100000000000e+01	5.48543434952274e+00
1.04200000000000e+01	4.90748511804965e+00
1.04300000000000e+01	4.40411456557086e+00
1.04400000000000e+01	3.96410120869153e+00
1.04500000000000e+01	3.57812590670298e+00
1.04600000000000e+01	3.23835144804941e+00
1.04700000000000e+01	2.93834425160958e+00
1.04800000000000e+01	2.67262843822748e+00
1.04900000000000e+01	2.43662628838543e+00
1.05000000000000e+01	2.22642384699542e+00
1.05100000000000e+01	2.03873590881330e+00
1.05200000000000e+01	1.87070651255638e+00
1.05300000000000e+01	1.71991648080750e+00
1.05400000000000e+01	1.58428970628909e+00
1.05500000000000e+01	1.46202532681928e+00
1.05600000000000e+01	1.35156701185451e+00
1.05700000000000e+01	1.25155392140672e+00
1.05800000000000e+01	1.16082629350577e+00
1.05900000000000e+01	1.07834279812519e+00
1.06000000000000e+01	1.00322512038016e+00
1.06100000000000e+01	9.34676854671297e-01
1.06200000000000e+01	8.72021855095504e-01
1.06300000000000e+01	8.14647289576665e-01
1.06400000000000e+01	7.62017876964567e-01
1.06500000000000e+01	7.13662364814654e-01
1.06600000000000e+01	6.69163071349904e-01
1.06700000000000e+01	6.28149171516154e-01
1.06800000000000e+01	5.90290371570889e-01
1.06900000000000e+01	5.55295245606239e-01
1.07000000000000e+01	5.22897706442897e-01
1.07100000000000e+01	4.92868997357217e-01
1.07200000000000e+01	4.65003494382589e-01
1.07300000000000e+01	4.39110039874194e-01
1.07400000000000e+01	4.15024258863619e-01
1.07500000000000e+01	3.92594606694293e-01
1.07600000000000e+01	3.71691786264122e-01
1.07700000000000e+01	3.52186970913946e-01
1.07800000000000e+01	3.33979383594418e-01
1.07900000000000e+01	3.16961812866695e-01
1.08000000000000e+01	3.01046441291090e-01
1.08100000000000e+01	2.86149341824888e-01
1.08200000000000e+01	2.72192150146422e-01
1.08300000000000e+01	2.59106448513034e-01
1.08400000000000e+01	2.46826863855685e-01
1.08500000000000e+01	2.35290330585053e-01
1.08600000000000e+01	2.24443902997534e-01
1.08700000000000e+01	2.14237681397032e-01
1.08800000000000e+01	2.04623095687170e-01
1.08900000000000e+01	1.95556472129195e-01
1.09000000000000e+01	1.86999773179154e-01
1.09100000000000e+01	1.78916675619983e-01
1.09200000000000e+01	1.71273023700825e-01
1.09300000000000e+01	1.64037904548248e-01
1.09400000000000e+01	1.57181824654134e-01
1.09500000000000e+01	1.50682424731346e-01
1.09600000000000e+01	1.44512981140227e-01
1.09700000000000e+01	1.38654127437391e-01
1.09800000000000e+01	1.33083652751735e-01
1.09900000000000e+01	1.27785227161168e-01
1.10000000000000e+01	1.22743426262325e-01
1.10100000000000e+01	1.17942148754581e-01
1.10200000000000e+01	1.13369044659790e-01
1.10300000000000e+01	1.09013698593402e-01
1.10400000000000e+01	1.04864352196148e-01
1.10500000000000e+01	1.00911504622618e-01
1.10600000000000e+01	9.71482070082186e-02
1.10700000000000e+01	9.35637964570711e-02
1.10800000000000e+01	9.01515681569037e-02
1.10900000000000e+01	8.69038943563260e-02
1.11000000000000e+01	8.38128198438855e-02
1.11100000000000e+01	8.08710950646687e-02
1.11200000000000e+01	7.80695180575953e-02
1.11300000000000e+01	7.54017222212594e-02
1.11400000000000e+01	7.28603608348039e-02
1.11500000000000e+01	7.04370162008576e-02
1.11600000000000e+01	6.81243886769241e-02
1.11700000000000e+01	6.59166561251865e-02
1.11800000000000e+01	6.38063765327030e-02
1.11900000000000e+01	6.17871959701670e-02
1.12000000000000e+01	5.98532807323987e-02
1.12100000000000e+01	5.79999764987826e-02
1.12200000000000e+01	5.62223091413025e-02
1.12300000000000e+01	5.45152745532675e-02
1.12400000000000e+01	5.28747231666761e-02
1.12500000000000e+01	5.12980309506726e-02
1.12600000000000e+01	4.97810914003227e-02
1.12700000000000e+01	4.83210037138954e-02
1.12800000000000e+01	4.69153506029864e-02
1.12900000000000e+01	4.55610464245291e-02
1.13000000000000e+01	4.42561892713499e-02
1.13100000000000e+01	4.29979997468272e-02
1.13200000000000e+01	4.17846381113620e-02
1.13300000000000e+01	4.06143387308116e-02
1.13400000000000e+01	3.94844232261628e-02
1.13500000000000e+01	3.83939756552213e-02
1.13600000000000e+01	3.73405538851975e-02
1.13700000000000e+01	3.63221894738191e-02
1.13800000000000e+01	3.53383315147449e-02
1.13900000000000e+01	3.43867094836299e-02
1.14000000000000e+01	3.34661770787635e-02
1.14100000000000e+01	3.25758745239619e-02
1.14200000000000e+01	3.17137531248757e-02
1.14300000000000e+01	3.08795562991656e-02
1.14400000000000e+01	3.00719445200742e-02
1.14500000000000e+01	2.92900528947897e-02
1.14600000000000e+01	2.85328905255175e-02
1.14700000000000e+01	2.77993874344405e-02
1.14800000000000e+01	2.70886181972627e-02
1.14900000000000e+01	2.63998360506921e-02
1.15000000000000e+01	2.57324368033697e-02
1.15100000000000e+01	2.50851677645301e-02
1.15200000000000e+01	2.44574649149059e-02
1.15300000000000e+01	2.38488166182452e-02
1.15400000000000e+01	2.32583816051810e-02
1.15500000000000e+01	2.26860290919946e-02
1.15600000000000e+01	2.21311684943684e-02
1.15700000000000e+01	2.15934317017488e-02
1.15800000000000e+01	2.10728669112455e-02
1.15900000000000e+01	2.05688469388127e-02
1.16000000000000e+01	2.00810868028032e-02
1.16100000000000e+01	1.96097509545157e-02
1.16200000000000e+01	1.91540358532905e-02
1.16300000000000e+01	1.87136652221160e-02
1.16400000000000e+01	1.82879717882627e-02
1.16500000000000e+01	1.78763281831512e-02
1.16600000000000e+01	1.74782191256441e-02
1.16700000000000e+01	1.70926999944265e-02
1.16800000000000e+01	1.67189314518162e-02
1.16900000000000e+01	1.63561079976214e-02
1.17000000000000e+01	1.60033819196937e-02
1.17100000000000e+01	1.56601096954580e-02
1.17200000000000e+01	1.53253978153494e-02
1.17300000000000e+01	1.49987274649432e-02
1.17400000000000e+01	1.46794886158748e-02
1.17500000000000e+01	1.43674676410285e-02
1.17600000000000e+01	1.40622535365951e-02
1.17700000000000e+01	1.37635695365123e-02
1.17800000000000e+01	1.34717142423440e-02
1.17900000000000e+01	1.31864253041841e-02
1.18000000000000e+01	1.29078573525220e-02
1.18100000000000e+01	1.26361200315545e-02
1.18200000000000e+01	1.23713447999808e-02
1.18300000000000e+01	1.21135962575711e-02
1.18400000000000e+01	1.18628643960358e-02
1.18500000000000e+01	1.16191939163673e-02
1.18600000000000e+01	1.13824744432183e-02
1.18700000000000e+01	1.11526536556083e-02
1.18800000000000e+01	1.09294120234192e-02
1.18900000000000e+01	1.07126770746158e-02
1.19000000000000e+01	1.05021149585928e-02
1.19100000000000e+01	1.02974572818456e-02
1.19200000000000e+01	1.00983831536640e-02
1.19300000000000e+01	9.90469699533330e-03
1.19400000000000e+01	9.71597348226690e-03
1.19500000000000e+01	9.53198646773173e-03
1.19600000000000e+01	9.35250265438387e-03
1.19700000000000e+01	9.17724021034725e-03
1.19800000000000e+01	9.00590030094335e-03
1.19900000000000e+01	8.83831920371284e-03
1.20000000000000e+01	8.67420941165986e-03
1.20100000000000e+01	8.51352219537126e-03
1.20200000000000e+01	8.35612066565276e-03
1.20300000000000e+01	8.20190089808458e-03
1.20400000000000e+01	8.05086606699137e-03
1.20500000000000e+01	7.90286523563408e-03
1.20600000000000e+01	7.75809778757616e-03
1.20700000000000e+01	7.61643020320115e-03
1.20800000000000e+01	7.47796129425651e-03
1.20900000000000e+01	7.34275826391474e-03
1.21000000000000e+01	7.21087332840025e-03
1.21100000000000e+01	7.08233415873313e-03
1.21200000000000e+01	6.95715172616353e-03
1.21300000000000e+01	6.83521582090879e-03
1.21400000000000e+01	6.71662170599089e-03
1.21500000000000e+01	6.60128332767004e-03
1.21600000000000e+01	6.48897205019452e-03
1.21700000000000e+01	6.37967098771362e-03
1.21800000000000e+01	6.27313343360983e-03
1.21900000000000e+01	6.16933000356187e-03
1.22000000000000e+01	6.06794166553897e-03
1.22100000000000e+01	5.96890553703508e-03
1.22200000000000e+01	5.87196564366970e-03
1.22300000000000e+01	5.77699225540623e-03
1.22400000000000e+01	5.68377531778584e-03
1.22500000000000e+01	5.59221127832039e-03
1.22600000000000e+01	5.50220164698405e-03
1.22700000000000e+01	5.41357593069920e-03
1.22800000000000e+01	5.32615911408694e-03
1.22900000000000e+01	5.23996978136073e-03
1.23000000000000e+01	5.15479119757303e-03
1.23100000000000e+01	5.07066683106993e-03
1.23200000000000e+01	4.98744497743479e-03
1.23300000000000e+01	4.90508957424728e-03
1.23400000000000e+01	4.82361714460469e-03
1.23500000000000e+01	4.74303667379341e-03
1.23600000000000e+01	4.66332406836311e-03
1.23700000000000e+01	4.58453129046685e-03
1.23800000000000e+01	4.50665449837619e-03
1.23900000000000e+01	4.42988900112179e-03
1.24000000000000e+01	4.35416018321136e-03
1.24100000000000e+01	4.27968712078894e-03
1.24200000000000e+01	4.20640261882420e-03
1.24300000000000e+01	4.13441883825600e-03
1.24400000000000e+01	4.06383743063866e-03
1.24500000000000e+01	3.99458346640976e-03
1.24600000000000e+01	3.92671441866930e-03
1.24700000000000e+01	3.86022858238867e-03
1.24800000000000e+01	3.79513540552792e-03
1.24900000000000e+01	3.73135315281196e-03
1.25000000000000e+01	3.66897945100228e-03
1.25100000000000e+01	3.60791225516026e-03
1.25200000000000e+01	3.54814853114322e-03
1.25300000000000e+01	3.48966633430331e-03
1.25400000000000e+01	3.43252525615319e-03
1.25500000000000e+01	3.37661152602861e-03
1.25600000000000e+01	3.32201462918597e-03
1.25700000000000e+01	3.26863385444692e-03
1.25800000000000e+01	3.21651251787694e-03
1.25900000000000e+01	3.16560120081923e-03
1.26000000000000e+01	3.11584949410148e-03
1.26100000000000e+01	3.06723216139723e-03
1.26200000000000e+01	3.01972362935516e-03
1.26300000000000e+01	2.97326063117801e-03
1.26400000000000e+01	2.92777949556621e-03
1.26500000000000e+01	2.88328553988459e-03
1.26600000000000e+01	2.83974474775222e-03
1.26700000000000e+01	2.79708010443975e-03
1.26800000000000e+01	2.75531262360839e-03
1.26900000000000e+01	2.71441199532638e-03
1.27000000000000e+01	2.67438015924030e-03
1.27100000000000e+01	2.63522605409342e-03
1.27200000000000e+01	2.59692840691620e-03
1.27300000000000e+01	2.55946791021003e-03
1.27400000000000e+01	2.52288720707910e-03
1.27500000000000e+01	2.48714489096809e-03
1.27600000000000e+01	2.45225155856215e-03
1.27700000000000e+01	2.41816485234527e-03
1.27800000000000e+01	2.38489330265483e-03
1.27900000000000e+01	2.35236965211455e-03
1.28000000000000e+01	2.32059902627895e-03
1.28100000000000e+01	2.28951992030785e-03
1.28200000000000e+01	2.25914617360655e-03
1.28300000000000e+01	2.22938946834883e-03
1.28400000000000e+01	2.20026398755400e-03
1.28500000000000e+01	2.17175761772550e-03
1.28600000000000e+01	2.14380641911359e-03
1.28700000000000e+01	2.11643501621166e-03
1.28800000000000e+01	2.08958361113609e-03
1.28900000000000e+01	2.06326253868975e-03
1.29000000000000e+01	2.03744371339546e-03
1.29100000000000e+01	2.01212613669721e-03
1.29200000000000e+01	1.98727741470696e-03
1.29300000000000e+01	1.96291405958795e-03
1.29400000000000e+01	1.93896942969665e-03
1.29500000000000e+01	1.91547865027501e-03
1.29600000000000e+01	1.89237349778165e-03
1.29700000000000e+01	1.86969472818434e-03
1.29800000000000e+01	1.84738340159556e-03
1.29900000000000e+01	1.82547271353747e-03
1.30000000000000e+01	1.80391586839001e-03
1.30100000000000e+01	1.78273284523057e-03
1.30200000000000e+01	1.76191324418452e-03
1.30300000000000e+01	1.74144925534152e-03
1.30400000000000e+01	1.72132563581702e-03
1.30500000000000e+01	1.70154168047089e-03
1.30600000000000e+01	1.68206523282047e-03
1.30700000000000e+01	1.66288007930661e-03
1.30800000000000e+01	1.64395591740658e-03
1.30900000000000e+01	1.62528995120884e-03
1.31000000000000e+01	1.60681939244512e-03
1.31100000000000e+01	1.58856694288197e-03
1.31200000000000e+01	1.57045467641826e-03
1.31300000000000e+01	1.55251169053604e-03
1.31400000000000e+01	1.53469216183586e-03
1.31500000000000e+01	1.51701296191312e-03
1.31600000000000e+01	1.49948002490498e-03
1.31700000000000e+01	1.48208678329130e-03
1.31800000000000e+01	1.46484646258838e-03
1.31900000000000e+01	1.44778986292489e-03
1.32000000000000e+01	1.43089880965671e-03
1.32100000000000e+01	1.41420467119555e-03
1.32200000000000e+01	1.39771564112454e-03
1.32300000000000e+01	1.38142227056700e-03
1.32400000000000e+01	1.36534674301155e-03
1.32500000000000e+01	1.34945283370239e-03
1.32600000000000e+01	1.33372786347289e-03
1.32700000000000e+01	1.31819942665582e-03
1.32800000000000e+01	1.30282723559364e-03
1.32900000000000e+01	1.28762378221428e-03
1.33000000000000e+01	1.27257903773930e-03
1.33100000000000e+01	1.25768567361579e-03
1.33200000000000e+01	1.24296468032140e-03
1.33300000000000e+01	1.22839760380886e-03
1.33400000000000e+01	1.21403039544289e-03
1.33500000000000e+01	1.19984858110654e-03
1.33600000000000e+01	1.18586720625719e-03
1.33700000000000e+01	1.17208937844178e-03
1.33800000000000e+01	1.15854599387698e-03
1.33900000000000e+01	1.14523027363647e-03
1.34000000000000e+01	1.13212999100883e-03
1.34100000000000e+01	1.11925579525611e-03
1.34200000000000e+01	1.10661443268044e-03
1.34300000000000e+01	1.09417566612040e-03
1.34400000000000e+01	1.08195101748754e-03
1.34500000000000e+01	1.06992695009546e-03
1.34600000000000e+01	1.05809249379727e-03
1.34700000000000e+01	1.04642547947546e-03
1.34800000000000e+01	1.03494415079626e-03
1.34900000000000e+01	1.02361313109315e-03
1.35000000000000e+01	1.01244085925215e-03
1.35100000000000e+01	1.00139644454863e-03
1.35200000000000e+01	9.90487873936080e-04
1.35300000000000e+01	9.79701857930684e-04
1.35400000000000e+01	9.69036393644308e-04
1.35500000000000e+01	9.58457564299798e-04
1.35600000000000e+01	9.47980079075245e-04
1.35700000000000e+01	9.37581053171708e-04
1.35800000000000e+01	9.27271202850623e-04
1.35900000000000e+01	9.17018647792945e-04
1.36000000000000e+01	9.06846205194355e-04
1.36100000000000e+01	8.96733496774315e-04
1.36200000000000e+01	8.86690236507381e-04
1.36300000000000e+01	8.76707289062829e-04
1.36400000000000e+01	8.66794324672498e-04
1.36500000000000e+01	8.56968008799779e-04
1.36600000000000e+01	8.47210224003030e-04
1.36700000000000e+01	8.37544349099717e-04
1.36800000000000e+01	8.27982791282984e-04
1.36900000000000e+01	8.18533370480619e-04
1.37000000000000e+01	8.09194338411355e-04
1.37100000000000e+01	7.99989591008473e-04
1.37200000000000e+01	7.90922396000781e-04
1.37300000000000e+01	7.82020846080165e-04
1.37400000000000e+01	7.73271226218677e-04
1.37500000000000e+01	7.64704045021465e-04
1.37600000000000e+01	7.56304607877048e-04
1.37700000000000e+01	7.48082561403611e-04
1.37800000000000e+01	7.40041471401513e-04
1.37900000000000e+01	7.32163883891669e-04
1.38000000000000e+01	7.24468578243032e-04
1.38100000000000e+01	7.16922572516844e-04
1.38200000000000e+01	7.09527457215151e-04
1.38300000000000e+01	7.02269319828220e-04
1.38400000000000e+01	6.95140018607971e-04
1.38500000000000e+01	6.88132486779056e-04
1.38600000000000e+01	6.81225357052377e-04
1.38700000000000e+01	6.74413927333717e-04
1.38800000000000e+01	6.67705277533303e-04
1.38900000000000e+01	6.61073542905016e-04
1.39000000000000e+01	6.54514420431033e-04
1.39100000000000e+01	6.48032051794227e-04
1.39200000000000e+01	6.41614738610550e-04
1.39300000000000e+01	6.35262854178316e-04
1.39400000000000e+01	6.28970161524692e-04
1.39500000000000e+01	6.22738971846521e-04
1.39600000000000e+01	6.16557033264756e-04
1.39700000000000e+01	6.10427348395083e-04
1.39800000000000e+01	6.04357121547196e-04
1.39900000000000e+01	5.98335976868225e-04
1.40000000000000e+01	5.92371303597040e-04
1.40100000000000e+01	5.86460981887173e-04
1.40200000000000e+01	5.80605040687860e-04
1.40300000000000e+01	5.74811341973823e-04
1.40400000000000e+01	5.69089735209103e-04
1.40500000000000e+01	5.63432017219718e-04
1.40600000000000e+01	5.57844995916903e-04
1.40700000000000e+01	5.52336204415784e-04
1.40800000000000e+01	5.46903281048129e-04
1.40900000000000e+01	5.41544155344861e-04
1.41000000000000e+01	5.36262212173164e-04
1.41100000000000e+01	5.31055435600107e-04
1.41200000000000e+01	5.25918189266601e-04
1.41300000000000e+01	5.20849330428518e-04
1.41400000000000e+01	5.15843698739235e-04
1.41500000000000e+01	5.10884062299089e-04
1.41600000000000e+01	5.05974412075951e-04
1.41700000000000e+01	5.01103293155221e-04
1.41800000000000e+01	4.96266157039998e-04
1.41900000000000e+01	4.91462796350509e-04
1.42000000000000e+01	4.86682115529164e-04
1.42100000000000e+01	4.81931843648609e-04
1.42200000000000e+01	4.77216732693321e-04
1.42300000000000e+01	4.72528252569396e-04
1.42400000000000e+01	4.67877197242851e-04
1.42500000000000e+01	4.63270661438328e-04
1.42600000000000e+01	4.58704336203280e-04
1.42700000000000e+01	4.54190008470398e-04
1.42800000000000e+01	4.49736666410787e-04
1.42900000000000e+01	4.45338428898881e-04
1.43000000000000e+01	4.41002333652701e-04
1.43100000000000e+01	4.36729615111521e-04
1.43200000000000e+01	4.32507926862477e-04
1.43300000000000e+01	4.28353868288065e-04
1.43400000000000e+01	4.24253837432509e-04
1.43500000000000e+01	4.20214713521587e-04
1.43600000000000e+01	4.16229143381977e-04
1.43700000000000e+01	4.12289903636171e-04
1.43800000000000e+01	4.08408446301448e-04
1.43900000000000e+01	4.04576271176979e-04
1.44000000000000e+01	4.00800566134661e-04
1.44100000000000e+01	3.97069401715705e-04
1.44200000000000e+01	3.93391739012974e-04
1.44300000000000e+01	3.89762686689874e-04
1.44400000000000e+01	3.86193425125310e-04
1.44500000000000e+01	3.82670738604436e-04
1.44600000000000e+01	3.79204394811100e-04
1.44700000000000e+01	3.75786241871816e-04
1.44800000000000e+01	3.72415162127742e-04
1.44900000000000e+01	3.69094873347083e-04
1.45000000000000e+01	3.65822033035381e-04
1.45100000000000e+01	3.62596057807873e-04
1.45200000000000e+01	3.59410591891149e-04
1.45300000000000e+01	3.56268353440538e-04
1.45400000000000e+01	3.53169749491863e-04
1.45500000000000e+01	3.50103046723616e-04
1.45600000000000e+01	3.47076442701877e-04
1.45700000000000e+01	3.44085889978545e-04
1.45800000000000e+01	3.41119813616104e-04
1.45900000000000e+01	3.38197317886273e-04
1.46000000000000e+01	3.35298665838404e-04
1.46100000000000e+01	3.32423419052941e-04
1.46200000000000e+01	3.29584274484877e-04
1.46300000000000e+01	3.26765663205812e-04
1.46400000000000e+01	3.23978413918636e-04
1.46500000000000e+01	3.21220311542806e-04
1.46600000000000e+01	3.18482054179613e-04
1.46700000000000e+01	3.15775624586364e-04
1.46800000000000e+01	3.13100595935278e-04
1.46900000000000e+01	3.10456859041518e-04
1.47000000000000e+01	3.07840820053828e-04
1.47100000000000e+01	3.05257463647540e-04
1.47200000000000e+01	3.02702138367715e-04
1.47300000000000e+01	3.00180282655613e-04
1.47400000000000e+01	2.97689647808402e-04
1.47500000000000e+01	2.95230555726532e-04
1.47600000000000e+01	2.92800073554608e-04
1.47700000000000e+01	2.90398754574695e-04
1.47800000000000e+01	2.88018913587657e-04
1.47900000000000e+01	2.85666813901957e-04
1.48000000000000e+01	2.83334534650717e-04
1.48100000000000e+01	2.81018993828809e-04
1.48200000000000e+01	2.78727603732446e-04
1.48300000000000e+01	2.76447983320882e-04
1.48400000000000e+01	2.74184418760051e-04
1.48500000000000e+01	2.71934547342271e-04
1.48600000000000e+01	2.69699014090043e-04
1.48700000000000e+01	2.67475178641672e-04
1.48800000000000e+01	2.65263055064829e-04
1.48900000000000e+01	2.63061308445284e-04
1.49000000000000e+01	2.60877394391886e-04
1.49100000000000e+01	2.58704291123221e-04
1.49200000000000e+01	2.56546019634805e-04
1.49300000000000e+01	2.54402626894209e-04
1.49400000000000e+01	2.52276059171842e-04
1.49500000000000e+01	2.50166793660239e-04
1.49600000000000e+01	2.48077520817934e-04
1.49700000000000e+01	2.46007936006990e-04
1.49800000000000e+01	2.43959680570625e-04
1.49900000000000e+01	2.41934745629581e-04
1.50000000000000e+01	2.39929051313151e-04
1.50100000000000e+01	2.37951268130462e-04
1.50200000000000e+01	2.35992029973162e-04
1.50300000000000e+01	2.34056700634084e-04
1.50400000000000e+01	2.32146243646990e-04
1.50500000000000e+01	2.30256274067557e-04
1.50600000000000e+01	2.28388044368101e-04
1.50700000000000e+01	2.26537387783758e-04
1.50800000000000e+01	2.24704161103607e-04
1.50900000000000e+01	2.22890934457510e-04
1.51000000000000e+01	2.21089194968397e-04
1.51100000000000e+01	2.19303787867580e-04
1.51200000000000e+01	2.17533224089563e-04
1.51300000000000e+01	2.15769960979669e-04
1.51400000000000e+01	2.14022931025162e-04
1.51500000000000e+01	2.12283817707121e-04
1.51600000000000e+01	2.10554082526199e-04
1.51700000000000e+01	2.08834695744668e-04
1.51800000000000e+01	2.07129168608552e-04
1.51900000000000e+01	2.05433625413196e-04
1.52000000000000e+01	2.03750516578732e-04
1.52100000000000e+01	2.02079476540365e-04
1.52200000000000e+01	2.00423520397531e-04
1.52300000000000e+01	1.98778627562225e-04
1.52400000000000e+01	1.97145232864082e-04
1.52500000000000e+01	1.95525139123374e-04
1.52600000000000e+01	1.93912069779081e-04
1.52700000000000e+01	1.92307280665202e-04
1.52800000000000e+01	1.90708040917821e-04
1.52900000000000e+01	1.89107753125696e-04
1.53000000000000e+01	1.87506393257779e-04
1.53100000000000e+01	1.85896638732888e-04
1.53200000000000e+01	1.84278902158546e-04
1.53300000000000e+01	1.82650467488026e-04
1.53400000000000e+01	1.81004771955730e-04
1.53500000000000e+01	1.79341442825252e-04
1.53600000000000e+01	1.77664670064313e-04
1.53700000000000e+01	1.75968309518224e-04
1.53800000000000e+01	1.74253037667161e-04
1.53900000000000e+01	1.72524711109534e-04
1.54000000000000e+01	1.70782730830891e-04
1.54100000000000e+01	1.69033341934417e-04
1.54200000000000e+01	1.67278801212156e-04
1.54300000000000e+01	1.65526040928527e-04
1.54400000000000e+01	1.63780579664520e-04
1.54500000000000e+01	1.62049755271694e-04
1.54600000000000e+01	1.60338512844037e-04
1.54700000000000e+01	1.58660822852405e-04
1.54800000000000e+01	1.57016092854827e-04
1.54900000000000e+01	1.55414376811280e-04
1.55000000000000e+01	1.53861712402040e-04
1.55100000000000e+01	1.52365563801129e-04
1.55200000000000e+01	1.50929269499671e-04
1.55300000000000e+01	1.49554789992498e-04
1.55400000000000e+01	1.48239769567037e-04
1.55500000000000e+01	1.46988617498945e-04
1.55600000000000e+01	1.45793841067848e-04
1.55700000000000e+01	1.44652835100470e-04
1.55800000000000e+01	1.43563816930266e-04
1.55900000000000e+01	1.42518352897403e-04
1.56000000000000e+01	1.41506136758448e-04
1.56100000000000e+01	1.40528483798504e-04
1.56200000000000e+01	1.39572450581657e-04
1.56300000000000e+01	1.38636235242927e-04
1.56400000000000e+01	1.37711895428143e-04
1.56500000000000e+01	1.36793776883242e-04
1.56600000000000e+01	1.35878016645631e-04
1.56700000000000e+01	1.34960997308795e-04
1.56800000000000e+01	1.34040333058516e-04
1.56900000000000e+01	1.33113011032989e-04
1.57000000000000e+01	1.32177396944565e-04
1.57100000000000e+01	1.31231749898693e-04
1.57200000000000e+01	1.30277703038017e-04
1.57300000000000e+01	1.29314743888370e-04
1.57400000000000e+01	1.28342450966043e-04
1.57500000000000e+01	1.27364794292803e-04
1.57600000000000e+01	1.26382370778463e-04
1.57700000000000e+01	1.25395358800674e-04
1.57800000000000e+01	1.24409019218944e-04
1.57900000000000e+01	1.23427694710652e-04
1.58000000000000e+01	1.22451915609160e-04
1.58100000000000e+01	1.21485982935140e-04
1.58200000000000e+01	1.20531697393058e-04
1.58300000000000e+01	1.19595275679695e-04
1.58400000000000e+01	1.18677931494950e-04
1.58500000000000e+01	1.17780651569453e-04
1.58600000000000e+01	1.16907321660253e-04
1.58700000000000e+01	1.16056084429962e-04
1.58800000000000e+01	1.15227909994773e-04
1.58900000000000e+01	1.14425250493568e-04
1.59000000000000e+01	1.13644421788551e-04
1.59100000000000e+01	1.12885515811697e-04
1.59200000000000e+01	1.12145140773307e-04
1.59300000000000e+01	1.11421909713520e-04
1.59400000000000e+01	1.10715378966754e-04
1.59500000000000e+01	1.10019025654612e-04
1.59600000000000e+01	1.09331013726372e-04
1.59700000000000e+01	1.08652994658253e-04
1.59800000000000e+01	1.07980610940922e-04
1.59900000000000e+01	1.07310939777449e-04
1.60000000000000e+01	1.06646456688959e-04
1.60100000000000e+01	1.05982333218537e-04
1.60200000000000e+01	1.05321146483433e-04
1.60300000000000e+01	1.04661667095120e-04
1.60400000000000e+01	1.04003195758991e-04
1.60500000000000e+01	1.03346365559398e-04
1.60600000000000e+01	1.02692019048269e-04
1.60700000000000e+01	1.02038332608602e-04
1.60800000000000e+01	1.01385467440540e-04
1.60900000000000e+01	1.00735936066693e-04
1.61000000000000e+01	1.00089674766291e-04
1.61100000000000e+01	9.94448018268287e-05
1.61200000000000e+01	9.88039988909131e-05
1.61300000000000e+01	9.81649277257881e-05
1.61400000000000e+01	9.75317700558916e-05
1.61500000000000e+01	9.69027266668035e-05
1.61600000000000e+01	9.62763595449037e-05
1.61700000000000e+01	9.56554360589672e-05
1.61800000000000e+01	9.50398920519201e-05
1.61900000000000e+01	9.44326714359356e-05
1.62000000000000e+01	9.38295527370332e-05
1.62100000000000e+01	9.32372276290905e-05
1.62200000000000e+01	9.26506438921874e-05
1.62300000000000e+01	9.20735280504742e-05
1.62400000000000e+01	9.15065705983313e-05
1.62500000000000e+01	9.09492432493397e-05
1.62600000000000e+01	9.03999621273970e-05
1.62700000000000e+01	8.98597867492195e-05
1.62800000000000e+01	8.93282421261119e-05
1.62900000000000e+01	8.88044577299094e-05
1.63000000000000e+01	8.82870304718353e-05
1.63100000000000e+01	8.77731970165997e-05
1.63200000000000e+01	8.72653547740754e-05
1.63300000000000e+01	8.67570192715467e-05
1.63400000000000e+01	8.62485921792201e-05
1.63500000000000e+01	8.57398602457345e-05
1.63600000000000e+01	8.52280157416748e-05
1.63700000000000e+01	8.47101055702875e-05
1.63800000000000e+01	8.41865329753671e-05
1.63900000000000e+01	8.36539557606720e-05
1.64000000000000e+01	8.31140501890626e-05
1.64100000000000e+01	8.25638470631464e-05
1.64200000000000e+01	8.20055324038412e-05
1.64300000000000e+01	8.14373813772118e-05
1.64400000000000e+01	8.08615257740921e-05
1.64500000000000e+01	8.02772912543068e-05
1.64600000000000e+01	7.96878338439023e-05
1.64700000000000e+01	7.90957743760660e-05
1.64800000000000e+01	7.84999724460502e-05
1.64900000000000e+01	7.79064782413537e-05
1.65000000000000e+01	7.73182262024199e-05
1.65100000000000e+01	7.67327397042203e-05
1.65200000000000e+01	7.61552210372032e-05
1.65300000000000e+01	7.55872322878916e-05
1.65400000000000e+01	7.50292010785961e-05
1.65500000000000e+01	7.44835064840047e-05
1.65600000000000e+01	7.39499742633112e-05
1.65700000000000e+01	7.34281867356168e-05
1.65800000000000e+01	7.29193014606014e-05
1.65900000000000e+01	7.24239308033106e-05
1.66000000000000e+01	7.19422299650822e-05
1.66100000000000e+01	7.14718213615774e-05
1.66200000000000e+01	7.10138755910607e-05
1.66300000000000e+01	7.05667701044888e-05
1.66400000000000e+01	7.01314745755124e-05
1.66500000000000e+01	6.97060674913165e-05
1.66600000000000e+01	6.92908473507055e-05
1.66700000000000e+01	6.88850913460605e-05
1.66800000000000e+01	6.84886446088268e-05
1.66900000000000e+01	6.80989330242442e-05
1.67000000000000e+01	6.77162723027578e-05
1.67100000000000e+01	6.73401729672490e-05
1.67200000000000e+01	6.69704811955208e-05
1.67300000000000e+01	6.66046391018647e-05
1.67400000000000e+01	6.62424922853907e-05
1.67500000000000e+01	6.58839298044558e-05
1.67600000000000e+01	6.55267738134102e-05
1.67700000000000e+01	6.51701977739819e-05
1.67800000000000e+01	6.48142767550280e-05
1.67900000000000e+01	6.44591327207061e-05
1.68000000000000e+01	6.41022660372351e-05
1.68100000000000e+01	6.37433856221605e-05
1.68200000000000e+01	6.33846920891520e-05
1.68300000000000e+01	6.30239593254093e-05
1.68400000000000e+01	6.26614257396552e-05
1.68500000000000e+01	6.22980929276352e-05
1.68600000000000e+01	6.19337234940214e-05
1.68700000000000e+01	6.15684832235792e-05
1.68800000000000e+01	6.12038956211949e-05
1.68900000000000e+01	6.08383737459751e-05
1.69000000000000e+01	6.04755257051232e-05
1.69100000000000e+01	6.01114571875745e-05
1.69200000000000e+01	5.97490360009653e-05
1.69300000000000e+01	5.93878765085204e-05
1.69400000000000e+01	5.90287900986405e-05
1.69500000000000e+01	5.86701669085130e-05
1.69600000000000e+01	5.83140032316209e-05
1.69700000000000e+01	5.79601367203685e-05
1.69800000000000e+01	5.76093256105403e-05
1.69900000000000e+01	5.72620497488941e-05
1.70000000000000e+01	5.69179633628108e-05
1.70100000000000e+01	5.65804135042799e-05
1.70200000000000e+01	5.62485740106968e-05
1.70300000000000e+01	5.59222389425296e-05
1.70400000000000e+01	5.56032285543591e-05
1.70500000000000e+01	5.52915355307920e-05
1.70600000000000e+01	5.49873545840781e-05
1.70700000000000e+01	5.46908351943919e-05
1.70800000000000e+01	5.44012806650518e-05
1.70900000000000e+01	5.41185221137053e-05
1.71000000000000e+01	5.38426422811707e-05
1.71100000000000e+01	5.35726941144938e-05
1.71200000000000e+01	5.33065261576665e-05
1.71300000000000e+01	5.30451913800446e-05
1.71400000000000e+01	5.27883938105538e-05
1.71500000000000e+01	5.25344743882360e-05
1.71600000000000e+01	5.22826235718550e-05
1.71700000000000e+01	5.20336530597559e-05
1.71800000000000e+01	5.17860364714500e-05
1.71900000000000e+01	5.15413495504739e-05
1.72000000000000e+01	5.12976448694362e-05
1.72100000000000e+01	5.10558795491534e-05
1.72200000000000e+01	5.08163114947238e-05
1.72300000000000e+01	5.05767519802305e-05
1.72400000000000e+01	5.03401251796964e-05
1.72500000000000e+01	5.01035829271722e-05
1.72600000000000e+01	4.98692235895474e-05
1.72700000000000e+01	4.96360551514993e-05
1.72800000000000e+01	4.94034373762605e-05
1.72900000000000e+01	4.91719718779815e-05
1.73000000000000e+01	4.89410316571796e-05
1.73100000000000e+01	4.87111296085983e-05
1.73200000000000e+01	4.84823627885289e-05
1.73300000000000e+01	4.82530245745380e-05
1.73400000000000e+01	4.80242427220221e-05
1.73500000000000e+01	4.77956613301910e-05
1.73600000000000e+01	4.75676225703547e-05
1.73700000000000e+01	4.73392580852130e-05
1.73800000000000e+01	4.71110370173453e-05
1.73900000000000e+01	4.68826726303663e-05
1.74000000000000e+01	4.66556351085609e-05
1.74100000000000e+01	4.64278655461795e-05
1.74200000000000e+01	4.61999939094808e-05
1.74300000000000e+01	4.59725401158127e-05
1.74400000000000e+01	4.57465052463493e-05
1.74500000000000e+01	4.55193378458286e-05
1.74600000000000e+01	4.52936570169787e-05
1.74700000000000e+01	4.50678815851083e-05
1.74800000000000e+01	4.48423893197410e-05
1.74900000000000e+01	4.46162541977334e-05
1.75000000000000e+01	4.43913061180394e-05
1.75100000000000e+01	4.41662315810569e-05
1.75200000000000e+01	4.39399157039438e-05
1.75300000000000e+01	4.37129322015985e-05
1.75400000000000e+01	4.34851878194518e-05
1.75500000000000e+01	4.32578747062328e-05
1.75600000000000e+01	4.30286716823824e-05
1.75700000000000e+01	4.27991431813725e-05
1.75800000000000e+01	4.25680465572048e-05
1.75900000000000e+01	4.23370667023807e-05
1.76000000000000e+01	4.21051976409121e-05
1.76100000000000e+01	4.18743225235584e-05
1.76200000000000e+01	4.16429357900059e-05
1.76300000000000e+01	4.14127618009840e-05
1.76400000000000e+01	4.11831669233038e-05
1.76500000000000e+01	4.09552300710094e-05
1.76600000000000e+01	4.07294494570662e-05
1.76700000000000e+01	4.05051552573338e-05
1.76800000000000e+01	4.02828554792195e-05
1.76900000000000e+01	4.00637816649436e-05
1.77000000000000e+01	3.98459317952123e-05
1.77100000000000e+01	3.96305954335074e-05
1.77200000000000e+01	3.94170465484533e-05
1.77300000000000e+01	3.92049531777442e-05
1.77400000000000e+01	3.89954371424005e-05
1.77500000000000e+01	3.87865123240072e-05
1.77600000000000e+01	3.85795586056958e-05
1.77700000000000e+01	3.83731280335922e-05
1.77800000000000e+01	3.81677084887369e-05
1.77900000000000e+01	3.79636302388521e-05
1.78000000000000e+01	3.77591017487631e-05
1.78100000000000e+01	3.75555152856501e-05
1.78200000000000e+01	3.73521949787326e-05
1.78300000000000e+01	3.71484819864568e-05
1.78400000000000e+01	3.69453483743642e-05
1.78500000000000e+01	3.67429194834010e-05
1.78600000000000e+01	3.65404752988718e-05
1.78700000000000e+01	3.63383228108161e-05
1.78800000000000e+01	3.61356722348007e-05
1.78900000000000e+01	3.59337711623305e-05
1.79000000000000e+01	3.57323528856094e-05
1.79100000000000e+01	3.55305250134686e-05
1.79200000000000e+01	3.53289791107231e-05
1.79300000000000e+01	3.51278837527213e-05
1.79400000000000e+01	3.49256087568531e-05
1.79500000000000e+01	3.47235402543390e-05
1.79600000000000e+01	3.45204846042677e-05
1.79700000000000e+01	3.43179646455253e-05
1.79800000000000e+01	3.41144261974490e-05
1.79900000000000e+01	3.39115236313598e-05
1.80000000000000e+01	3.37089872491490e-05
1.80100000000000e+01	3.35084408333971e-05
1.80200000000000e+01	3.33087270902290e-05
1.80300000000000e+01	3.31121307394395e-05
1.80400000000000e+01	3.29190157717440e-05
1.80500000000000e+01	3.27298522226129e-05
1.80600000000000e+01	3.25447637004854e-05
1.80700000000000e+01	3.23659735996241e-05
1.80800000000000e+01	3.21919654854529e-05
1.80900000000000e+01	3.20232438015214e-05
1.81000000000000e+01	3.18595953303715e-05
1.81100000000000e+01	3.17015359238894e-05
1.81200000000000e+01	3.15482395332940e-05
1.81300000000000e+01	3.13989699857139e-05
1.81400000000000e+01	3.12522611772712e-05
1.81500000000000e+01	3.11090410577221e-05
1.81600000000000e+01	3.09672349763133e-05
1.81700000000000e+01	3.08277588443115e-05
1.81800000000000e+01	3.06880641060211e-05
1.81900000000000e+01	3.05498349528275e-05
1.82000000000000e+01	3.04113987950817e-05
1.82100000000000e+01	3.02722689107772e-05
1.82200000000000e+01	3.01330179427224e-05
1.82300000000000e+01	2.99932570302347e-05
1.82400000000000e+01	2.98521551125159e-05
1.82500000000000e+01	2.97100233771901e-05
1.82600000000000e+01	2.95670706066376e-05
1.82700000000000e+01	2.94228709038250e-05
1.82800000000000e+01	2.92776973559563e-05
1.82900000000000e+01	2.91312068935767e-05
1.83000000000000e+01	2.89849703668936e-05
1.83100000000000e+01	2.88372420008981e-05
1.83200000000000e+01	2.86899872075917e-05
1.83300000000000e+01	2.85426594000774e-05
1.83400000000000e+01	2.83959724765604e-05
1.83500000000000e+01	2.82500471839690e-05
1.83600000000000e+01	2.81051501622904e-05
1.83700000000000e+01	2.79620842573531e-05
1.83800000000000e+01	2.78209996630966e-05
1.83900000000000e+01	2.76825111330827e-05
1.84000000000000e+01	2.75466882482257e-05
1.84100000000000e+01	2.74142318878773e-05
1.84200000000000e+01	2.72850749812109e-05
1.84300000000000e+01	2.71598201852093e-05
1.84400000000000e+01	2.70383755816714e-05
1.84500000000000e+01	2.69204027526811e-05
1.84600000000000e+01	2.68064231437618e-05
1.84700000000000e+01	2.66955767152602e-05
1.84800000000000e+01	2.65883727683394e-05
1.84900000000000e+01	2.64835374308163e-05
1.85000000000000e+01	2.63812968251694e-05
1.85100000000000e+01	2.62811423483757e-05
1.85200000000000e+01	2.61822827058033e-05
1.85300000000000e+01	2.60846663640597e-05
1.85400000000000e+01	2.59874763313022e-05
1.85500000000000e+01	2.58903132288248e-05
1.85600000000000e+01	2.57930214357839e-05
1.85700000000000e+01	2.56954806518856e-05
1.85800000000000e+01	2.55971171632309e-05
1.85900000000000e+01	2.54976424182936e-05
1.86000000000000e+01	2.53973233826103e-05
1.86100000000000e+01	2.52958436001433e-05
1.86200000000000e+01	2.51934823151056e-05
1.86300000000000e+01	2.50899849743478e-05
1.86400000000000e+01	2.49857275254857e-05
1.86500000000000e+01	2.48805951210807e-05
1.86600000000000e+01	2.47750381371467e-05
1.86700000000000e+01	2.46688640862037e-05
1.86800000000000e+01	2.45624847228878e-05
1.86900000000000e+01	2.44557212702185e-05
1.87000000000000e+01	2.43488558551412e-05
1.87100000000000e+01	2.42421343196698e-05
1.87200000000000e+01	2.41352981300007e-05
1.87300000000000e+01	2.40287323793186e-05
1.87400000000000e+01	2.39221131506670e-05
1.87500000000000e+01	2.38157670629392e-05
1.87600000000000e+01	2.37093178284572e-05
1.87700000000000e+01	2.36030447570830e-05
1.87800000000000e+01	2.34966271815875e-05
1.87900000000000e+01	2.33899482018011e-05
1.88000000000000e+01	2.32832979261583e-05
1.88100000000000e+01	2.31763183252443e-05
1.88200000000000e+01	2.30691064519459e-05
1.88300000000000e+01	2.29614164781425e-05
1.88400000000000e+01	2.28533504118441e-05
1.88500000000000e+01	2.27446832089323e-05
1.88600000000000e+01	2.26352854604689e-05
1.88700000000000e+01	2.25252415212890e-05
1.88800000000000e+01	2.24146341138847e-05
1.88900000000000e+01	2.23031385379662e-05
1.89000000000000e+01	2.21906753394370e-05
1.89100000000000e+01	2.20772313107362e-05
1.89200000000000e+01	2.19634178503156e-05
1.89300000000000e+01	2.18485314350151e-05
1.89400000000000e+01	2.17331977683942e-05
1.89500000000000e+01	2.16173311606570e-05
1.89600000000000e+01	2.15013613938027e-05
1.89700000000000e+01	2.13851838494702e-05
1.89800000000000e+01	2.12693318633050e-05
1.89900000000000e+01	2.11538840647929e-05
1.90000000000000e+01	2.10388906652888e-05
1.90100000000000e+01	2.09248303955618e-05
1.90200000000000e+01	2.08117746820733e-05
1.90300000000000e+01	2.06992215907903e-05
1.90400000000000e+01	2.05876201865367e-05
1.90500000000000e+01	2.04767241464500e-05
1.90600000000000e+01	2.03660993216141e-05
1.90700000000000e+01	2.02554342770955e-05
1.90800000000000e+01	2.01447917165715e-05
1.90900000000000e+01	2.00335903457141e-05
1.91000000000000e+01	1.99219898360098e-05
1.91100000000000e+01	1.98098630999773e-05
1.91200000000000e+01	1.96973577506765e-05
1.91300000000000e+01	1.95852070280962e-05
1.91400000000000e+01	1.94737436449078e-05
1.91500000000000e+01	1.93638996695083e-05
1.91600000000000e+01	1.92563945564056e-05
1.91700000000000e+01	1.91519672641766e-05
1.91800000000000e+01	1.90515300804324e-05
1.91900000000000e+01	1.89556573763119e-05
1.92000000000000e+01	1.88648894199182e-05
1.92100000000000e+01	1.87790997923378e-05
1.92200000000000e+01	1.86983914987018e-05
1.92300000000000e+01	1.86225611330811e-05
1.92400000000000e+01	1.85510116428860e-05
1.92500000000000e+01	1.84831857597220e-05
1.92600000000000e+01	1.84183055950434e-05
1.92700000000000e+01	1.83555548263062e-05
1.92800000000000e+01	1.82944882175679e-05
1.92900000000000e+01	1.82341995645718e-05
1.93000000000000e+01	1.81741876775722e-05
1.93100000000000e+01	1.81142001279487e-05
1.93200000000000e+01	1.80539453190344e-05
1.93300000000000e+01	1.79928252192603e-05
1.93400000000000e+01	1.79310723883840e-05
1.93500000000000e+01	1.78686645084806e-05
1.93600000000000e+01	1.78052968799331e-05
1.93700000000000e+01	1.77409781359712e-05
1.93800000000000e+01	1.76758294417734e-05
1.93900000000000e+01	1.76100334100206e-05
1.94000000000000e+01	1.75435707706987e-05
1.94100000000000e+01	1.74762107648092e-05
1.94200000000000e+01	1.74082773756976e-05
1.94300000000000e+01	1.73398547625302e-05
1.94400000000000e+01	1.72707347231640e-05
1.94500000000000e+01	1.72009941573183e-05
1.94600000000000e+01	1.71305895742422e-05
1.94700000000000e+01	1.70598621287654e-05
1.94800000000000e+01	1.69887212889313e-05
1.94900000000000e+01	1.69168011715236e-05
1.95000000000000e+01	1.68445978458106e-05
1.95100000000000e+01	1.67720602965636e-05
1.95200000000000e+01	1.66990973364143e-05
1.95300000000000e+01	1.66256241826856e-05
1.95400000000000e+01	1.65516741137502e-05
1.95500000000000e+01	1.64775130917313e-05
1.95600000000000e+01	1.64030664402145e-05
1.95700000000000e+01	1.63284029800253e-05
1.95800000000000e+01	1.62536417178604e-05
1.95900000000000e+01	1.61786204946597e-05
1.96000000000000e+01	1.61037093902643e-05
1.96100000000000e+01	1.60288560148976e-05
1.96200000000000e+01	1.59540703702403e-05
1.96300000000000e+01	1.58796927634303e-05
1.96400000000000e+01	1.58054555117966e-05
1.96500000000000e+01	1.57317203622897e-05
1.96600000000000e+01	1.56582432278113e-05
1.96700000000000e+01	1.55850778784408e-05
1.96800000000000e+01	1.55122314913094e-05
1.96900000000000e+01	1.54398279842790e-05
1.97000000000000e+01	1.53678338184765e-05
1.97100000000000e+01	1.52962300230038e-05
1.97200000000000e+01	1.52248418414675e-05
1.97300000000000e+01	1.51540494163720e-05
1.97400000000000e+01	1.50837599908508e-05
1.97500000000000e+01	1.50144555063002e-05
1.97600000000000e+01	1.49467557640571e-05
1.97700000000000e+01	1.48817689132969e-05
1.97800000000000e+01	1.48210867244407e-05
1.97900000000000e+01	1.47673801780546e-05
1.98000000000000e+01	1.47246070228953e-05
1.98100000000000e+01	1.46978263447777e-05
1.98200000000000e+01	1.46950772246827e-05
1.98300000000000e+01	1.47263238517179e-05
1.98400000000000e+01	1.48048238010656e-05
1.98500000000000e+01	1.49477417613757e-05
1.98600000000000e+01	1.51762857810052e-05
1.98700000000000e+01	1.55174340578640e-05
1.98800000000000e+01	1.60044575981515e-05
1.98900000000000e+01	1.66792067103081e-05
1.99000000000000e+01	1.75941437753428e-05
1.99100000000000e+01	1.88171193526354e-05
1.99200000000000e+01	2.04354975354245e-05
1.99300000000000e+01	2.25645885805834e-05
1.99400000000000e+01	2.53560843425675e-05
1.99500000000000e+01	2.90106488277620e-05
1.99600000000000e+01	3.37904863095925e-05
1.99700000000000e+01	4.00306365244512e-05
1.99800000000000e+01	4.81431724609665e-05
1.99900000000000e+01	5.85955812351223e-05
2.00000000000000e+01	7.18387998867450e-05
