1.00000000000000e-02	4.88957320204554e+15
2.00000000000000e-02	3.05578314178077e+14
3.00000000000000e-02	6.03544446009465e+13
4.00000000000000e-02	1.90934376913226e+13
5.00000000000000e-02	7.81913449074146e+12
6.00000000000000e-02	3.76985591411370e+12
7.00000000000000e-02	2.03429650000736e+12
8.00000000000000e-02	1.19206377745829e+12
9.00000000000000e-02	7.43921773885460e+11
1.00000000000000e-01	4.87878646469709e+11
1.10000000000000e-01	3.33071129959529e+11
1.20000000000000e-01	2.35048936459684e+11
1.30000000000000e-01	1.70556012406506e+11
1.40000000000000e-01	1.26726826239327e+11
1.50000000000000e-01	9.61018164485031e+10
1.60000000000000e-01	7.41844121623625e+10
1.70000000000000e-01	5.81672173728836e+10
1.80000000000000e-01	4.62428434730425e+10
1.90000000000000e-01	3.72189271797485e+10
2.00000000000000e-01	3.02884233970135e+10
2.10000000000000e-01	2.48952287088186e+10
2.20000000000000e-01	2.06484791811584e+10
2.30000000000000e-01	1.72672081670905e+10
2.40000000000000e-01	1.45489078619369e+10
2.50000000000000e-01	1.23433855550552e+10
2.60000000000000e-01	1.05390695223734e+10
2.70000000000000e-01	9.05139613022520e+09
2.80000000000000e-01	7.81638024801233e+09
2.90000000000000e-01	6.78399553775532e+09
3.00000000000000e-01	5.91575687167113e+09
3.10000000000000e-01	5.18136055369989e+09
3.20000000000000e-01	4.55693774142468e+09
3.30000000000000e-01	4.02321304904572e+09
3.40000000000000e-01	3.56490712006974e+09
3.50000000000000e-01	3.16965298640192e+09
3.60000000000000e-01	2.82727763436878e+09
3.70000000000000e-01	2.52956909699452e+09
3.80000000000000e-01	2.26973259201903e+09
3.90000000000000e-01	2.04212524068264e+09
4.00000000000000e-01	1.84210213171126e+09
4.10000000000000e-01	1.66571845408212e+09
4.20000000000000e-01	1.50978394576675e+09
4.30000000000000e-01	1.37145298260214e+09
4.40000000000000e-01	1.24844553934489e+09
4.50000000000000e-01	1.13877068370526e+09
4.60000000000000e-01	1.04072010227927e+09
4.70000000000000e-01	9.52879963974938e+08
4.80000000000000e-01	8.73988982952368e+08
4.90000000000000e-01	8.02976676353154e+08
5.00000000000000e-01	7.38928648917322e+08
5.10000000000000e-01	6.81030627360609e+08
5.20000000000000e-01	6.28627865594364e+08
5.30000000000000e-01	5.81062199249707e+08
5.40000000000000e-01	5.37846310619351e+08
5.50000000000000e-01	4.98507852230782e+08
5.60000000000000e-01	4.62615947668092e+08
5.70000000000000e-01	4.29836902398140e+08
5.80000000000000e-01	3.99865051624108e+08
5.90000000000000e-01	3.72392696572695e+08
6.00000000000000e-01	3.47195000979248e+08
6.10000000000000e-01	3.24036790628224e+08
6.20000000000000e-01	3.02735009340956e+08
6.30000000000000e-01	2.83111714601917e+08
6.40000000000000e-01	2.65018059468382e+08
6.50000000000000e-01	2.48305591755817e+08
6.60000000000000e-01	2.32856792128347e+08
6.70000000000000e-01	2.18549747714293e+08
6.80000000000000e-01	2.05298315845507e+08
6.90000000000000e-01	1.93006813326648e+08
7.00000000000000e-01	1.81593206734458e+08
7.10000000000000e-01	1.70983069955204e+08
7.20000000000000e-01	1.61109437378490e+08
7.30000000000000e-01	1.51918901633050e+08
7.40000000000000e-01	1.43347613948165e+08
7.50000000000000e-01	1.35351740055506e+08
7.60000000000000e-01	1.27883089359735e+08
7.70000000000000e-01	1.20906333155031e+08
7.80000000000000e-01	1.14377243833329e+08
7.90000000000000e-01	1.08267410976785e+08
8.00000000000000e-01	1.02541513580552e+08
8.10000000000000e-01	9.71729289321099e+07
8.20000000000000e-01	9.21373238524456e+07
8.30000000000000e-01	8.74073614077417e+07
8.40000000000000e-01	8.29662446556253e+07
8.50000000000000e-01	7.87870474960049e+07
8.60000000000000e-01	7.48565324035509e+07
8.70000000000000e-01	7.11549929504206e+07
8.80000000000000e-01	6.76680298833414e+07
8.90000000000000e-01	6.43807880897029e+07
9.00000000000000e-01	6.12806658612285e+07
9.10000000000000e-01	5.83535692967109e+07
9.20000000000000e-01	5.55901121201900e+07
9.30000000000000e-01	5.29792014062857e+07
9.40000000000000e-01	5.05110147313396e+07
9.50000000000000e-01	4.81752694011604e+07
9.60000000000000e-01	4.59648958016858e+07
9.70000000000000e-01	4.38719090235311e+07
9.80000000000000e-01	4.18892119705662e+07
9.90000000000000e-01	4.00098861982873e+07
1.00000000000000e+00	3.82285751780324e+07
1.01000000000000e+00	3.65372942792430e+07
1.02000000000000e+00	3.49319345476828e+07
1.03000000000000e+00	3.34081109620734e+07
1.04000000000000e+00	3.19601322076684e+07
1.05000000000000e+00	3.05838960031141e+07
1.06000000000000e+00	2.92750715842937e+07
1.07000000000000e+00	2.80311073612025e+07
1.08000000000000e+00	2.68467770080445e+07
1.09000000000000e+00	2.57195658587682e+07
1.10000000000000e+00	2.46466298354593e+07
1.11000000000000e+00	2.36247720745141e+07
1.12000000000000e+00	2.26514356065114e+07
1.13000000000000e+00	2.17244233154931e+07
1.14000000000000e+00	2.08416356063304e+07
1.15000000000000e+00	2.00002903923148e+07
1.16000000000000e+00	1.91986666764804e+07
1.17000000000000e+00	1.84352214702729e+07
1.18000000000000e+00	1.77080620714358e+07
1.19000000000000e+00	1.70153103019683e+07
1.20000000000000e+00	1.63557613547885e+07
1.21000000000000e+00	1.57278848280781e+07
1.22000000000000e+00	1.51306656346054e+07
1.23000000000000e+00	1.45634619362091e+07
1.24000000000000e+00	1.40250320663803e+07
1.25000000000000e+00	1.35152220857848e+07
1.26000000000000e+00	1.30329296213994e+07
1.27000000000000e+00	1.25784931615912e+07
1.28000000000000e+00	1.21503286369941e+07
1.29000000000000e+00	1.17484685166813e+07
1.30000000000000e+00	1.13712062121448e+07
1.31000000000000e+00	1.10172048817213e+07
1.32000000000000e+00	1.06840833571636e+07
1.33000000000000e+00	1.03689848790589e+07
1.34000000000000e+00	1.00681949521119e+07
1.35000000000000e+00	9.77798101076847e+06
1.36000000000000e+00	9.49400322355314e+06
1.37000000000000e+00	9.21190925721340e+06
1.38000000000000e+00	8.92745721767718e+06
1.39000000000000e+00	8.63694763263195e+06
1.40000000000000e+00	8.33784000866357e+06
1.41000000000000e+00	8.02783315595349e+06
1.42000000000000e+00	7.70626174344263e+06
1.43000000000000e+00	7.37329421895029e+06
1.44000000000000e+00	7.03013231316406e+06
1.45000000000000e+00	6.67874976326527e+06
1.46000000000000e+00	6.32191470907824e+06
1.47000000000000e+00	5.96229614569984e+06
1.48000000000000e+00	5.60336431808961e+06
1.49000000000000e+00	5.24807110562410e+06
1.50000000000000e+00	4.89951796151178e+06
1.51000000000000e+00	4.56042803038399e+06
1.52000000000000e+00	4.23309113889537e+06
1.53000000000000e+00	3.91965352621409e+06
1.54000000000000e+00	3.62148562299595e+06
1.55000000000000e+00	3.33952315465955e+06
1.56000000000000e+00	3.07438683386647e+06
1.57000000000000e+00	2.82588604815846e+06
1.58000000000000e+00	2.59325772781548e+06
1.59000000000000e+00	2.37530888019528e+06
1.60000000000000e+00	2.17038012996065e+06
1.61000000000000e+00	1.97662248416100e+06
1.62000000000000e+00	1.79205331003988e+06
1.63000000000000e+00	1.61504334528129e+06
1.64000000000000e+00	1.44447147798098e+06
1.65000000000000e+00	1.28011771556137e+06
1.66000000000000e+00	1.12275724206385e+06
1.67000000000000e+00	9.74307806922534e+05
1.68000000000000e+00	8.37469039939967e+05
1.69000000000000e+00	7.15377973840577e+05
1.70000000000000e+00	6.11073075003773e+05
1.71000000000000e+00	5.27310682916389e+05
1.72000000000000e+00	4.66546238280872e+05
1.73000000000000e+00	4.31149556330197e+05
1.74000000000000e+00	4.23475958618818e+05
1.75000000000000e+00	4.46032859996336e+05
1.76000000000000e+00	5.01478433408740e+05
1.77000000000000e+00	5.92743162446697e+05
1.78000000000000e+00	7.22985106109782e+05
1.79000000000000e+00	8.95214342770684e+05
1.80000000000000e+00	1.11147722016320e+06
1.81000000000000e+00	1.37192394287243e+06
1.82000000000000e+00	1.67419151175980e+06
1.83000000000000e+00	2.01364039009239e+06
1.84000000000000e+00	2.38423017772920e+06
1.85000000000000e+00	2.77971541399169e+06
1.86000000000000e+00	3.19320376507624e+06
1.87000000000000e+00	3.61707643322166e+06
1.88000000000000e+00	4.04193868731429e+06
1.89000000000000e+00	4.45654603122929e+06
1.90000000000000e+00	4.84837975656178e+06
1.91000000000000e+00	5.20385338412046e+06
1.92000000000000e+00	5.50979124038724e+06
1.93000000000000e+00	5.75342954021126e+06
1.94000000000000e+00	5.92347126796228e+06
1.95000000000000e+00	6.01029738925706e+06
1.96000000000000e+00	6.00663658846493e+06
1.97000000000000e+00	5.90827124783836e+06
1.98000000000000e+00	5.71464173521256e+06
1.99000000000000e+00	5.42994202421383e+06
2.00000000000000e+00	5.06330840287852e+06
2.01000000000000e+00	4.62918567229671e+06
2.02000000000000e+00	4.14665781231269e+06
2.03000000000000e+00	3.63806660184062e+06
2.04000000000000e+00	3.12669247980433e+06
2.05000000000000e+00	2.63460802117264e+06
2.06000000000000e+00	2.18011319774755e+06
2.07000000000000e+00	1.77611885148995e+06
2.08000000000000e+00	1.42952236472460e+06
2.09000000000000e+00	1.14139511971616e+06
2.10000000000000e+00	9.08266762557542e+05
2.11000000000000e+00	7.23707342779174e+05
2.12000000000000e+00	5.79903321575810e+05
2.13000000000000e+00	4.68981679609098e+05
2.14000000000000e+00	3.83802350119787e+05
2.15000000000000e+00	3.18269584346789e+05
2.16000000000000e+00	2.67390310648323e+05
2.17000000000000e+00	2.27148584367327e+05
2.18000000000000e+00	1.94438099793277e+05
2.19000000000000e+00	1.66940716026038e+05
2.20000000000000e+00	1.43077858992466e+05
2.21000000000000e+00	1.21903352821815e+05
2.22000000000000e+00	1.02992825733661e+05
2.23000000000000e+00	8.63105729604611e+04
2.24000000000000e+00	7.20146655118736e+04
2.25000000000000e+00	6.02969883237675e+04
2.26000000000000e+00	5.12396200428778e+04
2.27000000000000e+00	4.47804537148486e+04
2.28000000000000e+00	4.07551151725456e+04
2.29000000000000e+00	3.89812201837331e+04
2.30000000000000e+00	3.93382556786701e+04
2.31000000000000e+00	4.18229385544312e+04
2.32000000000000e+00	4.65704685012983e+04
2.33000000000000e+00	5.38611786815067e+04
2.34000000000000e+00	6.40843743785354e+04
2.35000000000000e+00	7.77253195871679e+04
2.36000000000000e+00	9.53157830485029e+04
2.37000000000000e+00	1.17403577746213e+05
2.38000000000000e+00	1.44509332906316e+05
2.39000000000000e+00	1.77041095766882e+05
2.40000000000000e+00	2.15205618170960e+05
2.41000000000000e+00	2.58886288846726e+05
2.42000000000000e+00	3.07580042375343e+05
2.43000000000000e+00	3.60383686630348e+05
2.44000000000000e+00	4.15975638565254e+05
2.45000000000000e+00	4.72807337249143e+05
2.46000000000000e+00	5.29145657718923e+05
2.47000000000000e+00	5.83363571668850e+05
2.48000000000000e+00	6.34064871094411e+05
2.49000000000000e+00	6.80383733491414e+05
2.50000000000000e+00	7.22035435059733e+05
2.51000000000000e+00	7.59448032190699e+05
2.52000000000000e+00	7.93653785972887e+05
2.53000000000000e+00	8.26165627914322e+05
2.54000000000000e+00	8.58727986779608e+05
2.55000000000000e+00	8.93166977233738e+05
2.56000000000000e+00	9.31075047759119e+05
2.57000000000000e+00	9.73692897297905e+05
2.58000000000000e+00	1.02164951613653e+06
2.59000000000000e+00	1.07486456750355e+06
2.60000000000000e+00	1.13228602588890e+06
2.61000000000000e+00	1.19182345023913e+06
2.62000000000000e+00	1.25028094318436e+06
2.63000000000000e+00	1.30362916012508e+06
2.64000000000000e+00	1.34808201188561e+06
2.65000000000000e+00	1.38124510054921e+06
2.66000000000000e+00	1.40323713228999e+06
2.67000000000000e+00	1.41659442062160e+06
2.68000000000000e+00	1.42522421887585e+06
2.69000000000000e+00	1.43281337093522e+06
2.70000000000000e+00	1.44172950561434e+06
2.71000000000000e+00	1.45246740037151e+06
2.72000000000000e+00	1.46369987122296e+06
2.73000000000000e+00	1.47292408332311e+06
2.74000000000000e+00	1.47688497165852e+06
2.75000000000000e+00	1.47241691330912e+06
2.76000000000000e+00	1.45690906891980e+06
2.77000000000000e+00	1.42872559126936e+06
2.78000000000000e+00	1.38723384334800e+06
2.79000000000000e+00	1.33271461149147e+06
2.80000000000000e+00	1.26612192325934e+06
2.81000000000000e+00	1.18888086667399e+06
2.82000000000000e+00	1.10271735117159e+06
2.83000000000000e+00	1.00955817961088e+06
2.84000000000000e+00	9.11482760687036e+05
2.85000000000000e+00	8.10670216877036e+05
2.86000000000000e+00	7.09335014923244e+05
2.87000000000000e+00	6.09726766535176e+05
2.88000000000000e+00	5.14020932353322e+05
2.89000000000000e+00	4.24208110219413e+05
2.90000000000000e+00	3.42032611326399e+05
2.91000000000000e+00	2.68872960993548e+05
2.92000000000000e+00	2.05678431738451e+05
2.93000000000000e+00	1.52930898803938e+05
2.94000000000000e+00	1.10635359716937e+05
2.95000000000000e+00	7.83583351322942e+04
2.96000000000000e+00	5.53087979678544e+04
2.97000000000000e+00	4.04453778107354e+04
2.98000000000000e+00	3.26484487701039e+04
2.99000000000000e+00	3.08228681914481e+04
3.00000000000000e+00	3.40095123348610e+04
3.01000000000000e+00	4.14122228784837e+04
3.02000000000000e+00	5.24105450942804e+04
3.03000000000000e+00	6.65142133148993e+04
3.04000000000000e+00	8.33553710920315e+04
3.05000000000000e+00	1.02641760462168e+05
3.06000000000000e+00	1.24161461295570e+05
3.07000000000000e+00	1.47779294315618e+05
3.08000000000000e+00	1.73446232249620e+05
3.09000000000000e+00	2.01216753536186e+05
3.10000000000000e+00	2.31269737643043e+05
3.11000000000000e+00	2.63882177793633e+05
3.12000000000000e+00	2.99419732059180e+05
3.13000000000000e+00	3.38245183052291e+05
3.14000000000000e+00	3.80619332017992e+05
3.15000000000000e+00	4.26571592056369e+05
3.16000000000000e+00	4.75822225007601e+05
3.17000000000000e+00	5.27720235541786e+05
3.18000000000000e+00	5.81294457771584e+05
3.19000000000000e+00	6.35433382394505e+05
3.20000000000000e+00	6.89019038309674e+05
3.21000000000000e+00	7.41064554545966e+05
3.22000000000000e+00	7.90690083879785e+05
3.23000000000000e+00	8.37042897784719e+05
3.24000000000000e+00	8.79234022477700e+05
3.25000000000000e+00	9.16291784728760e+05
3.26000000000000e+00	9.47263989126817e+05
3.27000000000000e+00	9.71362646100105e+05
3.28000000000000e+00	9.88077248327675e+05
3.29000000000000e+00	9.97337481367381e+05
3.30000000000000e+00	9.99517422964567e+05
3.31000000000000e+00	9.95412870935269e+05
3.32000000000000e+00	9.86201624939171e+05
3.33000000000000e+00	9.73211390530091e+05
3.34000000000000e+00	9.57774289168972e+05
3.35000000000000e+00	9.41019403605612e+05
3.36000000000000e+00	9.23772033385456e+05
3.37000000000000e+00	9.06564409986725e+05
3.38000000000000e+00	8.89689756524297e+05
3.39000000000000e+00	8.73358925800396e+05
3.40000000000000e+00	8.57813141606525e+05
3.41000000000000e+00	8.43341625628208e+05
3.42000000000000e+00	8.30321905424117e+05
3.43000000000000e+00	8.19163649486343e+05
3.44000000000000e+00	8.10262637067760e+05
3.45000000000000e+00	8.03959485701531e+05
3.46000000000000e+00	8.00555379959120e+05
3.47000000000000e+00	8.00329110956247e+05
3.48000000000000e+00	8.03586680545008e+05
3.49000000000000e+00	8.10715163596337e+05
3.50000000000000e+00	8.22225697486930e+05
3.51000000000000e+00	8.38796313183107e+05
3.52000000000000e+00	8.61293629455059e+05
3.53000000000000e+00	8.90717651446289e+05
3.54000000000000e+00	9.28187109535905e+05
3.55000000000000e+00	9.74829729307707e+05
3.56000000000000e+00	1.03173355244574e+06
3.57000000000000e+00	1.09989315447622e+06
3.58000000000000e+00	1.18019532465981e+06
3.59000000000000e+00	1.27344231130350e+06
3.60000000000000e+00	1.38041114603407e+06
3.61000000000000e+00	1.50185637790178e+06
3.62000000000000e+00	1.63859147896238e+06
3.63000000000000e+00	1.79138979629905e+06
3.64000000000000e+00	1.96114416497906e+06
3.65000000000000e+00	2.14874891532594e+06
3.66000000000000e+00	2.35525547459916e+06
3.67000000000000e+00	2.58169546901327e+06
3.68000000000000e+00	2.82934152696254e+06
3.69000000000000e+00	3.09946763480508e+06
3.70000000000000e+00	3.39299369854955e+06
3.71000000000000e+00	3.71062120688420e+06
3.72000000000000e+00	4.05260104582899e+06
3.73000000000000e+00	4.41910484939274e+06
3.74000000000000e+00	4.81081380299667e+06
3.75000000000000e+00	5.22999541005156e+06
3.76000000000000e+00	5.68182053533296e+06
3.77000000000000e+00	6.17497746423663e+06
3.78000000000000e+00	6.72301822539272e+06
3.79000000000000e+00	7.34464221904213e+06
3.80000000000000e+00	8.06446542347623e+06
3.81000000000000e+00	8.91382429328687e+06
3.82000000000000e+00	9.93075280042044e+06
3.83000000000000e+00	1.11607798919690e+07
3.84000000000000e+00	1.26560361101466e+07
3.85000000000000e+00	1.44747856820462e+07
3.86000000000000e+00	1.66790265825171e+07
3.87000000000000e+00	1.93312473531979e+07
3.88000000000000e+00	2.24913057549332e+07
3.89000000000000e+00	2.62123878405769e+07
3.90000000000000e+00	3.05357654310056e+07
3.91000000000000e+00	3.54848672301357e+07
3.92000000000000e+00	4.10576688013602e+07
3.93000000000000e+00	4.72150505055292e+07
3.94000000000000e+00	5.38675383914144e+07
3.95000000000000e+00	6.08612908244826e+07
3.96000000000000e+00	6.79697070868813e+07
3.97000000000000e+00	7.48946864594917e+07
3.98000000000000e+00	8.12860284574550e+07
3.99000000000000e+00	8.67763358489731e+07
4.00000000000000e+00	9.10234131524515e+07
4.01000000000000e+00	9.37549068762099e+07
4.02000000000000e+00	9.47959992743898e+07
4.03000000000000e+00	9.40870320334394e+07
4.04000000000000e+00	9.16873518022978e+07
4.05000000000000e+00	8.77673916999931e+07
4.06000000000000e+00	8.25878384370306e+07
4.07000000000000e+00	7.64718584955109e+07
4.08000000000000e+00	6.97640319453201e+07
4.09000000000000e+00	6.27965233052763e+07
4.10000000000000e+00	5.58561233722907e+07
4.11000000000000e+00	4.91661695842761e+07
4.12000000000000e+00	4.28847558331798e+07
4.13000000000000e+00	3.71108329499335e+07
4.14000000000000e+00	3.18977209773526e+07
4.15000000000000e+00	2.72635369728792e+07
4.16000000000000e+00	2.32022028028348e+07
4.17000000000000e+00	1.96890052406598e+07
4.18000000000000e+00	1.66862389485032e+07
4.19000000000000e+00	1.41464258651363e+07
4.20000000000000e+00	1.20159227102221e+07
4.21000000000000e+00	1.02390614326107e+07
4.22000000000000e+00	8.76123213367013e+06
4.23000000000000e+00	7.53211951547097e+06
4.24000000000000e+00	6.50752074905635e+06
4.25000000000000e+00	5.64988099215740e+06
4.26000000000000e+00	4.92876002122044e+06
4.27000000000000e+00	4.32016106333908e+06
4.28000000000000e+00	3.80519578792687e+06
4.29000000000000e+00	3.36927393058129e+06
4.30000000000000e+00	3.00047360657136e+06
4.31000000000000e+00	2.68891644859953e+06
4.32000000000000e+00	2.42589168418651e+06
4.33000000000000e+00	2.20358997334401e+06
4.34000000000000e+00	2.01504645859149e+06
4.35000000000000e+00	1.85388090954036e+06
4.36000000000000e+00	1.71464744370490e+06
4.37000000000000e+00	1.59250562671952e+06
4.38000000000000e+00	1.48344971562556e+06
4.39000000000000e+00	1.38411247145715e+06
4.40000000000000e+00	1.29172592619312e+06
4.41000000000000e+00	1.20403899685182e+06
4.42000000000000e+00	1.11920138051462e+06
4.43000000000000e+00	1.03594711594631e+06
4.44000000000000e+00	9.53401341766272e+05
4.45000000000000e+00	8.71247433240384e+05
4.46000000000000e+00	7.89663398741451e+05
4.47000000000000e+00	7.09263746948931e+05
4.48000000000000e+00	6.31026212727804e+05
4.49000000000000e+00	5.56133038283757e+05
4.50000000000000e+00	4.85830989539522e+05
4.51000000000000e+00	4.21299035623064e+05
4.52000000000000e+00	3.63513629031074e+05
4.53000000000000e+00	3.13182142263343e+05
4.54000000000000e+00	2.70684247176348e+05
4.55000000000000e+00	2.36067149094570e+05
4.56000000000000e+00	2.09086065746797e+05
4.57000000000000e+00	1.89262763704422e+05
4.58000000000000e+00	1.75955153085433e+05
4.59000000000000e+00	1.68444806566770e+05
4.60000000000000e+00	1.65999946382719e+05
4.61000000000000e+00	1.67937313544913e+05
4.62000000000000e+00	1.73656605559720e+05
4.63000000000000e+00	1.82667352675578e+05
4.64000000000000e+00	1.94590619287530e+05
4.65000000000000e+00	2.09155389499651e+05
4.66000000000000e+00	2.26182562596357e+05
4.67000000000000e+00	2.45547113612828e+05
4.68000000000000e+00	2.67150267492891e+05
4.69000000000000e+00	2.90853249844549e+05
4.70000000000000e+00	3.16428777027767e+05
4.71000000000000e+00	3.43480263513410e+05
4.72000000000000e+00	3.71398258687076e+05
4.73000000000000e+00	3.99308816918030e+05
4.74000000000000e+00	4.26112912224821e+05
4.75000000000000e+00	4.50502364817682e+05
4.76000000000000e+00	4.71083947851768e+05
4.77000000000000e+00	4.86498541046230e+05
4.78000000000000e+00	4.95547480573940e+05
4.79000000000000e+00	4.97335612375934e+05
4.80000000000000e+00	4.91363376984750e+05
4.81000000000000e+00	4.77619707937052e+05
4.82000000000000e+00	4.56644562829573e+05
4.83000000000000e+00	4.29543326886540e+05
4.84000000000000e+00	3.97983629785561e+05
4.85000000000000e+00	3.64112922652856e+05
4.86000000000000e+00	3.30423570809105e+05
4.87000000000000e+00	2.99553990488988e+05
4.88000000000000e+00	2.74048490450626e+05
4.89000000000000e+00	2.56124675845919e+05
4.90000000000000e+00	2.47455251268613e+05
4.91000000000000e+00	2.49003813175886e+05
4.92000000000000e+00	2.60959300486989e+05
4.93000000000000e+00	2.82732269532368e+05
4.94000000000000e+00	3.13068190729829e+05
4.95000000000000e+00	3.50222884261605e+05
4.96000000000000e+00	3.92131815213664e+05
4.97000000000000e+00	4.36653723183486e+05
4.98000000000000e+00	4.81707200717439e+05
4.99000000000000e+00	5.25394435835604e+05
5.00000000000000e+00	5.66089839992134e+05
5.01000000000000e+00	6.02459343887351e+05
5.02000000000000e+00	6.33524739700479e+05
5.03000000000000e+00	6.58641500869310e+05
5.04000000000000e+00	6.77504504231752e+05
5.05000000000000e+00	6.90112577738589e+05
5.06000000000000e+00	6.96729526556488e+05
5.07000000000000e+00	6.97812966196724e+05
5.08000000000000e+00	6.93964320273153e+05
5.09000000000000e+00	6.85868550440216e+05
5.10000000000000e+00	6.74292226514984e+05
5.11000000000000e+00	6.60068952704647e+05
5.12000000000000e+00	6.44094457541292e+05
5.13000000000000e+00	6.27354943521439e+05
5.14000000000000e+00	6.10889153745389e+05
5.15000000000000e+00	5.95778279717556e+05
5.16000000000000e+00	5.83097447627649e+05
5.17000000000000e+00	5.73885787958914e+05
5.18000000000000e+00	5.69083234599217e+05
5.19000000000000e+00	5.69458728005070e+05
5.20000000000000e+00	5.75559973260056e+05
5.21000000000000e+00	5.87595413249577e+05
5.22000000000000e+00	6.05402553316588e+05
5.23000000000000e+00	6.28392643041688e+05
5.24000000000000e+00	6.55514395839570e+05
5.25000000000000e+00	6.85322346451729e+05
5.26000000000000e+00	7.16084178147458e+05
5.27000000000000e+00	7.45927788167275e+05
5.28000000000000e+00	7.73082964243850e+05
5.29000000000000e+00	7.96029945959723e+05
5.30000000000000e+00	8.13760457452853e+05
5.31000000000000e+00	8.25821966052817e+05
5.32000000000000e+00	8.32362145666944e+05
5.33000000000000e+00	8.34080479750750e+05
5.34000000000000e+00	8.32065851483263e+05
5.35000000000000e+00	8.27670776893574e+05
5.36000000000000e+00	8.22352331361818e+05
5.37000000000000e+00	8.17527223362140e+05
5.38000000000000e+00	8.14460029800312e+05
5.39000000000000e+00	8.14221292402638e+05
5.40000000000000e+00	8.17600959177782e+05
5.41000000000000e+00	8.25066620096445e+05
5.42000000000000e+00	8.36808568970357e+05
5.43000000000000e+00	8.52680800072725e+05
5.44000000000000e+00	8.72277052549284e+05
5.45000000000000e+00	8.94942167644232e+05
5.46000000000000e+00	9.19844259527588e+05
5.47000000000000e+00	9.45980707498648e+05
5.48000000000000e+00	9.72304636926738e+05
5.49000000000000e+00	9.97766853374647e+05
5.50000000000000e+00	1.02136332812301e+06
5.51000000000000e+00	1.04224442859720e+06
5.52000000000000e+00	1.05975416531080e+06
5.53000000000000e+00	1.07347969358376e+06
5.54000000000000e+00	1.08318178548250e+06
5.55000000000000e+00	1.08882262020579e+06
5.56000000000000e+00	1.09045245775605e+06
5.57000000000000e+00	1.08820483441938e+06
5.58000000000000e+00	1.08225575647132e+06
5.59000000000000e+00	1.07288110462948e+06
5.60000000000000e+00	1.06040014947833e+06
5.61000000000000e+00	1.04537341661401e+06
5.62000000000000e+00	1.02848517801956e+06
5.63000000000000e+00	1.01072006875070e+06
5.64000000000000e+00	9.93274979821431e+05
5.65000000000000e+00	9.77652985224991e+05
5.66000000000000e+00	9.65562116894769e+05
5.67000000000000e+00	9.58947565552347e+05
5.68000000000000e+00	9.59828375776455e+05
5.69000000000000e+00	9.70260508748446e+05
5.70000000000000e+00	9.92227107536790e+05
5.71000000000000e+00	1.02747495272254e+06
5.72000000000000e+00	1.07735645616472e+06
5.73000000000000e+00	1.14278359488526e+06
5.74000000000000e+00	1.22392031931957e+06
5.75000000000000e+00	1.32025336381613e+06
5.76000000000000e+00	1.43045624995099e+06
5.77000000000000e+00	1.55241919971322e+06
5.78000000000000e+00	1.68330158452751e+06
5.79000000000000e+00	1.81956367814322e+06
5.80000000000000e+00	1.95714571930167e+06
5.81000000000000e+00	2.09143582375597e+06
5.82000000000000e+00	2.21727713948747e+06
5.83000000000000e+00	2.32910529741476e+06
5.84000000000000e+00	2.42097810000100e+06
5.85000000000000e+00	2.48697063534317e+06
5.86000000000000e+00	2.52153997693050e+06
5.87000000000000e+00	2.52022190912249e+06
5.88000000000000e+00	2.48030384637152e+06
5.89000000000000e+00	2.40120326236104e+06
5.90000000000000e+00	2.28505151197060e+06
5.91000000000000e+00	2.13635872357890e+06
5.92000000000000e+00	1.96173555897290e+06
5.93000000000000e+00	1.76913241640978e+06
5.94000000000000e+00	1.56713767452848e+06
5.95000000000000e+00	1.36408927373440e+06
5.96000000000000e+00	1.16741083646273e+06
5.97000000000000e+00	9.83121744437535e+05
5.98000000000000e+00	8.15551667750924e+05
5.99000000000000e+00	6.67280229863656e+05
6.00000000000000e+00	5.39282660676333e+05
6.01000000000000e+00	4.31232927842851e+05
6.02000000000000e+00	3.41831721524216e+05
6.03000000000000e+00	2.69139803552780e+05
6.04000000000000e+00	2.10899405025296e+05
6.05000000000000e+00	1.64764340412136e+05
6.06000000000000e+00	1.28481115283027e+05
6.07000000000000e+00	1.00016423709634e+05
6.08000000000000e+00	7.76246562682941e+04
6.09000000000000e+00	5.98809810729277e+04
6.10000000000000e+00	4.56765396069432e+04
6.11000000000000e+00	3.41918368603001e+04
6.12000000000000e+00	2.48564523915738e+04
6.13000000000000e+00	1.72964836369635e+04
6.14000000000000e+00	1.12835185705171e+04
6.15000000000000e+00	6.68499958068566e+03
6.16000000000000e+00	3.42155249318069e+03
6.17000000000000e+00	1.43400790212448e+03
6.18000000000000e+00	6.60281804518982e+02
6.19000000000000e+00	1.02176282684012e+03
6.20000000000000e+00	2.41888348384625e+03
6.21000000000000e+00	4.73286618825480e+03
6.22000000000000e+00	7.83164029399710e+03
6.23000000000000e+00	1.15774012688239e+04
6.24000000000000e+00	1.58349787859998e+04
6.25000000000000e+00	2.04791701683381e+04
6.26000000000000e+00	2.54017399142234e+04
6.27000000000000e+00	3.05170188953312e+04
6.28000000000000e+00	3.57640770157977e+04
6.29000000000000e+00	4.11080289810941e+04
6.30000000000000e+00	4.65381757631624e+04
6.31000000000000e+00	5.20616865957035e+04
6.32000000000000e+00	5.76981341673848e+04
6.33000000000000e+00	6.34754242670740e+04
6.34000000000000e+00	6.94159462791888e+04
6.35000000000000e+00	7.55393230163781e+04
6.36000000000000e+00	8.18497227769507e+04
6.37000000000000e+00	8.83315016167384e+04
6.38000000000000e+00	9.49525367994117e+04
6.39000000000000e+00	1.01659857797988e+05
6.40000000000000e+00	1.08384499393570e+05
6.41000000000000e+00	1.15051016914104e+05
6.42000000000000e+00	1.21583574808125e+05
6.43000000000000e+00	1.27918944873293e+05
6.44000000000000e+00	1.34005980703902e+05
6.45000000000000e+00	1.39812978388694e+05
6.46000000000000e+00	1.45325912040803e+05
6.47000000000000e+00	1.50541334333361e+05
6.48000000000000e+00	1.55461511018568e+05
6.49000000000000e+00	1.60085129070699e+05
6.50000000000000e+00	1.64395558143104e+05
6.51000000000000e+00	1.68357199120843e+05
6.52000000000000e+00	1.71903137064054e+05
6.53000000000000e+00	1.74934116397475e+05
6.54000000000000e+00	1.77316503651330e+05
6.55000000000000e+00	1.78900059173491e+05
6.56000000000000e+00	1.79532679424155e+05
6.57000000000000e+00	1.79080174086499e+05
6.58000000000000e+00	1.77459490569193e+05
6.59000000000000e+00	1.74645570066455e+05
6.60000000000000e+00	1.70690531099166e+05
6.61000000000000e+00	1.65709194264214e+05
6.62000000000000e+00	1.59879081066406e+05
6.63000000000000e+00	1.53416669792753e+05
6.64000000000000e+00	1.46570531847420e+05
6.65000000000000e+00	1.39593088156119e+05
6.66000000000000e+00	1.32729984250168e+05
6.67000000000000e+00	1.26200775453085e+05
6.68000000000000e+00	1.20189085404806e+05
6.69000000000000e+00	1.14831321998734e+05
6.70000000000000e+00	1.10223496765984e+05
6.71000000000000e+00	1.06419496404095e+05
6.72000000000000e+00	1.03441811852738e+05
6.73000000000000e+00	1.01290019918321e+05
6.74000000000000e+00	9.99435105696824e+04
6.75000000000000e+00	9.93652674729110e+04
6.76000000000000e+00	9.95041762308057e+04
6.77000000000000e+00	1.00297007109923e+05
6.78000000000000e+00	1.01665314018137e+05
6.79000000000000e+00	1.03524335867391e+05
6.80000000000000e+00	1.05785361789468e+05
6.81000000000000e+00	1.08365620490557e+05
6.82000000000000e+00	1.11191672987194e+05
6.83000000000000e+00	1.14210110345494e+05
6.84000000000000e+00	1.17387396297247e+05
6.85000000000000e+00	1.20711927492976e+05
6.86000000000000e+00	1.24191646753531e+05
6.87000000000000e+00	1.27851498929398e+05
6.88000000000000e+00	1.31719872291949e+05
6.89000000000000e+00	1.35820273089512e+05
6.90000000000000e+00	1.40166019221785e+05
6.91000000000000e+00	1.44748044937787e+05
6.92000000000000e+00	1.49535559626033e+05
6.93000000000000e+00	1.54475784381283e+05
6.94000000000000e+00	1.59490408559129e+05
6.95000000000000e+00	1.64484092995576e+05
6.96000000000000e+00	1.69348978612225e+05
6.97000000000000e+00	1.73963382569702e+05
6.98000000000000e+00	1.78204806385551e+05
6.99000000000000e+00	1.81951560742613e+05
7.00000000000000e+00	1.85091164486923e+05
7.01000000000000e+00	1.87527339888023e+05
7.02000000000000e+00	1.89188480218121e+05
7.03000000000000e+00	1.90025075476579e+05
7.04000000000000e+00	1.90019995713998e+05
7.05000000000000e+00	1.89178683987655e+05
7.06000000000000e+00	1.87540870668513e+05
7.07000000000000e+00	1.85174151979023e+05
7.08000000000000e+00	1.82171108072115e+05
7.09000000000000e+00	1.78658416740609e+05
7.10000000000000e+00	1.74791468791895e+05
7.11000000000000e+00	1.70750507038740e+05
7.12000000000000e+00	1.66725511926964e+05
7.13000000000000e+00	1.62909082330577e+05
7.14000000000000e+00	1.59473877833586e+05
7.15000000000000e+00	1.56556254145413e+05
7.16000000000000e+00	1.54247161415160e+05
7.17000000000000e+00	1.52582247245868e+05
7.18000000000000e+00	1.51544042679971e+05
7.19000000000000e+00	1.51058418940007e+05
7.20000000000000e+00	1.51018735511052e+05
7.21000000000000e+00	1.51276905144916e+05
7.22000000000000e+00	1.51672015741744e+05
7.23000000000000e+00	1.52033180888328e+05
7.24000000000000e+00	1.52197721266755e+05
7.25000000000000e+00	1.52021699943719e+05
7.26000000000000e+00	1.51391182938568e+05
7.27000000000000e+00	1.50231102178274e+05
7.28000000000000e+00	1.48509235283960e+05
7.29000000000000e+00	1.46245831600959e+05
7.30000000000000e+00	1.43516688146183e+05
7.31000000000000e+00	1.40444050648519e+05
7.32000000000000e+00	1.37210184591883e+05
7.33000000000000e+00	1.34048349666921e+05
7.34000000000000e+00	1.31235841530184e+05
7.35000000000000e+00	1.29091429065790e+05
7.36000000000000e+00	1.27956843404048e+05
7.37000000000000e+00	1.28190468663957e+05
7.38000000000000e+00	1.30143989839549e+05
7.39000000000000e+00	1.34142399198645e+05
7.40000000000000e+00	1.40464378726869e+05
7.41000000000000e+00	1.49317077929023e+05
7.42000000000000e+00	1.60816579801466e+05
7.43000000000000e+00	1.74977900970626e+05
7.44000000000000e+00	1.91696517756235e+05
7.45000000000000e+00	2.10755418084401e+05
7.46000000000000e+00	2.31835859079508e+05
7.47000000000000e+00	2.54533082279141e+05
7.48000000000000e+00	2.78384187312463e+05
7.49000000000000e+00	3.02900488599000e+05
7.50000000000000e+00	3.27592407594095e+05
7.51000000000000e+00	3.51990095868761e+05
7.52000000000000e+00	3.75668611873059e+05
7.53000000000000e+00	3.98233693599522e+05
7.54000000000000e+00	4.19332788185818e+05
7.55000000000000e+00	4.38640591265452e+05
7.56000000000000e+00	4.55828703655126e+05
7.57000000000000e+00	4.70553049547144e+05
7.58000000000000e+00	4.82438786270064e+05
7.59000000000000e+00	4.91079460953300e+05
7.60000000000000e+00	4.96019604528633e+05
7.61000000000000e+00	4.96796195376281e+05
7.62000000000000e+00	4.92939260706630e+05
7.63000000000000e+00	4.84034360535567e+05
7.64000000000000e+00	4.69751862898343e+05
7.65000000000000e+00	4.49918625225101e+05
7.66000000000000e+00	4.24575600761090e+05
7.67000000000000e+00	3.94049316052128e+05
7.68000000000000e+00	3.58975918479323e+05
7.69000000000000e+00	3.20323061582201e+05
7.70000000000000e+00	2.79379417926114e+05
7.71000000000000e+00	2.37666510610019e+05
7.72000000000000e+00	1.96819057566389e+05
7.73000000000000e+00	1.58433283617157e+05
7.74000000000000e+00	1.23912873213372e+05
7.75000000000000e+00	9.43124037717530e+04
7.76000000000000e+00	7.02634733288199e+04
7.77000000000000e+00	5.19367320070248e+04
7.78000000000000e+00	3.90821615847460e+04
7.79000000000000e+00	3.11130004409409e+04
7.80000000000000e+00	2.72207976177120e+04
7.81000000000000e+00	2.64943125426669e+04
7.82000000000000e+00	2.80241213191530e+04
7.83000000000000e+00	3.09822146981474e+04
7.84000000000000e+00	3.46729621928272e+04
7.85000000000000e+00	3.85531978838661e+04
7.86000000000000e+00	4.22297371061908e+04
7.87000000000000e+00	4.54443507735121e+04
7.88000000000000e+00	4.80480102083204e+04
7.89000000000000e+00	4.99690185137936e+04
7.90000000000000e+00	5.11983059312391e+04
7.91000000000000e+00	5.17558212373965e+04
7.92000000000000e+00	5.16855857900205e+04
7.93000000000000e+00	5.10432257102837e+04
7.94000000000000e+00	4.98994677995579e+04
7.95000000000000e+00	4.83520421842138e+04
7.96000000000000e+00	4.65362436825156e+04
7.97000000000000e+00	4.46521842192530e+04
7.98000000000000e+00	4.29806843443381e+04
7.99000000000000e+00	4.19095974668267e+04
8.00000000000000e+00	4.19332166168225e+04
8.01000000000000e+00	4.36545485361398e+04
8.02000000000000e+00	4.77549157718740e+04
8.03000000000000e+00	5.49459768817021e+04
8.04000000000000e+00	6.58916855576525e+04
8.05000000000000e+00	8.11251149220799e+04
8.06000000000000e+00	1.00934269171182e+05
8.07000000000000e+00	1.25276117374523e+05
8.08000000000000e+00	1.53710698001466e+05
8.09000000000000e+00	1.85385381745058e+05
8.10000000000000e+00	2.19089705821149e+05
8.11000000000000e+00	2.53359048492129e+05
8.12000000000000e+00	2.86622556509746e+05
8.13000000000000e+00	3.17373830407848e+05
8.14000000000000e+00	3.44295958257557e+05
8.15000000000000e+00	3.66392695754707e+05
8.16000000000000e+00	3.83015726655912e+05
8.17000000000000e+00	3.93896314907379e+05
8.18000000000000e+00	3.99131956148260e+05
8.19000000000000e+00	3.99104088009637e+05
8.20000000000000e+00	3.94432618579184e+05
8.21000000000000e+00	3.85931031249387e+05
8.22000000000000e+00	3.74502700123204e+05
8.23000000000000e+00	3.61074840164065e+05
8.24000000000000e+00	3.46550840920144e+05
8.25000000000000e+00	3.31728486361476e+05
8.26000000000000e+00	3.17244460477703e+05
8.27000000000000e+00	3.03583352098591e+05
8.28000000000000e+00	2.91051153396075e+05
8.29000000000000e+00	2.79796639961178e+05
8.30000000000000e+00	2.69873282462539e+05
8.31000000000000e+00	2.61224909792293e+05
8.32000000000000e+00	2.53755008291603e+05
8.33000000000000e+00	2.47337114197654e+05
8.34000000000000e+00	2.41840006596611e+05
8.35000000000000e+00	2.37124800791733e+05
8.36000000000000e+00	2.33070616420364e+05
8.37000000000000e+00	2.29569612574966e+05
8.38000000000000e+00	2.26527997267684e+05
8.39000000000000e+00	2.23868231045761e+05
8.40000000000000e+00	2.21536552548111e+05
8.41000000000000e+00	2.19488157951525e+05
8.42000000000000e+00	2.17700355921271e+05
8.43000000000000e+00	2.16163449448327e+05
8.44000000000000e+00	2.14875052708151e+05
8.45000000000000e+00	2.13836808842863e+05
8.46000000000000e+00	2.13045442298143e+05
8.47000000000000e+00	2.12494670490054e+05
8.48000000000000e+00	2.12164705838513e+05
8.49000000000000e+00	2.12035351375394e+05
8.50000000000000e+00	2.12080094085738e+05
8.51000000000000e+00	2.12275546049085e+05
8.52000000000000e+00	2.12578411390059e+05
8.53000000000000e+00	2.12949751548072e+05
8.54000000000000e+00	2.13340691239686e+05
8.55000000000000e+00	2.13697819315400e+05
8.56000000000000e+00	2.13969305089962e+05
8.57000000000000e+00	2.14109606837381e+05
8.58000000000000e+00	2.14085634276453e+05
8.59000000000000e+00	2.13884055530427e+05
8.60000000000000e+00	2.13509448636839e+05
8.61000000000000e+00	2.12978397157294e+05
8.62000000000000e+00	2.12310338001822e+05
8.63000000000000e+00	2.11539279221440e+05
8.64000000000000e+00	2.10699504650968e+05
8.65000000000000e+00	2.09821748304809e+05
8.66000000000000e+00	2.08936145330490e+05
8.67000000000000e+00	2.08060758113769e+05
8.68000000000000e+00	2.07217552429718e+05
8.69000000000000e+00	2.06416977266713e+05
8.70000000000000e+00	2.05670314201410e+05
8.71000000000000e+00	2.04974473449477e+05
8.72000000000000e+00	2.04335301096267e+05
8.73000000000000e+00	2.03744357355626e+05
8.74000000000000e+00	2.03196945963893e+05
8.75000000000000e+00	2.02678728648420e+05
8.76000000000000e+00	2.02183869594487e+05
8.77000000000000e+00	2.01690255291782e+05
8.78000000000000e+00	2.01197160157057e+05
8.79000000000000e+00	2.00689017366835e+05
8.80000000000000e+00	2.00164887325684e+05
8.81000000000000e+00	1.99630452654556e+05
8.82000000000000e+00	1.99088657981168e+05
8.83000000000000e+00	1.98547927863528e+05
8.84000000000000e+00	1.98011848936942e+05
8.85000000000000e+00	1.97490135409729e+05
8.86000000000000e+00	1.96981127013686e+05
8.87000000000000e+00	1.96490465645975e+05
8.88000000000000e+00	1.96022253345057e+05
8.89000000000000e+00	1.95591991039855e+05
8.90000000000000e+00	1.95219815143269e+05
8.91000000000000e+00	1.94936450966160e+05
8.92000000000000e+00	1.94769417094728e+05
8.93000000000000e+00	1.94771636905109e+05
8.94000000000000e+00	1.94977423276375e+05
8.95000000000000e+00	1.95433339192224e+05
8.96000000000000e+00	1.96162908401461e+05
8.97000000000000e+00	1.97180113920938e+05
8.98000000000000e+00	1.98471087380081e+05
8.99000000000000e+00	2.00009913589580e+05
9.00000000000000e+00	2.01750894961496e+05
9.01000000000000e+00	2.03642611185195e+05
9.02000000000000e+00	2.05623074372095e+05
9.03000000000000e+00	2.07619512051211e+05
9.04000000000000e+00	2.09569302251133e+05
9.05000000000000e+00	2.11386765900191e+05
9.06000000000000e+00	2.13006549659910e+05
9.07000000000000e+00	2.14356719753606e+05
9.08000000000000e+00	2.15390568739940e+05
9.09000000000000e+00	2.16082333446495e+05
9.10000000000000e+00	2.16434454808300e+05
9.11000000000000e+00	2.16460348187025e+05
9.12000000000000e+00	2.16202071822562e+05
9.13000000000000e+00	2.15700839012876e+05
9.14000000000000e+00	2.15013325273484e+05
9.15000000000000e+00	2.14189464957873e+05
9.16000000000000e+00	2.13276318319597e+05
9.17000000000000e+00	2.12322151985874e+05
9.18000000000000e+00	2.11365599247972e+05
9.19000000000000e+00	2.10439051044093e+05
9.20000000000000e+00	2.09568645912988e+05
9.21000000000000e+00	2.08774465634315e+05
9.22000000000000e+00	2.08065234485896e+05
9.23000000000000e+00	2.07443317524651e+05
9.24000000000000e+00	2.06898847833721e+05
9.25000000000000e+00	2.06415383210446e+05
9.26000000000000e+00	2.05970297368511e+05
9.27000000000000e+00	2.05540141516334e+05
9.28000000000000e+00	2.05105899627202e+05
9.29000000000000e+00	2.04652170575039e+05
9.30000000000000e+00	2.04172795076822e+05
9.31000000000000e+00	2.03671016028069e+05
9.32000000000000e+00	2.03153036880036e+05
9.33000000000000e+00	2.02634089396227e+05
9.34000000000000e+00	2.02133564687468e+05
9.35000000000000e+00	2.01665507616710e+05
9.36000000000000e+00	2.01247971826610e+05
9.37000000000000e+00	2.00890107223110e+05
9.38000000000000e+00	2.00599769081395e+05
9.39000000000000e+00	2.00380342281128e+05
9.40000000000000e+00	2.00228662375534e+05
9.41000000000000e+00	2.00141589004573e+05
9.42000000000000e+00	2.00109666670564e+05
9.43000000000000e+00	2.00124037672348e+05
9.44000000000000e+00	2.00171198878501e+05
9.45000000000000e+00	2.00237683378516e+05
9.46000000000000e+00	2.00313456832122e+05
9.47000000000000e+00	2.00390834520383e+05
9.48000000000000e+00	2.00464650631457e+05
9.49000000000000e+00	2.00533546574009e+05
9.50000000000000e+00	2.00606440108274e+05
9.51000000000000e+00	2.00681883215790e+05
9.52000000000000e+00	2.00760144005035e+05
9.53000000000000e+00	2.00831623186204e+05
9.54000000000000e+00	2.00880499214816e+05
9.55000000000000e+00	2.00885430237733e+05
9.56000000000000e+00	2.00843308594555e+05
9.57000000000000e+00	2.00768976398324e+05
9.58000000000000e+00	2.00696527885374e+05
9.59000000000000e+00	2.00680972209035e+05
9.60000000000000e+00	2.00766053680212e+05
9.61000000000000e+00	2.00981212703999e+05
9.62000000000000e+00	2.01326546494720e+05
9.63000000000000e+00	2.01779068790968e+05
9.64000000000000e+00	2.02298629484104e+05
9.65000000000000e+00	2.02844122884349e+05
9.66000000000000e+00	2.03382470082848e+05
9.67000000000000e+00	2.03893856876994e+05
9.68000000000000e+00	2.04369284451148e+05
9.69000000000000e+00	2.04805264197518e+05
9.70000000000000e+00	2.05199782374354e+05
9.71000000000000e+00	2.05559219544639e+05
9.72000000000000e+00	2.05880236889296e+05
9.73000000000000e+00	2.06167299777731e+05
9.74000000000000e+00	2.06420335847036e+05
9.75000000000000e+00	2.06638850877993e+05
9.76000000000000e+00	2.06824972987226e+05
9.77000000000000e+00	2.06976405449081e+05
9.78000000000000e+00	2.07095222631819e+05
9.79000000000000e+00	2.07183562384896e+05
9.80000000000000e+00	2.07243503406613e+05
9.81000000000000e+00	2.07278263004564e+05
9.82000000000000e+00	2.07296260397608e+05
9.83000000000000e+00	2.07296230100176e+05
9.84000000000000e+00	2.07285187053498e+05
9.85000000000000e+00	2.07260119584128e+05
9.86000000000000e+00	2.07224631776536e+05
9.87000000000000e+00	2.07186826901233e+05
9.88000000000000e+00	2.07181909635618e+05
9.89000000000000e+00	2.07314072166495e+05
9.90000000000000e+00	2.07841336714844e+05
9.91000000000000e+00	2.09343629393675e+05
9.92000000000000e+00	2.12974590296774e+05
9.93000000000000e+00	2.20841733547430e+05
9.94000000000000e+00	2.36591078426391e+05
9.95000000000000e+00	2.66586725431909e+05
9.96000000000000e+00	3.22585608996158e+05
9.97000000000000e+00	4.28362009472659e+05
9.98000000000000e+00	6.36782372348937e+05
9.99000000000000e+00	1.07673264026232e+06
1.00000000000000e+01	2.09336839970066e+06
1.00100000000000e+01	4.65705108496072e+06
1.00200000000000e+01	1.04436466221003e+07
1.00300000000000e+01	1.31058059312927e+07
1.00400000000000e+01	5.91905939465680e+06
1.00500000000000e+01	1.91276008905931e+06
1.00600000000000e+01	6.45835982211447e+05
1.00700000000000e+01	2.42548648361307e+05
1.00800000000000e+01	1.00934390157933e+05
1.00900000000000e+01	4.57986414052155e+04
1.01000000000000e+01	2.22924784720942e+04
1.01100000000000e+01	1.14803090776062e+04
1.01200000000000e+01	6.18519311483171e+03
1.01300000000000e+01	3.45474408431768e+03
1.01400000000000e+01	1.98560854588197e+03
1.01500000000000e+01	1.16697056689150e+03
1.01600000000000e+01	6.97481469846781e+02
1.01700000000000e+01	4.21866439418055e+02
1.01800000000000e+01	2.57011913457970e+02
1.01900000000000e+01	1.56991118547792e+02
1.02000000000000e+01	9.56901149087182e+01
1.02100000000000e+01	5.79051196634364e+01
1.02200000000000e+01	3.45929435242825e+01
1.02300000000000e+01	2.02793409955458e+01
1.02400000000000e+01	1.15981245554407e+01
1.02500000000000e+01	6.45479415500039e+00
1.02600000000000e+01	3.53093895911557e+00
1.02700000000000e+01	1.99154386979994e+00
1.02800000000000e+01	1.30458616856685e+00
1.02900000000000e+01	1.13023715101884e+00
1.03000000000000e+01	1.25188159791635e+00
1.03100000000000e+01	1.53209587330206e+00
1.03200000000000e+01	1.88479460432355e+00
1.03300000000000e+01	2.25692302472035e+00
1.03400000000000e+01	2.61676670832369e+00
1.03500000000000e+01	2.94671927802691e+00
1.03600000000000e+01	3.23764464615364e+00
1.03700000000000e+01	3.48617551341014e+00
1.03800000000000e+01	3.69212945804635e+00
1.03900000000000e+01	3.85752067718614e+00
1.04000000000000e+01	3.98533728451185e+00
1.04100000000000e+01	4.07910331608058e+00
1.04200000000000e+01	4.14264545471531e+00
1.04300000000000e+01	4.17950438457947e+00
1.04400000000000e+01	4.19333319364226e+00
1.04500000000000e+01	4.18727138959124e+00
1.04600000000000e+01	4.16433081027516e+00
1.04700000000000e+01	4.12716322100157e+00
1.04800000000000e+01	4.07812371009218e+00
1.04900000000000e+01	4.01941660575183e+00
1.05000000000000e+01	3.95279896256718e+00
1.05100000000000e+01	3.87994546416436e+00
1.05200000000000e+01	3.80220387603499e+00
1.05300000000000e+01	3.72071646183192e+00
1.05400000000000e+01	3.63656142779997e+00
1.05500000000000e+01	3.55056257734107e+00
1.05600000000000e+01	3.46349770092015e+00
1.05700000000000e+01	3.37592609627091e+00
1.05800000000000e+01	3.28834649552461e+00
1.05900000000000e+01	3.20115899780268e+00
1.06000000000000e+01	3.11474702019917e+00
1.06100000000000e+01	3.02935632252386e+00
1.06200000000000e+01	2.94523453777242e+00
1.06300000000000e+01	2.86255083090974e+00
1.06400000000000e+01	2.78143560008744e+00
1.06500000000000e+01	2.70198586139112e+00
1.06600000000000e+01	2.62429293683098e+00
1.06700000000000e+01	2.54839996194538e+00
1.06800000000000e+01	2.47436589942389e+00
1.06900000000000e+01	2.40218891311378e+00
1.07000000000000e+01	2.33188996727508e+00
1.07100000000000e+01	2.26347111928751e+00
1.07200000000000e+01	2.19692322452030e+00
1.07300000000000e+01	2.13225831649660e+00
1.07400000000000e+01	2.06946325052239e+00
1.07500000000000e+01	2.00848095854148e+00
1.07600000000000e+01	1.94938482208922e+00
1.07700000000000e+01	1.89208018096699e+00
1.07800000000000e+01	1.83660480812111e+00
1.07900000000000e+01	1.78290941009787e+00
1.08000000000000e+01	1.73098126632189e+00
1.08100000000000e+01	1.68077021326151e+00
1.08200000000000e+01	1.63223910139422e+00
1.08300000000000e+01	1.58535374495714e+00
1.08400000000000e+01	1.54005698934552e+00
1.08500000000000e+01	1.49627379509847e+00
1.08600000000000e+01	1.45397601868774e+00
1.08700000000000e+01	1.41310559007018e+00
1.08800000000000e+01	1.37359106710447e+00
1.08900000000000e+01	1.33536055062671e+00
1.09000000000000e+01	1.29836597840327e+00
1.09100000000000e+01	1.26256157216761e+00
1.09200000000000e+01	1.22789212624118e+00
1.09300000000000e+01	1.19429014339843e+00
1.09400000000000e+01	1.16169685620783e+00
1.09500000000000e+01	1.13010221769983e+00
1.09600000000000e+01	1.09943647116785e+00
1.09700000000000e+01	1.06966638775391e+00
1.09800000000000e+01	1.04075692927111e+00
1.09900000000000e+01	1.01266532124186e+00
1.10000000000000e+01	9.85383158109784e-01
1.10100000000000e+01	9.58880086568474e-01
1.10200000000000e+01	9.33148487445287e-01
1.10300000000000e+01	9.08170781911099e-01
1.10400000000000e+01	8.83953878977922e-01
1.10500000000000e+01	8.60476443147156e-01
1.10600000000000e+01	8.37759665312394e-01
1.10700000000000e+01	8.15785655938474e-01
1.10800000000000e+01	7.94552447271003e-01
1.10900000000000e+01	7.74061695306274e-01
1.11000000000000e+01	7.54293493334267e-01
1.11100000000000e+01	7.35242159855404e-01
1.11200000000000e+01	7.16877546333496e-01
1.11300000000000e+01	6.99178771990612e-01
1.11400000000000e+01	6.82128230131755e-01
1.11500000000000e+01	6.65680260119395e-01
1.11600000000000e+01	6.49812295852933e-01
1.11700000000000e+01	6.34491572517634e-01
1.11800000000000e+01	6.19687992717628e-01
1.11900000000000e+01	6.05362108350840e-01
1.12000000000000e+01	5.91490873374953e-01
1.12100000000000e+01	5.78045428971866e-01
1.12200000000000e+01	5.65008220888024e-01
1.12300000000000e+01	5.52345044961577e-01
1.12400000000000e+01	5.40037391000668e-01
1.12500000000000e+01	5.28079126544635e-01
1.12600000000000e+01	5.16444509675187e-01
1.12700000000000e+01	5.05120993747069e-01
1.12800000000000e+01	4.94106694539146e-01
1.12900000000000e+01	4.83377045797757e-01
1.13000000000000e+01	4.72931614893992e-01
1.13100000000000e+01	4.62757061519322e-01
1.13200000000000e+01	4.52839157072872e-01
1.13300000000000e+01	4.43180692444940e-01
1.13400000000000e+01	4.33762698694628e-01
1.13500000000000e+01	4.24585146620596e-01
1.13600000000000e+01	4.15630603444551e-01
1.13700000000000e+01	4.06891936935601e-01
1.13800000000000e+01	3.98371294278510e-01
1.13900000000000e+01	3.90049038902808e-01
1.14000000000000e+01	3.81926600117080e-01
1.14100000000000e+01	3.73999267855353e-01
1.14200000000000e+01	3.66253140802503e-01
1.14300000000000e+01	3.58690386721894e-01
1.14400000000000e+01	3.51309040635581e-01
1.14500000000000e+01	3.44099607942929e-01
1.14600000000000e+01	3.37062902151781e-01
1.14700000000000e+01	3.30186222943108e-01
1.14800000000000e+01	3.23472957408147e-01
1.14900000000000e+01	3.16912127262937e-01
1.15000000000000e+01	3.10509660977380e-01
1.15100000000000e+01	3.04248775990384e-01
1.15200000000000e+01	2.98134071207576e-01
1.15300000000000e+01	2.92158604070603e-01
1.15400000000000e+01	2.86319388744526e-01
1.15500000000000e+01	2.80621997591524e-01
1.15600000000000e+01	2.75057781833333e-01
1.15700000000000e+01	2.69631388867700e-01
1.15800000000000e+01	2.64347648937665e-01
1.15900000000000e+01	2.59201099279250e-01
1.16000000000000e+01	2.54192837782368e-01
1.16100000000000e+01	2.49329515831203e-01
1.16200000000000e+01	2.44601578144504e-01
1.16300000000000e+01	2.40015817612604e-01
1.16400000000000e+01	2.35559365615854e-01
1.16500000000000e+01	2.31233940381165e-01
1.16600000000000e+01	2.27030434915929e-01
1.16700000000000e+01	2.22942211572825e-01
1.16800000000000e+01	2.18958588315828e-01
1.16900000000000e+01	2.15073668568948e-01
1.17000000000000e+01	2.11276826995828e-01
1.17100000000000e+01	2.07560536715341e-01
1.17200000000000e+01	2.03915905918949e-01
1.17300000000000e+01	2.00335434713780e-01
1.17400000000000e+01	1.96816621843900e-01
1.17500000000000e+01	1.93354026036728e-01
1.17600000000000e+01	1.89943438168255e-01
1.17700000000000e+01	1.86585372257747e-01
1.17800000000000e+01	1.83285507318475e-01
1.17900000000000e+01	1.80038333708608e-01
1.18000000000000e+01	1.76850232814668e-01
1.18100000000000e+01	1.73723277589653e-01
1.18200000000000e+01	1.70662417853594e-01
1.18300000000000e+01	1.67667775625813e-01
1.18400000000000e+01	1.64743526642172e-01
1.18500000000000e+01	1.61890075076751e-01
1.18600000000000e+01	1.59106375393706e-01
1.18700000000000e+01	1.56395869035081e-01
1.18800000000000e+01	1.53752434578704e-01
1.18900000000000e+01	1.51178641829307e-01
1.19000000000000e+01	1.48670053092840e-01
1.19100000000000e+01	1.46222526779805e-01
1.19200000000000e+01	1.43835278706969e-01
1.19300000000000e+01	1.41503520286833e-01
1.19400000000000e+01	1.39224296397258e-01
1.19500000000000e+01	1.36993226047820e-01
1.19600000000000e+01	1.34809432342807e-01
1.19700000000000e+01	1.32667713276987e-01
1.19800000000000e+01	1.30565464636731e-01
1.19900000000000e+01	1.28500594405396e-01
1.20000000000000e+01	1.26469657031809e-01
1.20100000000000e+01	1.24472627967086e-01
1.20200000000000e+01	1.22507136347027e-01
1.20300000000000e+01	1.20574079988704e-01
1.20400000000000e+01	1.18671810844025e-01
1.20500000000000e+01	1.16800248012139e-01
1.20600000000000e+01	1.14962373763037e-01
1.20700000000000e+01	1.13156994807154e-01
1.20800000000000e+01	1.11386583376104e-01
1.20900000000000e+01	1.09651184990011e-01
1.21000000000000e+01	1.07954289505941e-01
1.21100000000000e+01	1.06295567056102e-01
1.21200000000000e+01	1.04674973680723e-01
1.21300000000000e+01	1.03093847529928e-01
1.21400000000000e+01	1.01552152258382e-01
1.21500000000000e+01	1.00049992838855e-01
1.21600000000000e+01	9.85841801495484e-02
1.21700000000000e+01	9.71550609628720e-02
1.21800000000000e+01	9.57585995954281e-02
1.21900000000000e+01	9.43950510677389e-02
1.22000000000000e+01	9.30598416531049e-02
1.22100000000000e+01	9.17530446254001e-02
1.22200000000000e+01	9.04699060802589e-02
1.22300000000000e+01	8.92084029717209e-02
1.22400000000000e+01	8.79673272375670e-02
1.22500000000000e+01	8.67434293125079e-02
1.22600000000000e+01	8.55361602417430e-02
1.22700000000000e+01	8.43425707777105e-02
1.22800000000000e+01	8.31604740858364e-02
1.22900000000000e+01	8.19899418413843e-02
1.23000000000000e+01	8.08291068972319e-02
1.23100000000000e+01	7.96761503509611e-02
1.23200000000000e+01	7.85316818833398e-02
1.23300000000000e+01	7.73933763413429e-02
1.23400000000000e+01	7.62625772157903e-02
1.23500000000000e+01	7.51386764229225e-02
1.23600000000000e+01	7.40223453381898e-02
1.23700000000000e+01	7.29139229266431e-02
1.23800000000000e+01	7.18141683623543e-02
1.23900000000000e+01	7.07255597465240e-02
1.24000000000000e+01	6.96479493777777e-02
1.24100000000000e+01	6.85848427998975e-02
1.24200000000000e+01	6.75352484690254e-02
1.24300000000000e+01	6.65006954078059e-02
1.24400000000000e+01	6.54845461742692e-02
1.24500000000000e+01	6.44839324750352e-02
1.24600000000000e+01	6.35012286121933e-02
1.24700000000000e+01	6.25365482873953e-02
1.24800000000000e+01	6.15897150411761e-02
1.24900000000000e+01	6.06600510031584e-02
1.25000000000000e+01	5.97486495967751e-02
1.25100000000000e+01	5.88543995203790e-02
1.25200000000000e+01	5.79774811459816e-02
1.25300000000000e+01	5.71176526162643e-02
1.25400000000000e+01	5.62763626742342e-02
1.25500000000000e+01	5.54518141039188e-02
1.25600000000000e+01	5.46444840122446e-02
1.25700000000000e+01	5.38547259114158e-02
1.25800000000000e+01	5.30817476160037e-02
1.25900000000000e+01	5.23258234118708e-02
1.26000000000000e+01	5.15864219435164e-02
1.26100000000000e+01	5.08619190860216e-02
1.26200000000000e+01	5.01538230755905e-02
1.26300000000000e+01	4.94595456006120e-02
1.26400000000000e+01	4.87790695182980e-02
1.26500000000000e+01	4.81121163897001e-02
1.26600000000000e+01	4.74588640937655e-02
1.26700000000000e+01	4.68174359102623e-02
1.26800000000000e+01	4.61887412536424e-02
1.26900000000000e+01	4.55716658891385e-02
1.27000000000000e+01	4.49670149742709e-02
1.27100000000000e+01	4.43750320984199e-02
1.27200000000000e+01	4.37951894269893e-02
1.27300000000000e+01	4.32270791253227e-02
1.27400000000000e+01	4.26715571465985e-02
1.27500000000000e+01	4.21285463632500e-02
1.27600000000000e+01	4.15977416077341e-02
1.27700000000000e+01	4.10786808385136e-02
1.27800000000000e+01	4.05718133524800e-02
1.27900000000000e+01	4.00758220733812e-02
1.28000000000000e+01	3.95907215420929e-02
1.28100000000000e+01	3.91156431820940e-02
1.28200000000000e+01	3.86511487392985e-02
1.28300000000000e+01	3.81955049460867e-02
1.28400000000000e+01	3.77490513072092e-02
1.28500000000000e+01	3.73118238871453e-02
1.28600000000000e+01	3.68824018689585e-02
1.28700000000000e+01	3.64614346938367e-02
1.28800000000000e+01	3.60479039161234e-02
1.28900000000000e+01	3.56424056285829e-02
1.29000000000000e+01	3.52436454214560e-02
1.29100000000000e+01	3.48524939816299e-02
1.29200000000000e+01	3.44680771416093e-02
1.29300000000000e+01	3.40909220402606e-02
1.29400000000000e+01	3.37193835573479e-02
1.29500000000000e+01	3.33547667066548e-02
1.29600000000000e+01	3.29954427013278e-02
1.29700000000000e+01	3.26424564431858e-02
1.29800000000000e+01	3.22948283730337e-02
1.29900000000000e+01	3.19526902711594e-02
1.30000000000000e+01	3.16157392587637e-02
1.30100000000000e+01	3.12843246436077e-02
1.30200000000000e+01	3.09580290971669e-02
1.30300000000000e+01	3.06370042808613e-02
1.30400000000000e+01	3.03207614665293e-02
1.30500000000000e+01	3.00097361001221e-02
1.30600000000000e+01	2.97027990131940e-02
1.30700000000000e+01	2.94002721539403e-02
1.30800000000000e+01	2.91013408600548e-02
1.30900000000000e+01	2.88058500263831e-02
1.31000000000000e+01	2.85129453449747e-02
1.31100000000000e+01	2.82232058226433e-02
1.31200000000000e+01	2.79346708255638e-02
1.31300000000000e+01	2.76483362467867e-02
1.31400000000000e+01	2.73630514728986e-02
1.31500000000000e+01	2.70795747557144e-02
1.31600000000000e+01	2.67977531436659e-02
1.31700000000000e+01	2.65174771450947e-02
1.31800000000000e+01	2.62388969921434e-02
1.31900000000000e+01	2.59628220454856e-02
1.32000000000000e+01	2.56889304339079e-02
1.32100000000000e+01	2.54175946683098e-02
1.32200000000000e+01	2.51493601622186e-02
1.32300000000000e+01	2.48836637512394e-02
1.32400000000000e+01	2.46209767690452e-02
1.32500000000000e+01	2.43611235380761e-02
1.32600000000000e+01	2.41032697107153e-02
1.32700000000000e+01	2.38484435003121e-02
1.32800000000000e+01	2.35957688722213e-02
1.32900000000000e+01	2.33450519160249e-02
1.33000000000000e+01	2.30968032551108e-02
1.33100000000000e+01	2.28505567301443e-02
1.33200000000000e+01	2.26067175896590e-02
1.33300000000000e+01	2.23648294080174e-02
1.33400000000000e+01	2.21260198802662e-02
1.33500000000000e+01	2.18901075469531e-02
1.33600000000000e+01	2.16570902020522e-02
1.33700000000000e+01	2.14272380578900e-02
1.33800000000000e+01	2.12008263852500e-02
1.33900000000000e+01	2.09781936522842e-02
1.34000000000000e+01	2.07590072178779e-02
1.34100000000000e+01	2.05433823949667e-02
1.34200000000000e+01	2.03314731436662e-02
1.34300000000000e+01	2.01226011645356e-02
1.34400000000000e+01	1.99173413407435e-02
1.34500000000000e+01	1.97153323782466e-02
1.34600000000000e+01	1.95162001666224e-02
1.34700000000000e+01	1.93196055398583e-02
1.34800000000000e+01	1.91261354792879e-02
1.34900000000000e+01	1.89347332770842e-02
1.35000000000000e+01	1.87460629886836e-02
1.35100000000000e+01	1.85590654509066e-02
1.35200000000000e+01	1.83743779390443e-02
1.35300000000000e+01	1.81912875263981e-02
1.35400000000000e+01	1.80101570477591e-02
1.35500000000000e+01	1.78300389207573e-02
1.35600000000000e+01	1.76514260026691e-02
1.35700000000000e+01	1.74738024289675e-02
1.35800000000000e+01	1.72974561806963e-02
1.35900000000000e+01	1.71217127222586e-02
1.36000000000000e+01	1.69470912811323e-02
1.36100000000000e+01	1.67732007895799e-02
1.36200000000000e+01	1.65999778121310e-02
1.36300000000000e+01	1.64276176918817e-02
1.36400000000000e+01	1.62561041763190e-02
1.36500000000000e+01	1.60858811634487e-02
1.36600000000000e+01	1.59164883446833e-02
1.36700000000000e+01	1.57484044620875e-02
1.36800000000000e+01	1.55819452112607e-02
1.36900000000000e+01	1.54171982676562e-02
1.37000000000000e+01	1.52542071983898e-02
1.37100000000000e+01	1.50934385900265e-02
1.37200000000000e+01	1.49347290157681e-02
1.37300000000000e+01	1.47790298003528e-02
1.37400000000000e+01	1.46257613722745e-02
1.37500000000000e+01	1.44756094776491e-02
1.37600000000000e+01	1.43284534360394e-02
1.37700000000000e+01	1.41843393837697e-02
1.37800000000000e+01	1.40433564681345e-02
1.37900000000000e+01	1.39051595687595e-02
1.38000000000000e+01	1.37702928822534e-02
1.38100000000000e+01	1.36378955360636e-02
1.38200000000000e+01	1.35081528533662e-02
1.38300000000000e+01	1.33807461288612e-02
1.38400000000000e+01	1.32555893691602e-02
1.38500000000000e+01	1.31324003789701e-02
1.38600000000000e+01	1.30110759648480e-02
1.38700000000000e+01	1.28912266239068e-02
1.38800000000000e+01	1.27731476940515e-02
1.38900000000000e+01	1.26562791663838e-02
1.39000000000000e+01	1.25405974684465e-02
1.39100000000000e+01	1.24261195002908e-02
1.39200000000000e+01	1.23127682198356e-02
1.39300000000000e+01	1.22002796751300e-02
1.39400000000000e+01	1.20888008348531e-02
1.39500000000000e+01	1.19781790578659e-02
1.39600000000000e+01	1.18683900601471e-02
1.39700000000000e+01	1.17593468907916e-02
1.39800000000000e+01	1.16512070550826e-02
1.39900000000000e+01	1.15438333935352e-02
1.40000000000000e+01	1.14374290697992e-02
1.40100000000000e+01	1.13317070027111e-02
1.40200000000000e+01	1.12269932276238e-02
1.40300000000000e+01	1.11231847801874e-02
1.40400000000000e+01	1.10204773754042e-02
1.40500000000000e+01	1.09189766360002e-02
1.40600000000000e+01	1.08185581735230e-02
1.40700000000000e+01	1.07195074727878e-02
1.40800000000000e+01	1.06217809716957e-02
1.40900000000000e+01	1.05253397915647e-02
1.41000000000000e+01	1.04301338536927e-02
1.41100000000000e+01	1.03362526912227e-02
1.41200000000000e+01	1.02435897549530e-02
1.41300000000000e+01	1.01521212431691e-02
1.41400000000000e+01	1.00616362096762e-02
1.41500000000000e+01	9.97191097714894e-03
1.41600000000000e+01	9.88308495328091e-03
1.41700000000000e+01	9.79482241897868e-03
1.41800000000000e+01	9.70702727584105e-03
1.41900000000000e+01	9.61971031399477e-03
1.42000000000000e+01	9.53275212089885e-03
1.42100000000000e+01	9.44609520307609e-03
1.42200000000000e+01	9.36004671280729e-03
1.42300000000000e+01	9.27439244322616e-03
1.42400000000000e+01	9.18934433368787e-03
1.42500000000000e+01	9.10493722074863e-03
1.42600000000000e+01	9.02119830103765e-03
1.42700000000000e+01	8.93841268781455e-03
1.42800000000000e+01	8.85671519230860e-03
1.42900000000000e+01	8.77583623959671e-03
1.43000000000000e+01	8.69611989239171e-03
1.43100000000000e+01	8.61744697742008e-03
1.43200000000000e+01	8.53982410379916e-03
1.43300000000000e+01	8.46328967566012e-03
1.43400000000000e+01	8.38766479545584e-03
1.43500000000000e+01	8.31325314992475e-03
1.43600000000000e+01	8.23970080201025e-03
1.43700000000000e+01	8.16687207140866e-03
1.43800000000000e+01	8.09519489867818e-03
1.43900000000000e+01	8.02435086962069e-03
1.44000000000000e+01	7.95453727729769e-03
1.44100000000000e+01	7.88542240979170e-03
1.44200000000000e+01	7.81732735483693e-03
1.44300000000000e+01	7.75011342588044e-03
1.44400000000000e+01	7.68400998088126e-03
1.44500000000000e+01	7.61865533440096e-03
1.44600000000000e+01	7.55425256819938e-03
1.44700000000000e+01	7.49086876284671e-03
1.44800000000000e+01	7.42825443182216e-03
1.44900000000000e+01	7.36662126610176e-03
1.45000000000000e+01	7.30572986781582e-03
1.45100000000000e+01	7.24574633394373e-03
1.45200000000000e+01	7.18654007440491e-03
1.45300000000000e+01	7.12800083576261e-03
1.45400000000000e+01	7.07030731186840e-03
1.45500000000000e+01	7.01322301049122e-03
1.45600000000000e+01	6.95674836686642e-03
1.45700000000000e+01	6.90096977434077e-03
1.45800000000000e+01	6.84565455604452e-03
1.45900000000000e+01	6.79102723219379e-03
1.46000000000000e+01	6.73676624460026e-03
1.46100000000000e+01	6.68303397340051e-03
1.46200000000000e+01	6.62988259253150e-03
1.46300000000000e+01	6.57708008997197e-03
1.46400000000000e+01	6.52476513647338e-03
1.46500000000000e+01	6.47301552410293e-03
1.46600000000000e+01	6.42155844878258e-03
1.46700000000000e+01	6.37076725258268e-03
1.46800000000000e+01	6.32038969910360e-03
1.46900000000000e+01	6.27066969003839e-03
1.47000000000000e+01	6.22144469857987e-03
1.47100000000000e+01	6.17271089535786e-03
1.47200000000000e+01	6.12452732760041e-03
1.47300000000000e+01	6.07696930146291e-03
1.47400000000000e+01	6.03002749608305e-03
1.47500000000000e+01	5.98359836470284e-03
1.47600000000000e+01	5.93765645253290e-03
1.47700000000000e+01	5.89225828289161e-03
1.47800000000000e+01	5.84728242777529e-03
1.47900000000000e+01	5.80282272963145e-03
1.48000000000000e+01	5.75859964625270e-03
1.48100000000000e+01	5.71474567368885e-03
1.48200000000000e+01	5.67129576805275e-03
1.48300000000000e+01	5.62803729895130e-03
1.48400000000000e+01	5.58498499426657e-03
1.48500000000000e+01	5.54223137535905e-03
1.48600000000000e+01	5.49961891818614e-03
1.48700000000000e+01	5.45723047487821e-03
1.48800000000000e+01	5.41506871287936e-03
1.48900000000000e+01	5.37300028807960e-03
1.49000000000000e+01	5.33128411257746e-03
1.49100000000000e+01	5.28967398337328e-03
1.49200000000000e+01	5.24835396919363e-03
1.49300000000000e+01	5.20725719312379e-03
1.49400000000000e+01	5.16646251472408e-03
1.49500000000000e+01	5.12598024972841e-03
1.49600000000000e+01	5.08582923700960e-03
1.49700000000000e+01	5.04607201185705e-03
1.49800000000000e+01	5.00664560924170e-03
1.49900000000000e+01	4.96769076946406e-03
1.50000000000000e+01	4.92905652875284e-03
1.50100000000000e+01	4.89095885712882e-03
1.50200000000000e+01	4.85314056366768e-03
1.50300000000000e+01	4.81583884948269e-03
1.50400000000000e+01	4.77894973816700e-03
1.50500000000000e+01	4.74244797944148e-03
1.50600000000000e+01	4.70638990195887e-03
1.50700000000000e+01	4.67062527239163e-03
1.50800000000000e+01	4.63518689458905e-03
1.50900000000000e+01	4.60009481534147e-03
1.51000000000000e+01	4.56523472806571e-03
1.51100000000000e+01	4.53061770910033e-03
1.51200000000000e+01	4.49630379953123e-03
1.51300000000000e+01	4.46207385077050e-03
1.51400000000000e+01	4.42814885782569e-03
1.51500000000000e+01	4.39432206776914e-03
1.51600000000000e+01	4.36065756483766e-03
1.51700000000000e+01	4.32717061686499e-03
1.51800000000000e+01	4.29394048169689e-03
1.51900000000000e+01	4.26082731360235e-03
1.52000000000000e+01	4.22796874477822e-03
1.52100000000000e+01	4.19535800712052e-03
1.52200000000000e+01	4.16299994252276e-03
1.52300000000000e+01	4.13081107391939e-03
1.52400000000000e+01	4.09883212476192e-03
1.52500000000000e+01	4.06704632062760e-03
1.52600000000000e+01	4.03542970179602e-03
1.52700000000000e+01	4.00395703382049e-03
1.52800000000000e+01	3.97254152483853e-03
1.52900000000000e+01	3.94104495057112e-03
1.53000000000000e+01	3.90949645849850e-03
1.53100000000000e+01	3.87771275009517e-03
1.53200000000000e+01	3.84575723711199e-03
1.53300000000000e+01	3.81357093162868e-03
1.53400000000000e+01	3.78093654135255e-03
1.53500000000000e+01	3.74789590587766e-03
1.53600000000000e+01	3.71454003235445e-03
1.53700000000000e+01	3.68068589015884e-03
1.53800000000000e+01	3.64644890338136e-03
1.53900000000000e+01	3.61190230698909e-03
1.54000000000000e+01	3.57695438578400e-03
1.54100000000000e+01	3.54189098988299e-03
1.54200000000000e+01	3.50658224761069e-03
1.54300000000000e+01	3.47137396668095e-03
1.54400000000000e+01	3.43618567396543e-03
1.54500000000000e+01	3.40134505392845e-03
1.54600000000000e+01	3.36680981863393e-03
1.54700000000000e+01	3.33295266619091e-03
1.54800000000000e+01	3.29978442961887e-03
1.54900000000000e+01	3.26749268588409e-03
1.55000000000000e+01	3.23621147358559e-03
1.55100000000000e+01	3.20607601306421e-03
1.55200000000000e+01	3.17713794102074e-03
1.55300000000000e+01	3.14953094035060e-03
1.55400000000000e+01	3.12316371026605e-03
1.55500000000000e+01	3.09806273024721e-03
1.55600000000000e+01	3.07420706121906e-03
1.55700000000000e+01	3.05140779956699e-03
1.55800000000000e+01	3.02976365411876e-03
1.55900000000000e+01	3.00894269131301e-03
1.56000000000000e+01	2.98889969179307e-03
1.56100000000000e+01	2.96949218884867e-03
1.56200000000000e+01	2.95055203328934e-03
1.56300000000000e+01	2.93204242181846e-03
1.56400000000000e+01	2.91374981629184e-03
1.56500000000000e+01	2.89555397357832e-03
1.56600000000000e+01	2.87739623305578e-03
1.56700000000000e+01	2.85919549283596e-03
1.56800000000000e+01	2.84090345448336e-03
1.56900000000000e+01	2.82245275629529e-03
1.57000000000000e+01	2.80376877872960e-03
1.57100000000000e+01	2.78487514899848e-03
1.57200000000000e+01	2.76580660950024e-03
1.57300000000000e+01	2.74650974578028e-03
1.57400000000000e+01	2.72697495939019e-03
1.57500000000000e+01	2.70732917528536e-03
1.57600000000000e+01	2.68752387376039e-03
1.57700000000000e+01	2.66760164521304e-03
1.57800000000000e+01	2.64767726285201e-03
1.57900000000000e+01	2.62788146963662e-03
1.58000000000000e+01	2.60814841857450e-03
1.58100000000000e+01	2.58858960622227e-03
1.58200000000000e+01	2.56930167343745e-03
1.58300000000000e+01	2.55034326095676e-03
1.58400000000000e+01	2.53175921313630e-03
1.58500000000000e+01	2.51361039896307e-03
1.58600000000000e+01	2.49598071869045e-03
1.58700000000000e+01	2.47879263525063e-03
1.58800000000000e+01	2.46206845925448e-03
1.58900000000000e+01	2.44586207346983e-03
1.59000000000000e+01	2.43013191641092e-03
1.59100000000000e+01	2.41488092368551e-03
1.59200000000000e+01	2.39999949599325e-03
1.59300000000000e+01	2.38545806892602e-03
1.59400000000000e+01	2.37126796252681e-03
1.59500000000000e+01	2.35728539517742e-03
1.59600000000000e+01	2.34345501736534e-03
1.59700000000000e+01	2.32984827085346e-03
1.59800000000000e+01	2.31633531174449e-03
1.59900000000000e+01	2.30287196471048e-03
1.60000000000000e+01	2.28951019174831e-03
1.60100000000000e+01	2.27612782679350e-03
1.60200000000000e+01	2.26281714414097e-03
1.60300000000000e+01	2.24953414551914e-03
1.60400000000000e+01	2.23622688951651e-03
1.60500000000000e+01	2.22296277625263e-03
1.60600000000000e+01	2.20975941528262e-03
1.60700000000000e+01	2.19654295923652e-03
1.60800000000000e+01	2.18331702677415e-03
1.60900000000000e+01	2.17013626518351e-03
1.61000000000000e+01	2.15703364751722e-03
1.61100000000000e+01	2.14396818318328e-03
1.61200000000000e+01	2.13096423754602e-03
1.61300000000000e+01	2.11797122728173e-03
1.61400000000000e+01	2.10508034138690e-03
1.61500000000000e+01	2.09228622266616e-03
1.61600000000000e+01	2.07952388001605e-03
1.61700000000000e+01	2.06690238190230e-03
1.61800000000000e+01	2.05435681452415e-03
1.61900000000000e+01	2.04199941422514e-03
1.62000000000000e+01	2.02968876414183e-03
1.62100000000000e+01	2.01763775132071e-03
1.62200000000000e+01	2.00566962752183e-03
1.62300000000000e+01	1.99391568404720e-03
1.62400000000000e+01	1.98234394518892e-03
1.62500000000000e+01	1.97100492213345e-03
1.62600000000000e+01	1.95981797033620e-03
1.62700000000000e+01	1.94880635585146e-03
1.62800000000000e+01	1.93799154531213e-03
1.62900000000000e+01	1.92732343973240e-03
1.63000000000000e+01	1.91681722294135e-03
1.63100000000000e+01	1.90635272296243e-03
1.63200000000000e+01	1.89599720323174e-03
1.63300000000000e+01	1.88562315505693e-03
1.63400000000000e+01	1.87525581502661e-03
1.63500000000000e+01	1.86489021953097e-03
1.63600000000000e+01	1.85438984667086e-03
1.63700000000000e+01	1.84377943928865e-03
1.63800000000000e+01	1.83306673538863e-03
1.63900000000000e+01	1.82209021619118e-03
1.64000000000000e+01	1.81096093977057e-03
1.64100000000000e+01	1.79962651137984e-03
1.64200000000000e+01	1.78807728256128e-03
1.64300000000000e+01	1.77630338353916e-03
1.64400000000000e+01	1.76433720367608e-03
1.64500000000000e+01	1.75219281970764e-03
1.64600000000000e+01	1.73991049363180e-03
1.64700000000000e+01	1.72757626400175e-03
1.64800000000000e+01	1.71514967231598e-03
1.64900000000000e+01	1.70275068010585e-03
1.65000000000000e+01	1.69043094281523e-03
1.65100000000000e+01	1.67819039458867e-03
1.65200000000000e+01	1.66613036309335e-03
1.65300000000000e+01	1.65423023127954e-03
1.65400000000000e+01	1.64256810955308e-03
1.65500000000000e+01	1.63114318411767e-03
1.65600000000000e+01	1.62000512522105e-03
1.65700000000000e+01	1.60910486736359e-03
1.65800000000000e+01	1.59846887637183e-03
1.65900000000000e+01	1.58813755519933e-03
1.66000000000000e+01	1.57810056260288e-03
1.66100000000000e+01	1.56828093804643e-03
1.66200000000000e+01	1.55872969572851e-03
1.66300000000000e+01	1.54942526220418e-03
1.66400000000000e+01	1.54038935863328e-03
1.66500000000000e+01	1.53152735929867e-03
1.66600000000000e+01	1.52291091059566e-03
1.66700000000000e+01	1.51447357302006e-03
1.66800000000000e+01	1.50626242453709e-03
1.66900000000000e+01	1.49818252862958e-03
1.67000000000000e+01	1.49025356639562e-03
1.67100000000000e+01	1.48246606792320e-03
1.67200000000000e+01	1.47479030595012e-03
1.67300000000000e+01	1.46723330319237e-03
1.67400000000000e+01	1.45971628396710e-03
1.67500000000000e+01	1.45228712355505e-03
1.67600000000000e+01	1.44488437503482e-03
1.67700000000000e+01	1.43750257439657e-03
1.67800000000000e+01	1.43009415733820e-03
1.67900000000000e+01	1.42271130107699e-03
1.68000000000000e+01	1.41529816712012e-03
1.68100000000000e+01	1.40783531333335e-03
1.68200000000000e+01	1.40036009151008e-03
1.68300000000000e+01	1.39282304694720e-03
1.68400000000000e+01	1.38525341316283e-03
1.68500000000000e+01	1.37766114918891e-03
1.68600000000000e+01	1.37002922356713e-03
1.68700000000000e+01	1.36238523254733e-03
1.68800000000000e+01	1.35471577247873e-03
1.68900000000000e+01	1.34706745992313e-03
1.69000000000000e+01	1.33942798339236e-03
1.69100000000000e+01	1.33179056711601e-03
1.69200000000000e+01	1.32416251972595e-03
1.69300000000000e+01	1.31656983496271e-03
1.69400000000000e+01	1.30899522902796e-03
1.69500000000000e+01	1.30143800567617e-03
1.69600000000000e+01	1.29395349454660e-03
1.69700000000000e+01	1.28647072207071e-03
1.69800000000000e+01	1.27907416042469e-03
1.69900000000000e+01	1.27174082592773e-03
1.70000000000000e+01	1.26449620229342e-03
1.70100000000000e+01	1.25737170930845e-03
1.70200000000000e+01	1.25037019661572e-03
1.70300000000000e+01	1.24348717275365e-03
1.70400000000000e+01	1.23676472389047e-03
1.70500000000000e+01	1.23020180108433e-03
1.70600000000000e+01	1.22379232644539e-03
1.70700000000000e+01	1.21757225645418e-03
1.70800000000000e+01	1.21148364378526e-03
1.70900000000000e+01	1.20554365005582e-03
1.71000000000000e+01	1.19974387050035e-03
1.71100000000000e+01	1.19409537352435e-03
1.71200000000000e+01	1.18851792960769e-03
1.71300000000000e+01	1.18305661547695e-03
1.71400000000000e+01	1.17766271307574e-03
1.71500000000000e+01	1.17235134715964e-03
1.71600000000000e+01	1.16707330615266e-03
1.71700000000000e+01	1.16187788027348e-03
1.71800000000000e+01	1.15666878560547e-03
1.71900000000000e+01	1.15156436100424e-03
1.72000000000000e+01	1.14644809487928e-03
1.72100000000000e+01	1.14137247585552e-03
1.72200000000000e+01	1.13635419463058e-03
1.72300000000000e+01	1.13132325366105e-03
1.72400000000000e+01	1.12637598905801e-03
1.72500000000000e+01	1.12141780999717e-03
1.72600000000000e+01	1.11649609751488e-03
1.72700000000000e+01	1.11158858997196e-03
1.72800000000000e+01	1.10669072939926e-03
1.72900000000000e+01	1.10182665502756e-03
1.73000000000000e+01	1.09697157667411e-03
1.73100000000000e+01	1.09214761107602e-03
1.73200000000000e+01	1.08731668816879e-03
1.73300000000000e+01	1.08249020710862e-03
1.73400000000000e+01	1.07765445406781e-03
1.73500000000000e+01	1.07284979226616e-03
1.73600000000000e+01	1.06803564563236e-03
1.73700000000000e+01	1.06321136623645e-03
1.73800000000000e+01	1.05837809534547e-03
1.73900000000000e+01	1.05353889963106e-03
1.74000000000000e+01	1.04873719739639e-03
1.74100000000000e+01	1.04390679242665e-03
1.74200000000000e+01	1.03909077639872e-03
1.74300000000000e+01	1.03425278313665e-03
1.74400000000000e+01	1.02945425203737e-03
1.74500000000000e+01	1.02462738408498e-03
1.74600000000000e+01	1.01984145784371e-03
1.74700000000000e+01	1.01503151854546e-03
1.74800000000000e+01	1.01023522560966e-03
1.74900000000000e+01	1.00541263093992e-03
1.75000000000000e+01	1.00062417269930e-03
1.75100000000000e+01	9.95811319635566e-04
1.75200000000000e+01	9.90986460381142e-04
1.75300000000000e+01	9.86134763166692e-04
1.75400000000000e+01	9.81272867042245e-04
1.75500000000000e+01	9.76409140913895e-04
1.75600000000000e+01	9.71499779794543e-04
1.75700000000000e+01	9.66571473573665e-04
1.75800000000000e+01	9.61604887652180e-04
1.75900000000000e+01	9.56647691097769e-04
1.76000000000000e+01	9.51658758209841e-04
1.76100000000000e+01	9.46689632194527e-04
1.76200000000000e+01	9.41715492983873e-04
1.76300000000000e+01	9.36766106397111e-04
1.76400000000000e+01	9.31800556376970e-04
1.76500000000000e+01	9.26897236280182e-04
1.76600000000000e+01	9.22022394430379e-04
1.76700000000000e+01	9.17188003814684e-04
1.76800000000000e+01	9.12396286963821e-04
1.76900000000000e+01	9.07667065445379e-04
1.77000000000000e+01	9.02972278564929e-04
1.77100000000000e+01	8.98314820732034e-04
1.77200000000000e+01	8.93704720162088e-04
1.77300000000000e+01	8.89142614010496e-04
1.77400000000000e+01	8.84611332596374e-04
1.77500000000000e+01	8.80100137746581e-04
1.77600000000000e+01	8.75631546533847e-04
1.77700000000000e+01	8.71164444381054e-04
1.77800000000000e+01	8.66718118547909e-04
1.77900000000000e+01	8.62308970057554e-04
1.78000000000000e+01	8.57879158196034e-04
1.78100000000000e+01	8.53468575786420e-04
1.78200000000000e+01	8.49061844902676e-04
1.78300000000000e+01	8.44652509384206e-04
1.78400000000000e+01	8.40246154459189e-04
1.78500000000000e+01	8.35845737257616e-04
1.78600000000000e+01	8.31450664368513e-04
1.78700000000000e+01	8.27060607201080e-04
1.78800000000000e+01	8.22656895359739e-04
1.78900000000000e+01	8.18260240457803e-04
1.79000000000000e+01	8.13872466322782e-04
1.79100000000000e+01	8.09473102657507e-04
1.79200000000000e+01	8.05078612394344e-04
1.79300000000000e+01	8.00692225983134e-04
1.79400000000000e+01	7.96276569911719e-04
1.79500000000000e+01	7.91871610669541e-04
1.79600000000000e+01	7.87425999367989e-04
1.79700000000000e+01	7.82998590838740e-04
1.79800000000000e+01	7.78537983343249e-04
1.79900000000000e+01	7.74105221668500e-04
1.80000000000000e+01	7.69655583588535e-04
1.80100000000000e+01	7.65264741957786e-04
1.80200000000000e+01	7.60886379735455e-04
1.80300000000000e+01	7.56578751996148e-04
1.80400000000000e+01	7.52344560782333e-04
1.80500000000000e+01	7.48201936620079e-04
1.80600000000000e+01	7.44146522744976e-04
1.80700000000000e+01	7.40231107660742e-04
1.80800000000000e+01	7.36425135682188e-04
1.80900000000000e+01	7.32743284129218e-04
1.81000000000000e+01	7.29173643884808e-04
1.81100000000000e+01	7.25725249867806e-04
1.81200000000000e+01	7.22389240372283e-04
1.81300000000000e+01	7.19140285434435e-04
1.81400000000000e+01	7.15951774168994e-04
1.81500000000000e+01	7.12838055536632e-04
1.81600000000000e+01	7.09758468651481e-04
1.81700000000000e+01	7.06728562113967e-04
1.81800000000000e+01	7.03695204801966e-04
1.81900000000000e+01	7.00690256791582e-04
1.82000000000000e+01	6.97682083121785e-04
1.82100000000000e+01	6.94652586727320e-04
1.82200000000000e+01	6.91623236620916e-04
1.82300000000000e+01	6.88575303521502e-04
1.82400000000000e+01	6.85499344526426e-04
1.82500000000000e+01	6.82394223307083e-04
1.82600000000000e+01	6.79264811351689e-04
1.82700000000000e+01	6.76114704106355e-04
1.82800000000000e+01	6.72929981894773e-04
1.82900000000000e+01	6.69716150657645e-04
1.83000000000000e+01	6.66510833375867e-04
1.83100000000000e+01	6.63264250302398e-04
1.83200000000000e+01	6.60031161690137e-04
1.83300000000000e+01	6.56790974650347e-04
1.83400000000000e+01	6.53560194908095e-04
1.83500000000000e+01	6.50348210077261e-04
1.83600000000000e+01	6.47161197487607e-04
1.83700000000000e+01	6.44011151237151e-04
1.83800000000000e+01	6.40908154711425e-04
1.83900000000000e+01	6.37859954207492e-04
1.84000000000000e+01	6.34874687885469e-04
1.84100000000000e+01	6.31963549102247e-04
1.84200000000000e+01	6.29128755771282e-04
1.84300000000000e+01	6.26380658184721e-04
1.84400000000000e+01	6.23714554690076e-04
1.84500000000000e+01	6.21136739929533e-04
1.84600000000000e+01	6.18641600937008e-04
1.84700000000000e+01	6.16225687729573e-04
1.84800000000000e+01	6.13884551984811e-04
1.84900000000000e+01	6.11606310365359e-04
1.85000000000000e+01	6.09382339609510e-04
1.85100000000000e+01	6.07203557397037e-04
1.85200000000000e+01	6.05055278754450e-04
1.85300000000000e+01	6.02932676261782e-04
1.85400000000000e+01	6.00820469540446e-04
1.85500000000000e+01	5.98711893327054e-04
1.85600000000000e+01	5.96595893410973e-04
1.85700000000000e+01	5.94468418474391e-04
1.85800000000000e+01	5.92323522479120e-04
1.85900000000000e+01	5.90155768862105e-04
1.86000000000000e+01	5.87962641078898e-04
1.86100000000000e+01	5.85745416006380e-04
1.86200000000000e+01	5.83501953344048e-04
1.86300000000000e+01	5.81233644053250e-04
1.86400000000000e+01	5.78943135027339e-04
1.86500000000000e+01	5.76633797438531e-04
1.86600000000000e+01	5.74310062241633e-04
1.86700000000000e+01	5.71973486155359e-04
1.86800000000000e+01	5.69627622880287e-04
1.86900000000000e+01	5.67274318289484e-04
1.87000000000000e+01	5.64920068820574e-04
1.87100000000000e+01	5.62563480583193e-04
1.87200000000000e+01	5.60206903254099e-04
1.87300000000000e+01	5.57850965147903e-04
1.87400000000000e+01	5.55495238069495e-04
1.87500000000000e+01	5.53142671559704e-04
1.87600000000000e+01	5.50787936069655e-04
1.87700000000000e+01	5.48432939128850e-04
1.87800000000000e+01	5.46074798052774e-04
1.87900000000000e+01	5.43713225987767e-04
1.88000000000000e+01	5.41347935057485e-04
1.88100000000000e+01	5.38975198923122e-04
1.88200000000000e+01	5.36592700856363e-04
1.88300000000000e+01	5.34200437275653e-04
1.88400000000000e+01	5.31795085973004e-04
1.88500000000000e+01	5.29377071547525e-04
1.88600000000000e+01	5.26943336948638e-04
1.88700000000000e+01	5.24489005515326e-04
1.88800000000000e+01	5.22017228432708e-04
1.88900000000000e+01	5.19527170603291e-04
1.89000000000000e+01	5.17014631027314e-04
1.89100000000000e+01	5.14479231009278e-04
1.89200000000000e+01	5.11926495828723e-04
1.89300000000000e+01	5.09354300859565e-04
1.89400000000000e+01	5.06767296654422e-04
1.89500000000000e+01	5.04169021104126e-04
1.89600000000000e+01	5.01564043064076e-04
1.89700000000000e+01	4.98955335461734e-04
1.89800000000000e+01	4.96348874275455e-04
1.89900000000000e+01	4.93753041013888e-04
1.90000000000000e+01	4.91169011832076e-04
1.90100000000000e+01	4.88602621810376e-04
1.90200000000000e+01	4.86054516162352e-04
1.90300000000000e+01	4.83524705751410e-04
1.90400000000000e+01	4.81013047574043e-04
1.90500000000000e+01	4.78513883565658e-04
1.90600000000000e+01	4.76021175626140e-04
1.90700000000000e+01	4.73529792934408e-04
1.90800000000000e+01	4.71033810169028e-04
1.90900000000000e+01	4.68524809797080e-04
1.91000000000000e+01	4.66003456310326e-04
1.91100000000000e+01	4.63469791020308e-04
1.91200000000000e+01	4.60928284137518e-04
1.91300000000000e+01	4.58389992430548e-04
1.91400000000000e+01	4.55869908231571e-04
1.91500000000000e+01	4.53382786443320e-04
1.91600000000000e+01	4.50950618935964e-04
1.91700000000000e+01	4.48592848107949e-04
1.91800000000000e+01	4.46323931580150e-04
1.91900000000000e+01	4.44163451867045e-04
1.92000000000000e+01	4.42118269230098e-04
1.92100000000000e+01	4.40192452452644e-04
1.92200000000000e+01	4.38386508228568e-04
1.92300000000000e+01	4.36690841260649e-04
1.92400000000000e+01	4.35097383458568e-04
1.92500000000000e+01	4.33588230367873e-04
1.92600000000000e+01	4.32150024850339e-04
1.92700000000000e+01	4.30762555396195e-04
1.92800000000000e+01	4.29411503265354e-04
1.92900000000000e+01	4.28080399393623e-04
1.93000000000000e+01	4.26756442887060e-04
1.93100000000000e+01	4.25429825732145e-04
1.93200000000000e+01	4.24093695429060e-04
1.93300000000000e+01	4.22742555585262e-04
1.93400000000000e+01	4.21373227690621e-04
1.93500000000000e+01	4.19984215927088e-04
1.93600000000000e+01	4.18574079251673e-04
1.93700000000000e+01	4.17143004554347e-04
1.93800000000000e+01	4.15692806421509e-04
1.93900000000000e+01	4.14224057393104e-04
1.94000000000000e+01	4.12736256415112e-04
1.94100000000000e+01	4.11232464515990e-04
1.94200000000000e+01	4.09711828639446e-04
1.94300000000000e+01	4.08175350648775e-04
1.94400000000000e+01	4.06623805201893e-04
1.94500000000000e+01	4.05058987328691e-04
1.94600000000000e+01	4.03478868282668e-04
1.94700000000000e+01	4.01887800354582e-04
1.94800000000000e+01	4.00282727945462e-04
1.94900000000000e+01	3.98665189504066e-04
1.95000000000000e+01	3.97037645065027e-04
1.95100000000000e+01	3.95397972220289e-04
1.95200000000000e+01	3.93749543678269e-04
1.95300000000000e+01	3.92089408304119e-04
1.95400000000000e+01	3.90419254452216e-04
1.95500000000000e+01	3.88739901616344e-04
1.95600000000000e+01	3.87055027788817e-04
1.95700000000000e+01	3.85361776114229e-04
1.95800000000000e+01	3.83666516504022e-04
1.95900000000000e+01	3.81965421725796e-04
1.96000000000000e+01	3.80263697010618e-04
1.96100000000000e+01	3.78564561390590e-04
1.96200000000000e+01	3.76867330328138e-04
1.96300000000000e+01	3.75176560826482e-04
1.96400000000000e+01	3.73489424759737e-04
1.96500000000000e+01	3.71811007860912e-04
1.96600000000000e+01	3.70139042263790e-04
1.96700000000000e+01	3.68475696760167e-04
1.96800000000000e+01	3.66820209601227e-04
1.96900000000000e+01	3.65172116154564e-04
1.97000000000000e+01	3.63531428139194e-04
1.97100000000000e+01	3.61895175817287e-04
1.97200000000000e+01	3.60264354027023e-04
1.97300000000000e+01	3.58636845599607e-04
1.97400000000000e+01	3.57011284341298e-04
1.97500000000000e+01	3.55388924860050e-04
1.97600000000000e+01	3.53768313660808e-04
1.97700000000000e+01	3.52153769214394e-04
1.97800000000000e+01	3.50547626276155e-04
1.97900000000000e+01	3.48959152609827e-04
1.98000000000000e+01	3.47400884091579e-04
1.98100000000000e+01	3.45892282654728e-04
1.98200000000000e+01	3.44462547826610e-04
1.98300000000000e+01	3.43151358751656e-04
1.98400000000000e+01	3.42007707878278e-04
1.98500000000000e+01	3.41100296602938e-04
1.98600000000000e+01	3.40504769944008e-04
1.98700000000000e+01	3.40307380528002e-04
1.98800000000000e+01	3.40598855274444e-04
1.98900000000000e+01	3.41457348595849e-04
1.99000000000000e+01	3.42935518179117e-04
1.99100000000000e+01	3.45029197650059e-04
1.99200000000000e+01	3.47643755674897e-04
1.99300000000000e+01	3.50527431828830e-04
1.99400000000000e+01	3.53205415532080e-04
1.99500000000000e+01	3.54869043528570e-04
1.99600000000000e+01	3.54244186948857e-04
1.99700000000000e+01	3.49455756081539e-04
1.99800000000000e+01	3.37942540459799e-04
1.99900000000000e+01	3.16531249094475e-04
2.00000000000000e+01	2.81924903739824e-04
