1.00000000000000e-02	1.23746559823159e+15
2.00000000000000e-02	7.73414228280252e+13
3.00000000000000e-02	1.52772039949819e+13
4.00000000000000e-02	4.83377700576934e+12
5.00000000000000e-02	1.97990076380728e+12
6.00000000000000e-02	9.54803457080338e+11
7.00000000000000e-02	5.15373449624931e+11
8.00000000000000e-02	3.02098103146619e+11
9.00000000000000e-02	1.88595412378951e+11
1.00000000000000e-01	1.23735086605729e+11
1.10000000000000e-01	8.45111195111273e+10
1.20000000000000e-01	5.96693353781062e+10
1.30000000000000e-01	4.33204472716868e+10
1.40000000000000e-01	3.22066114335738e+10
1.50000000000000e-01	2.44387028961118e+10
1.60000000000000e-01	1.88778067100509e+10
1.70000000000000e-01	1.48123723994384e+10
1.80000000000000e-01	1.17846408173718e+10
1.90000000000000e-01	9.49244033811149e+09
2.00000000000000e-01	7.73139806962996e+09
2.10000000000000e-01	6.36036997275852e+09
2.20000000000000e-01	5.28029791413821e+09
2.30000000000000e-01	4.41995790103337e+09
2.40000000000000e-01	3.72793202170460e+09
2.50000000000000e-01	3.16617677687413e+09
2.60000000000000e-01	2.70636038400228e+09
2.70000000000000e-01	2.32701650965620e+09
2.80000000000000e-01	2.01192741487726e+09
2.90000000000000e-01	1.74834927350811e+09
3.00000000000000e-01	1.52657475977173e+09
3.10000000000000e-01	1.33886769336708e+09
3.20000000000000e-01	1.17912771240629e+09
3.30000000000000e-01	1.04252594447806e+09
3.40000000000000e-01	9.25131618690366e+08
3.50000000000000e-01	8.23812851492972e+08
3.60000000000000e-01	7.35988370074103e+08
3.70000000000000e-01	6.59555742391541e+08
3.80000000000000e-01	5.92796346903695e+08
3.90000000000000e-01	5.34267853341006e+08
4.00000000000000e-01	4.82788420768151e+08
4.10000000000000e-01	4.37358280475496e+08
4.20000000000000e-01	3.97151050886792e+08
4.30000000000000e-01	3.61455103266633e+08
4.40000000000000e-01	3.29687951172816e+08
4.50000000000000e-01	3.01330589838768e+08
4.60000000000000e-01	2.75955606522368e+08
4.70000000000000e-01	2.53197824436361e+08
4.80000000000000e-01	2.32741119680072e+08
4.90000000000000e-01	2.14305983590532e+08
5.00000000000000e-01	1.97660634911290e+08
5.10000000000000e-01	1.82598107189966e+08
5.20000000000000e-01	1.68949989736716e+08
5.30000000000000e-01	1.56548042855159e+08
5.40000000000000e-01	1.45265866840968e+08
5.50000000000000e-01	1.34983574134371e+08
5.60000000000000e-01	1.25592713826718e+08
5.70000000000000e-01	1.17004395083028e+08
5.80000000000000e-01	1.09141688957618e+08
5.90000000000000e-01	1.01925898083888e+08
6.00000000000000e-01	9.52978994974916e+07
6.10000000000000e-01	8.91988166991903e+07
6.20000000000000e-01	8.35812039180187e+07
6.30000000000000e-01	7.83995022865305e+07
6.40000000000000e-01	7.36151810259933e+07
6.50000000000000e-01	6.91893006506890e+07
6.60000000000000e-01	6.50916732626623e+07
6.70000000000000e-01	6.12912836457388e+07
6.80000000000000e-01	5.77665376504484e+07
6.90000000000000e-01	5.44923668910655e+07
7.00000000000000e-01	5.14472460689669e+07
7.10000000000000e-01	4.86121227113628e+07
7.20000000000000e-01	4.59692184665300e+07
7.30000000000000e-01	4.35051888463207e+07
7.40000000000000e-01	4.12032907479640e+07
7.50000000000000e-01	3.90532930492007e+07
7.60000000000000e-01	3.70411651563578e+07
7.70000000000000e-01	3.51578781666044e+07
7.80000000000000e-01	3.33930151255024e+07
7.90000000000000e-01	3.17382474687481e+07
8.00000000000000e-01	3.01850143540096e+07
8.10000000000000e-01	2.87257551331039e+07
8.20000000000000e-01	2.73547032859220e+07
8.30000000000000e-01	2.60643965482095e+07
8.40000000000000e-01	2.48507368593824e+07
8.50000000000000e-01	2.37065458364271e+07
8.60000000000000e-01	2.26282616393225e+07
8.70000000000000e-01	2.16109834673009e+07
8.80000000000000e-01	2.06503814721869e+07
8.90000000000000e-01	1.97435396455141e+07
9.00000000000000e-01	1.88863268744309e+07
9.10000000000000e-01	1.80754662717678e+07
9.20000000000000e-01	1.73083098018820e+07
9.30000000000000e-01	1.65820620796280e+07
9.40000000000000e-01	1.58940995659091e+07
9.50000000000000e-01	1.52417297789577e+07
9.60000000000000e-01	1.46229655898008e+07
9.70000000000000e-01	1.40359373774761e+07
9.80000000000000e-01	1.34786643303368e+07
9.90000000000000e-01	1.29491635571409e+07
1.00000000000000e+00	1.24462699255652e+07
1.01000000000000e+00	1.19678174762253e+07
1.02000000000000e+00	1.15124546167700e+07
1.03000000000000e+00	1.10794520953047e+07
1.04000000000000e+00	1.06670132322430e+07
1.05000000000000e+00	1.02741319217825e+07
1.06000000000000e+00	9.89963165182674e+06
1.07000000000000e+00	9.54297787171355e+06
1.08000000000000e+00	9.20275786948220e+06
1.09000000000000e+00	8.87813058184031e+06
1.10000000000000e+00	8.56871180001946e+06
1.11000000000000e+00	8.27348247128338e+06
1.12000000000000e+00	7.99179500244833e+06
1.13000000000000e+00	7.72324422544409e+06
1.14000000000000e+00	7.46718285228404e+06
1.15000000000000e+00	7.22314623330829e+06
1.16000000000000e+00	6.99047763763107e+06
1.17000000000000e+00	6.76894849058083e+06
1.18000000000000e+00	6.55798054432729e+06
1.19000000000000e+00	6.35728644330712e+06
1.20000000000000e+00	6.16658988099817e+06
1.21000000000000e+00	5.98548537756247e+06
1.22000000000000e+00	5.81387664094915e+06
1.23000000000000e+00	5.65188192371185e+06
1.24000000000000e+00	5.49918694789051e+06
1.25000000000000e+00	5.35620328743565e+06
1.26000000000000e+00	5.22275792831509e+06
1.27000000000000e+00	5.09938731626231e+06
1.28000000000000e+00	4.98575759320703e+06
1.29000000000000e+00	4.88218073093485e+06
1.30000000000000e+00	4.78809239676187e+06
1.31000000000000e+00	4.70304134954399e+06
1.32000000000000e+00	4.62598515969582e+06
1.33000000000000e+00	4.55541559065945e+06
1.34000000000000e+00	4.48943680491422e+06
1.35000000000000e+00	4.42592148424164e+06
1.36000000000000e+00	4.36231205503311e+06
1.37000000000000e+00	4.29609458685707e+06
1.38000000000000e+00	4.22465867802503e+06
1.39000000000000e+00	4.14568636971504e+06
1.40000000000000e+00	4.05745933502860e+06
1.41000000000000e+00	3.95849126506702e+06
1.42000000000000e+00	3.84810730521326e+06
1.43000000000000e+00	3.72622984942561e+06
1.44000000000000e+00	3.59340878676413e+06
1.45000000000000e+00	3.45060607329441e+06
1.46000000000000e+00	3.29934553791814e+06
1.47000000000000e+00	3.14115227620872e+06
1.48000000000000e+00	2.97803843700407e+06
1.49000000000000e+00	2.81181547839029e+06
1.50000000000000e+00	2.64437329676228e+06
1.51000000000000e+00	2.47750111434607e+06
1.52000000000000e+00	2.31284976189620e+06
1.53000000000000e+00	2.15204863599497e+06
1.54000000000000e+00	1.99643537839426e+06
1.55000000000000e+00	1.84721410883594e+06
1.56000000000000e+00	1.70550544000610e+06
1.57000000000000e+00	1.57205310526329e+06
1.58000000000000e+00	1.44731053909728e+06
1.59000000000000e+00	1.33140232096424e+06
1.60000000000000e+00	1.22408878601996e+06
1.61000000000000e+00	1.12486689207041e+06
1.62000000000000e+00	1.03291499563225e+06
1.63000000000000e+00	9.47316090749411e+05
1.64000000000000e+00	8.67161406137689e+05
1.65000000000000e+00	7.91771094255843e+05
1.66000000000000e+00	7.20769439841662e+05
1.67000000000000e+00	6.54262664330614e+05
1.68000000000000e+00	5.92783018982265e+05
1.69000000000000e+00	5.37239462503402e+05
1.70000000000000e+00	4.88740972631853e+05
1.71000000000000e+00	4.48557120453612e+05
1.72000000000000e+00	4.18119929958535e+05
1.73000000000000e+00	3.99187003324918e+05
1.74000000000000e+00	3.93935277030385e+05
1.75000000000000e+00	4.05044943067570e+05
1.76000000000000e+00	4.35780120632589e+05
1.77000000000000e+00	4.90008190303601e+05
1.78000000000000e+00	5.72178915678635e+05
1.79000000000000e+00	6.87061708572288e+05
1.80000000000000e+00	8.39121883186628e+05
1.81000000000000e+00	1.03170617546624e+06
1.82000000000000e+00	1.26628636186951e+06
1.83000000000000e+00	1.54213191326951e+06
1.84000000000000e+00	1.85659276546456e+06
1.85000000000000e+00	2.20581626119836e+06
1.86000000000000e+00	2.58458304712830e+06
1.87000000000000e+00	2.98651622776834e+06
1.88000000000000e+00	3.40340686704378e+06
1.89000000000000e+00	3.82534074360883e+06
1.90000000000000e+00	4.24101258143801e+06
1.91000000000000e+00	4.63777248387322e+06
1.92000000000000e+00	5.00255894865661e+06
1.93000000000000e+00	5.32168762376996e+06
1.94000000000000e+00	5.58151513598814e+06
1.95000000000000e+00	5.76897085240198e+06
1.96000000000000e+00	5.87265603077391e+06
1.97000000000000e+00	5.88415063533167e+06
1.98000000000000e+00	5.79974164012870e+06
1.99000000000000e+00	5.62186106071596e+06
2.00000000000000e+00	5.35947764725631e+06
2.01000000000000e+00	5.02783894561136e+06
2.02000000000000e+00	4.64703913366878e+06
2.03000000000000e+00	4.23951155637492e+06
2.04000000000000e+00	3.82719840128300e+06
2.05000000000000e+00	3.42920495320694e+06
2.06000000000000e+00	3.05969900944406e+06
2.07000000000000e+00	2.72696725091904e+06
2.08000000000000e+00	2.43367673042850e+06
2.09000000000000e+00	2.17767319308176e+06
2.10000000000000e+00	1.95372075642794e+06
2.11000000000000e+00	1.75538396184991e+06
2.12000000000000e+00	1.57664225693023e+06
2.13000000000000e+00	1.41323354690116e+06
2.14000000000000e+00	1.26304508114390e+06
2.15000000000000e+00	1.12562767449918e+06
2.16000000000000e+00	1.00143284789165e+06
2.17000000000000e+00	8.90734650932020e+05
2.18000000000000e+00	7.93254349216420e+05
2.19000000000000e+00	7.07927646278371e+05
2.20000000000000e+00	6.33262971545447e+05
2.21000000000000e+00	5.67649017398058e+05
2.22000000000000e+00	5.09727380913785e+05
2.23000000000000e+00	4.58656375537006e+05
2.24000000000000e+00	4.14088786829996e+05
2.25000000000000e+00	3.76080780760074e+05
2.26000000000000e+00	3.44785026818923e+05
2.27000000000000e+00	3.20222570101027e+05
2.28000000000000e+00	3.02174145692043e+05
2.29000000000000e+00	2.90173100223203e+05
2.30000000000000e+00	2.83515393384688e+05
2.31000000000000e+00	2.81277777635783e+05
2.32000000000000e+00	2.82290432405218e+05
2.33000000000000e+00	2.85155056763715e+05
2.34000000000000e+00	2.88225223726227e+05
2.35000000000000e+00	2.89826826403695e+05
2.36000000000000e+00	2.88407720507560e+05
2.37000000000000e+00	2.82785713159352e+05
2.38000000000000e+00	2.72294154939375e+05
2.39000000000000e+00	2.56809352098010e+05
2.40000000000000e+00	2.36741049268543e+05
2.41000000000000e+00	2.12962422759517e+05
2.42000000000000e+00	1.86718424390948e+05
2.43000000000000e+00	1.59482047580475e+05
2.44000000000000e+00	1.32776927092522e+05
2.45000000000000e+00	1.08019891476826e+05
2.46000000000000e+00	8.63694633890046e+04
2.47000000000000e+00	6.86647844775984e+04
2.48000000000000e+00	5.53773487003482e+04
2.49000000000000e+00	4.66490422352417e+04
2.50000000000000e+00	4.23381362343173e+04
2.51000000000000e+00	4.21085138144833e+04
2.52000000000000e+00	4.55203952770528e+04
2.53000000000000e+00	5.21027430504436e+04
2.54000000000000e+00	6.14252917709675e+04
2.55000000000000e+00	7.31103422558698e+04
2.56000000000000e+00	8.68433435385242e+04
2.57000000000000e+00	1.02338685568548e+05
2.58000000000000e+00	1.19311886716507e+05
2.59000000000000e+00	1.37440982483514e+05
2.60000000000000e+00	1.56310372402043e+05
2.61000000000000e+00	1.75455469009217e+05
2.62000000000000e+00	1.94348810315366e+05
2.63000000000000e+00	2.12495044123950e+05
2.64000000000000e+00	2.29572281843097e+05
2.65000000000000e+00	2.45582646024487e+05
2.66000000000000e+00	2.60938131917690e+05
2.67000000000000e+00	2.76462695592220e+05
2.68000000000000e+00	2.93257982143425e+05
2.69000000000000e+00	3.12463090239957e+05
2.70000000000000e+00	3.35087822946762e+05
2.71000000000000e+00	3.61828219046549e+05
2.72000000000000e+00	3.92986253494701e+05
2.73000000000000e+00	4.28499346047132e+05
2.74000000000000e+00	4.67944827194472e+05
2.75000000000000e+00	5.10628842384807e+05
2.76000000000000e+00	5.55705060912830e+05
2.77000000000000e+00	6.02248918143901e+05
2.78000000000000e+00	6.49287952351362e+05
2.79000000000000e+00	6.95816772729732e+05
2.80000000000000e+00	7.40759536416360e+05
2.81000000000000e+00	7.82983394282166e+05
2.82000000000000e+00	8.21298834531810e+05
2.83000000000000e+00	8.54536935814727e+05
2.84000000000000e+00	8.81587356335856e+05
2.85000000000000e+00	9.01525221003612e+05
2.86000000000000e+00	9.13683225573950e+05
2.87000000000000e+00	9.17761968049724e+05
2.88000000000000e+00	9.13903813406746e+05
2.89000000000000e+00	9.02607054294836e+05
2.90000000000000e+00	8.84743918022368e+05
2.91000000000000e+00	8.61465788121688e+05
2.92000000000000e+00	8.33990685617551e+05
2.93000000000000e+00	8.03618718884331e+05
2.94000000000000e+00	7.71530701649337e+05
2.95000000000000e+00	7.38713928467001e+05
2.96000000000000e+00	7.05997816717742e+05
2.97000000000000e+00	6.73910144621432e+05
2.98000000000000e+00	6.42849605603719e+05
2.99000000000000e+00	6.12945518681643e+05
3.00000000000000e+00	5.84228409453001e+05
3.01000000000000e+00	5.56544392672096e+05
3.02000000000000e+00	5.29654419230377e+05
3.03000000000000e+00	5.03273158918142e+05
3.04000000000000e+00	4.77166872923635e+05
3.05000000000000e+00	4.51214570485134e+05
3.06000000000000e+00	4.25432659384356e+05
3.07000000000000e+00	4.00001385377837e+05
3.08000000000000e+00	3.75206070175731e+05
3.09000000000000e+00	3.51362675708562e+05
3.10000000000000e+00	3.28779303524385e+05
3.11000000000000e+00	3.07659019852497e+05
3.12000000000000e+00	2.88078966833144e+05
3.13000000000000e+00	2.69965727626936e+05
3.14000000000000e+00	2.53088176445031e+05
3.15000000000000e+00	2.37097565412308e+05
3.16000000000000e+00	2.21598186722411e+05
3.17000000000000e+00	2.06223363742785e+05
3.18000000000000e+00	1.90711360398539e+05
3.19000000000000e+00	1.74980003690106e+05
3.20000000000000e+00	1.59112112570261e+05
3.21000000000000e+00	1.43322837051100e+05
3.22000000000000e+00	1.27879711258880e+05
3.23000000000000e+00	1.13038626030187e+05
3.24000000000000e+00	9.90072177202031e+04
3.25000000000000e+00	8.59299996095900e+04
3.26000000000000e+00	7.39047001847975e+04
3.27000000000000e+00	6.29916551419339e+04
3.28000000000000e+00	5.32167055866950e+04
3.29000000000000e+00	4.45815766013056e+04
3.30000000000000e+00	3.70588061200613e+04
3.31000000000000e+00	3.05946348777603e+04
3.32000000000000e+00	2.51136871730930e+04
3.33000000000000e+00	2.05212257884066e+04
3.34000000000000e+00	1.67116908669550e+04
3.35000000000000e+00	1.35745445407723e+04
3.36000000000000e+00	1.10017237982728e+04
3.37000000000000e+00	8.89413873353413e+03
3.38000000000000e+00	7.16455513737627e+03
3.39000000000000e+00	5.74065799125326e+03
3.40000000000000e+00	4.56506547508955e+03
3.41000000000000e+00	3.59355974237847e+03
3.42000000000000e+00	2.79328091149885e+03
3.43000000000000e+00	2.13992028647973e+03
3.44000000000000e+00	1.61520067597413e+03
3.45000000000000e+00	1.20502471022682e+03
3.46000000000000e+00	8.97920008243744e+02
3.47000000000000e+00	6.84173564315265e+02
3.48000000000000e+00	5.55328898308603e+02
3.49000000000000e+00	5.04067190259420e+02
3.50000000000000e+00	5.24335743203402e+02
3.51000000000000e+00	6.11494906398070e+02
3.52000000000000e+00	7.62545546791713e+02
3.53000000000000e+00	9.76240668666554e+02
3.54000000000000e+00	1.25292819379855e+03
3.55000000000000e+00	1.59422459886911e+03
3.56000000000000e+00	2.00230407471778e+03
3.57000000000000e+00	2.47912474904050e+03
3.58000000000000e+00	3.02584162759416e+03
3.59000000000000e+00	3.64201658832833e+03
3.60000000000000e+00	4.32525753766412e+03
3.61000000000000e+00	5.07082290919864e+03
3.62000000000000e+00	5.87078028811966e+03
3.63000000000000e+00	6.71390711630677e+03
3.64000000000000e+00	7.58324520365368e+03
3.65000000000000e+00	8.45678862571074e+03
3.66000000000000e+00	9.30708201805216e+03
3.67000000000000e+00	1.01012286835649e+04
3.68000000000000e+00	1.08042955548062e+04
3.69000000000000e+00	1.13820833487683e+04
3.70000000000000e+00	1.18044620515788e+04
3.71000000000000e+00	1.20518431663433e+04
3.72000000000000e+00	1.21188678239821e+04
3.73000000000000e+00	1.20193667644378e+04
3.74000000000000e+00	1.17911861736102e+04
3.75000000000000e+00	1.14978790400873e+04
3.76000000000000e+00	1.12301529756898e+04
3.77000000000000e+00	1.11014585878036e+04
3.78000000000000e+00	1.12433790325178e+04
3.79000000000000e+00	1.17953671447672e+04
3.80000000000000e+00	1.28923929150079e+04
3.81000000000000e+00	1.46494955161964e+04
3.82000000000000e+00	1.71475089161580e+04
3.83000000000000e+00	2.04210593160191e+04
3.84000000000000e+00	2.44520949852496e+04
3.85000000000000e+00	2.91729264743305e+04
3.86000000000000e+00	3.44732863710652e+04
3.87000000000000e+00	4.02142619866329e+04
3.88000000000000e+00	4.62410948756667e+04
3.89000000000000e+00	5.23952911869869e+04
3.90000000000000e+00	5.85271192422719e+04
3.91000000000000e+00	6.45025723122010e+04
3.92000000000000e+00	7.02074269031998e+04
3.93000000000000e+00	7.55593396575732e+04
3.94000000000000e+00	8.05125972957615e+04
3.95000000000000e+00	8.50629182810708e+04
3.96000000000000e+00	8.92499417252943e+04
3.97000000000000e+00	9.31587296439297e+04
3.98000000000000e+00	9.69088906285425e+04
3.99000000000000e+00	1.00644640380587e+05
4.00000000000000e+00	1.04524846266239e+05
4.01000000000000e+00	1.08697903446584e+05
4.02000000000000e+00	1.13282420868175e+05
4.03000000000000e+00	1.18347736915457e+05
4.04000000000000e+00	1.23898982443014e+05
4.05000000000000e+00	1.29866832794459e+05
4.06000000000000e+00	1.36105713246483e+05
4.07000000000000e+00	1.42407922796431e+05
4.08000000000000e+00	1.48511200343196e+05
4.09000000000000e+00	1.54126756898743e+05
4.10000000000000e+00	1.58951793053635e+05
4.11000000000000e+00	1.62683518899281e+05
4.12000000000000e+00	1.65031365979800e+05
4.13000000000000e+00	1.65731673521948e+05
4.14000000000000e+00	1.64560635246979e+05
4.15000000000000e+00	1.61351051828645e+05
4.16000000000000e+00	1.56021830494417e+05
4.17000000000000e+00	1.48582743297139e+05
4.18000000000000e+00	1.39162747826486e+05
4.19000000000000e+00	1.27999625026278e+05
4.20000000000000e+00	1.15441298634894e+05
4.21000000000000e+00	1.01927995712327e+05
4.22000000000000e+00	8.79729029186212e+04
4.23000000000000e+00	7.41260949985554e+04
4.24000000000000e+00	6.09458526818413e+04
4.25000000000000e+00	4.89527999592602e+04
4.26000000000000e+00	3.85925161152543e+04
4.27000000000000e+00	3.02009362752953e+04
4.28000000000000e+00	2.39824243926586e+04
4.29000000000000e+00	2.00054918613927e+04
4.30000000000000e+00	1.82139434868189e+04
4.31000000000000e+00	1.84552204925799e+04
4.32000000000000e+00	2.05129352548648e+04
4.33000000000000e+00	2.41390650493141e+04
4.34000000000000e+00	2.90768002163113e+04
4.35000000000000e+00	3.50770273398712e+04
4.36000000000000e+00	4.19018571732473e+04
4.37000000000000e+00	4.93244157101363e+04
4.38000000000000e+00	5.71241600742853e+04
4.39000000000000e+00	6.50788170806473e+04
4.40000000000000e+00	7.29562332393431e+04
4.41000000000000e+00	8.05048447211185e+04
4.42000000000000e+00	8.74526406036886e+04
4.43000000000000e+00	9.35049131790905e+04
4.44000000000000e+00	9.83600304447794e+04
4.45000000000000e+00	1.01727749053244e+05
4.46000000000000e+00	1.03362735847390e+05
4.47000000000000e+00	1.03098340300649e+05
4.48000000000000e+00	1.00881615401126e+05
4.49000000000000e+00	9.67944294469756e+04
4.50000000000000e+00	9.10583746682525e+04
4.51000000000000e+00	8.40158437983468e+04
4.52000000000000e+00	7.60884423980776e+04
4.53000000000000e+00	6.77279939911186e+04
4.54000000000000e+00	5.93581649534773e+04
4.55000000000000e+00	5.13322559865446e+04
4.56000000000000e+00	4.39088316835045e+04
4.57000000000000e+00	3.72441972883645e+04
4.58000000000000e+00	3.14030755961524e+04
4.59000000000000e+00	2.63791763970893e+04
4.60000000000000e+00	2.21187088759506e+04
4.61000000000000e+00	1.85429490450073e+04
4.62000000000000e+00	1.55662275200106e+04
4.63000000000000e+00	1.31100110176625e+04
4.64000000000000e+00	1.11111970402540e+04
4.65000000000000e+00	9.52781337664589e+03
4.66000000000000e+00	8.34025625211093e+03
4.67000000000000e+00	7.55249877965559e+03
4.68000000000000e+00	7.18736541659861e+03
4.69000000000000e+00	7.28321878626921e+03
4.70000000000000e+00	7.88500874650068e+03
4.71000000000000e+00	9.03424237806279e+03
4.72000000000000e+00	1.07556381100052e+04
4.73000000000000e+00	1.30443467631435e+04
4.74000000000000e+00	1.58529966448948e+04
4.75000000000000e+00	1.90870860954961e+04
4.76000000000000e+00	2.26041957979554e+04
4.77000000000000e+00	2.62277684754676e+04
4.78000000000000e+00	2.97642482885644e+04
4.79000000000000e+00	3.30242186365300e+04
4.80000000000000e+00	3.58434608767091e+04
4.81000000000000e+00	3.80936110546025e+04
4.82000000000000e+00	3.96906471585039e+04
4.83000000000000e+00	4.05907231119723e+04
4.84000000000000e+00	4.07870999400985e+04
4.85000000000000e+00	4.03017380285427e+04
4.86000000000000e+00	3.91802123175349e+04
4.87000000000000e+00	3.74864338828463e+04
4.88000000000000e+00	3.52996062567632e+04
4.89000000000000e+00	3.27110294912124e+04
4.90000000000000e+00	2.98249018265401e+04
4.91000000000000e+00	2.67520289954095e+04
4.92000000000000e+00	2.36091591929171e+04
4.93000000000000e+00	2.05106865984868e+04
4.94000000000000e+00	1.75625134109295e+04
4.95000000000000e+00	1.48557122697947e+04
4.96000000000000e+00	1.24600413665402e+04
4.97000000000000e+00	1.04222873205246e+04
4.98000000000000e+00	8.76429990321318e+03
4.99000000000000e+00	7.48556778504335e+03
5.00000000000000e+00	6.56731160667917e+03
5.01000000000000e+00	5.97718568933501e+03
5.02000000000000e+00	5.67544512388749e+03
5.03000000000000e+00	5.62032667531233e+03
5.04000000000000e+00	5.77284671193875e+03
5.05000000000000e+00	6.10060442769471e+03
5.06000000000000e+00	6.57989544909304e+03
5.07000000000000e+00	7.19616864243241e+03
5.08000000000000e+00	7.94341896232710e+03
5.09000000000000e+00	8.82222746691618e+03
5.10000000000000e+00	9.83770907599509e+03
5.11000000000000e+00	1.09972334509010e+04
5.12000000000000e+00	1.23080248794892e+04
5.13000000000000e+00	1.37766293367306e+04
5.14000000000000e+00	1.54077624842893e+04
5.15000000000000e+00	1.72047515153904e+04
5.16000000000000e+00	1.91697758868215e+04
5.17000000000000e+00	2.13048284124432e+04
5.18000000000000e+00	2.36099735126768e+04
5.19000000000000e+00	2.60812216727269e+04
5.20000000000000e+00	2.87065193469566e+04
5.21000000000000e+00	3.14585517703726e+04
5.22000000000000e+00	3.42899968398410e+04
5.23000000000000e+00	3.71323633917597e+04
5.24000000000000e+00	3.98953825295970e+04
5.25000000000000e+00	4.24782986146052e+04
5.26000000000000e+00	4.47845829003872e+04
5.27000000000000e+00	4.67386462801390e+04
5.28000000000000e+00	4.83067789874845e+04
5.29000000000000e+00	4.95029150648884e+04
5.30000000000000e+00	5.03955565257888e+04
5.31000000000000e+00	5.10977557503615e+04
5.32000000000000e+00	5.17537742941127e+04
5.33000000000000e+00	5.25295348596076e+04
5.34000000000000e+00	5.35999928292572e+04
5.35000000000000e+00	5.51508901230906e+04
5.36000000000000e+00	5.73837374067318e+04
5.37000000000000e+00	6.05255999836211e+04
5.38000000000000e+00	6.48375509485924e+04
5.39000000000000e+00	7.06240445736626e+04
5.40000000000000e+00	7.82357248921004e+04
5.41000000000000e+00	8.80662011892366e+04
5.42000000000000e+00	1.00553225224685e+05
5.43000000000000e+00	1.16168294605031e+05
5.44000000000000e+00	1.35412471496131e+05
5.45000000000000e+00	1.58804871756115e+05
5.46000000000000e+00	1.86882313464880e+05
5.47000000000000e+00	2.20162320016183e+05
5.48000000000000e+00	2.59152727144383e+05
5.49000000000000e+00	3.04303763313845e+05
5.50000000000000e+00	3.55971781233121e+05
5.51000000000000e+00	4.14371466043046e+05
5.52000000000000e+00	4.79507689948270e+05
5.53000000000000e+00	5.51087555796881e+05
5.54000000000000e+00	6.28425818177151e+05
5.55000000000000e+00	7.10333533130708e+05
5.56000000000000e+00	7.95046387178774e+05
5.57000000000000e+00	8.80221769639184e+05
5.58000000000000e+00	9.62963280013931e+05
5.59000000000000e+00	1.04003632584481e+06
5.60000000000000e+00	1.10808210756733e+06
5.61000000000000e+00	1.16404331114821e+06
5.62000000000000e+00	1.20534837880722e+06
5.63000000000000e+00	1.23033309582153e+06
5.64000000000000e+00	1.23827096449119e+06
5.65000000000000e+00	1.22947766658282e+06
5.66000000000000e+00	1.20518089202853e+06
5.67000000000000e+00	1.16732648459941e+06
5.68000000000000e+00	1.11829550173194e+06
5.69000000000000e+00	1.06064459484467e+06
5.70000000000000e+00	9.96964595095698e+05
5.71000000000000e+00	9.29627855126564e+05
5.72000000000000e+00	8.60735388845193e+05
5.73000000000000e+00	7.92089321334716e+05
5.74000000000000e+00	7.25110001878970e+05
5.75000000000000e+00	6.60928432132254e+05
5.76000000000000e+00	6.00397805681303e+05
5.77000000000000e+00	5.44129278650785e+05
5.78000000000000e+00	4.92505026852295e+05
5.79000000000000e+00	4.45724361945036e+05
5.80000000000000e+00	4.03826739932521e+05
5.81000000000000e+00	3.66677437999177e+05
5.82000000000000e+00	3.34024466970454e+05
5.83000000000000e+00	3.05510406928568e+05
5.84000000000000e+00	2.80718378628409e+05
5.85000000000000e+00	2.59206437654428e+05
5.86000000000000e+00	2.40525219066109e+05
5.87000000000000e+00	2.24256344269331e+05
5.88000000000000e+00	2.10021346812459e+05
5.89000000000000e+00	1.97470694351641e+05
5.90000000000000e+00	1.86328814268752e+05
5.91000000000000e+00	1.76338838927283e+05
5.92000000000000e+00	1.67292331768152e+05
5.93000000000000e+00	1.59003745398937e+05
5.94000000000000e+00	1.51322414382818e+05
5.95000000000000e+00	1.44117873348797e+05
5.96000000000000e+00	1.37288371981821e+05
5.97000000000000e+00	1.30761407908274e+05
5.98000000000000e+00	1.24493091636390e+05
5.99000000000000e+00	1.18465610771633e+05
6.00000000000000e+00	1.12685482770481e+05
6.01000000000000e+00	1.07181220315529e+05
6.02000000000000e+00	1.01999844860432e+05
6.03000000000000e+00	9.71958936553276e+04
6.04000000000000e+00	9.28282748442521e+04
6.05000000000000e+00	8.89520587584302e+04
6.06000000000000e+00	8.56047568093017e+04
6.07000000000000e+00	8.28069752615149e+04
6.08000000000000e+00	8.05499576813577e+04
6.09000000000000e+00	7.88015330726886e+04
6.10000000000000e+00	7.75001600793473e+04
6.11000000000000e+00	7.65635760685274e+04
6.12000000000000e+00	7.58928595846935e+04
6.13000000000000e+00	7.53814560940600e+04
6.14000000000000e+00	7.49206158569569e+04
6.15000000000000e+00	7.44171818206643e+04
6.16000000000000e+00	7.37932872719779e+04
6.17000000000000e+00	7.29991506649178e+04
6.18000000000000e+00	7.20213633973819e+04
6.19000000000000e+00	7.08771703717838e+04
6.20000000000000e+00	6.96220699138725e+04
6.21000000000000e+00	6.83344259368063e+04
6.22000000000000e+00	6.71162889909766e+04
6.23000000000000e+00	6.60773328410166e+04
6.24000000000000e+00	6.53279078631916e+04
6.25000000000000e+00	6.49690157782189e+04
6.26000000000000e+00	6.50833748676053e+04
6.27000000000000e+00	6.57300220843539e+04
6.28000000000000e+00	6.69350900581953e+04
6.29000000000000e+00	6.86943909242997e+04
6.30000000000000e+00	7.09700993801054e+04
6.31000000000000e+00	7.36939965159860e+04
6.32000000000000e+00	7.67728128191570e+04
6.33000000000000e+00	8.01024014272069e+04
6.34000000000000e+00	8.35709794575464e+04
6.35000000000000e+00	8.70834741321449e+04
6.36000000000000e+00	9.05662205596397e+04
6.37000000000000e+00	9.39797716099822e+04
6.38000000000000e+00	9.73341938439030e+04
6.39000000000000e+00	1.00691126183194e+05
6.40000000000000e+00	1.04166880255506e+05
6.41000000000000e+00	1.07937530483968e+05
6.42000000000000e+00	1.12231397576156e+05
6.43000000000000e+00	1.17325318590994e+05
6.44000000000000e+00	1.23532758945306e+05
6.45000000000000e+00	1.31188598597865e+05
6.46000000000000e+00	1.40634158757137e+05
6.47000000000000e+00	1.52196508020696e+05
6.48000000000000e+00	1.66169724248525e+05
6.49000000000000e+00	1.82790542482859e+05
6.50000000000000e+00	2.02220133357620e+05
6.51000000000000e+00	2.24524744118292e+05
6.52000000000000e+00	2.49654066282136e+05
6.53000000000000e+00	2.77425214989395e+05
6.54000000000000e+00	3.07499827062812e+05
6.55000000000000e+00	3.39372863312530e+05
6.56000000000000e+00	3.72356180161611e+05
6.57000000000000e+00	4.05559558628276e+05
6.58000000000000e+00	4.37893278295315e+05
6.59000000000000e+00	4.68058076085347e+05
6.60000000000000e+00	4.94579522282017e+05
6.61000000000000e+00	5.15851042404302e+05
6.62000000000000e+00	5.30263016354586e+05
6.63000000000000e+00	5.36346767581247e+05
6.64000000000000e+00	5.33009113019927e+05
6.65000000000000e+00	5.19722382482372e+05
6.66000000000000e+00	4.96691044187152e+05
6.67000000000000e+00	4.64886228139014e+05
6.68000000000000e+00	4.25964307213765e+05
6.69000000000000e+00	3.82051858681443e+05
6.70000000000000e+00	3.35484007534193e+05
6.71000000000000e+00	2.88521021029249e+05
6.72000000000000e+00	2.43115777764945e+05
6.73000000000000e+00	2.00779111335196e+05
6.74000000000000e+00	1.62516352174911e+05
6.75000000000000e+00	1.28867318762838e+05
6.76000000000000e+00	9.99856278329796e+04
6.77000000000000e+00	7.57477710333331e+04
6.78000000000000e+00	5.58494936899759e+04
6.79000000000000e+00	3.98894560912174e+04
6.80000000000000e+00	2.74228364749154e+04
6.81000000000000e+00	1.79932157374382e+04
6.82000000000000e+00	1.11496595966557e+04
6.83000000000000e+00	6.45436795321940e+03
6.84000000000000e+00	3.48858242776516e+03
6.85000000000000e+00	1.85861614879751e+03
6.86000000000000e+00	1.20291989382071e+03
6.87000000000000e+00	1.20020605656741e+03
6.88000000000000e+00	1.57714003124497e+03
6.89000000000000e+00	2.11380393409008e+03
6.90000000000000e+00	2.64664943334874e+03
6.91000000000000e+00	3.06699880730207e+03
6.92000000000000e+00	3.31659220620473e+03
6.93000000000000e+00	3.37910566119987e+03
6.94000000000000e+00	3.27021320596982e+03
6.95000000000000e+00	3.02595011960218e+03
6.96000000000000e+00	2.69291295025392e+03
6.97000000000000e+00	2.31858081962563e+03
6.98000000000000e+00	1.94535661232487e+03
6.99000000000000e+00	1.60629968021720e+03
7.00000000000000e+00	1.32341988909928e+03
7.01000000000000e+00	1.10785406163620e+03
7.02000000000000e+00	9.61022374906322e+02
7.03000000000000e+00	8.76449169465004e+02
7.04000000000000e+00	8.41929635162301e+02
7.05000000000000e+00	8.41701155216101e+02
7.06000000000000e+00	8.58687481130598e+02
7.07000000000000e+00	8.76486380444499e+02
7.08000000000000e+00	8.81132434284967e+02
7.09000000000000e+00	8.62642691835757e+02
7.10000000000000e+00	8.15951052991326e+02
7.11000000000000e+00	7.41182840484105e+02
7.12000000000000e+00	6.43365527506620e+02
7.13000000000000e+00	5.31341039163538e+02
7.14000000000000e+00	4.16173376624200e+02
7.15000000000000e+00	3.09438815833821e+02
7.16000000000000e+00	2.21425607677492e+02
7.17000000000000e+00	1.59792913750261e+02
7.18000000000000e+00	1.28728983135982e+02
7.19000000000000e+00	1.28790951759302e+02
7.20000000000000e+00	1.57327700442380e+02
7.21000000000000e+00	2.09472073223283e+02
7.22000000000000e+00	2.79410022533853e+02
7.23000000000000e+00	3.61880024995134e+02
7.24000000000000e+00	4.53485385371558e+02
7.25000000000000e+00	5.53872634733391e+02
7.26000000000000e+00	6.66629031900001e+02
7.27000000000000e+00	7.99668669864858e+02
7.28000000000000e+00	9.65190514322950e+02
7.29000000000000e+00	1.17889794982991e+03
7.30000000000000e+00	1.45874583494685e+03
7.31000000000000e+00	1.82271685773097e+03
7.32000000000000e+00	2.28667478670958e+03
7.33000000000000e+00	2.86155581891563e+03
7.34000000000000e+00	3.55158652561720e+03
7.35000000000000e+00	4.35208122084097e+03
7.36000000000000e+00	5.24949980687101e+03
7.37000000000000e+00	6.22168728915704e+03
7.38000000000000e+00	7.23923369772490e+03
7.39000000000000e+00	8.26815866229148e+03
7.40000000000000e+00	9.27230912908363e+03
7.41000000000000e+00	1.02161897590158e+04
7.42000000000000e+00	1.10675133228713e+04
7.43000000000000e+00	1.17990792694929e+04
7.44000000000000e+00	1.23902242064650e+04
7.45000000000000e+00	1.28277565771453e+04
7.46000000000000e+00	1.31063825618697e+04
7.47000000000000e+00	1.32278890616429e+04
7.48000000000000e+00	1.32015916613808e+04
7.49000000000000e+00	1.30430751252295e+04
7.50000000000000e+00	1.27724874761373e+04
7.51000000000000e+00	1.24134989480737e+04
7.52000000000000e+00	1.19916455249141e+04
7.53000000000000e+00	1.15323855268959e+04
7.54000000000000e+00	1.10600361671280e+04
7.55000000000000e+00	1.05959479333292e+04
7.56000000000000e+00	1.01581247483873e+04
7.57000000000000e+00	9.76011459395816e+03
7.58000000000000e+00	9.41101197125435e+03
7.59000000000000e+00	9.11563591186146e+03
7.60000000000000e+00	8.87469046618282e+03
7.61000000000000e+00	8.68524627915599e+03
7.62000000000000e+00	8.54107030641327e+03
7.63000000000000e+00	8.43407573069875e+03
7.64000000000000e+00	8.35401306524309e+03
7.65000000000000e+00	8.29043760791084e+03
7.66000000000000e+00	8.23242351512700e+03
7.67000000000000e+00	8.17009460989696e+03
7.68000000000000e+00	8.09545822572252e+03
7.69000000000000e+00	8.00214743638978e+03
7.70000000000000e+00	7.88725666174562e+03
7.71000000000000e+00	7.75075360611061e+03
7.72000000000000e+00	7.59579312750355e+03
7.73000000000000e+00	7.42856679694298e+03
7.74000000000000e+00	7.25794742672239e+03
7.75000000000000e+00	7.09415629670548e+03
7.76000000000000e+00	6.94860193873965e+03
7.77000000000000e+00	6.83204765310403e+03
7.78000000000000e+00	6.75434817584814e+03
7.79000000000000e+00	6.72322443036627e+03
7.80000000000000e+00	6.74358183691800e+03
7.81000000000000e+00	6.81703691622169e+03
7.82000000000000e+00	6.94174921491412e+03
7.83000000000000e+00	7.11268628638927e+03
7.84000000000000e+00	7.32154325641362e+03
7.85000000000000e+00	7.55807803224512e+03
7.86000000000000e+00	7.81017842966410e+03
7.87000000000000e+00	8.06580082546195e+03
7.88000000000000e+00	8.31287065915538e+03
7.89000000000000e+00	8.54060940626239e+03
7.90000000000000e+00	8.73996959093999e+03
7.91000000000000e+00	8.90370702091671e+03
7.92000000000000e+00	9.02623665875193e+03
7.93000000000000e+00	9.10385455354821e+03
7.94000000000000e+00	9.13420173340699e+03
7.95000000000000e+00	9.11592590866576e+03
7.96000000000000e+00	9.04943210912842e+03
7.97000000000000e+00	8.93597151264152e+03
7.98000000000000e+00	8.77800690145126e+03
7.99000000000000e+00	8.58023211650147e+03
8.00000000000000e+00	8.34817009938970e+03
8.01000000000000e+00	8.08935918503588e+03
8.02000000000000e+00	7.81236100188982e+03
8.03000000000000e+00	7.52663128911694e+03
8.04000000000000e+00	7.24160508735315e+03
8.05000000000000e+00	6.96614013045027e+03
8.06000000000000e+00	6.70815229686222e+03
8.07000000000000e+00	6.47352146877454e+03
8.08000000000000e+00	6.26602584873808e+03
8.09000000000000e+00	6.08679875957404e+03
8.10000000000000e+00	5.93463683439819e+03
8.11000000000000e+00	5.80636783985447e+03
8.12000000000000e+00	5.69712737861111e+03
8.13000000000000e+00	5.60147726335453e+03
8.14000000000000e+00	5.51371620401563e+03
8.15000000000000e+00	5.42928535635603e+03
8.16000000000000e+00	5.34460269911075e+03
8.17000000000000e+00	5.25811568294736e+03
8.18000000000000e+00	5.17000199095170e+03
8.19000000000000e+00	5.08193661581479e+03
8.20000000000000e+00	4.99699719998431e+03
8.21000000000000e+00	4.91867767265861e+03
8.22000000000000e+00	4.85080465466265e+03
8.23000000000000e+00	4.79644870261666e+03
8.24000000000000e+00	4.75765278569963e+03
8.25000000000000e+00	4.73498870009718e+03
8.26000000000000e+00	4.72725975792544e+03
8.27000000000000e+00	4.73211594468898e+03
8.28000000000000e+00	4.74540413275224e+03
8.29000000000000e+00	4.76246637889499e+03
8.30000000000000e+00	4.77818503783676e+03
8.31000000000000e+00	4.78706905409430e+03
8.32000000000000e+00	4.78413320954864e+03
8.33000000000000e+00	4.76512662203039e+03
8.34000000000000e+00	4.72624914042167e+03
8.35000000000000e+00	4.66448245868945e+03
8.36000000000000e+00	4.57797233799138e+03
8.37000000000000e+00	4.46530959813602e+03
8.38000000000000e+00	4.32606358320466e+03
8.39000000000000e+00	4.16098596124615e+03
8.40000000000000e+00	3.97192161611334e+03
8.41000000000000e+00	3.76196829051425e+03
8.42000000000000e+00	3.53633935149823e+03
8.43000000000000e+00	3.30238670090266e+03
8.44000000000000e+00	3.07008634696393e+03
8.45000000000000e+00	2.85248375031176e+03
8.46000000000000e+00	2.66564564814690e+03
8.47000000000000e+00	2.52850034914033e+03
8.48000000000000e+00	2.46237879540945e+03
8.49000000000000e+00	2.48974680935791e+03
8.50000000000000e+00	2.63270645887843e+03
8.51000000000000e+00	2.91101451222323e+03
8.52000000000000e+00	3.34005115138573e+03
8.53000000000000e+00	3.92881570310038e+03
8.54000000000000e+00	4.67824548951751e+03
8.55000000000000e+00	5.58011643218177e+03
8.56000000000000e+00	6.61690882661430e+03
8.57000000000000e+00	7.76223285259507e+03
8.58000000000000e+00	8.98278621845942e+03
8.59000000000000e+00	1.02403526625711e+04
8.60000000000000e+00	1.14948768618880e+04
8.61000000000000e+00	1.27064403197612e+04
8.62000000000000e+00	1.38383662817822e+04
8.63000000000000e+00	1.48584651761148e+04
8.64000000000000e+00	1.57405183643651e+04
8.65000000000000e+00	1.64656178071922e+04
8.66000000000000e+00	1.70210908330649e+04
8.67000000000000e+00	1.74019038783690e+04
8.68000000000000e+00	1.76087610310480e+04
8.69000000000000e+00	1.76494095360685e+04
8.70000000000000e+00	1.75359553403486e+04
8.71000000000000e+00	1.72853119622110e+04
8.72000000000000e+00	1.69178186070210e+04
8.73000000000000e+00	1.64552096186873e+04
8.74000000000000e+00	1.59215672765043e+04
8.75000000000000e+00	1.53398154024144e+04
8.76000000000000e+00	1.47332946897540e+04
8.77000000000000e+00	1.41219253486441e+04
8.78000000000000e+00	1.35241607358317e+04
8.79000000000000e+00	1.29548506068789e+04
8.80000000000000e+00	1.24260875331920e+04
8.81000000000000e+00	1.19462586896816e+04
8.82000000000000e+00	1.15199156390378e+04
8.83000000000000e+00	1.11496136857816e+04
8.84000000000000e+00	1.08344698012228e+04
8.85000000000000e+00	1.05721081292013e+04
8.86000000000000e+00	1.03578920427573e+04
8.87000000000000e+00	1.01865220698867e+04
8.88000000000000e+00	1.00520559262205e+04
8.89000000000000e+00	9.94850604595608e+03
8.90000000000000e+00	9.86969969488866e+03
8.91000000000000e+00	9.80993557885658e+03
8.92000000000000e+00	9.76399785327444e+03
8.93000000000000e+00	9.72752180689767e+03
8.94000000000000e+00	9.69638613102310e+03
8.95000000000000e+00	9.66797761548242e+03
8.96000000000000e+00	9.63953861676365e+03
8.97000000000000e+00	9.60932184019189e+03
8.98000000000000e+00	9.57621069129160e+03
8.99000000000000e+00	9.54000503424791e+03
9.00000000000000e+00	9.50082675569296e+03
9.01000000000000e+00	9.45919877552609e+03
9.02000000000000e+00	9.41590554583094e+03
9.03000000000000e+00	9.37195301002253e+03
9.04000000000000e+00	9.32768934873573e+03
9.05000000000000e+00	9.28340096304236e+03
9.06000000000000e+00	9.23904850247764e+03
9.07000000000000e+00	9.19403980415324e+03
9.08000000000000e+00	9.14841612098699e+03
9.09000000000000e+00	9.10230930344456e+03
9.10000000000000e+00	9.05588109687224e+03
9.11000000000000e+00	9.01026317182169e+03
9.12000000000000e+00	8.96699961197549e+03
9.13000000000000e+00	8.92782470932493e+03
9.14000000000000e+00	8.89513659237722e+03
9.15000000000000e+00	8.87124298292840e+03
9.16000000000000e+00	8.85894788939327e+03
9.17000000000000e+00	8.85973775897500e+03
9.18000000000000e+00	8.87482904212121e+03
9.19000000000000e+00	8.90504168610457e+03
9.20000000000000e+00	8.94909124219576e+03
9.21000000000000e+00	9.00551772763391e+03
9.22000000000000e+00	9.07085072716297e+03
9.23000000000000e+00	9.14189679269375e+03
9.24000000000000e+00	9.21391259096516e+03
9.25000000000000e+00	9.28265137640804e+03
9.26000000000000e+00	9.34380141943668e+03
9.27000000000000e+00	9.39374470960427e+03
9.28000000000000e+00	9.42982761911735e+03
9.29000000000000e+00	9.45043073255754e+03
9.30000000000000e+00	9.45493209237454e+03
9.31000000000000e+00	9.44411334973766e+03
9.32000000000000e+00	9.41928149529023e+03
9.33000000000000e+00	9.38257383460173e+03
9.34000000000000e+00	9.33645826004900e+03
9.35000000000000e+00	9.28348455748351e+03
9.36000000000000e+00	9.22625953840336e+03
9.37000000000000e+00	9.16707775951899e+03
9.38000000000000e+00	9.10797709561555e+03
9.39000000000000e+00	9.05077850658373e+03
9.40000000000000e+00	8.99685503070240e+03
9.41000000000000e+00	8.94743358509569e+03
9.42000000000000e+00	8.90338759990735e+03
9.43000000000000e+00	8.86549126202757e+03
9.44000000000000e+00	8.83427298326681e+03
9.45000000000000e+00	8.80994383659285e+03
9.46000000000000e+00	8.79281873624353e+03
9.47000000000000e+00	8.78284794121245e+03
9.48000000000000e+00	8.77997715128578e+03
9.49000000000000e+00	8.78387195875246e+03
9.50000000000000e+00	8.79402180148335e+03
9.51000000000000e+00	8.80955478608991e+03
9.52000000000000e+00	8.82942525752017e+03
9.53000000000000e+00	8.85233822077484e+03
9.54000000000000e+00	8.87684271323916e+03
9.55000000000000e+00	8.90163325059933e+03
9.56000000000000e+00	8.92575592216249e+03
9.57000000000000e+00	8.94885920289725e+03
9.58000000000000e+00	8.97107184524474e+03
9.59000000000000e+00	8.99272036004640e+03
9.60000000000000e+00	9.01390612452937e+03
9.61000000000000e+00	9.03462945457713e+03
9.62000000000000e+00	9.05433255122174e+03
9.63000000000000e+00	9.07245582042046e+03
9.64000000000000e+00	9.08823262442934e+03
9.65000000000000e+00	9.10131392129592e+03
9.66000000000000e+00	9.11159550199504e+03
9.67000000000000e+00	9.11923725546330e+03
9.68000000000000e+00	9.12463568876321e+03
9.69000000000000e+00	9.12812795320514e+03
9.70000000000000e+00	9.13008630985353e+03
9.71000000000000e+00	9.13100398321492e+03
9.72000000000000e+00	9.13102941911092e+03
9.73000000000000e+00	9.13046580063839e+03
9.74000000000000e+00	9.12951698377957e+03
9.75000000000000e+00	9.12825311905193e+03
9.76000000000000e+00	9.12680479725075e+03
9.77000000000000e+00	9.12509512818429e+03
9.78000000000000e+00	9.12309138606096e+03
9.79000000000000e+00	9.12089249153553e+03
9.80000000000000e+00	9.11842087973029e+03
9.81000000000000e+00	9.11563097535140e+03
9.82000000000000e+00	9.11257897629870e+03
9.83000000000000e+00	9.10912208460296e+03
9.84000000000000e+00	9.10523046128135e+03
9.85000000000000e+00	9.10080193968912e+03
9.86000000000000e+00	9.09585099409004e+03
9.87000000000000e+00	9.09051686690998e+03
9.88000000000000e+00	9.08523120969969e+03
9.89000000000000e+00	9.08147679879517e+03
9.90000000000000e+00	9.08263042315866e+03
9.91000000000000e+00	9.09599189312557e+03
9.92000000000000e+00	9.13561007722932e+03
9.93000000000000e+00	9.22551214403978e+03
9.94000000000000e+00	9.40110158664965e+03
9.95000000000000e+00	9.70914139442167e+03
9.96000000000000e+00	1.02005346417486e+04
9.97000000000000e+00	1.09115112638723e+04
9.98000000000000e+00	1.18098533835445e+04
9.99000000000000e+00	1.26526444098253e+04
1.00000000000000e+01	1.26563120387828e+04
1.00100000000000e+01	1.00490274221320e+04
1.00200000000000e+01	4.17119311693587e+03
1.00300000000000e+01	2.66063855888498e+03
1.00400000000000e+01	9.31653372413412e+03
1.00500000000000e+01	1.31864136681786e+04
1.00600000000000e+01	1.20359697407070e+04
1.00700000000000e+01	9.54758336137740e+03
1.00800000000000e+01	7.28969093999653e+03
1.00900000000000e+01	5.55408721235975e+03
1.01000000000000e+01	4.27709580030222e+03
1.01100000000000e+01	3.34228118268655e+03
1.01200000000000e+01	2.65181630250668e+03
1.01300000000000e+01	2.13476696101580e+03
1.01400000000000e+01	1.74163700670176e+03
1.01500000000000e+01	1.43824491939686e+03
1.01600000000000e+01	1.20077761492092e+03
1.01700000000000e+01	1.01245343457256e+03
1.01800000000000e+01	8.61295627213067e+02
1.01900000000000e+01	7.38622874641123e+02
1.02000000000000e+01	6.38073415697875e+02
1.02100000000000e+01	5.54877481975008e+02
1.02200000000000e+01	4.85469649585957e+02
1.02300000000000e+01	4.27103995544715e+02
1.02400000000000e+01	3.77680125564603e+02
1.02500000000000e+01	3.35552656151393e+02
1.02600000000000e+01	2.99426358455557e+02
1.02700000000000e+01	2.68271972346266e+02
1.02800000000000e+01	2.41271014634457e+02
1.02900000000000e+01	2.17755200045829e+02
1.03000000000000e+01	1.97182149664421e+02
1.03100000000000e+01	1.79108964268332e+02
1.03200000000000e+01	1.63169477565682e+02
1.03300000000000e+01	1.49060637953019e+02
1.03400000000000e+01	1.36525595509897e+02
1.03500000000000e+01	1.25353026361858e+02
1.03600000000000e+01	1.15361774829793e+02
1.03700000000000e+01	1.06400410026324e+02
1.03800000000000e+01	9.83377538023322e+01
1.03900000000000e+01	9.10645231391033e+01
1.04000000000000e+01	8.44848648836665e+01
1.04100000000000e+01	7.85172992803492e+01
1.04200000000000e+01	7.30927206690166e+01
1.04300000000000e+01	6.81491266392255e+01
1.04400000000000e+01	6.36355355386962e+01
1.04500000000000e+01	5.95059043653029e+01
1.04600000000000e+01	5.57201697752596e+01
1.04700000000000e+01	5.22436692274054e+01
1.04800000000000e+01	4.90455665494096e+01
1.04900000000000e+01	4.60997603911690e+01
1.05000000000000e+01	4.33816452380995e+01
1.05100000000000e+01	4.08703323234524e+01
1.05200000000000e+01	3.85470048949906e+01
1.05300000000000e+01	3.63942203005350e+01
1.05400000000000e+01	3.43973438276725e+01
1.05500000000000e+01	3.25426720977025e+01
1.05600000000000e+01	3.08179641825374e+01
1.05700000000000e+01	2.92117465846093e+01
1.05800000000000e+01	2.77142204200465e+01
1.05900000000000e+01	2.63163946299175e+01
1.06000000000000e+01	2.50101129840665e+01
1.06100000000000e+01	2.37878600905355e+01
1.06200000000000e+01	2.26430903084901e+01
1.06300000000000e+01	2.15696193006317e+01
1.06400000000000e+01	2.05618224771011e+01
1.06500000000000e+01	1.96147342654733e+01
1.06600000000000e+01	1.87237278283381e+01
1.06700000000000e+01	1.78847000697569e+01
1.06800000000000e+01	1.70937553314803e+01
1.06900000000000e+01	1.63475146013567e+01
1.07000000000000e+01	1.56426460220401e+01
1.07100000000000e+01	1.49763848336380e+01
1.07200000000000e+01	1.43461761369597e+01
1.07300000000000e+01	1.37495369745051e+01
1.07400000000000e+01	1.31844102174305e+01
1.07500000000000e+01	1.26486274564526e+01
1.07600000000000e+01	1.21407175400704e+01
1.07700000000000e+01	1.16587538850853e+01
1.07800000000000e+01	1.12014250027816e+01
1.07900000000000e+01	1.07671749348814e+01
1.08000000000000e+01	1.03547762342329e+01
1.08100000000000e+01	9.96285620940625e+00
1.08200000000000e+01	9.59033890741580e+00
1.08300000000000e+01	9.23605556625127e+00
1.08400000000000e+01	8.89892376066881e+00
1.08500000000000e+01	8.57788108599981e+00
1.08600000000000e+01	8.27199239609031e+00
1.08700000000000e+01	7.98034508579657e+00
1.08800000000000e+01	7.70205942251218e+00
1.08900000000000e+01	7.43626845412242e+00
1.09000000000000e+01	7.18225602562683e+00
1.09100000000000e+01	6.93933289988413e+00
1.09200000000000e+01	6.70680690163994e+00
1.09300000000000e+01	6.48401549497205e+00
1.09400000000000e+01	6.27035099428713e+00
1.09500000000000e+01	6.06540183947598e+00
1.09600000000000e+01	5.86857169974267e+00
1.09700000000000e+01	5.67950060434831e+00
1.09800000000000e+01	5.49764547399147e+00
1.09900000000000e+01	5.32272905647415e+00
1.10000000000000e+01	5.15441731784620e+00
1.10100000000000e+01	4.99240615619654e+00
1.10200000000000e+01	4.83646440463786e+00
1.10300000000000e+01	4.68640045863508e+00
1.10400000000000e+01	4.54199174128228e+00
1.10500000000000e+01	4.40311938413580e+00
1.10600000000000e+01	4.26968688454822e+00
1.10700000000000e+01	4.14147385530736e+00
1.10800000000000e+01	4.01838765297274e+00
1.10900000000000e+01	3.90031160873535e+00
1.11000000000000e+01	3.78705953318195e+00
1.11100000000000e+01	3.67848989731410e+00
1.11200000000000e+01	3.57435185970621e+00
1.11300000000000e+01	3.47451550508668e+00
1.11400000000000e+01	3.37876528648214e+00
1.11500000000000e+01	3.28685272062797e+00
1.11600000000000e+01	3.19855774842560e+00
1.11700000000000e+01	3.11371969668736e+00
1.11800000000000e+01	3.03209210160167e+00
1.11900000000000e+01	2.95348597053471e+00
1.12000000000000e+01	2.87767447779662e+00
1.12100000000000e+01	2.80455634223827e+00
1.12200000000000e+01	2.73394311267979e+00
1.12300000000000e+01	2.66567919494264e+00
1.12400000000000e+01	2.59962977040665e+00
1.12500000000000e+01	2.53572609902232e+00
1.12600000000000e+01	2.47381830165283e+00
1.12700000000000e+01	2.41384241926640e+00
1.12800000000000e+01	2.35572117318714e+00
1.12900000000000e+01	2.29935584986043e+00
1.13000000000000e+01	2.24469680251329e+00
1.13100000000000e+01	2.19166007353276e+00
1.13200000000000e+01	2.14017279273748e+00
1.13300000000000e+01	2.09021292574827e+00
1.13400000000000e+01	2.04168052605217e+00
1.13500000000000e+01	1.99455162374136e+00
1.13600000000000e+01	1.94874423351022e+00
1.13700000000000e+01	1.90419398954682e+00
1.13800000000000e+01	1.86090336874461e+00
1.13900000000000e+01	1.81876833937191e+00
1.14000000000000e+01	1.77778104096101e+00
1.14100000000000e+01	1.73789777601118e+00
1.14200000000000e+01	1.69906477165633e+00
1.14300000000000e+01	1.66127605445980e+00
1.14400000000000e+01	1.62448186474532e+00
1.14500000000000e+01	1.58867527753930e+00
1.14600000000000e+01	1.55381005328363e+00
1.14700000000000e+01	1.51984787798690e+00
1.14800000000000e+01	1.48677296849559e+00
1.14900000000000e+01	1.45454920428354e+00
1.15000000000000e+01	1.42316774662598e+00
1.15100000000000e+01	1.39257906168270e+00
1.15200000000000e+01	1.36276997720284e+00
1.15300000000000e+01	1.33371775279363e+00
1.15400000000000e+01	1.30539703009823e+00
1.15500000000000e+01	1.27781787943941e+00
1.15600000000000e+01	1.25096337496224e+00
1.15700000000000e+01	1.22482098354993e+00
1.15800000000000e+01	1.19940613386867e+00
1.15900000000000e+01	1.17470714226496e+00
1.16000000000000e+01	1.15071556153701e+00
1.16100000000000e+01	1.12745043215140e+00
1.16200000000000e+01	1.10488237344295e+00
1.16300000000000e+01	1.08300667836702e+00
1.16400000000000e+01	1.06179108889737e+00
1.16500000000000e+01	1.04121925977889e+00
1.16600000000000e+01	1.02125836417712e+00
1.16700000000000e+01	1.00187527651654e+00
1.16800000000000e+01	9.83016427205947e-01
1.16900000000000e+01	9.64648294809422e-01
1.17000000000000e+01	9.46725820812097e-01
1.17100000000000e+01	9.29215676106405e-01
1.17200000000000e+01	9.12073992113018e-01
1.17300000000000e+01	8.95269022941391e-01
1.17400000000000e+01	8.78780285452211e-01
1.17500000000000e+01	8.62582448393314e-01
1.17600000000000e+01	8.46671554044372e-01
1.17700000000000e+01	8.31025718544443e-01
1.17800000000000e+01	8.15674074471112e-01
1.17900000000000e+01	8.00603600215829e-01
1.18000000000000e+01	7.85830856521228e-01
1.18100000000000e+01	7.71363641424353e-01
1.18200000000000e+01	7.57215457044744e-01
1.18300000000000e+01	7.43399934986905e-01
1.18400000000000e+01	7.29919306843999e-01
1.18500000000000e+01	7.16781939287997e-01
1.18600000000000e+01	7.03984432346201e-01
1.18700000000000e+01	6.91529002618095e-01
1.18800000000000e+01	6.79398992678928e-01
1.18900000000000e+01	6.67595484554860e-01
1.19000000000000e+01	6.56098210748132e-01
1.19100000000000e+01	6.44898200842802e-01
1.19200000000000e+01	6.33980423688487e-01
1.19300000000000e+01	6.23328599658059e-01
1.19400000000000e+01	6.12923461165743e-01
1.19500000000000e+01	6.02750168114597e-01
1.19600000000000e+01	5.92799038145655e-01
1.19700000000000e+01	5.83054244138140e-01
1.19800000000000e+01	5.73500906160035e-01
1.19900000000000e+01	5.64124489293764e-01
1.20000000000000e+01	5.54912279874879e-01
1.20100000000000e+01	5.45865645599005e-01
1.20200000000000e+01	5.36973287207043e-01
1.20300000000000e+01	5.28234496186764e-01
1.20400000000000e+01	5.19645562364391e-01
1.20500000000000e+01	5.11205893729334e-01
1.20600000000000e+01	5.02923450913340e-01
1.20700000000000e+01	4.94796620175411e-01
1.20800000000000e+01	4.86833699269464e-01
1.20900000000000e+01	4.79035942477502e-01
1.21000000000000e+01	4.71414187425662e-01
1.21100000000000e+01	4.63970081935378e-01
1.21200000000000e+01	4.56706915942733e-01
1.21300000000000e+01	4.49618441280563e-01
1.21400000000000e+01	4.42713331307374e-01
1.21500000000000e+01	4.35987775188123e-01
1.21600000000000e+01	4.29427823278541e-01
1.21700000000000e+01	4.23034134774011e-01
1.21800000000000e+01	4.16792831279321e-01
1.21900000000000e+01	4.10699009371931e-01
1.22000000000000e+01	4.04739816478991e-01
1.22100000000000e+01	3.98904741752734e-01
1.22200000000000e+01	3.93181859494802e-01
1.22300000000000e+01	3.87561930696236e-01
1.22400000000000e+01	3.82032962942328e-01
1.22500000000000e+01	3.76585743914836e-01
1.22600000000000e+01	3.71216028410151e-01
1.22700000000000e+01	3.65914106986020e-01
1.22800000000000e+01	3.60667268396134e-01
1.22900000000000e+01	3.55477324529240e-01
1.23000000000000e+01	3.50331286273886e-01
1.23100000000000e+01	3.45230335047722e-01
1.23200000000000e+01	3.40168109790290e-01
1.23300000000000e+01	3.35138753381975e-01
1.23400000000000e+01	3.30146625549387e-01
1.23500000000000e+01	3.25190199149608e-01
1.23600000000000e+01	3.20272234980007e-01
1.23700000000000e+01	3.15392875545403e-01
1.23800000000000e+01	3.10556255440199e-01
1.23900000000000e+01	3.05773068967977e-01
1.24000000000000e+01	3.01040956745974e-01
1.24100000000000e+01	2.96373700114859e-01
1.24200000000000e+01	2.91770564889455e-01
1.24300000000000e+01	2.87236821646979e-01
1.24400000000000e+01	2.82782651547128e-01
1.24500000000000e+01	2.78403334305888e-01
1.24600000000000e+01	2.74102453392395e-01
1.24700000000000e+01	2.69880610987899e-01
1.24800000000000e+01	2.65740262685675e-01
1.24900000000000e+01	2.61676188163969e-01
1.25000000000000e+01	2.57693903420368e-01
1.25100000000000e+01	2.53789713765023e-01
1.25200000000000e+01	2.49960982036093e-01
1.25300000000000e+01	2.46209700895967e-01
1.25400000000000e+01	2.42538728608974e-01
1.25500000000000e+01	2.38940368135142e-01
1.25600000000000e+01	2.35421826940299e-01
1.25700000000000e+01	2.31978128189139e-01
1.25800000000000e+01	2.28610041462480e-01
1.25900000000000e+01	2.25317482321466e-01
1.26000000000000e+01	2.22095144113730e-01
1.26100000000000e+01	2.18941991751899e-01
1.26200000000000e+01	2.15858290652824e-01
1.26300000000000e+01	2.12837087287627e-01
1.26400000000000e+01	2.09876080444283e-01
1.26500000000000e+01	2.06976048264357e-01
1.26600000000000e+01	2.04134721596494e-01
1.26700000000000e+01	2.01346014832040e-01
1.26800000000000e+01	1.98611900388714e-01
1.26900000000000e+01	1.95932088416574e-01
1.27000000000000e+01	1.93305426733424e-01
1.27100000000000e+01	1.90733791779197e-01
1.27200000000000e+01	1.88214943853263e-01
1.27300000000000e+01	1.85748776070277e-01
1.27400000000000e+01	1.83337942046264e-01
1.27500000000000e+01	1.80981245426317e-01
1.27600000000000e+01	1.78678251190511e-01
1.27700000000000e+01	1.76426816297450e-01
1.27800000000000e+01	1.74227217698579e-01
1.27900000000000e+01	1.72075453963220e-01
1.28000000000000e+01	1.69972244777981e-01
1.28100000000000e+01	1.67913159205614e-01
1.28200000000000e+01	1.65898870476566e-01
1.28300000000000e+01	1.63923654889434e-01
1.28400000000000e+01	1.61989547039047e-01
1.28500000000000e+01	1.60093703086543e-01
1.28600000000000e+01	1.58233062516710e-01
1.28700000000000e+01	1.56409549965944e-01
1.28800000000000e+01	1.54618894114062e-01
1.28900000000000e+01	1.52862750370839e-01
1.29000000000000e+01	1.51137124293987e-01
1.29100000000000e+01	1.49443501046941e-01
1.29200000000000e+01	1.47780269911154e-01
1.29300000000000e+01	1.46147534938641e-01
1.29400000000000e+01	1.44541044523009e-01
1.29500000000000e+01	1.42963606882244e-01
1.29600000000000e+01	1.41409593567490e-01
1.29700000000000e+01	1.39883447013318e-01
1.29800000000000e+01	1.38379610409567e-01
1.29900000000000e+01	1.36901372400408e-01
1.30000000000000e+01	1.35444687566467e-01
1.30100000000000e+01	1.34013015367218e-01
1.30200000000000e+01	1.32603287727146e-01
1.30300000000000e+01	1.31216757433917e-01
1.30400000000000e+01	1.29851906050531e-01
1.30500000000000e+01	1.28508132931439e-01
1.30600000000000e+01	1.27184296817851e-01
1.30700000000000e+01	1.25878058419119e-01
1.30800000000000e+01	1.24587767936795e-01
1.30900000000000e+01	1.23313403591668e-01
1.31000000000000e+01	1.22050066173738e-01
1.31100000000000e+01	1.20799630092243e-01
1.31200000000000e+01	1.19556731925504e-01
1.31300000000000e+01	1.18322019916616e-01
1.31400000000000e+01	1.17093565323163e-01
1.31500000000000e+01	1.15872240637803e-01
1.31600000000000e+01	1.14658555409285e-01
1.31700000000000e+01	1.13452034033069e-01
1.31800000000000e+01	1.12253270981327e-01
1.31900000000000e+01	1.11065715715591e-01
1.32000000000000e+01	1.09887987807111e-01
1.32100000000000e+01	1.08721120389978e-01
1.32200000000000e+01	1.07567368042834e-01
1.32300000000000e+01	1.06425467979988e-01
1.32400000000000e+01	1.05296842280977e-01
1.32500000000000e+01	1.04179650276195e-01
1.32600000000000e+01	1.03072481218769e-01
1.32700000000000e+01	1.01977582959310e-01
1.32800000000000e+01	1.00892281105171e-01
1.32900000000000e+01	9.98162348199495e-02
1.33000000000000e+01	9.87505797049116e-02
1.33100000000000e+01	9.76933668547462e-02
1.33200000000000e+01	9.66467998062672e-02
1.33300000000000e+01	9.56098883566236e-02
1.33400000000000e+01	9.45849882797361e-02
1.33500000000000e+01	9.35732582169022e-02
1.33600000000000e+01	9.25737131226995e-02
1.33700000000000e+01	9.15879837276670e-02
1.33800000000000e+01	9.06181607201999e-02
1.33900000000000e+01	8.96633344599546e-02
1.34000000000000e+01	8.87234651766958e-02
1.34100000000000e+01	8.77994953852945e-02
1.34200000000000e+01	8.68907110138171e-02
1.34300000000000e+01	8.59964950230887e-02
1.34400000000000e+01	8.51165549272463e-02
1.34500000000000e+01	8.42506925111674e-02
1.34600000000000e+01	8.33973312423012e-02
1.34700000000000e+01	8.25554660508104e-02
1.34800000000000e+01	8.17266856187402e-02
1.34900000000000e+01	8.09073831193991e-02
1.35000000000000e+01	8.00986482296066e-02
1.35100000000000e+01	7.92985037321514e-02
1.35200000000000e+01	7.85071795563517e-02
1.35300000000000e+01	7.77232858964901e-02
1.35400000000000e+01	7.69475068738751e-02
1.35500000000000e+01	7.61766931227712e-02
1.35600000000000e+01	7.54120795961958e-02
1.35700000000000e+01	7.46522590027753e-02
1.35800000000000e+01	7.38977017313632e-02
1.35900000000000e+01	7.31455173989254e-02
1.36000000000000e+01	7.23986702292800e-02
1.36100000000000e+01	7.16547703691316e-02
1.36200000000000e+01	7.09142839678549e-02
1.36300000000000e+01	7.01768823458136e-02
1.36400000000000e+01	6.94440272634185e-02
1.36500000000000e+01	6.87160922145683e-02
1.36600000000000e+01	6.79922543410390e-02
1.36700000000000e+01	6.72737858197071e-02
1.36800000000000e+01	6.65627519337295e-02
1.36900000000000e+01	6.58584489657262e-02
1.37000000000000e+01	6.51621298964483e-02
1.37100000000000e+01	6.44750745915062e-02
1.37200000000000e+01	6.37972781005664e-02
1.37300000000000e+01	6.31320671664533e-02
1.37400000000000e+01	6.24773428467453e-02
1.37500000000000e+01	6.18363496705144e-02
1.37600000000000e+01	6.12075358835676e-02
1.37700000000000e+01	6.05921247941857e-02
1.37800000000000e+01	5.99898086118698e-02
1.37900000000000e+01	5.93997823934222e-02
1.38000000000000e+01	5.88233800757483e-02
1.38100000000000e+01	5.82578997646651e-02
1.38200000000000e+01	5.77038222940096e-02
1.38300000000000e+01	5.71597661016038e-02
1.38400000000000e+01	5.66250538754145e-02
1.38500000000000e+01	5.60994472971993e-02
1.38600000000000e+01	5.55809076887799e-02
1.38700000000000e+01	5.50690693361609e-02
1.38800000000000e+01	5.45648380961894e-02
1.38900000000000e+01	5.40658345535744e-02
1.39000000000000e+01	5.35716839144120e-02
1.39100000000000e+01	5.30830279849767e-02
1.39200000000000e+01	5.25986638151298e-02
1.39300000000000e+01	5.21183531303528e-02
1.39400000000000e+01	5.16424102774964e-02
1.39500000000000e+01	5.11707772777087e-02
1.39600000000000e+01	5.07016199713535e-02
1.39700000000000e+01	5.02365643854383e-02
1.39800000000000e+01	4.97748699412387e-02
1.39900000000000e+01	4.93165044964870e-02
1.40000000000000e+01	4.88623390816972e-02
1.40100000000000e+01	4.84114376054836e-02
1.40200000000000e+01	4.79640648392955e-02
1.40300000000000e+01	4.75211609429934e-02
1.40400000000000e+01	4.70832973521615e-02
1.40500000000000e+01	4.66498093576779e-02
1.40600000000000e+01	4.62215419784319e-02
1.40700000000000e+01	4.57991446717647e-02
1.40800000000000e+01	4.53819178434221e-02
1.40900000000000e+01	4.49702230855136e-02
1.41000000000000e+01	4.45643638606483e-02
1.41100000000000e+01	4.41639320363154e-02
1.41200000000000e+01	4.37684781814273e-02
1.41300000000000e+01	4.33781681313238e-02
1.41400000000000e+01	4.29923364866052e-02
1.41500000000000e+01	4.26095501229200e-02
1.41600000000000e+01	4.22306216213927e-02
1.41700000000000e+01	4.18539075752799e-02
1.41800000000000e+01	4.14794764892540e-02
1.41900000000000e+01	4.11071185567915e-02
1.42000000000000e+01	4.07360990428502e-02
1.42100000000000e+01	4.03666485492287e-02
1.42200000000000e+01	3.99998378355880e-02
1.42300000000000e+01	3.96345042906860e-02
1.42400000000000e+01	3.92715686260485e-02
1.42500000000000e+01	3.89118727749836e-02
1.42600000000000e+01	3.85548293126646e-02
1.42700000000000e+01	3.82016615422922e-02
1.42800000000000e+01	3.78531598699852e-02
1.42900000000000e+01	3.75081895496070e-02
1.43000000000000e+01	3.71684300911801e-02
1.43100000000000e+01	3.68331445921722e-02
1.43200000000000e+01	3.65019276214027e-02
1.43300000000000e+01	3.61755917717195e-02
1.43400000000000e+01	3.58533903059336e-02
1.43500000000000e+01	3.55357273589879e-02
1.43600000000000e+01	3.52221931911937e-02
1.43700000000000e+01	3.49119748953011e-02
1.43800000000000e+01	3.46062679566709e-02
1.43900000000000e+01	3.43041377883639e-02
1.44000000000000e+01	3.40064295148627e-02
1.44100000000000e+01	3.37119251132884e-02
1.44200000000000e+01	3.34215937375821e-02
1.44300000000000e+01	3.31350346469129e-02
1.44400000000000e+01	3.28530263629078e-02
1.44500000000000e+01	3.25744404826511e-02
1.44600000000000e+01	3.23001298741391e-02
1.44700000000000e+01	3.20295899118880e-02
1.44800000000000e+01	3.17627408805047e-02
1.44900000000000e+01	3.14999006469496e-02
1.45000000000000e+01	3.12404356214946e-02
1.45100000000000e+01	3.09846627286889e-02
1.45200000000000e+01	3.07320403988382e-02
1.45300000000000e+01	3.04826504376249e-02
1.45400000000000e+01	3.02366952217698e-02
1.45500000000000e+01	2.99931712423616e-02
1.45600000000000e+01	2.97524504684862e-02
1.45700000000000e+01	2.95147112407176e-02
1.45800000000000e+01	2.92786001385899e-02
1.45900000000000e+01	2.90457996577825e-02
1.46000000000000e+01	2.88147622637799e-02
1.46100000000000e+01	2.85854535815603e-02
1.46200000000000e+01	2.83588175094982e-02
1.46300000000000e+01	2.81336793895231e-02
1.46400000000000e+01	2.79106442361667e-02
1.46500000000000e+01	2.76900277985740e-02
1.46600000000000e+01	2.74708527250153e-02
1.46700000000000e+01	2.72540061637731e-02
1.46800000000000e+01	2.70394626670923e-02
1.46900000000000e+01	2.68272181196107e-02
1.47000000000000e+01	2.66172750833473e-02
1.47100000000000e+01	2.64097735122275e-02
1.47200000000000e+01	2.62044584006436e-02
1.47300000000000e+01	2.60014951710895e-02
1.47400000000000e+01	2.58011722554334e-02
1.47500000000000e+01	2.56032092258652e-02
1.47600000000000e+01	2.54075067510324e-02
1.47700000000000e+01	2.52141256638379e-02
1.47800000000000e+01	2.50222336532019e-02
1.47900000000000e+01	2.48323922335479e-02
1.48000000000000e+01	2.46442165589629e-02
1.48100000000000e+01	2.44571378996599e-02
1.48200000000000e+01	2.42718004157656e-02
1.48300000000000e+01	2.40872846847478e-02
1.48400000000000e+01	2.39038176428725e-02
1.48500000000000e+01	2.37214798811573e-02
1.48600000000000e+01	2.35399036730011e-02
1.48700000000000e+01	2.33591436682207e-02
1.48800000000000e+01	2.31792025302993e-02
1.48900000000000e+01	2.29998249783310e-02
1.49000000000000e+01	2.28219564654541e-02
1.49100000000000e+01	2.26445489653635e-02
1.49200000000000e+01	2.24682446422536e-02
1.49300000000000e+01	2.22931925117528e-02
1.49400000000000e+01	2.21191446252764e-02
1.49500000000000e+01	2.19464334136060e-02
1.49600000000000e+01	2.17751509172091e-02
1.49700000000000e+01	2.16055549215675e-02
1.49800000000000e+01	2.14375206846030e-02
1.49900000000000e+01	2.12712229480993e-02
1.50000000000000e+01	2.11065798206253e-02
1.50100000000000e+01	2.09440961861632e-02
1.50200000000000e+01	2.07829466639840e-02
1.50300000000000e+01	2.06238691910342e-02
1.50400000000000e+01	2.04665611239739e-02
1.50500000000000e+01	2.03109093769780e-02
1.50600000000000e+01	2.01570186882752e-02
1.50700000000000e+01	2.00045240527474e-02
1.50800000000000e+01	1.98532903971782e-02
1.50900000000000e+01	1.97036729055056e-02
1.51000000000000e+01	1.95547893881225e-02
1.51100000000000e+01	1.94072090759177e-02
1.51200000000000e+01	1.92607961500511e-02
1.51300000000000e+01	1.91148757766215e-02
1.51400000000000e+01	1.89701290393346e-02
1.51500000000000e+01	1.88258114791942e-02
1.51600000000000e+01	1.86821858508388e-02
1.51700000000000e+01	1.85394510538945e-02
1.51800000000000e+01	1.83976871654895e-02
1.51900000000000e+01	1.82564289371924e-02
1.52000000000000e+01	1.81162588520968e-02
1.52100000000000e+01	1.79770246390158e-02
1.52200000000000e+01	1.78388761486959e-02
1.52300000000000e+01	1.77016971831797e-02
1.52400000000000e+01	1.75651764976675e-02
1.52500000000000e+01	1.74297183335432e-02
1.52600000000000e+01	1.72947466999127e-02
1.52700000000000e+01	1.71602737554297e-02
1.52800000000000e+01	1.70262809758518e-02
1.52900000000000e+01	1.68919442367468e-02
1.53000000000000e+01	1.67572691088800e-02
1.53100000000000e+01	1.66217052414775e-02
1.53200000000000e+01	1.64852894280011e-02
1.53300000000000e+01	1.63477742255478e-02
1.53400000000000e+01	1.62084596239576e-02
1.53500000000000e+01	1.60675217176709e-02
1.53600000000000e+01	1.59251241790162e-02
1.53700000000000e+01	1.57806027079723e-02
1.53800000000000e+01	1.56344389706140e-02
1.53900000000000e+01	1.54867377430255e-02
1.54000000000000e+01	1.53377593935005e-02
1.54100000000000e+01	1.51878529437504e-02
1.54200000000000e+01	1.50372275251626e-02
1.54300000000000e+01	1.48867092624157e-02
1.54400000000000e+01	1.47365987306543e-02
1.54500000000000e+01	1.45876602373882e-02
1.54600000000000e+01	1.44403442152474e-02
1.54700000000000e+01	1.42958235643568e-02
1.54800000000000e+01	1.41540490799660e-02
1.54900000000000e+01	1.40162268127175e-02
1.55000000000000e+01	1.38825290621128e-02
1.55100000000000e+01	1.37538331921893e-02
1.55200000000000e+01	1.36303594715490e-02
1.55300000000000e+01	1.35124795549572e-02
1.55400000000000e+01	1.33998050255487e-02
1.55500000000000e+01	1.32928382277336e-02
1.55600000000000e+01	1.31909067802373e-02
1.55700000000000e+01	1.30936889550098e-02
1.55800000000000e+01	1.30011246145659e-02
1.55900000000000e+01	1.29124551844547e-02
1.56000000000000e+01	1.28267387286239e-02
1.56100000000000e+01	1.27440177213135e-02
1.56200000000000e+01	1.26631127845361e-02
1.56300000000000e+01	1.25840425964798e-02
1.56400000000000e+01	1.25059030587051e-02
1.56500000000000e+01	1.24283568177694e-02
1.56600000000000e+01	1.23507884572270e-02
1.56700000000000e+01	1.22731260474917e-02
1.56800000000000e+01	1.21948940399272e-02
1.56900000000000e+01	1.21161567654481e-02
1.57000000000000e+01	1.20365092469828e-02
1.57100000000000e+01	1.19557877943378e-02
1.57200000000000e+01	1.18742262445362e-02
1.57300000000000e+01	1.17917764534037e-02
1.57400000000000e+01	1.17083960384356e-02
1.57500000000000e+01	1.16243660744372e-02
1.57600000000000e+01	1.15398264269702e-02
1.57700000000000e+01	1.14547857648033e-02
1.57800000000000e+01	1.13696505829068e-02
1.57900000000000e+01	1.12849807547287e-02
1.58000000000000e+01	1.12006645452515e-02
1.58100000000000e+01	1.11170982627889e-02
1.58200000000000e+01	1.10346083329835e-02
1.58300000000000e+01	1.09536127907896e-02
1.58400000000000e+01	1.08743036950428e-02
1.58500000000000e+01	1.07967752353395e-02
1.58600000000000e+01	1.07213094080038e-02
1.58700000000000e+01	1.06478963567303e-02
1.58800000000000e+01	1.05764717956996e-02
1.58900000000000e+01	1.05073437424972e-02
1.59000000000000e+01	1.04400980210180e-02
1.59100000000000e+01	1.03749013463418e-02
1.59200000000000e+01	1.03112892305396e-02
1.59300000000000e+01	1.02492121908259e-02
1.59400000000000e+01	1.01884829599595e-02
1.59500000000000e+01	1.01287977205907e-02
1.59600000000000e+01	1.00697633744117e-02
1.59700000000000e+01	1.00116090380066e-02
1.59800000000000e+01	9.95393158576388e-03
1.59900000000000e+01	9.89638928196290e-03
1.60000000000000e+01	9.83928173090465e-03
1.60100000000000e+01	9.78216262782539e-03
1.60200000000000e+01	9.72527178130494e-03
1.60300000000000e+01	9.66842420125410e-03
1.60400000000000e+01	9.61162373570782e-03
1.60500000000000e+01	9.55493159768017e-03
1.60600000000000e+01	9.49842554717662e-03
1.60700000000000e+01	9.44193633052029e-03
1.60800000000000e+01	9.38540741233648e-03
1.60900000000000e+01	9.32914488592750e-03
1.61000000000000e+01	9.27314248361175e-03
1.61100000000000e+01	9.21722551189548e-03
1.61200000000000e+01	9.16157385859083e-03
1.61300000000000e+01	9.10604107228727e-03
1.61400000000000e+01	9.05101594345886e-03
1.61500000000000e+01	8.99626386920788e-03
1.61600000000000e+01	8.94178735281248e-03
1.61700000000000e+01	8.88777422990499e-03
1.61800000000000e+01	8.83408816224153e-03
1.61900000000000e+01	8.78120697898649e-03
1.62000000000000e+01	8.72866644805524e-03
1.62100000000000e+01	8.67703012479816e-03
1.62200000000000e+01	8.62588986890973e-03
1.62300000000000e+01	8.57566329292848e-03
1.62400000000000e+01	8.52621996034546e-03
1.62500000000000e+01	8.47770634924448e-03
1.62600000000000e+01	8.42984503761607e-03
1.62700000000000e+01	8.38280285258338e-03
1.62800000000000e+01	8.33653595242747e-03
1.62900000000000e+01	8.29096461063089e-03
1.63000000000000e+01	8.24595492023065e-03
1.63100000000000e+01	8.20118910347756e-03
1.63200000000000e+01	8.15689112150977e-03
1.63300000000000e+01	8.11264165010170e-03
1.63400000000000e+01	8.06828921421329e-03
1.63500000000000e+01	8.02387696879764e-03
1.63600000000000e+01	7.97901733108224e-03
1.63700000000000e+01	7.93361706456517e-03
1.63800000000000e+01	7.88771211482361e-03
1.63900000000000e+01	7.84080407357390e-03
1.64000000000000e+01	7.79323431205139e-03
1.64100000000000e+01	7.74459624800170e-03
1.64200000000000e+01	7.69515999949849e-03
1.64300000000000e+01	7.64475831114665e-03
1.64400000000000e+01	7.59359239436865e-03
1.64500000000000e+01	7.54153689158794e-03
1.64600000000000e+01	7.48900921645033e-03
1.64700000000000e+01	7.43613662370424e-03
1.64800000000000e+01	7.38286856519828e-03
1.64900000000000e+01	7.32977864417281e-03
1.65000000000000e+01	7.27708769881935e-03
1.65100000000000e+01	7.22467553972558e-03
1.65200000000000e+01	7.17292000410248e-03
1.65300000000000e+01	7.12202847536661e-03
1.65400000000000e+01	7.07204115889575e-03
1.65500000000000e+01	7.02313090464703e-03
1.65600000000000e+01	6.97539286052021e-03
1.65700000000000e+01	6.92873377633659e-03
1.65800000000000e+01	6.88320916334411e-03
1.65900000000000e+01	6.83893493800818e-03
1.66000000000000e+01	6.79592568376862e-03
1.66100000000000e+01	6.75390556510031e-03
1.66200000000000e+01	6.71309369011763e-03
1.66300000000000e+01	6.67322919100578e-03
1.66400000000000e+01	6.63446096722017e-03
1.66500000000000e+01	6.59660674074680e-03
1.66600000000000e+01	6.55969526366974e-03
1.66700000000000e+01	6.52360779790127e-03
1.66800000000000e+01	6.48838210539526e-03
1.66900000000000e+01	6.45377474409019e-03
1.67000000000000e+01	6.41986884328351e-03
1.67100000000000e+01	6.38646193261545e-03
1.67200000000000e+01	6.35369627965410e-03
1.67300000000000e+01	6.32127664054986e-03
1.67400000000000e+01	6.28913745319011e-03
1.67500000000000e+01	6.25732012554506e-03
1.67600000000000e+01	6.22566777000280e-03
1.67700000000000e+01	6.19399945822276e-03
1.67800000000000e+01	6.16232287606464e-03
1.67900000000000e+01	6.13075205523229e-03
1.68000000000000e+01	6.09894556788061e-03
1.68100000000000e+01	6.06692568051179e-03
1.68200000000000e+01	6.03490395334957e-03
1.68300000000000e+01	6.00266648084170e-03
1.68400000000000e+01	5.97023568051685e-03
1.68500000000000e+01	5.93770690463300e-03
1.68600000000000e+01	5.90500826842515e-03
1.68700000000000e+01	5.87220500265312e-03
1.68800000000000e+01	5.83944331326093e-03
1.68900000000000e+01	5.80657005291474e-03
1.69000000000000e+01	5.77388438057428e-03
1.69100000000000e+01	5.74115592319148e-03
1.69200000000000e+01	5.70846840510922e-03
1.69300000000000e+01	5.67588092012442e-03
1.69400000000000e+01	5.64347122818036e-03
1.69500000000000e+01	5.61108491707413e-03
1.69600000000000e+01	5.57896068170693e-03
1.69700000000000e+01	5.54694266236947e-03
1.69800000000000e+01	5.51519733781513e-03
1.69900000000000e+01	5.48377187808850e-03
1.70000000000000e+01	5.45267896398541e-03
1.70100000000000e+01	5.42214917611691e-03
1.70200000000000e+01	5.39214928838784e-03
1.70300000000000e+01	5.36265940877277e-03
1.70400000000000e+01	5.33381160760670e-03
1.70500000000000e+01	5.30569633861600e-03
1.70600000000000e+01	5.27824209958096e-03
1.70700000000000e+01	5.25155458228550e-03
1.70800000000000e+01	5.22543321662343e-03
1.70900000000000e+01	5.19999665396758e-03
1.71000000000000e+01	5.17520880818940e-03
1.71100000000000e+01	5.15097884788707e-03
1.71200000000000e+01	5.12709988570539e-03
1.71300000000000e+01	5.10362955379864e-03
1.71400000000000e+01	5.08058481524300e-03
1.71500000000000e+01	5.05780440399955e-03
1.71600000000000e+01	5.03521141918808e-03
1.71700000000000e+01	5.01288345134438e-03
1.71800000000000e+01	4.99063085460583e-03
1.71900000000000e+01	4.96869257860886e-03
1.72000000000000e+01	4.94679334577304e-03
1.72100000000000e+01	4.92511225151816e-03
1.72200000000000e+01	4.90358866039118e-03
1.72300000000000e+01	4.88201087514479e-03
1.72400000000000e+01	4.86079052032277e-03
1.72500000000000e+01	4.83948089948277e-03
1.72600000000000e+01	4.81841380424293e-03
1.72700000000000e+01	4.79740780913728e-03
1.72800000000000e+01	4.77644337028911e-03
1.72900000000000e+01	4.75557925120893e-03
1.73000000000000e+01	4.73479601397445e-03
1.73100000000000e+01	4.71406006677487e-03
1.73200000000000e+01	4.69338104235535e-03
1.73300000000000e+01	4.67267647751378e-03
1.73400000000000e+01	4.65197353291785e-03
1.73500000000000e+01	4.63131885792648e-03
1.73600000000000e+01	4.61066493589639e-03
1.73700000000000e+01	4.58996746286065e-03
1.73800000000000e+01	4.56927230316465e-03
1.73900000000000e+01	4.54855147186763e-03
1.74000000000000e+01	4.52794845963408e-03
1.74100000000000e+01	4.50722189464234e-03
1.74200000000000e+01	4.48651419418331e-03
1.74300000000000e+01	4.46579546906896e-03
1.74400000000000e+01	4.44520364929509e-03
1.74500000000000e+01	4.42448979389925e-03
1.74600000000000e+01	4.40390973270494e-03
1.74700000000000e+01	4.38334836374258e-03
1.74800000000000e+01	4.36272385738910e-03
1.74900000000000e+01	4.34206504201801e-03
1.75000000000000e+01	4.32147168321808e-03
1.75100000000000e+01	4.30085454517510e-03
1.75200000000000e+01	4.28014348619200e-03
1.75300000000000e+01	4.25935543898049e-03
1.75400000000000e+01	4.23840426641991e-03
1.75500000000000e+01	4.21752274231601e-03
1.75600000000000e+01	4.19644441370661e-03
1.75700000000000e+01	4.17528437961160e-03
1.75800000000000e+01	4.15399725851388e-03
1.75900000000000e+01	4.13270950559321e-03
1.76000000000000e+01	4.11128486895711e-03
1.76100000000000e+01	4.08994563768922e-03
1.76200000000000e+01	4.06854444377029e-03
1.76300000000000e+01	4.04725030992017e-03
1.76400000000000e+01	4.02600098987118e-03
1.76500000000000e+01	4.00490282761925e-03
1.76600000000000e+01	3.98396737955742e-03
1.76700000000000e+01	3.96320353793878e-03
1.76800000000000e+01	3.94262371858962e-03
1.76900000000000e+01	3.92231336729055e-03
1.77000000000000e+01	3.90211242872977e-03
1.77100000000000e+01	3.88214764579177e-03
1.77200000000000e+01	3.86234803819097e-03
1.77300000000000e+01	3.84268088987329e-03
1.77400000000000e+01	3.82325698125134e-03
1.77500000000000e+01	3.80384536828381e-03
1.77600000000000e+01	3.78465312493238e-03
1.77700000000000e+01	3.76546709808112e-03
1.77800000000000e+01	3.74640562263129e-03
1.77900000000000e+01	3.72743136804779e-03
1.78000000000000e+01	3.70836799848874e-03
1.78100000000000e+01	3.68942236969310e-03
1.78200000000000e+01	3.67052778450453e-03
1.78300000000000e+01	3.65154980785969e-03
1.78400000000000e+01	3.63258472970855e-03
1.78500000000000e+01	3.61367955865463e-03
1.78600000000000e+01	3.59479716759676e-03
1.78700000000000e+01	3.57589965391029e-03
1.78800000000000e+01	3.55697703328298e-03
1.78900000000000e+01	3.53805097617409e-03
1.79000000000000e+01	3.51923025649185e-03
1.79100000000000e+01	3.50032552099462e-03
1.79200000000000e+01	3.48140577802477e-03
1.79300000000000e+01	3.46255409614320e-03
1.79400000000000e+01	3.44357574335101e-03
1.79500000000000e+01	3.42460791001234e-03
1.79600000000000e+01	3.40549975132775e-03
1.79700000000000e+01	3.38646735972913e-03
1.79800000000000e+01	3.36729135592102e-03
1.79900000000000e+01	3.34816839812567e-03
1.80000000000000e+01	3.32907165688093e-03
1.80100000000000e+01	3.31016197642434e-03
1.80200000000000e+01	3.29132487671104e-03
1.80300000000000e+01	3.27278666573663e-03
1.80400000000000e+01	3.25455251542056e-03
1.80500000000000e+01	3.23673232226252e-03
1.80600000000000e+01	3.21930707600646e-03
1.80700000000000e+01	3.20243572689319e-03
1.80800000000000e+01	3.18609289946192e-03
1.80900000000000e+01	3.17026669266757e-03
1.81000000000000e+01	3.15490585002476e-03
1.81100000000000e+01	3.14006235410730e-03
1.81200000000000e+01	3.12571584029419e-03
1.81300000000000e+01	3.11176308450469e-03
1.81400000000000e+01	3.09805858134741e-03
1.81500000000000e+01	3.08466439959932e-03
1.81600000000000e+01	3.07143522046199e-03
1.81700000000000e+01	3.05840166537126e-03
1.81800000000000e+01	3.04537059729433e-03
1.81900000000000e+01	3.03244958299665e-03
1.82000000000000e+01	3.01950210806003e-03
1.82100000000000e+01	3.00647974731778e-03
1.82200000000000e+01	2.99343936308437e-03
1.82300000000000e+01	2.98034198562123e-03
1.82400000000000e+01	2.96710490764386e-03
1.82500000000000e+01	2.95375886993787e-03
1.82600000000000e+01	2.94029547370080e-03
1.82700000000000e+01	2.92673041016570e-03
1.82800000000000e+01	2.91303264222912e-03
1.82900000000000e+01	2.89922581469773e-03
1.83000000000000e+01	2.88540877992559e-03
1.83100000000000e+01	2.87143615593672e-03
1.83200000000000e+01	2.85753258591061e-03
1.83300000000000e+01	2.84358632461577e-03
1.83400000000000e+01	2.82966888421178e-03
1.83500000000000e+01	2.81584927190405e-03
1.83600000000000e+01	2.80212581599625e-03
1.83700000000000e+01	2.78857860516904e-03
1.83800000000000e+01	2.77522309689577e-03
1.83900000000000e+01	2.76209292109913e-03
1.84000000000000e+01	2.74925114064353e-03
1.84100000000000e+01	2.73671258905725e-03
1.84200000000000e+01	2.72452608589231e-03
1.84300000000000e+01	2.71269722587506e-03
1.84400000000000e+01	2.70121726028277e-03
1.84500000000000e+01	2.69013510821758e-03
1.84600000000000e+01	2.67939341240270e-03
1.84700000000000e+01	2.66901591284630e-03
1.84800000000000e+01	2.65894474642884e-03
1.84900000000000e+01	2.64913433325570e-03
1.85000000000000e+01	2.63957998494996e-03
1.85100000000000e+01	2.63020418841411e-03
1.85200000000000e+01	2.62098151874272e-03
1.85300000000000e+01	2.61185305192380e-03
1.85400000000000e+01	2.60276391191683e-03
1.85500000000000e+01	2.59370042341013e-03
1.85600000000000e+01	2.58459365418411e-03
1.85700000000000e+01	2.57545820038483e-03
1.85800000000000e+01	2.56623619489949e-03
1.85900000000000e+01	2.55689873598504e-03
1.86000000000000e+01	2.54747234104029e-03
1.86100000000000e+01	2.53792516638135e-03
1.86200000000000e+01	2.52825899521916e-03
1.86300000000000e+01	2.51850056164928e-03
1.86400000000000e+01	2.50866121226319e-03
1.86500000000000e+01	2.49870345184683e-03
1.86600000000000e+01	2.48869854526874e-03
1.86700000000000e+01	2.47865311699654e-03
1.86800000000000e+01	2.46853088469082e-03
1.86900000000000e+01	2.45841719607237e-03
1.87000000000000e+01	2.44826300467618e-03
1.87100000000000e+01	2.43811891889183e-03
1.87200000000000e+01	2.42795889563250e-03
1.87300000000000e+01	2.41782174449026e-03
1.87400000000000e+01	2.40767483247455e-03
1.87500000000000e+01	2.39755098105516e-03
1.87600000000000e+01	2.38738723492664e-03
1.87700000000000e+01	2.37726207312372e-03
1.87800000000000e+01	2.36709288642103e-03
1.87900000000000e+01	2.35691816904356e-03
1.88000000000000e+01	2.34671689926560e-03
1.88100000000000e+01	2.33650293352898e-03
1.88200000000000e+01	2.32623624615740e-03
1.88300000000000e+01	2.31591692839682e-03
1.88400000000000e+01	2.30555518384580e-03
1.88500000000000e+01	2.29512826895301e-03
1.88600000000000e+01	2.28464736399100e-03
1.88700000000000e+01	2.27407202131795e-03
1.88800000000000e+01	2.26341090754236e-03
1.88900000000000e+01	2.25265548242049e-03
1.89000000000000e+01	2.24182168281015e-03
1.89100000000000e+01	2.23090762959597e-03
1.89200000000000e+01	2.21987954910834e-03
1.89300000000000e+01	2.20878596265685e-03
1.89400000000000e+01	2.19764187757259e-03
1.89500000000000e+01	2.18641540665178e-03
1.89600000000000e+01	2.17519700873610e-03
1.89700000000000e+01	2.16392912499373e-03
1.89800000000000e+01	2.15268934296362e-03
1.89900000000000e+01	2.14148577504359e-03
1.90000000000000e+01	2.13032363048890e-03
1.90100000000000e+01	2.11925127729222e-03
1.90200000000000e+01	2.10825318353329e-03
1.90300000000000e+01	2.09734750390599e-03
1.90400000000000e+01	2.08651078171240e-03
1.90500000000000e+01	2.07571859015574e-03
1.90600000000000e+01	2.06497203315118e-03
1.90700000000000e+01	2.05421696993938e-03
1.90800000000000e+01	2.04343715717242e-03
1.90900000000000e+01	2.03261840439416e-03
1.91000000000000e+01	2.02173206917778e-03
1.91100000000000e+01	2.01078764908512e-03
1.91200000000000e+01	1.99982198259042e-03
1.91300000000000e+01	1.98886555872371e-03
1.91400000000000e+01	1.97797437308193e-03
1.91500000000000e+01	1.96724321775046e-03
1.91600000000000e+01	1.95674562519449e-03
1.91700000000000e+01	1.94655705586503e-03
1.91800000000000e+01	1.93677056276161e-03
1.91900000000000e+01	1.92744511065080e-03
1.92000000000000e+01	1.91861494731718e-03
1.92100000000000e+01	1.91031010513358e-03
1.92200000000000e+01	1.90252038648693e-03
1.92300000000000e+01	1.89520421412582e-03
1.92400000000000e+01	1.88834324674396e-03
1.92500000000000e+01	1.88183887036030e-03
1.92600000000000e+01	1.87565409826439e-03
1.92700000000000e+01	1.86966390857800e-03
1.92800000000000e+01	1.86384365205667e-03
1.92900000000000e+01	1.85812184916714e-03
1.93000000000000e+01	1.85240584756551e-03
1.93100000000000e+01	1.84671096598544e-03
1.93200000000000e+01	1.84094543041888e-03
1.93300000000000e+01	1.83513105997342e-03
1.93400000000000e+01	1.82922914975920e-03
1.93500000000000e+01	1.82323755207160e-03
1.93600000000000e+01	1.81716622876453e-03
1.93700000000000e+01	1.81099550811888e-03
1.93800000000000e+01	1.80473756675310e-03
1.93900000000000e+01	1.79841097909581e-03
1.94000000000000e+01	1.79199323142544e-03
1.94100000000000e+01	1.78550187369289e-03
1.94200000000000e+01	1.77892902972036e-03
1.94300000000000e+01	1.77230338491926e-03
1.94400000000000e+01	1.76562400954575e-03
1.94500000000000e+01	1.75885860030459e-03
1.94600000000000e+01	1.75204259889995e-03
1.94700000000000e+01	1.74517074668490e-03
1.94800000000000e+01	1.73825378498054e-03
1.94900000000000e+01	1.73127438823739e-03
1.95000000000000e+01	1.72424326388415e-03
1.95100000000000e+01	1.71715539230241e-03
1.95200000000000e+01	1.71004094138571e-03
1.95300000000000e+01	1.70287152942916e-03
1.95400000000000e+01	1.69565046680709e-03
1.95500000000000e+01	1.68840481309780e-03
1.95600000000000e+01	1.68112702984256e-03
1.95700000000000e+01	1.67380478856494e-03
1.95800000000000e+01	1.66648900196099e-03
1.95900000000000e+01	1.65914377362946e-03
1.96000000000000e+01	1.65178776540599e-03
1.96100000000000e+01	1.64445403470976e-03
1.96200000000000e+01	1.63712446755279e-03
1.96300000000000e+01	1.62981497047903e-03
1.96400000000000e+01	1.62251725215875e-03
1.96500000000000e+01	1.61526827100920e-03
1.96600000000000e+01	1.60804328149492e-03
1.96700000000000e+01	1.60086647084263e-03
1.96800000000000e+01	1.59370115101167e-03
1.96900000000000e+01	1.58657868666141e-03
1.97000000000000e+01	1.57949589218920e-03
1.97100000000000e+01	1.57241378519651e-03
1.97200000000000e+01	1.56537040702157e-03
1.97300000000000e+01	1.55833122603366e-03
1.97400000000000e+01	1.55128804795824e-03
1.97500000000000e+01	1.54425529145823e-03
1.97600000000000e+01	1.53720828241556e-03
1.97700000000000e+01	1.53017443876655e-03
1.97800000000000e+01	1.52310708172335e-03
1.97900000000000e+01	1.51605541430801e-03
1.98000000000000e+01	1.50904172285744e-03
1.98100000000000e+01	1.50205794492800e-03
1.98200000000000e+01	1.49519368839181e-03
1.98300000000000e+01	1.48852514757938e-03
1.98400000000000e+01	1.48211912540096e-03
1.98500000000000e+01	1.47613622979413e-03
1.98600000000000e+01	1.47072124085621e-03
1.98700000000000e+01	1.46600586912188e-03
1.98800000000000e+01	1.46210275446709e-03
1.98900000000000e+01	1.45902195218922e-03
1.99000000000000e+01	1.45657099240948e-03
1.99100000000000e+01	1.45420755930484e-03
1.99200000000000e+01	1.45093039335769e-03
1.99300000000000e+01	1.44487720365654e-03
1.99400000000000e+01	1.43314229340382e-03
1.99500000000000e+01	1.41124471640698e-03
1.99600000000000e+01	1.37281019062721e-03
1.99700000000000e+01	1.30926765135418e-03
1.99800000000000e+01	1.21010900351456e-03
1.99900000000000e+01	1.06443617248128e-03
2.00000000000000e+01	8.64804949324954e-04
