1.00000000000000e-02	1.78924460715874e+15
2.00000000000000e-02	1.11818595027276e+14
3.00000000000000e-02	2.20845077412757e+13
4.00000000000000e-02	6.98632109314283e+12
5.00000000000000e-02	2.86087842347842e+12
6.00000000000000e-02	1.37924478167991e+12
7.00000000000000e-02	7.44212557727958e+11
8.00000000000000e-02	4.36061364142514e+11
9.00000000000000e-02	2.72101678829002e+11
1.00000000000000e-01	1.78431446525455e+11
1.10000000000000e-01	1.21799474604042e+11
1.20000000000000e-01	8.59436387793565e+10
1.30000000000000e-01	6.23534212824929e+10
1.40000000000000e-01	4.63227251509319e+10
1.50000000000000e-01	3.51227242208581e+10
1.60000000000000e-01	2.71079328095472e+10
1.70000000000000e-01	2.12509703689327e+10
1.80000000000000e-01	1.68910601266816e+10
1.90000000000000e-01	1.35918868784650e+10
2.00000000000000e-01	1.10585191672540e+10
2.10000000000000e-01	9.08732824901728e+09
2.20000000000000e-01	7.53528708215108e+09
2.30000000000000e-01	6.29975337294310e+09
2.40000000000000e-01	5.30654850601901e+09
2.50000000000000e-01	4.50083207379487e+09
2.60000000000000e-01	3.84176047114665e+09
2.70000000000000e-01	3.29844986191692e+09
2.80000000000000e-01	2.84746523636399e+09
2.90000000000000e-01	2.47051158825358e+09
3.00000000000000e-01	2.15359128382866e+09
3.10000000000000e-01	1.88557690312890e+09
3.20000000000000e-01	1.65766853427370e+09
3.30000000000000e-01	1.46295437112950e+09
3.40000000000000e-01	1.29577424648250e+09
3.50000000000000e-01	1.15161838953226e+09
3.60000000000000e-01	1.02677971258351e+09
3.70000000000000e-01	9.18244959499128e+08
3.80000000000000e-01	8.23534566345499e+08
3.90000000000000e-01	7.40593761880679e+08
4.00000000000000e-01	6.67717164255034e+08
4.10000000000000e-01	6.03474997947136e+08
4.20000000000000e-01	5.46680984443623e+08
4.30000000000000e-01	4.96323890721198e+08
4.40000000000000e-01	4.51559878549337e+08
4.50000000000000e-01	4.11645795726730e+08
4.60000000000000e-01	3.75976211478906e+08
4.70000000000000e-01	3.44025223553536e+08
4.80000000000000e-01	3.15343987982200e+08
4.90000000000000e-01	2.89530049461368e+08
5.00000000000000e-01	2.66252947851470e+08
5.10000000000000e-01	2.45220953587719e+08
5.20000000000000e-01	2.26189030074196e+08
5.30000000000000e-01	2.08921238261302e+08
5.40000000000000e-01	1.93233484107500e+08
5.50000000000000e-01	1.78960512210004e+08
5.60000000000000e-01	1.65943260059780e+08
5.70000000000000e-01	1.54057441609488e+08
5.80000000000000e-01	1.43193311558426e+08
5.90000000000000e-01	1.33238740285593e+08
6.00000000000000e-01	1.24109591124092e+08
6.10000000000000e-01	1.15724719066876e+08
6.20000000000000e-01	1.08013961337852e+08
6.30000000000000e-01	1.00913627972315e+08
6.40000000000000e-01	9.43702428650313e+07
6.50000000000000e-01	8.83274026384734e+07
6.60000000000000e-01	8.27431349082927e+07
6.70000000000000e-01	7.75739086434152e+07
6.80000000000000e-01	7.27883440003155e+07
6.90000000000000e-01	6.83512145264936e+07
7.00000000000000e-01	6.42328598180276e+07
7.10000000000000e-01	6.04061625270690e+07
7.20000000000000e-01	5.68457305949645e+07
7.30000000000000e-01	5.35332518164335e+07
7.40000000000000e-01	5.04451451257188e+07
7.50000000000000e-01	4.75666694260443e+07
7.60000000000000e-01	4.48787136085350e+07
7.70000000000000e-01	4.23681214662255e+07
7.80000000000000e-01	4.00204285396226e+07
7.90000000000000e-01	3.78241540604738e+07
8.00000000000000e-01	3.57672332194184e+07
8.10000000000000e-01	3.38389634986720e+07
8.20000000000000e-01	3.20315593580264e+07
8.30000000000000e-01	3.03344470350793e+07
8.40000000000000e-01	2.87416546798488e+07
8.50000000000000e-01	2.72438983435687e+07
8.60000000000000e-01	2.58354902650623e+07
8.70000000000000e-01	2.45100784537189e+07
8.80000000000000e-01	2.32615847838651e+07
8.90000000000000e-01	2.20857198559684e+07
9.00000000000000e-01	2.09769103883363e+07
9.10000000000000e-01	1.99306686510832e+07
9.20000000000000e-01	1.89433654826422e+07
9.30000000000000e-01	1.80109820228645e+07
9.40000000000000e-01	1.71299384729889e+07
9.50000000000000e-01	1.62965786088327e+07
9.60000000000000e-01	1.55083087415514e+07
9.70000000000000e-01	1.47623027180256e+07
9.80000000000000e-01	1.40559732308045e+07
9.90000000000000e-01	1.33864987379667e+07
1.00000000000000e+00	1.27524301820301e+07
1.01000000000000e+00	1.21507548775659e+07
1.02000000000000e+00	1.15797216482428e+07
1.03000000000000e+00	1.10380940052233e+07
1.04000000000000e+00	1.05235631051325e+07
1.05000000000000e+00	1.00347416446322e+07
1.06000000000000e+00	9.56998805663386e+06
1.07000000000000e+00	9.12837209309772e+06
1.08000000000000e+00	8.70802768911494e+06
1.09000000000000e+00	8.30770710297472e+06
1.10000000000000e+00	7.92670122336683e+06
1.11000000000000e+00	7.56347437227807e+06
1.12000000000000e+00	7.21694866204839e+06
1.13000000000000e+00	6.88634516342268e+06
1.14000000000000e+00	6.57068140661206e+06
1.15000000000000e+00	6.26902911738479e+06
1.16000000000000e+00	5.98038380102423e+06
1.17000000000000e+00	5.70416896095662e+06
1.18000000000000e+00	5.43946401049005e+06
1.19000000000000e+00	5.18565841841177e+06
1.20000000000000e+00	4.94203465105387e+06
1.21000000000000e+00	4.70779663198458e+06
1.22000000000000e+00	4.48221551839290e+06
1.23000000000000e+00	4.26480289291491e+06
1.24000000000000e+00	4.05448656597025e+06
1.25000000000000e+00	3.85081441172554e+06
1.26000000000000e+00	3.65274995710758e+06
1.27000000000000e+00	3.45991556951863e+06
1.28000000000000e+00	3.27143192805377e+06
1.29000000000000e+00	3.08722090866505e+06
1.30000000000000e+00	2.90690595280596e+06
1.31000000000000e+00	2.73084850579471e+06
1.32000000000000e+00	2.55958555472956e+06
1.33000000000000e+00	2.39400619189249e+06
1.34000000000000e+00	2.23539499540146e+06
1.35000000000000e+00	2.08541875048303e+06
1.36000000000000e+00	1.94577214437658e+06
1.37000000000000e+00	1.81834498425269e+06
1.38000000000000e+00	1.70476108948850e+06
1.39000000000000e+00	1.60642461981322e+06
1.40000000000000e+00	1.52433981769116e+06
1.41000000000000e+00	1.45886496045878e+06
1.42000000000000e+00	1.40980772356360e+06
1.43000000000000e+00	1.37634482540853e+06
1.44000000000000e+00	1.35714874971193e+06
1.45000000000000e+00	1.35036862524667e+06
1.46000000000000e+00	1.35391665609372e+06
1.47000000000000e+00	1.36542278324728e+06
1.48000000000000e+00	1.38262528129906e+06
1.49000000000000e+00	1.40322721701375e+06
1.50000000000000e+00	1.42514966768492e+06
1.51000000000000e+00	1.44651777246927e+06
1.52000000000000e+00	1.46569572569160e+06
1.53000000000000e+00	1.48143124721462e+06
1.54000000000000e+00	1.49268837646134e+06
1.55000000000000e+00	1.49878394756715e+06
1.56000000000000e+00	1.49954734481433e+06
1.57000000000000e+00	1.49507250637389e+06
1.58000000000000e+00	1.48582928870488e+06
1.59000000000000e+00	1.47261242334542e+06
1.60000000000000e+00	1.45638181157541e+06
1.61000000000000e+00	1.43825868335385e+06
1.62000000000000e+00	1.41919307806469e+06
1.63000000000000e+00	1.39995146006932e+06
1.64000000000000e+00	1.38094586674238e+06
1.65000000000000e+00	1.36232883197790e+06
1.66000000000000e+00	1.34374524140083e+06
1.67000000000000e+00	1.32479838855012e+06
1.68000000000000e+00	1.30474726211522e+06
1.69000000000000e+00	1.28307286527579e+06
1.70000000000000e+00	1.25933767829021e+06
1.71000000000000e+00	1.23366965113385e+06
1.72000000000000e+00	1.20645763267551e+06
1.73000000000000e+00	1.17882078355698e+06
1.74000000000000e+00	1.15231528796313e+06
1.75000000000000e+00	1.12846559897407e+06
1.76000000000000e+00	1.10862326491411e+06
1.77000000000000e+00	1.09336170776418e+06
1.78000000000000e+00	1.08234416236571e+06
1.79000000000000e+00	1.07425453787056e+06
1.80000000000000e+00	1.06696320517103e+06
1.81000000000000e+00	1.05813235951855e+06
1.82000000000000e+00	1.04591406344327e+06
1.83000000000000e+00	1.02941042733426e+06
1.84000000000000e+00	1.00886690762669e+06
1.85000000000000e+00	9.85634894525390e+05
1.86000000000000e+00	9.61451914888207e+05
1.87000000000000e+00	9.38509445636560e+05
1.88000000000000e+00	9.19199166346872e+05
1.89000000000000e+00	9.06365741193662e+05
1.90000000000000e+00	9.03487158708212e+05
1.91000000000000e+00	9.14589980745800e+05
1.92000000000000e+00	9.44103958148624e+05
1.93000000000000e+00	9.96073258624768e+05
1.94000000000000e+00	1.07326988711589e+06
1.95000000000000e+00	1.17602051618844e+06
1.96000000000000e+00	1.30125145109973e+06
1.97000000000000e+00	1.44209869471590e+06
1.98000000000000e+00	1.58834539981612e+06
1.99000000000000e+00	1.72775160198083e+06
2.00000000000000e+00	1.84789524868373e+06
2.01000000000000e+00	1.93818923183249e+06
2.02000000000000e+00	1.99151535125195e+06
2.03000000000000e+00	2.00507837703954e+06
2.04000000000000e+00	1.98031581296931e+06
2.05000000000000e+00	1.92230187507324e+06
2.06000000000000e+00	1.83833395767239e+06
2.07000000000000e+00	1.73658115768787e+06
2.08000000000000e+00	1.62488131800042e+06
2.09000000000000e+00	1.50969145322867e+06
2.10000000000000e+00	1.39577905487264e+06
2.11000000000000e+00	1.28625034972322e+06
2.12000000000000e+00	1.18290841379492e+06
2.13000000000000e+00	1.08691396203598e+06
2.14000000000000e+00	9.99230290977756e+05
2.15000000000000e+00	9.20729599296385e+05
2.16000000000000e+00	8.52120911433822e+05
2.17000000000000e+00	7.93489193857070e+05
2.18000000000000e+00	7.44193453615393e+05
2.19000000000000e+00	7.02773277927143e+05
2.20000000000000e+00	6.67291025385199e+05
2.21000000000000e+00	6.35678712884567e+05
2.22000000000000e+00	6.06213094496100e+05
2.23000000000000e+00	5.78025874774610e+05
2.24000000000000e+00	5.51316860472581e+05
2.25000000000000e+00	5.27443175047936e+05
2.26000000000000e+00	5.08524930174431e+05
2.27000000000000e+00	4.96981848695819e+05
2.28000000000000e+00	4.95130541287465e+05
2.29000000000000e+00	5.04934979116688e+05
2.30000000000000e+00	5.27900457646317e+05
2.31000000000000e+00	5.64978674227440e+05
2.32000000000000e+00	6.16365494659017e+05
2.33000000000000e+00	6.81230687083783e+05
2.34000000000000e+00	7.57312670085254e+05
2.35000000000000e+00	8.40919424052739e+05
2.36000000000000e+00	9.26984602758030e+05
2.37000000000000e+00	1.00973215275277e+06
2.38000000000000e+00	1.08333438075977e+06
2.39000000000000e+00	1.14264983538815e+06
2.40000000000000e+00	1.18371482930383e+06
2.41000000000000e+00	1.20415897167214e+06
2.42000000000000e+00	1.20342180260267e+06
2.43000000000000e+00	1.18264067335098e+06
2.44000000000000e+00	1.14427897229664e+06
2.45000000000000e+00	1.09179466546865e+06
2.46000000000000e+00	1.02892125247332e+06
2.47000000000000e+00	9.59529486669820e+05
2.48000000000000e+00	8.87195384242179e+05
2.49000000000000e+00	8.15158350644516e+05
2.50000000000000e+00	7.46144350116002e+05
2.51000000000000e+00	6.82322985264615e+05
2.52000000000000e+00	6.25148273179511e+05
2.53000000000000e+00	5.75365079713861e+05
2.54000000000000e+00	5.32934496574415e+05
2.55000000000000e+00	4.97199968612327e+05
2.56000000000000e+00	4.67019711414381e+05
2.57000000000000e+00	4.40944828454949e+05
2.58000000000000e+00	4.17441565459468e+05
2.59000000000000e+00	3.95060445790508e+05
2.60000000000000e+00	3.72502742806477e+05
2.61000000000000e+00	3.48753199531375e+05
2.62000000000000e+00	3.23073163022985e+05
2.63000000000000e+00	2.95101345828602e+05
2.64000000000000e+00	2.65000841818781e+05
2.65000000000000e+00	2.33518012782186e+05
2.66000000000000e+00	2.01939505615687e+05
2.67000000000000e+00	1.71814907977801e+05
2.68000000000000e+00	1.44662177559679e+05
2.69000000000000e+00	1.21781257180481e+05
2.70000000000000e+00	1.04250449960118e+05
2.71000000000000e+00	9.31078596239144e+04
2.72000000000000e+00	8.94799388268429e+04
2.73000000000000e+00	9.46832477215763e+04
2.74000000000000e+00	1.10153784748248e+05
2.75000000000000e+00	1.37324091450588e+05
2.76000000000000e+00	1.77427911799939e+05
2.77000000000000e+00	2.31299851648164e+05
2.78000000000000e+00	2.99176841643396e+05
2.79000000000000e+00	3.80615762661169e+05
2.80000000000000e+00	4.74369750425120e+05
2.81000000000000e+00	5.78394425275040e+05
2.82000000000000e+00	6.89928936157626e+05
2.83000000000000e+00	8.05590065144980e+05
2.84000000000000e+00	9.21629031968624e+05
2.85000000000000e+00	1.03417722217130e+06
2.86000000000000e+00	1.13951622313049e+06
2.87000000000000e+00	1.23442873494816e+06
2.88000000000000e+00	1.31638024920215e+06
2.89000000000000e+00	1.38361395604529e+06
2.90000000000000e+00	1.43517279175478e+06
2.91000000000000e+00	1.47086492243981e+06
2.92000000000000e+00	1.49099917081076e+06
2.93000000000000e+00	1.49646078485817e+06
2.94000000000000e+00	1.48853426805515e+06
2.95000000000000e+00	1.46892461048221e+06
2.96000000000000e+00	1.43981611606054e+06
2.97000000000000e+00	1.40360954669566e+06
2.98000000000000e+00	1.36296568619158e+06
2.99000000000000e+00	1.32038777447173e+06
3.00000000000000e+00	1.27810018510145e+06
3.01000000000000e+00	1.23776576694608e+06
3.02000000000000e+00	1.20042111133309e+06
3.03000000000000e+00	1.16657580737711e+06
3.04000000000000e+00	1.13630565121394e+06
3.05000000000000e+00	1.10938159632720e+06
3.06000000000000e+00	1.08547041646138e+06
3.07000000000000e+00	1.06426915094348e+06
3.08000000000000e+00	1.04554085295628e+06
3.09000000000000e+00	1.02910553415009e+06
3.10000000000000e+00	1.01486895678713e+06
3.11000000000000e+00	1.00270660872417e+06
3.12000000000000e+00	9.92345318090981e+05
3.13000000000000e+00	9.83311316105035e+05
3.14000000000000e+00	9.74767507415577e+05
3.15000000000000e+00	9.65530661767343e+05
3.16000000000000e+00	9.54224541099841e+05
3.17000000000000e+00	9.39404509916190e+05
3.18000000000000e+00	9.19900921433150e+05
3.19000000000000e+00	8.95099620606289e+05
3.20000000000000e+00	8.65017711741783e+05
3.21000000000000e+00	8.30292839083885e+05
3.22000000000000e+00	7.91920332683372e+05
3.23000000000000e+00	7.51007726726211e+05
3.24000000000000e+00	7.08602155283676e+05
3.25000000000000e+00	6.65579277984297e+05
3.26000000000000e+00	6.22680917086509e+05
3.27000000000000e+00	5.80530522474289e+05
3.28000000000000e+00	5.39683757063444e+05
3.29000000000000e+00	5.00642054832729e+05
3.30000000000000e+00	4.63858639022385e+05
3.31000000000000e+00	4.29747026863459e+05
3.32000000000000e+00	3.98695396258492e+05
3.33000000000000e+00	3.71055844481037e+05
3.34000000000000e+00	3.47174935367309e+05
3.35000000000000e+00	3.27375681734723e+05
3.36000000000000e+00	3.11971918704713e+05
3.37000000000000e+00	3.01266770268264e+05
3.38000000000000e+00	2.95544359724082e+05
3.39000000000000e+00	2.95057200160475e+05
3.40000000000000e+00	3.00004821701794e+05
3.41000000000000e+00	3.10484641540197e+05
3.42000000000000e+00	3.26473330593066e+05
3.43000000000000e+00	3.47782642395195e+05
3.44000000000000e+00	3.74042024359534e+05
3.45000000000000e+00	4.04671491779541e+05
3.46000000000000e+00	4.38902143320707e+05
3.47000000000000e+00	4.75788605079632e+05
3.48000000000000e+00	5.14256530296828e+05
3.49000000000000e+00	5.53165685842723e+05
3.50000000000000e+00	5.91371855618985e+05
3.51000000000000e+00	6.27816260341137e+05
3.52000000000000e+00	6.61575425538821e+05
3.53000000000000e+00	6.91850604665490e+05
3.54000000000000e+00	7.17993764084892e+05
3.55000000000000e+00	7.39412425012330e+05
3.56000000000000e+00	7.55567119012003e+05
3.57000000000000e+00	7.65985012664831e+05
3.58000000000000e+00	7.70321313543561e+05
3.59000000000000e+00	7.68477654182174e+05
3.60000000000000e+00	7.60740932644928e+05
3.61000000000000e+00	7.47826217798987e+05
3.62000000000000e+00	7.30906405464283e+05
3.63000000000000e+00	7.11583657290006e+05
3.64000000000000e+00	6.91804398085286e+05
3.65000000000000e+00	6.73714017806638e+05
3.66000000000000e+00	6.59543946132774e+05
3.67000000000000e+00	6.51444038628173e+05
3.68000000000000e+00	6.51341026165043e+05
3.69000000000000e+00	6.60821774215908e+05
3.70000000000000e+00	6.81036618603423e+05
3.71000000000000e+00	7.12663575334551e+05
3.72000000000000e+00	7.55941996160740e+05
3.73000000000000e+00	8.10660246621789e+05
3.74000000000000e+00	8.76289730829808e+05
3.75000000000000e+00	9.52041458912152e+05
3.76000000000000e+00	1.03698308094834e+06
3.77000000000000e+00	1.13004274095872e+06
3.78000000000000e+00	1.23009331760987e+06
3.79000000000000e+00	1.33586374950178e+06
3.80000000000000e+00	1.44586212896234e+06
3.81000000000000e+00	1.55832877166788e+06
3.82000000000000e+00	1.67124644552045e+06
3.83000000000000e+00	1.78235234071222e+06
3.84000000000000e+00	1.88930939604763e+06
3.85000000000000e+00	1.98990380518918e+06
3.86000000000000e+00	2.08226826059786e+06
3.87000000000000e+00	2.16501612743511e+06
3.88000000000000e+00	2.23744606622421e+06
3.89000000000000e+00	2.29949834157815e+06
3.90000000000000e+00	2.35164833621838e+06
3.91000000000000e+00	2.39459418174118e+06
3.92000000000000e+00	2.42897929781713e+06
3.93000000000000e+00	2.45501933118694e+06
3.94000000000000e+00	2.47230111747046e+06
3.95000000000000e+00	2.47968260959756e+06
3.96000000000000e+00	2.47549562169426e+06
3.97000000000000e+00	2.45785626609618e+06
3.98000000000000e+00	2.42516220980153e+06
3.99000000000000e+00	2.37651819035323e+06
4.00000000000000e+00	2.31208134504446e+06
4.01000000000000e+00	2.23327326287410e+06
4.02000000000000e+00	2.14273748797270e+06
4.03000000000000e+00	2.04420489617098e+06
4.04000000000000e+00	1.94231243614533e+06
4.05000000000000e+00	1.84221127322876e+06
4.06000000000000e+00	1.74893337982963e+06
4.07000000000000e+00	1.66685972561619e+06
4.08000000000000e+00	1.59902195123587e+06
4.09000000000000e+00	1.54675632864803e+06
4.10000000000000e+00	1.50942510021104e+06
4.11000000000000e+00	1.48449171041060e+06
4.12000000000000e+00	1.46787650469189e+06
4.13000000000000e+00	1.45437347783422e+06
4.14000000000000e+00	1.43836127839461e+06
4.15000000000000e+00	1.41445640022367e+06
4.16000000000000e+00	1.37821967606183e+06
4.17000000000000e+00	1.32668864283825e+06
4.18000000000000e+00	1.25875713619742e+06
4.19000000000000e+00	1.17517513040439e+06
4.20000000000000e+00	1.07834783541944e+06
4.21000000000000e+00	9.71902294232554e+05
4.22000000000000e+00	8.60192399875393e+05
4.23000000000000e+00	7.47730000840216e+05
4.24000000000000e+00	6.38726854317410e+05
4.25000000000000e+00	5.36736116812774e+05
4.26000000000000e+00	4.44400895913997e+05
4.27000000000000e+00	3.63368014323669e+05
4.28000000000000e+00	2.94318319534947e+05
4.29000000000000e+00	2.37082625623322e+05
4.30000000000000e+00	1.90875555362456e+05
4.31000000000000e+00	1.54525381655949e+05
4.32000000000000e+00	1.26706891206841e+05
4.33000000000000e+00	1.06118450896300e+05
4.34000000000000e+00	9.15986641397917e+04
4.35000000000000e+00	8.21829005393186e+04
4.36000000000000e+00	7.71100572984191e+04
4.37000000000000e+00	7.58042693225345e+04
4.38000000000000e+00	7.78498288900387e+04
4.39000000000000e+00	8.29461002539262e+04
4.40000000000000e+00	9.08778058130803e+04
4.41000000000000e+00	1.01471901979573e+05
4.42000000000000e+00	1.14560060950254e+05
4.43000000000000e+00	1.29940721236223e+05
4.44000000000000e+00	1.47339006359783e+05
4.45000000000000e+00	1.66383876505717e+05
4.46000000000000e+00	1.86594787860386e+05
4.47000000000000e+00	2.07394737994265e+05
4.48000000000000e+00	2.28144007531667e+05
4.49000000000000e+00	2.48200924434397e+05
4.50000000000000e+00	2.66980925501233e+05
4.51000000000000e+00	2.84034917514282e+05
4.52000000000000e+00	2.99085364743248e+05
4.53000000000000e+00	3.12075512996566e+05
4.54000000000000e+00	3.23155749836126e+05
4.55000000000000e+00	3.32662099797222e+05
4.56000000000000e+00	3.41072141608739e+05
4.57000000000000e+00	3.48964358065992e+05
4.58000000000000e+00	3.56970953212944e+05
4.59000000000000e+00	3.65764917247323e+05
4.60000000000000e+00	3.76058031211921e+05
4.61000000000000e+00	3.88619133923301e+05
4.62000000000000e+00	4.04321668237951e+05
4.63000000000000e+00	4.24195796556014e+05
4.64000000000000e+00	4.49489619979125e+05
4.65000000000000e+00	4.81738278619728e+05
4.66000000000000e+00	5.22815343016711e+05
4.67000000000000e+00	5.74959782545885e+05
4.68000000000000e+00	6.40797208407859e+05
4.69000000000000e+00	7.23294623248603e+05
4.70000000000000e+00	8.25709571687191e+05
4.71000000000000e+00	9.51438743657657e+05
4.72000000000000e+00	1.10384645028611e+06
4.73000000000000e+00	1.28598834224376e+06
4.74000000000000e+00	1.50037224466543e+06
4.75000000000000e+00	1.74854714115327e+06
4.76000000000000e+00	2.03080081706164e+06
4.77000000000000e+00	2.34578974259011e+06
4.78000000000000e+00	2.69007819579863e+06
4.79000000000000e+00	3.05782763212935e+06
4.80000000000000e+00	3.44039584264207e+06
4.81000000000000e+00	3.82615161308266e+06
4.82000000000000e+00	4.20070718850536e+06
4.83000000000000e+00	4.54747642752807e+06
4.84000000000000e+00	4.84902668746074e+06
4.85000000000000e+00	5.08873123917241e+06
4.86000000000000e+00	5.25293140056746e+06
4.87000000000000e+00	5.33256519378360e+06
4.88000000000000e+00	5.32461587954263e+06
4.89000000000000e+00	5.23262181143139e+06
4.90000000000000e+00	5.06675481388156e+06
4.91000000000000e+00	4.84243485647492e+06
4.92000000000000e+00	4.57930012024150e+06
4.93000000000000e+00	4.29913062086648e+06
4.94000000000000e+00	4.02395170874542e+06
4.95000000000000e+00	3.77455489074745e+06
4.96000000000000e+00	3.56880607262706e+06
4.97000000000000e+00	3.42107007774620e+06
4.98000000000000e+00	3.34117155561801e+06
4.99000000000000e+00	3.33413721920432e+06
5.00000000000000e+00	3.39988395338965e+06
5.01000000000000e+00	3.53294026909474e+06
5.02000000000000e+00	3.72297764624222e+06
5.03000000000000e+00	3.95520055072507e+06
5.04000000000000e+00	4.21177995745411e+06
5.05000000000000e+00	4.47344910375910e+06
5.06000000000000e+00	4.72147681575818e+06
5.07000000000000e+00	4.93932307691400e+06
5.08000000000000e+00	5.11415528950565e+06
5.09000000000000e+00	5.23750749410446e+06
5.10000000000000e+00	5.30536787755802e+06
5.11000000000000e+00	5.31798750702468e+06
5.12000000000000e+00	5.27868225578808e+06
5.13000000000000e+00	5.19328968295457e+06
5.14000000000000e+00	5.06887321651852e+06
5.15000000000000e+00	4.91279540913464e+06
5.16000000000000e+00	4.73193024837192e+06
5.17000000000000e+00	4.53243369404198e+06
5.18000000000000e+00	4.31923576429280e+06
5.19000000000000e+00	4.09613028957221e+06
5.20000000000000e+00	3.86613565343498e+06
5.21000000000000e+00	3.63129319005157e+06
5.22000000000000e+00	3.39329937415652e+06
5.23000000000000e+00	3.15375167707183e+06
5.24000000000000e+00	2.91418430125769e+06
5.25000000000000e+00	2.67619884950160e+06
5.26000000000000e+00	2.44178342495604e+06
5.27000000000000e+00	2.21302954046081e+06
5.28000000000000e+00	1.99227589427039e+06
5.29000000000000e+00	1.78179726062595e+06
5.30000000000000e+00	1.58382845402937e+06
5.31000000000000e+00	1.40019225835524e+06
5.32000000000000e+00	1.23224910860573e+06
5.33000000000000e+00	1.08081821294809e+06
5.34000000000000e+00	9.46055241822571e+05
5.35000000000000e+00	8.27598257457825e+05
5.36000000000000e+00	7.24618010548831e+05
5.37000000000000e+00	6.35976798798218e+05
5.38000000000000e+00	5.60317902338165e+05
5.39000000000000e+00	4.96212623667924e+05
5.40000000000000e+00	4.42236933857627e+05
5.41000000000000e+00	3.97021777399892e+05
5.42000000000000e+00	3.59334330208696e+05
5.43000000000000e+00	3.28071366855466e+05
5.44000000000000e+00	3.02293371505323e+05
5.45000000000000e+00	2.81206300758216e+05
5.46000000000000e+00	2.64162743739970e+05
5.47000000000000e+00	2.50620564286483e+05
5.48000000000000e+00	2.40139096027751e+05
5.49000000000000e+00	2.32340632306890e+05
5.50000000000000e+00	2.26875041435217e+05
5.51000000000000e+00	2.23424798564408e+05
5.52000000000000e+00	2.21670021378500e+05
5.53000000000000e+00	2.21292837385880e+05
5.54000000000000e+00	2.21965953445319e+05
5.55000000000000e+00	2.23364012901009e+05
5.56000000000000e+00	2.25160213841153e+05
5.57000000000000e+00	2.27047190416255e+05
5.58000000000000e+00	2.28733839076213e+05
5.59000000000000e+00	2.29963469710157e+05
5.60000000000000e+00	2.30517521737885e+05
5.61000000000000e+00	2.30238297018434e+05
5.62000000000000e+00	2.29007256776785e+05
5.63000000000000e+00	2.26783431448001e+05
5.64000000000000e+00	2.23569401692596e+05
5.65000000000000e+00	2.19442196642201e+05
5.66000000000000e+00	2.14522626335927e+05
5.67000000000000e+00	2.09002223869131e+05
5.68000000000000e+00	2.03103900979358e+05
5.69000000000000e+00	1.97084201017387e+05
5.70000000000000e+00	1.91221803179568e+05
5.71000000000000e+00	1.85788123256114e+05
5.72000000000000e+00	1.81030949159795e+05
5.73000000000000e+00	1.77160003212388e+05
5.74000000000000e+00	1.74310208776591e+05
5.75000000000000e+00	1.72559220890274e+05
5.76000000000000e+00	1.71904070647809e+05
5.77000000000000e+00	1.72295698433028e+05
5.78000000000000e+00	1.73626370843969e+05
5.79000000000000e+00	1.75764193836687e+05
5.80000000000000e+00	1.78576611931047e+05
5.81000000000000e+00	1.81920277563082e+05
5.82000000000000e+00	1.85664807978120e+05
5.83000000000000e+00	1.89690520380714e+05
5.84000000000000e+00	1.93877615884014e+05
5.85000000000000e+00	1.98117874538561e+05
5.86000000000000e+00	2.02291508565339e+05
5.87000000000000e+00	2.06284860693387e+05
5.88000000000000e+00	2.09986879806123e+05
5.89000000000000e+00	2.13281404420250e+05
5.90000000000000e+00	2.16080289170018e+05
5.91000000000000e+00	2.18298384066231e+05
5.92000000000000e+00	2.19874221678542e+05
5.93000000000000e+00	2.20755410131447e+05
5.94000000000000e+00	2.20918876324221e+05
5.95000000000000e+00	2.20352778493042e+05
5.96000000000000e+00	2.19066797274379e+05
5.97000000000000e+00	2.17096154345407e+05
5.98000000000000e+00	2.14494990603776e+05
5.99000000000000e+00	2.11331397704300e+05
6.00000000000000e+00	2.07686187429192e+05
6.01000000000000e+00	2.03648051972567e+05
6.02000000000000e+00	1.99316930676138e+05
6.03000000000000e+00	1.94789403790526e+05
6.04000000000000e+00	1.90168906537915e+05
6.05000000000000e+00	1.85558703613056e+05
6.06000000000000e+00	1.81055450491139e+05
6.07000000000000e+00	1.76753467415363e+05
6.08000000000000e+00	1.72731165684598e+05
6.09000000000000e+00	1.69061928397815e+05
6.10000000000000e+00	1.65800646959575e+05
6.11000000000000e+00	1.62989967703078e+05
6.12000000000000e+00	1.60654151211488e+05
6.13000000000000e+00	1.58800444618436e+05
6.14000000000000e+00	1.57409056230389e+05
6.15000000000000e+00	1.56447934679430e+05
6.16000000000000e+00	1.55858324578869e+05
6.17000000000000e+00	1.55565592234233e+05
6.18000000000000e+00	1.55496198645247e+05
6.19000000000000e+00	1.55564098807670e+05
6.20000000000000e+00	1.55699453923662e+05
6.21000000000000e+00	1.55830490335088e+05
6.22000000000000e+00	1.55906083446878e+05
6.23000000000000e+00	1.55883080889752e+05
6.24000000000000e+00	1.55735344813085e+05
6.25000000000000e+00	1.55452354856122e+05
6.26000000000000e+00	1.55040258457588e+05
6.27000000000000e+00	1.54524220893560e+05
6.28000000000000e+00	1.53937029780684e+05
6.29000000000000e+00	1.53328022404610e+05
6.30000000000000e+00	1.52749445454164e+05
6.31000000000000e+00	1.52252984485004e+05
6.32000000000000e+00	1.51882681687496e+05
6.33000000000000e+00	1.51680708003968e+05
6.34000000000000e+00	1.51667560734040e+05
6.35000000000000e+00	1.51857916395060e+05
6.36000000000000e+00	1.52244645685957e+05
6.37000000000000e+00	1.52793642738607e+05
6.38000000000000e+00	1.53454892975481e+05
6.39000000000000e+00	1.54151303888841e+05
6.40000000000000e+00	1.54786136247621e+05
6.41000000000000e+00	1.55252315594964e+05
6.42000000000000e+00	1.55438022995992e+05
6.43000000000000e+00	1.55240318173637e+05
6.44000000000000e+00	1.54573497994512e+05
6.45000000000000e+00	1.53376656382501e+05
6.46000000000000e+00	1.51623577977939e+05
6.47000000000000e+00	1.49324066345611e+05
6.48000000000000e+00	1.46527215453092e+05
6.49000000000000e+00	1.43321689169641e+05
6.50000000000000e+00	1.39826724991197e+05
6.51000000000000e+00	1.36188537250878e+05
6.52000000000000e+00	1.32565206975361e+05
6.53000000000000e+00	1.29115731059268e+05
6.54000000000000e+00	1.25982581506609e+05
6.55000000000000e+00	1.23288124334035e+05
6.56000000000000e+00	1.21122677410449e+05
6.57000000000000e+00	1.19541349633296e+05
6.58000000000000e+00	1.18566574268231e+05
6.59000000000000e+00	1.18184835943015e+05
6.60000000000000e+00	1.18355935321133e+05
6.61000000000000e+00	1.19013057384916e+05
6.62000000000000e+00	1.20073656990469e+05
6.63000000000000e+00	1.21440293382338e+05
6.64000000000000e+00	1.23014748948610e+05
6.65000000000000e+00	1.24698326460254e+05
6.66000000000000e+00	1.26399134015846e+05
6.67000000000000e+00	1.28033998110946e+05
6.68000000000000e+00	1.29528945450502e+05
6.69000000000000e+00	1.30812104150768e+05
6.70000000000000e+00	1.31818499510253e+05
6.71000000000000e+00	1.32483193683281e+05
6.72000000000000e+00	1.32747003809330e+05
6.73000000000000e+00	1.32562686594065e+05
6.74000000000000e+00	1.31898828904104e+05
6.75000000000000e+00	1.30749328944991e+05
6.76000000000000e+00	1.29142774283191e+05
6.77000000000000e+00	1.27146159941901e+05
6.78000000000000e+00	1.24866684458504e+05
6.79000000000000e+00	1.22452430914863e+05
6.80000000000000e+00	1.20084095995025e+05
6.81000000000000e+00	1.17967053846861e+05
6.82000000000000e+00	1.16308737473051e+05
6.83000000000000e+00	1.15307470438406e+05
6.84000000000000e+00	1.15127870988087e+05
6.85000000000000e+00	1.15884676843116e+05
6.86000000000000e+00	1.17630841704277e+05
6.87000000000000e+00	1.20351538753069e+05
6.88000000000000e+00	1.23961225328453e+05
6.89000000000000e+00	1.28309620568489e+05
6.90000000000000e+00	1.33200988684950e+05
6.91000000000000e+00	1.38405804053097e+05
6.92000000000000e+00	1.43689045081611e+05
6.93000000000000e+00	1.48830479119586e+05
6.94000000000000e+00	1.53644586354807e+05
6.95000000000000e+00	1.58001584490063e+05
6.96000000000000e+00	1.61833319967631e+05
6.97000000000000e+00	1.65136676964263e+05
6.98000000000000e+00	1.67969687898311e+05
6.99000000000000e+00	1.70440482308004e+05
7.00000000000000e+00	1.72685788931566e+05
7.01000000000000e+00	1.74855581845133e+05
7.02000000000000e+00	1.77088969123858e+05
7.03000000000000e+00	1.79492548798136e+05
7.04000000000000e+00	1.82129912553914e+05
7.05000000000000e+00	1.85005157245194e+05
7.06000000000000e+00	1.88068772088408e+05
7.07000000000000e+00	1.91225054306582e+05
7.08000000000000e+00	1.94337133941932e+05
7.09000000000000e+00	1.97256371801978e+05
7.10000000000000e+00	1.99840594026515e+05
7.11000000000000e+00	2.01974363333410e+05
7.12000000000000e+00	2.03581180242866e+05
7.13000000000000e+00	2.04637165293212e+05
7.14000000000000e+00	2.05165977419985e+05
7.15000000000000e+00	2.05235955247387e+05
7.16000000000000e+00	2.04949743803046e+05
7.17000000000000e+00	2.04432374886231e+05
7.18000000000000e+00	2.03825729708836e+05
7.19000000000000e+00	2.03268450412764e+05
7.20000000000000e+00	2.02896974093089e+05
7.21000000000000e+00	2.02822204234386e+05
7.22000000000000e+00	2.03131831510285e+05
7.23000000000000e+00	2.03879289783269e+05
7.24000000000000e+00	2.05083654093956e+05
7.25000000000000e+00	2.06729808023792e+05
7.26000000000000e+00	2.08777209830209e+05
7.27000000000000e+00	2.11165218659908e+05
7.28000000000000e+00	2.13820469769547e+05
7.29000000000000e+00	2.16677733496197e+05
7.30000000000000e+00	2.19686348763664e+05
7.31000000000000e+00	2.22812468971958e+05
7.32000000000000e+00	2.26058617570722e+05
7.33000000000000e+00	2.29462773441908e+05
7.34000000000000e+00	2.33091640310080e+05
7.35000000000000e+00	2.37032754173348e+05
7.36000000000000e+00	2.41379163654776e+05
7.37000000000000e+00	2.46216959681457e+05
7.38000000000000e+00	2.51597335618295e+05
7.39000000000000e+00	2.57519882120692e+05
7.40000000000000e+00	2.63925605715927e+05
7.41000000000000e+00	2.70680807782742e+05
7.42000000000000e+00	2.77586034655078e+05
7.43000000000000e+00	2.84387245252457e+05
7.44000000000000e+00	2.90782159301916e+05
7.45000000000000e+00	2.96451395563750e+05
7.46000000000000e+00	3.01082513302383e+05
7.47000000000000e+00	3.04388514283731e+05
7.48000000000000e+00	3.06137535238999e+05
7.49000000000000e+00	3.06163956348657e+05
7.50000000000000e+00	3.04380303557124e+05
7.51000000000000e+00	3.00782565334977e+05
7.52000000000000e+00	2.95447136898690e+05
7.53000000000000e+00	2.88522634329580e+05
7.54000000000000e+00	2.80216218849208e+05
7.55000000000000e+00	2.70789808902479e+05
7.56000000000000e+00	2.60534364141154e+05
7.57000000000000e+00	2.49761672016795e+05
7.58000000000000e+00	2.38786546158651e+05
7.59000000000000e+00	2.27925126580522e+05
7.60000000000000e+00	2.17471272434844e+05
7.61000000000000e+00	2.07702116561031e+05
7.62000000000000e+00	1.98863114240977e+05
7.63000000000000e+00	1.91168214273408e+05
7.64000000000000e+00	1.84797627879653e+05
7.65000000000000e+00	1.79892516393506e+05
7.66000000000000e+00	1.76558395457278e+05
7.67000000000000e+00	1.74864365318933e+05
7.68000000000000e+00	1.74838627768673e+05
7.69000000000000e+00	1.76475338674299e+05
7.70000000000000e+00	1.79741933453697e+05
7.71000000000000e+00	1.84591768447207e+05
7.72000000000000e+00	1.90977959547602e+05
7.73000000000000e+00	1.98873813170261e+05
7.74000000000000e+00	2.08298587854433e+05
7.75000000000000e+00	2.19316885855148e+05
7.76000000000000e+00	2.32074267163468e+05
7.77000000000000e+00	2.46776058973805e+05
7.78000000000000e+00	2.63700545826318e+05
7.79000000000000e+00	2.83182627154504e+05
7.80000000000000e+00	3.05599197396515e+05
7.81000000000000e+00	3.31350131467523e+05
7.82000000000000e+00	3.60821675146855e+05
7.83000000000000e+00	3.94344467746265e+05
7.84000000000000e+00	4.32148048501966e+05
7.85000000000000e+00	4.74301631021450e+05
7.86000000000000e+00	5.20655242821010e+05
7.87000000000000e+00	5.70801414603927e+05
7.88000000000000e+00	6.24045600375712e+05
7.89000000000000e+00	6.79369592236738e+05
7.90000000000000e+00	7.35463496030510e+05
7.91000000000000e+00	7.90702316283780e+05
7.92000000000000e+00	8.43175887049229e+05
7.93000000000000e+00	8.90694759038675e+05
7.94000000000000e+00	9.30822937710443e+05
7.95000000000000e+00	9.61003310619047e+05
7.96000000000000e+00	9.78664934882896e+05
7.97000000000000e+00	9.81508413585157e+05
7.98000000000000e+00	9.67810319845866e+05
7.99000000000000e+00	9.36805115238128e+05
8.00000000000000e+00	8.88886550487605e+05
8.01000000000000e+00	8.25768297309468e+05
8.02000000000000e+00	7.50377412758369e+05
8.03000000000000e+00	6.66545946541476e+05
8.04000000000000e+00	5.78540437132052e+05
8.05000000000000e+00	4.90599770873572e+05
8.06000000000000e+00	4.06447823693321e+05
8.07000000000000e+00	3.28987870865473e+05
8.08000000000000e+00	2.60152296832874e+05
8.09000000000000e+00	2.00903123277697e+05
8.10000000000000e+00	1.51390095786528e+05
8.11000000000000e+00	1.11135466256879e+05
8.12000000000000e+00	7.92618177004722e+04
8.13000000000000e+00	5.46794810322107e+04
8.14000000000000e+00	3.62365923366424e+04
8.15000000000000e+00	2.28217246567368e+04
8.16000000000000e+00	1.34221604406987e+04
8.17000000000000e+00	7.15513423958339e+03
8.18000000000000e+00	3.27622642562849e+03
8.19000000000000e+00	1.17409887203181e+03
8.20000000000000e+00	3.59509384629810e+02
8.21000000000000e+00	4.49490626683539e+02
8.22000000000000e+00	1.15047833155668e+03
8.23000000000000e+00	2.24217151241656e+03
8.24000000000000e+00	3.56270501710897e+03
8.25000000000000e+00	4.99635572328870e+03
8.26000000000000e+00	6.46265052870363e+03
8.27000000000000e+00	7.90903096546466e+03
8.28000000000000e+00	9.30315802953193e+03
8.29000000000000e+00	1.06280576043262e+04
8.30000000000000e+00	1.18777929116379e+04
8.31000000000000e+00	1.30538267475492e+04
8.32000000000000e+00	1.41625528173562e+04
8.33000000000000e+00	1.52123749307885e+04
8.34000000000000e+00	1.62126224333551e+04
8.35000000000000e+00	1.71721792941635e+04
8.36000000000000e+00	1.80995105846639e+04
8.37000000000000e+00	1.90015526913644e+04
8.38000000000000e+00	1.98845383519301e+04
8.39000000000000e+00	2.07547827770781e+04
8.40000000000000e+00	2.16185579487029e+04
8.41000000000000e+00	2.24825752681457e+04
8.42000000000000e+00	2.33541976398060e+04
8.43000000000000e+00	2.42417795565623e+04
8.44000000000000e+00	2.51536515107281e+04
8.45000000000000e+00	2.60974836306933e+04
8.46000000000000e+00	2.70795335481218e+04
8.47000000000000e+00	2.81039580789034e+04
8.48000000000000e+00	2.91725388915383e+04
8.49000000000000e+00	3.02842482615424e+04
8.50000000000000e+00	3.14359987431903e+04
8.51000000000000e+00	3.26222376803442e+04
8.52000000000000e+00	3.38344548948725e+04
8.53000000000000e+00	3.50626060983603e+04
8.54000000000000e+00	3.62952025300541e+04
8.55000000000000e+00	3.75191219731163e+04
8.56000000000000e+00	3.87209421851560e+04
8.57000000000000e+00	3.98860471427274e+04
8.58000000000000e+00	4.10017986940181e+04
8.59000000000000e+00	4.20562637057387e+04
8.60000000000000e+00	4.30395692396549e+04
8.61000000000000e+00	4.39436878841013e+04
8.62000000000000e+00	4.47616054402311e+04
8.63000000000000e+00	4.54900687698850e+04
8.64000000000000e+00	4.61284895421033e+04
8.65000000000000e+00	4.66773428198437e+04
8.66000000000000e+00	4.71409686283760e+04
8.67000000000000e+00	4.75255705893550e+04
8.68000000000000e+00	4.78402800008519e+04
8.69000000000000e+00	4.80947889778308e+04
8.70000000000000e+00	4.83016058785881e+04
8.71000000000000e+00	4.84739010623388e+04
8.72000000000000e+00	4.86246536253262e+04
8.73000000000000e+00	4.87655882071906e+04
8.74000000000000e+00	4.89090535098725e+04
8.75000000000000e+00	4.90644938913425e+04
8.76000000000000e+00	4.92406494728246e+04
8.77000000000000e+00	4.94421772953760e+04
8.78000000000000e+00	4.96751658242164e+04
8.79000000000000e+00	4.99401789826009e+04
8.80000000000000e+00	5.02384166915356e+04
8.81000000000000e+00	5.05700873881148e+04
8.82000000000000e+00	5.09328839925786e+04
8.83000000000000e+00	5.13235037056364e+04
8.84000000000000e+00	5.17377710299311e+04
8.85000000000000e+00	5.21695649886204e+04
8.86000000000000e+00	5.26125307217628e+04
8.87000000000000e+00	5.30595584376860e+04
8.88000000000000e+00	5.35033091732790e+04
8.89000000000000e+00	5.39380988238930e+04
8.90000000000000e+00	5.43584853185774e+04
8.91000000000000e+00	5.47606408029961e+04
8.92000000000000e+00	5.51405238864627e+04
8.93000000000000e+00	5.54985004524373e+04
8.94000000000000e+00	5.58322359463912e+04
8.95000000000000e+00	5.61442894331008e+04
8.96000000000000e+00	5.64334330602120e+04
8.97000000000000e+00	5.66999471627826e+04
8.98000000000000e+00	5.69432115461031e+04
8.99000000000000e+00	5.71629352888920e+04
9.00000000000000e+00	5.73588191852709e+04
9.01000000000000e+00	5.75332695349257e+04
9.02000000000000e+00	5.76862737204465e+04
9.03000000000000e+00	5.78188182866816e+04
9.04000000000000e+00	5.79326911831668e+04
9.05000000000000e+00	5.80256548566220e+04
9.06000000000000e+00	5.80973195802474e+04
9.07000000000000e+00	5.81455873044613e+04
9.08000000000000e+00	5.81699695801496e+04
9.09000000000000e+00	5.81720464161919e+04
9.10000000000000e+00	5.81583492876709e+04
9.11000000000000e+00	5.81338167087473e+04
9.12000000000000e+00	5.81081606045802e+04
9.13000000000000e+00	5.80910756806695e+04
9.14000000000000e+00	5.80942650425330e+04
9.15000000000000e+00	5.81269195822537e+04
9.16000000000000e+00	5.81976466630229e+04
9.17000000000000e+00	5.83144632333998e+04
9.18000000000000e+00	5.84824664523121e+04
9.19000000000000e+00	5.87035542219747e+04
9.20000000000000e+00	5.89768036068260e+04
9.21000000000000e+00	5.92998042615073e+04
9.22000000000000e+00	5.96644030197957e+04
9.23000000000000e+00	6.00597040716628e+04
9.24000000000000e+00	6.04697040405046e+04
9.25000000000000e+00	6.08766992932397e+04
9.26000000000000e+00	6.12583178473210e+04
9.27000000000000e+00	6.15916731126429e+04
9.28000000000000e+00	6.18521303845191e+04
9.29000000000000e+00	6.20175892488352e+04
9.30000000000000e+00	6.20679649110815e+04
9.31000000000000e+00	6.19893576105676e+04
9.32000000000000e+00	6.17725599904826e+04
9.33000000000000e+00	6.14178495649500e+04
9.34000000000000e+00	6.09341825025017e+04
9.35000000000000e+00	6.03369272436062e+04
9.36000000000000e+00	5.96523277600014e+04
9.37000000000000e+00	5.89111964252138e+04
9.38000000000000e+00	5.81480895777647e+04
9.39000000000000e+00	5.74004707117484e+04
9.40000000000000e+00	5.67037226320121e+04
9.41000000000000e+00	5.60886214682130e+04
9.42000000000000e+00	5.55798547307193e+04
9.43000000000000e+00	5.51939672410205e+04
9.44000000000000e+00	5.49385365400384e+04
9.45000000000000e+00	5.48110381487151e+04
9.46000000000000e+00	5.48038825463356e+04
9.47000000000000e+00	5.49023815782990e+04
9.48000000000000e+00	5.50894170405501e+04
9.49000000000000e+00	5.53455533662622e+04
9.50000000000000e+00	5.56537496610974e+04
9.51000000000000e+00	5.59942971010413e+04
9.52000000000000e+00	5.63521339281733e+04
9.53000000000000e+00	5.67128068287622e+04
9.54000000000000e+00	5.70642937416873e+04
9.55000000000000e+00	5.73970211358192e+04
9.56000000000000e+00	5.77071824210246e+04
9.57000000000000e+00	5.79959319659540e+04
9.58000000000000e+00	5.82696741418535e+04
9.59000000000000e+00	5.85366269427504e+04
9.60000000000000e+00	5.88046061929361e+04
9.61000000000000e+00	5.90784464244141e+04
9.62000000000000e+00	5.93576465850651e+04
9.63000000000000e+00	5.96396293370640e+04
9.64000000000000e+00	5.99187816591511e+04
9.65000000000000e+00	6.01898888486093e+04
9.66000000000000e+00	6.04490315336307e+04
9.67000000000000e+00	6.06944450742391e+04
9.68000000000000e+00	6.09265735505687e+04
9.69000000000000e+00	6.11453960638155e+04
9.70000000000000e+00	6.13525764961462e+04
9.71000000000000e+00	6.15485727220988e+04
9.72000000000000e+00	6.17334828946170e+04
9.73000000000000e+00	6.19088819556619e+04
9.74000000000000e+00	6.20757528346232e+04
9.75000000000000e+00	6.22335895924600e+04
9.76000000000000e+00	6.23830131605136e+04
9.77000000000000e+00	6.25234865752041e+04
9.78000000000000e+00	6.26556275983777e+04
9.79000000000000e+00	6.27798716330638e+04
9.80000000000000e+00	6.28963863247487e+04
9.81000000000000e+00	6.30057948525477e+04
9.82000000000000e+00	6.31087303496076e+04
9.83000000000000e+00	6.32050443836497e+04
9.84000000000000e+00	6.32953915624953e+04
9.85000000000000e+00	6.33789123725950e+04
9.86000000000000e+00	6.34562611011194e+04
9.87000000000000e+00	6.35300082362297e+04
9.88000000000000e+00	6.36040723889348e+04
9.89000000000000e+00	6.36959259264322e+04
9.90000000000000e+00	6.38458840987881e+04
9.91000000000000e+00	6.41428308717693e+04
9.92000000000000e+00	6.47616718383755e+04
9.93000000000000e+00	6.60115349000740e+04
9.94000000000000e+00	6.83878289422368e+04
9.95000000000000e+00	7.26598861410975e+04
9.96000000000000e+00	8.00009243383942e+04
9.97000000000000e+00	9.22723100540448e+04
9.98000000000000e+00	1.12568711518896e+05
9.99000000000000e+00	1.46245645346501e+05
1.00000000000000e+01	2.02758055422152e+05
1.00100000000000e+01	2.97238940657630e+05
1.00200000000000e+01	4.30598961369516e+05
1.00300000000000e+01	4.82600780469753e+05
1.00400000000000e+01	3.40382528207840e+05
1.00500000000000e+01	1.97999281132820e+05
1.00600000000000e+01	1.15462348679665e+05
1.00700000000000e+01	7.06773305881270e+04
1.00800000000000e+01	4.56888152546889e+04
1.00900000000000e+01	3.10312518442703e+04
1.01000000000000e+01	2.19796724563876e+04
1.01100000000000e+01	1.61229196509662e+04
1.01200000000000e+01	1.21765790534365e+04
1.01300000000000e+01	9.42381725256337e+03
1.01400000000000e+01	7.44566704566038e+03
1.01500000000000e+01	5.98756641498285e+03
1.01600000000000e+01	4.88886578382518e+03
1.01700000000000e+01	4.04500945999811e+03
1.01800000000000e+01	3.38581056453715e+03
1.01900000000000e+01	2.86323545521316e+03
1.02000000000000e+01	2.44349620971978e+03
1.02100000000000e+01	2.10231145484336e+03
1.02200000000000e+01	1.82207495213297e+03
1.02300000000000e+01	1.58966644924466e+03
1.02400000000000e+01	1.39527092404654e+03
1.02500000000000e+01	1.23139587134489e+03
1.02600000000000e+01	1.09225071061798e+03
1.02700000000000e+01	9.73326205358801e+02
1.02800000000000e+01	8.71086035409005e+02
1.02900000000000e+01	7.82685697895806e+02
1.03000000000000e+01	7.05878914543755e+02
1.03100000000000e+01	6.38807368206894e+02
1.03200000000000e+01	5.79986665198907e+02
1.03300000000000e+01	5.28190606348085e+02
1.03400000000000e+01	4.82393069599796e+02
1.03500000000000e+01	4.41752942133100e+02
1.03600000000000e+01	4.05557941217700e+02
1.03700000000000e+01	3.73210918737421e+02
1.03800000000000e+01	3.44216724945961e+02
1.03900000000000e+01	3.18142945455263e+02
1.04000000000000e+01	2.94627875211192e+02
1.04100000000000e+01	2.73366220167030e+02
1.04200000000000e+01	2.54086772273059e+02
1.04300000000000e+01	2.36562199183034e+02
1.04400000000000e+01	2.20595981418877e+02
1.04500000000000e+01	2.06023873095155e+02
1.04600000000000e+01	1.92693364555328e+02
1.04700000000000e+01	1.80473048033563e+02
1.04800000000000e+01	1.69252769904417e+02
1.04900000000000e+01	1.58937682535215e+02
1.05000000000000e+01	1.49433140126031e+02
1.05100000000000e+01	1.40665725070892e+02
1.05200000000000e+01	1.32564344692427e+02
1.05300000000000e+01	1.25069978656429e+02
1.05400000000000e+01	1.18125871075540e+02
1.05500000000000e+01	1.11685933905585e+02
1.05600000000000e+01	1.05702514779967e+02
1.05700000000000e+01	1.00136596355536e+02
1.05800000000000e+01	9.49529951722842e+01
1.05900000000000e+01	9.01192431896069e+01
1.06000000000000e+01	8.56062661020575e+01
1.06100000000000e+01	8.13865101082287e+01
1.06200000000000e+01	7.74388249528799e+01
1.06300000000000e+01	7.37387692802105e+01
1.06400000000000e+01	7.02681377562694e+01
1.06500000000000e+01	6.70089157823345e+01
1.06600000000000e+01	6.39441396088812e+01
1.06700000000000e+01	6.10610248652227e+01
1.06800000000000e+01	5.83440424910159e+01
1.06900000000000e+01	5.57831961322656e+01
1.07000000000000e+01	5.33649548653240e+01
1.07100000000000e+01	5.10797013900237e+01
1.07200000000000e+01	4.89201513433059e+01
1.07300000000000e+01	4.68768814747178e+01
1.07400000000000e+01	4.49416538342550e+01
1.07500000000000e+01	4.31079583560752e+01
1.07600000000000e+01	4.13704716121184e+01
1.07700000000000e+01	3.97224876027282e+01
1.07800000000000e+01	3.81587679789793e+01
1.07900000000000e+01	3.66752961534154e+01
1.08000000000000e+01	3.52664207919134e+01
1.08100000000000e+01	3.39281084091112e+01
1.08200000000000e+01	3.26564970253487e+01
1.08300000000000e+01	3.14471035046602e+01
1.08400000000000e+01	3.02971374131883e+01
1.08500000000000e+01	2.92018935854760e+01
1.08600000000000e+01	2.81587435485471e+01
1.08700000000000e+01	2.71640656740218e+01
1.08800000000000e+01	2.62156624315964e+01
1.08900000000000e+01	2.53097223926629e+01
1.09000000000000e+01	2.44442222279127e+01
1.09100000000000e+01	2.36167030519629e+01
1.09200000000000e+01	2.28248517911558e+01
1.09300000000000e+01	2.20660077822853e+01
1.09400000000000e+01	2.13384727008723e+01
1.09500000000000e+01	2.06408176623460e+01
1.09600000000000e+01	1.99709272029318e+01
1.09700000000000e+01	1.93272864428544e+01
1.09800000000000e+01	1.87084405745996e+01
1.09900000000000e+01	1.81133041110914e+01
1.10000000000000e+01	1.75407836475973e+01
1.10100000000000e+01	1.69895333470822e+01
1.10200000000000e+01	1.64590627847964e+01
1.10300000000000e+01	1.59487053616028e+01
1.10400000000000e+01	1.54577393069623e+01
1.10500000000000e+01	1.49853844088061e+01
1.10600000000000e+01	1.45316759649229e+01
1.10700000000000e+01	1.40958041501844e+01
1.10800000000000e+01	1.36774429734141e+01
1.10900000000000e+01	1.32759521205908e+01
1.11000000000000e+01	1.28909377895744e+01
1.11100000000000e+01	1.25219514462882e+01
1.11200000000000e+01	1.21678736691112e+01
1.11300000000000e+01	1.18284838312629e+01
1.11400000000000e+01	1.15030425680808e+01
1.11500000000000e+01	1.11907365725638e+01
1.11600000000000e+01	1.08906143350868e+01
1.11700000000000e+01	1.06022922896736e+01
1.11800000000000e+01	1.03249278592722e+01
1.11900000000000e+01	1.00576927939936e+01
1.12000000000000e+01	9.80006742612325e+00
1.12100000000000e+01	9.55160307925628e+00
1.12200000000000e+01	9.31172021685786e+00
1.12300000000000e+01	9.07971919065995e+00
1.12400000000000e+01	8.85527930484752e+00
1.12500000000000e+01	8.63803524760353e+00
1.12600000000000e+01	8.42779142615240e+00
1.12700000000000e+01	8.22398621551401e+00
1.12800000000000e+01	8.02639159461066e+00
1.12900000000000e+01	7.83479508705540e+00
1.13000000000000e+01	7.64905123518362e+00
1.13100000000000e+01	7.46887074440053e+00
1.13200000000000e+01	7.29386674367416e+00
1.13300000000000e+01	7.12410196425636e+00
1.13400000000000e+01	6.95920910550746e+00
1.13500000000000e+01	6.79900154404902e+00
1.13600000000000e+01	6.64332918445293e+00
1.13700000000000e+01	6.49197011937715e+00
1.13800000000000e+01	6.34478903321605e+00
1.13900000000000e+01	6.20159727500405e+00
1.14000000000000e+01	6.06220796584226e+00
1.14100000000000e+01	5.92674307117875e+00
1.14200000000000e+01	5.79463977167649e+00
1.14300000000000e+01	5.66623185447830e+00
1.14400000000000e+01	5.54115012862572e+00
1.14500000000000e+01	5.41943915606803e+00
1.14600000000000e+01	5.30085801792765e+00
1.14700000000000e+01	5.18539774502010e+00
1.14800000000000e+01	5.07296550939825e+00
1.14900000000000e+01	4.96337734755094e+00
1.15000000000000e+01	4.85668230453520e+00
1.15100000000000e+01	4.75261812482316e+00
1.15200000000000e+01	4.65130663796553e+00
1.15300000000000e+01	4.55244908137431e+00
1.15400000000000e+01	4.45617698757601e+00
1.15500000000000e+01	4.36238114224070e+00
1.15600000000000e+01	4.27097563721259e+00
1.15700000000000e+01	4.18203364015444e+00
1.15800000000000e+01	4.09560546134907e+00
1.15900000000000e+01	4.01162037514082e+00
1.16000000000000e+01	3.93000046445028e+00
1.16100000000000e+01	3.85079916983861e+00
1.16200000000000e+01	3.77399356077683e+00
1.16300000000000e+01	3.69957990094113e+00
1.16400000000000e+01	3.62743322187228e+00
1.16500000000000e+01	3.55743942768833e+00
1.16600000000000e+01	3.48947563253257e+00
1.16700000000000e+01	3.42349965381451e+00
1.16800000000000e+01	3.35934000987503e+00
1.16900000000000e+01	3.29680273953254e+00
1.17000000000000e+01	3.23583258825495e+00
1.17100000000000e+01	3.17623154943050e+00
1.17200000000000e+01	3.11788809491257e+00
1.17300000000000e+01	3.06067617982334e+00
1.17400000000000e+01	3.00453250289071e+00
1.17500000000000e+01	2.94939297588061e+00
1.17600000000000e+01	2.89520500203608e+00
1.17700000000000e+01	2.84193271843661e+00
1.17800000000000e+01	2.78964829456230e+00
1.17900000000000e+01	2.73831907744779e+00
1.18000000000000e+01	2.68799542725200e+00
1.18100000000000e+01	2.63872057425413e+00
1.18200000000000e+01	2.59052437380282e+00
1.18300000000000e+01	2.54345985596512e+00
1.18400000000000e+01	2.49753396252478e+00
1.18500000000000e+01	2.45276618260678e+00
1.18600000000000e+01	2.40915967714338e+00
1.18700000000000e+01	2.36671707702610e+00
1.18800000000000e+01	2.32538640581317e+00
1.18900000000000e+01	2.28515787332823e+00
1.19000000000000e+01	2.24597995931037e+00
1.19100000000000e+01	2.20780938580237e+00
1.19200000000000e+01	2.17059053851672e+00
1.19300000000000e+01	2.13428482206131e+00
1.19400000000000e+01	2.09881418702914e+00
1.19500000000000e+01	2.06413991573978e+00
1.19600000000000e+01	2.03021282756152e+00
1.19700000000000e+01	1.99699125808303e+00
1.19800000000000e+01	1.96440823817214e+00
1.19900000000000e+01	1.93243800511860e+00
1.20000000000000e+01	1.90102511094744e+00
1.20100000000000e+01	1.87016702175153e+00
1.20200000000000e+01	1.83984388705865e+00
1.20300000000000e+01	1.81003090858264e+00
1.20400000000000e+01	1.78073762516663e+00
1.20500000000000e+01	1.75194029424375e+00
1.20600000000000e+01	1.72368783237897e+00
1.20700000000000e+01	1.69595719537844e+00
1.20800000000000e+01	1.66878031043066e+00
1.20900000000000e+01	1.64217535973673e+00
1.21000000000000e+01	1.61616273442336e+00
1.21100000000000e+01	1.59075778609255e+00
1.21200000000000e+01	1.56596602450365e+00
1.21300000000000e+01	1.54177532596205e+00
1.21400000000000e+01	1.51820586446542e+00
1.21500000000000e+01	1.49524808880485e+00
1.21600000000000e+01	1.47285755216240e+00
1.21700000000000e+01	1.45103014800607e+00
1.21800000000000e+01	1.42972168756095e+00
1.21900000000000e+01	1.40891809772494e+00
1.22000000000000e+01	1.38857010730106e+00
1.22100000000000e+01	1.36864702823892e+00
1.22200000000000e+01	1.34910542690893e+00
1.22300000000000e+01	1.32991370514026e+00
1.22400000000000e+01	1.31103080397513e+00
1.22500000000000e+01	1.29242767320823e+00
1.22600000000000e+01	1.27408728302423e+00
1.22700000000000e+01	1.25597361013420e+00
1.22800000000000e+01	1.23804874509445e+00
1.22900000000000e+01	1.22031842925745e+00
1.23000000000000e+01	1.20273309735743e+00
1.23100000000000e+01	1.18529958792159e+00
1.23200000000000e+01	1.16799613133812e+00
1.23300000000000e+01	1.15080747612180e+00
1.23400000000000e+01	1.13373856149858e+00
1.23500000000000e+01	1.11679666828857e+00
1.23600000000000e+01	1.09997680004378e+00
1.23700000000000e+01	1.08329345089026e+00
1.23800000000000e+01	1.06674953117926e+00
1.23900000000000e+01	1.05039084743722e+00
1.24000000000000e+01	1.03420245326502e+00
1.24100000000000e+01	1.01823611938731e+00
1.24200000000000e+01	1.00248734129197e+00
1.24300000000000e+01	9.86976234956222e-01
1.24400000000000e+01	9.71735823889979e-01
1.24500000000000e+01	9.56747769418296e-01
1.24600000000000e+01	9.42028569784200e-01
1.24700000000000e+01	9.27582430569894e-01
1.24800000000000e+01	9.13411649830990e-01
1.24900000000000e+01	8.99498457810249e-01
1.25000000000000e+01	8.85865778933448e-01
1.25100000000000e+01	8.72499184765021e-01
1.25200000000000e+01	8.59391390990272e-01
1.25300000000000e+01	8.46547550087543e-01
1.25400000000000e+01	8.33977272198939e-01
1.25500000000000e+01	8.21658045547836e-01
1.25600000000000e+01	8.09609126975127e-01
1.25700000000000e+01	7.97815449095447e-01
1.25800000000000e+01	7.86282871754137e-01
1.25900000000000e+01	7.75004528655645e-01
1.26000000000000e+01	7.63968826416442e-01
1.26100000000000e+01	7.53169084705344e-01
1.26200000000000e+01	7.42604520815799e-01
1.26300000000000e+01	7.32257811514548e-01
1.26400000000000e+01	7.22114543280907e-01
1.26500000000000e+01	7.12177501551559e-01
1.26600000000000e+01	7.02443805912911e-01
1.26700000000000e+01	6.92889142462181e-01
1.26800000000000e+01	6.83521995789577e-01
1.26900000000000e+01	6.74339979830356e-01
1.27000000000000e+01	6.65338955317295e-01
1.27100000000000e+01	6.56524078352222e-01
1.27200000000000e+01	6.47895124537986e-01
1.27300000000000e+01	6.39442738533494e-01
1.27400000000000e+01	6.31180569018809e-01
1.27500000000000e+01	6.23101692050878e-01
1.27600000000000e+01	6.15207500356255e-01
1.27700000000000e+01	6.07490609948773e-01
1.27800000000000e+01	5.99951983877959e-01
1.27900000000000e+01	5.92576402919307e-01
1.28000000000000e+01	5.85366597149174e-01
1.28100000000000e+01	5.78307153464787e-01
1.28200000000000e+01	5.71401843304904e-01
1.28300000000000e+01	5.64630959345636e-01
1.28400000000000e+01	5.57998958231197e-01
1.28500000000000e+01	5.51501182332830e-01
1.28600000000000e+01	5.45120652236323e-01
1.28700000000000e+01	5.38867939622786e-01
1.28800000000000e+01	5.32728327387804e-01
1.28900000000000e+01	5.26705084275210e-01
1.29000000000000e+01	5.20788043630350e-01
1.29100000000000e+01	5.14981192736370e-01
1.29200000000000e+01	5.09276606949219e-01
1.29300000000000e+01	5.03675793545490e-01
1.29400000000000e+01	4.98165397892955e-01
1.29500000000000e+01	4.92755086071383e-01
1.29600000000000e+01	4.87424237569993e-01
1.29700000000000e+01	4.82189403831426e-01
1.29800000000000e+01	4.77031440937868e-01
1.29900000000000e+01	4.71960479960823e-01
1.30000000000000e+01	4.66963797686228e-01
1.30100000000000e+01	4.62049950555674e-01
1.30200000000000e+01	4.57213946782064e-01
1.30300000000000e+01	4.52456745192159e-01
1.30400000000000e+01	4.47772154096013e-01
1.30500000000000e+01	4.43162376075783e-01
1.30600000000000e+01	4.38618111116691e-01
1.30700000000000e+01	4.34135516201639e-01
1.30800000000000e+01	4.29707928642618e-01
1.30900000000000e+01	4.25333231315709e-01
1.31000000000000e+01	4.20997530170561e-01
1.31100000000000e+01	4.16705251302817e-01
1.31200000000000e+01	4.12437008760508e-01
1.31300000000000e+01	4.08197954572797e-01
1.31400000000000e+01	4.03980507962073e-01
1.31500000000000e+01	3.99786626952217e-01
1.31600000000000e+01	3.95619121921805e-01
1.31700000000000e+01	3.91474293165132e-01
1.31800000000000e+01	3.87357285617089e-01
1.31900000000000e+01	3.83276941895251e-01
1.32000000000000e+01	3.79230545094662e-01
1.32100000000000e+01	3.75223486879418e-01
1.32200000000000e+01	3.71257893634129e-01
1.32300000000000e+01	3.67335049109721e-01
1.32400000000000e+01	3.63457055980512e-01
1.32500000000000e+01	3.59618543001474e-01
1.32600000000000e+01	3.55813685855262e-01
1.32700000000000e+01	3.52050263126706e-01
1.32800000000000e+01	3.48319063091155e-01
1.32900000000000e+01	3.44620639026377e-01
1.33000000000000e+01	3.40956408148628e-01
1.33100000000000e+01	3.37322135032620e-01
1.33200000000000e+01	3.33723736883495e-01
1.33300000000000e+01	3.30158702908118e-01
1.33400000000000e+01	3.26635032526182e-01
1.33500000000000e+01	3.23155231991061e-01
1.33600000000000e+01	3.19718286190897e-01
1.33700000000000e+01	3.16328209001231e-01
1.33800000000000e+01	3.12992240799937e-01
1.33900000000000e+01	3.09709661143856e-01
1.34000000000000e+01	3.06477076796345e-01
1.34100000000000e+01	3.03297901159806e-01
1.34200000000000e+01	3.00172630690560e-01
1.34300000000000e+01	2.97096195951526e-01
1.34400000000000e+01	2.94069810083191e-01
1.34500000000000e+01	2.91091283217381e-01
1.34600000000000e+01	2.88155190735874e-01
1.34700000000000e+01	2.85259535334733e-01
1.34800000000000e+01	2.82406891940149e-01
1.34900000000000e+01	2.79587722184234e-01
1.35000000000000e+01	2.76805772916760e-01
1.35100000000000e+01	2.74051370226259e-01
1.35200000000000e+01	2.71328155318562e-01
1.35300000000000e+01	2.68631308600266e-01
1.35400000000000e+01	2.65960422300713e-01
1.35500000000000e+01	2.63307389873474e-01
1.35600000000000e+01	2.60676458793691e-01
1.35700000000000e+01	2.58060063503524e-01
1.35800000000000e+01	2.55462534605289e-01
1.35900000000000e+01	2.52873864556241e-01
1.36000000000000e+01	2.50301659852542e-01
1.36100000000000e+01	2.47739604424542e-01
1.36200000000000e+01	2.45190688825961e-01
1.36300000000000e+01	2.42651092132427e-01
1.36400000000000e+01	2.40127258359328e-01
1.36500000000000e+01	2.37619125534082e-01
1.36600000000000e+01	2.35125789089068e-01
1.36700000000000e+01	2.32651627510400e-01
1.36800000000000e+01	2.30200667867741e-01
1.36900000000000e+01	2.27775464486884e-01
1.37000000000000e+01	2.25375402108831e-01
1.37100000000000e+01	2.23007981538331e-01
1.37200000000000e+01	2.20673166870345e-01
1.37300000000000e+01	2.18380115998658e-01
1.37400000000000e+01	2.16124460877100e-01
1.37500000000000e+01	2.13915186775703e-01
1.37600000000000e+01	2.11749142776791e-01
1.37700000000000e+01	2.09627758035429e-01
1.37800000000000e+01	2.07551645545033e-01
1.37900000000000e+01	2.05518617350240e-01
1.38000000000000e+01	2.03532174788737e-01
1.38100000000000e+01	2.01584075200450e-01
1.38200000000000e+01	1.99674890121437e-01
1.38300000000000e+01	1.97799272878144e-01
1.38400000000000e+01	1.95956546246199e-01
1.38500000000000e+01	1.94144246088691e-01
1.38600000000000e+01	1.92356955759824e-01
1.38700000000000e+01	1.90593397603291e-01
1.38800000000000e+01	1.88855660290587e-01
1.38900000000000e+01	1.87134969394400e-01
1.39000000000000e+01	1.85431615384942e-01
1.39100000000000e+01	1.83747262318951e-01
1.39200000000000e+01	1.82077284063858e-01
1.39300000000000e+01	1.80421858890506e-01
1.39400000000000e+01	1.78780545120665e-01
1.39500000000000e+01	1.77153688942451e-01
1.39600000000000e+01	1.75536374068268e-01
1.39700000000000e+01	1.73931828949201e-01
1.39800000000000e+01	1.72340393065129e-01
1.39900000000000e+01	1.70759508794138e-01
1.40000000000000e+01	1.69192720713270e-01
1.40100000000000e+01	1.67637227532602e-01
1.40200000000000e+01	1.66094445506782e-01
1.40300000000000e+01	1.64566199902323e-01
1.40400000000000e+01	1.63055896001263e-01
1.40500000000000e+01	1.61560730803806e-01
1.40600000000000e+01	1.60083215445272e-01
1.40700000000000e+01	1.58625125429866e-01
1.40800000000000e+01	1.57186309827689e-01
1.40900000000000e+01	1.55765755577467e-01
1.41000000000000e+01	1.54365001940173e-01
1.41100000000000e+01	1.52983046381265e-01
1.41200000000000e+01	1.51618794846021e-01
1.41300000000000e+01	1.50271495762284e-01
1.41400000000000e+01	1.48940168453515e-01
1.41500000000000e+01	1.47619385030290e-01
1.41600000000000e+01	1.46311122326654e-01
1.41700000000000e+01	1.45010983022926e-01
1.41800000000000e+01	1.43718750212611e-01
1.41900000000000e+01	1.42433316835090e-01
1.42000000000000e+01	1.41152521007654e-01
1.42100000000000e+01	1.39877159705954e-01
1.42200000000000e+01	1.38610571674357e-01
1.42300000000000e+01	1.37349103135716e-01
1.42400000000000e+01	1.36096365824689e-01
1.42500000000000e+01	1.34854065734319e-01
1.42600000000000e+01	1.33620958419935e-01
1.42700000000000e+01	1.32401283687564e-01
1.42800000000000e+01	1.31197424167760e-01
1.42900000000000e+01	1.30006973689061e-01
1.43000000000000e+01	1.28832657966398e-01
1.43100000000000e+01	1.27675010036878e-01
1.43200000000000e+01	1.26530717386203e-01
1.43300000000000e+01	1.25403743400259e-01
1.43400000000000e+01	1.24290706465034e-01
1.43500000000000e+01	1.23193794425384e-01
1.43600000000000e+01	1.22110858700222e-01
1.43700000000000e+01	1.21039034949041e-01
1.43800000000000e+01	1.19982527427705e-01
1.43900000000000e+01	1.18939135706183e-01
1.44000000000000e+01	1.17910372459016e-01
1.44100000000000e+01	1.16893099295552e-01
1.44200000000000e+01	1.15890296907076e-01
1.44300000000000e+01	1.14899890264998e-01
1.44400000000000e+01	1.13925272862461e-01
1.44500000000000e+01	1.12962532846570e-01
1.44600000000000e+01	1.12014987161479e-01
1.44700000000000e+01	1.11080520170965e-01
1.44800000000000e+01	1.10158193407993e-01
1.44900000000000e+01	1.09249780313869e-01
1.45000000000000e+01	1.08353083438699e-01
1.45100000000000e+01	1.07469549385916e-01
1.45200000000000e+01	1.06596600814065e-01
1.45300000000000e+01	1.05734575956533e-01
1.45400000000000e+01	1.04884475986106e-01
1.45500000000000e+01	1.04042820839379e-01
1.45600000000000e+01	1.03211236689772e-01
1.45700000000000e+01	1.02389042186653e-01
1.45800000000000e+01	1.01573132740871e-01
1.45900000000000e+01	1.00768430808505e-01
1.46000000000000e+01	9.99698575065250e-02
1.46100000000000e+01	9.91772929040704e-02
1.46200000000000e+01	9.83940102006700e-02
1.46300000000000e+01	9.76153341178068e-02
1.46400000000000e+01	9.68445671787305e-02
1.46500000000000e+01	9.60816076761005e-02
1.46600000000000e+01	9.53236648765033e-02
1.46700000000000e+01	9.45738154230612e-02
1.46800000000000e+01	9.38322831689271e-02
1.46900000000000e+01	9.30984268232547e-02
1.47000000000000e+01	9.23725693522450e-02
1.47100000000000e+01	9.16549314914839e-02
1.47200000000000e+01	9.09445911764145e-02
1.47300000000000e+01	9.02432958808208e-02
1.47400000000000e+01	8.95506097755214e-02
1.47500000000000e+01	8.88658277871281e-02
1.47600000000000e+01	8.81892036289565e-02
1.47700000000000e+01	8.75198036305781e-02
1.47800000000000e+01	8.68564323278726e-02
1.47900000000000e+01	8.61998974014012e-02
1.48000000000000e+01	8.55489076057215e-02
1.48100000000000e+01	8.49014535074134e-02
1.48200000000000e+01	8.42608808797669e-02
1.48300000000000e+01	8.36223546339585e-02
1.48400000000000e+01	8.29877687144448e-02
1.48500000000000e+01	8.23568349494298e-02
1.48600000000000e+01	8.17285608571935e-02
1.48700000000000e+01	8.11031352460886e-02
1.48800000000000e+01	8.04805665119099e-02
1.48900000000000e+01	7.98602420766833e-02
1.49000000000000e+01	7.92443864668268e-02
1.49100000000000e+01	7.86303836187221e-02
1.49200000000000e+01	7.80204943791707e-02
1.49300000000000e+01	7.74144656608843e-02
1.49400000000000e+01	7.68124348411203e-02
1.49500000000000e+01	7.62142995383808e-02
1.49600000000000e+01	7.56218933953355e-02
1.49700000000000e+01	7.50346063858102e-02
1.49800000000000e+01	7.44527591621718e-02
1.49900000000000e+01	7.38774376869273e-02
1.50000000000000e+01	7.33073959402225e-02
1.50100000000000e+01	7.27448685710691e-02
1.50200000000000e+01	7.21867366866487e-02
1.50300000000000e+01	7.16360690102402e-02
1.50400000000000e+01	7.10917751499047e-02
1.50500000000000e+01	7.05527826546125e-02
1.50600000000000e+01	7.00199223963894e-02
1.50700000000000e+01	6.94919259728410e-02
1.50800000000000e+01	6.89680809387032e-02
1.50900000000000e+01	6.84501080847818e-02
1.51000000000000e+01	6.79349058098567e-02
1.51100000000000e+01	6.74237953476570e-02
1.51200000000000e+01	6.69167556472448e-02
1.51300000000000e+01	6.64112053825916e-02
1.51400000000000e+01	6.59099839994343e-02
1.51500000000000e+01	6.54104678510274e-02
1.51600000000000e+01	6.49129345071221e-02
1.51700000000000e+01	6.44185109689510e-02
1.51800000000000e+01	6.39272465496455e-02
1.51900000000000e+01	6.34381792040360e-02
1.52000000000000e+01	6.29524822913326e-02
1.52100000000000e+01	6.24700527096421e-02
1.52200000000000e+01	6.19918264474225e-02
1.52300000000000e+01	6.15163429345346e-02
1.52400000000000e+01	6.10435740945266e-02
1.52500000000000e+01	6.05738813897036e-02
1.52600000000000e+01	6.01065200920850e-02
1.52700000000000e+01	5.96406855317099e-02
1.52800000000000e+01	5.91761305997306e-02
1.52900000000000e+01	5.87105810541903e-02
1.53000000000000e+01	5.82440804579752e-02
1.53100000000000e+01	5.77742901930972e-02
1.53200000000000e+01	5.73013412646360e-02
1.53300000000000e+01	5.68247926350088e-02
1.53400000000000e+01	5.63417932295701e-02
1.53500000000000e+01	5.58529589797943e-02
1.53600000000000e+01	5.53592680458723e-02
1.53700000000000e+01	5.48583788617605e-02
1.53800000000000e+01	5.43512144040349e-02
1.53900000000000e+01	5.38392878696469e-02
1.54000000000000e+01	5.33223622675249e-02
1.54100000000000e+01	5.28023915834443e-02
1.54200000000000e+01	5.22801236040429e-02
1.54300000000000e+01	5.17580406561272e-02
1.54400000000000e+01	5.12371918543414e-02
1.54500000000000e+01	5.07206158579553e-02
1.54600000000000e+01	5.02093123242149e-02
1.54700000000000e+01	4.97079243384292e-02
1.54800000000000e+01	4.92162508342632e-02
1.54900000000000e+01	4.87379836468141e-02
1.55000000000000e+01	4.82742237524681e-02
1.55100000000000e+01	4.78278629423000e-02
1.55200000000000e+01	4.73994898116602e-02
1.55300000000000e+01	4.69905773385605e-02
1.55400000000000e+01	4.65997759756466e-02
1.55500000000000e+01	4.62286582060765e-02
1.55600000000000e+01	4.58750633662567e-02
1.55700000000000e+01	4.55381938952313e-02
1.55800000000000e+01	4.52173453997857e-02
1.55900000000000e+01	4.49095658132024e-02
1.56000000000000e+01	4.46123883710125e-02
1.56100000000000e+01	4.43256420079057e-02
1.56200000000000e+01	4.40453700985373e-02
1.56300000000000e+01	4.37711801397884e-02
1.56400000000000e+01	4.35003856057159e-02
1.56500000000000e+01	4.32313597544246e-02
1.56600000000000e+01	4.29624152131794e-02
1.56700000000000e+01	4.26931580158454e-02
1.56800000000000e+01	4.24222371990102e-02
1.56900000000000e+01	4.21491051968251e-02
1.57000000000000e+01	4.18726607350716e-02
1.57100000000000e+01	4.15927955455684e-02
1.57200000000000e+01	4.13100203290039e-02
1.57300000000000e+01	4.10240085806504e-02
1.57400000000000e+01	4.07346148394920e-02
1.57500000000000e+01	4.04432682121263e-02
1.57600000000000e+01	4.01498683071150e-02
1.57700000000000e+01	3.98548727634941e-02
1.57800000000000e+01	3.95594057259604e-02
1.57900000000000e+01	3.92655704932961e-02
1.58000000000000e+01	3.89728258034293e-02
1.58100000000000e+01	3.86829859805378e-02
1.58200000000000e+01	3.83969011984002e-02
1.58300000000000e+01	3.81157270142548e-02
1.58400000000000e+01	3.78405823477197e-02
1.58500000000000e+01	3.75713493232617e-02
1.58600000000000e+01	3.73095814413234e-02
1.58700000000000e+01	3.70546952425935e-02
1.58800000000000e+01	3.68068680958106e-02
1.58900000000000e+01	3.65670446375482e-02
1.59000000000000e+01	3.63337643696278e-02
1.59100000000000e+01	3.61075033938355e-02
1.59200000000000e+01	3.58868933600770e-02
1.59300000000000e+01	3.56714961466060e-02
1.59400000000000e+01	3.54609248332920e-02
1.59500000000000e+01	3.52537372642085e-02
1.59600000000000e+01	3.50490902519889e-02
1.59700000000000e+01	3.48473785540826e-02
1.59800000000000e+01	3.46472011336911e-02
1.59900000000000e+01	3.44473701778011e-02
1.60000000000000e+01	3.42493236015678e-02
1.60100000000000e+01	3.40512492900117e-02
1.60200000000000e+01	3.38538455269651e-02
1.60300000000000e+01	3.36564701520432e-02
1.60400000000000e+01	3.34593896391020e-02
1.60500000000000e+01	3.32626989770277e-02
1.60600000000000e+01	3.30666685841441e-02
1.60700000000000e+01	3.28704431006239e-02
1.60800000000000e+01	3.26743409045207e-02
1.60900000000000e+01	3.24791780263606e-02
1.61000000000000e+01	3.22846697929975e-02
1.61100000000000e+01	3.20904729066525e-02
1.61200000000000e+01	3.18974557951183e-02
1.61300000000000e+01	3.17047340745292e-02
1.61400000000000e+01	3.15136630381887e-02
1.61500000000000e+01	3.13236666559864e-02
1.61600000000000e+01	3.11344032818698e-02
1.61700000000000e+01	3.09468769293448e-02
1.61800000000000e+01	3.07606111153985e-02
1.61900000000000e+01	3.05769243134619e-02
1.62000000000000e+01	3.03945451748882e-02
1.62100000000000e+01	3.02153263042654e-02
1.62200000000000e+01	3.00378298946237e-02
1.62300000000000e+01	2.98632963271459e-02
1.62400000000000e+01	2.96917331156747e-02
1.62500000000000e+01	2.95231739429213e-02
1.62600000000000e+01	2.93571270379274e-02
1.62700000000000e+01	2.91938225617728e-02
1.62800000000000e+01	2.90332300425980e-02
1.62900000000000e+01	2.88748311667687e-02
1.63000000000000e+01	2.87186256969223e-02
1.63100000000000e+01	2.85632813525128e-02
1.63200000000000e+01	2.84095619867261e-02
1.63300000000000e+01	2.82558023492341e-02
1.63400000000000e+01	2.81017993580621e-02
1.63500000000000e+01	2.79476003469144e-02
1.63600000000000e+01	2.77918393213061e-02
1.63700000000000e+01	2.76342072190733e-02
1.63800000000000e+01	2.74748288024389e-02
1.63900000000000e+01	2.73119523660359e-02
1.64000000000000e+01	2.71465679447875e-02
1.64100000000000e+01	2.69777873540643e-02
1.64200000000000e+01	2.68059100608890e-02
1.64300000000000e+01	2.66307801785228e-02
1.64400000000000e+01	2.64529990741601e-02
1.64500000000000e+01	2.62721148812050e-02
1.64600000000000e+01	2.60895000097854e-02
1.64700000000000e+01	2.59056798404274e-02
1.64800000000000e+01	2.57205883391734e-02
1.64900000000000e+01	2.55361268853329e-02
1.65000000000000e+01	2.53529559927687e-02
1.65100000000000e+01	2.51706585411311e-02
1.65200000000000e+01	2.49908602985667e-02
1.65300000000000e+01	2.48138674118373e-02
1.65400000000000e+01	2.46402336403570e-02
1.65500000000000e+01	2.44702553698226e-02
1.65600000000000e+01	2.43042657222154e-02
1.65700000000000e+01	2.41419415034266e-02
1.65800000000000e+01	2.39837751450611e-02
1.65900000000000e+01	2.38298714513618e-02
1.66000000000000e+01	2.36804745592931e-02
1.66100000000000e+01	2.35344312141253e-02
1.66200000000000e+01	2.33925061569715e-02
1.66300000000000e+01	2.32539810611501e-02
1.66400000000000e+01	2.31192860938793e-02
1.66500000000000e+01	2.29876855198863e-02
1.66600000000000e+01	2.28594675716409e-02
1.66700000000000e+01	2.27340314271139e-02
1.66800000000000e+01	2.26116949277065e-02
1.66900000000000e+01	2.24914244243151e-02
1.67000000000000e+01	2.23736089923231e-02
1.67100000000000e+01	2.22576279006943e-02
1.67200000000000e+01	2.21436960892202e-02
1.67300000000000e+01	2.20309813530856e-02
1.67400000000000e+01	2.19194358466270e-02
1.67500000000000e+01	2.18088285560351e-02
1.67600000000000e+01	2.16987110236713e-02
1.67700000000000e+01	2.15887280561534e-02
1.67800000000000e+01	2.14787135432003e-02
1.67900000000000e+01	2.13689001681484e-02
1.68000000000000e+01	2.12583585249874e-02
1.68100000000000e+01	2.11471651884398e-02
1.68200000000000e+01	2.10358809556729e-02
1.68300000000000e+01	2.09237612678109e-02
1.68400000000000e+01	2.08109783529479e-02
1.68500000000000e+01	2.06978520736258e-02
1.68600000000000e+01	2.05843165479244e-02
1.68700000000000e+01	2.04702410778167e-02
1.68800000000000e+01	2.03563207059261e-02
1.68900000000000e+01	2.02421003946580e-02
1.69000000000000e+01	2.01284522678532e-02
1.69100000000000e+01	2.00145743084121e-02
1.69200000000000e+01	1.99009274507415e-02
1.69300000000000e+01	1.97875491336426e-02
1.69400000000000e+01	1.96748780604989e-02
1.69500000000000e+01	1.95622978043772e-02
1.69600000000000e+01	1.94504634122673e-02
1.69700000000000e+01	1.93391741740483e-02
1.69800000000000e+01	1.92288328454351e-02
1.69900000000000e+01	1.91196155073662e-02
1.70000000000000e+01	1.90113926482790e-02
1.70100000000000e+01	1.89051431209978e-02
1.70200000000000e+01	1.88008257368851e-02
1.70300000000000e+01	1.86983701084683e-02
1.70400000000000e+01	1.85980761775834e-02
1.70500000000000e+01	1.85002604526240e-02
1.70600000000000e+01	1.84048326571133e-02
1.70700000000000e+01	1.83120028787021e-02
1.70800000000000e+01	1.82212296476694e-02
1.70900000000000e+01	1.81327694781636e-02
1.71000000000000e+01	1.80464973609784e-02
1.71100000000000e+01	1.79622527052475e-02
1.71200000000000e+01	1.78791585787569e-02
1.71300000000000e+01	1.77976534959584e-02
1.71400000000000e+01	1.77174766373860e-02
1.71500000000000e+01	1.76383025245863e-02
1.71600000000000e+01	1.75597095081656e-02
1.71700000000000e+01	1.74822026053012e-02
1.71800000000000e+01	1.74048046318281e-02
1.71900000000000e+01	1.73284313212251e-02
1.72000000000000e+01	1.72523550452152e-02
1.72100000000000e+01	1.71768874185369e-02
1.72200000000000e+01	1.71021288654419e-02
1.72300000000000e+01	1.70271795583848e-02
1.72400000000000e+01	1.69532568059149e-02
1.72500000000000e+01	1.68793299437581e-02
1.72600000000000e+01	1.68059505012102e-02
1.72700000000000e+01	1.67328627199711e-02
1.72800000000000e+01	1.66600765067948e-02
1.72900000000000e+01	1.65874915364516e-02
1.73000000000000e+01	1.65151197412218e-02
1.73100000000000e+01	1.64430684012057e-02
1.73200000000000e+01	1.63712140049955e-02
1.73300000000000e+01	1.62992016330297e-02
1.73400000000000e+01	1.62271266972101e-02
1.73500000000000e+01	1.61553734688781e-02
1.73600000000000e+01	1.60834776848011e-02
1.73700000000000e+01	1.60115057553412e-02
1.73800000000000e+01	1.59394743255425e-02
1.73900000000000e+01	1.58674285216871e-02
1.74000000000000e+01	1.57957264928589e-02
1.74100000000000e+01	1.57236680730888e-02
1.74200000000000e+01	1.56516086141171e-02
1.74300000000000e+01	1.55795846863984e-02
1.74400000000000e+01	1.55079369624130e-02
1.74500000000000e+01	1.54358623929208e-02
1.74600000000000e+01	1.53642632253486e-02
1.74700000000000e+01	1.52926638032036e-02
1.74800000000000e+01	1.52209811327132e-02
1.74900000000000e+01	1.51490494191328e-02
1.75000000000000e+01	1.50773451810890e-02
1.75100000000000e+01	1.50057031030846e-02
1.75200000000000e+01	1.49335955753953e-02
1.75300000000000e+01	1.48611555719226e-02
1.75400000000000e+01	1.47883530127198e-02
1.75500000000000e+01	1.47155945795964e-02
1.75600000000000e+01	1.46422205699550e-02
1.75700000000000e+01	1.45686317246420e-02
1.75800000000000e+01	1.44945360278801e-02
1.75900000000000e+01	1.44203753822678e-02
1.76000000000000e+01	1.43458069061078e-02
1.76100000000000e+01	1.42715350714884e-02
1.76200000000000e+01	1.41970549200894e-02
1.76300000000000e+01	1.41229468846149e-02
1.76400000000000e+01	1.40490029545280e-02
1.76500000000000e+01	1.39754557621466e-02
1.76600000000000e+01	1.39026733975008e-02
1.76700000000000e+01	1.38303001069192e-02
1.76800000000000e+01	1.37586367347327e-02
1.76900000000000e+01	1.36879125761052e-02
1.77000000000000e+01	1.36175780863209e-02
1.77100000000000e+01	1.35481340531373e-02
1.77200000000000e+01	1.34791391090321e-02
1.77300000000000e+01	1.34106727229255e-02
1.77400000000000e+01	1.33430627721408e-02
1.77500000000000e+01	1.32754944697051e-02
1.77600000000000e+01	1.32086329698757e-02
1.77700000000000e+01	1.31418583247390e-02
1.77800000000000e+01	1.30753942548436e-02
1.77900000000000e+01	1.30093651232329e-02
1.78000000000000e+01	1.29430235927539e-02
1.78100000000000e+01	1.28771001429079e-02
1.78200000000000e+01	1.28112324949506e-02
1.78300000000000e+01	1.27451377267687e-02
1.78400000000000e+01	1.26791511205085e-02
1.78500000000000e+01	1.26132526190496e-02
1.78600000000000e+01	1.25475603547712e-02
1.78700000000000e+01	1.24816952187141e-02
1.78800000000000e+01	1.24157500931546e-02
1.78900000000000e+01	1.23499097063697e-02
1.79000000000000e+01	1.22842638842754e-02
1.79100000000000e+01	1.22185033879656e-02
1.79200000000000e+01	1.21525726631842e-02
1.79300000000000e+01	1.20868868054008e-02
1.79400000000000e+01	1.20207578893045e-02
1.79500000000000e+01	1.19546115258142e-02
1.79600000000000e+01	1.18882110071362e-02
1.79700000000000e+01	1.18217845543180e-02
1.79800000000000e+01	1.17549777945013e-02
1.79900000000000e+01	1.16884153467084e-02
1.80000000000000e+01	1.16218307582068e-02
1.80100000000000e+01	1.15559582269506e-02
1.80200000000000e+01	1.14902863255265e-02
1.80300000000000e+01	1.14257162796815e-02
1.80400000000000e+01	1.13622653883614e-02
1.80500000000000e+01	1.13001483698941e-02
1.80600000000000e+01	1.12393586982182e-02
1.80700000000000e+01	1.11806692521443e-02
1.80800000000000e+01	1.11236647748244e-02
1.80900000000000e+01	1.10685212739030e-02
1.81000000000000e+01	1.10150016839721e-02
1.81100000000000e+01	1.09634021216543e-02
1.81200000000000e+01	1.09134294643987e-02
1.81300000000000e+01	1.08647813828665e-02
1.81400000000000e+01	1.08169996484717e-02
1.81500000000000e+01	1.07704140749950e-02
1.81600000000000e+01	1.07242981747737e-02
1.81700000000000e+01	1.06789210653559e-02
1.81800000000000e+01	1.06335032268919e-02
1.81900000000000e+01	1.05885250416644e-02
1.82000000000000e+01	1.05434536755494e-02
1.82100000000000e+01	1.04980718157762e-02
1.82200000000000e+01	1.04526818558464e-02
1.82300000000000e+01	1.04070441165168e-02
1.82400000000000e+01	1.03609730083080e-02
1.82500000000000e+01	1.03144181119167e-02
1.82600000000000e+01	1.02675077736422e-02
1.82700000000000e+01	1.02202962140767e-02
1.82800000000000e+01	1.01725731427037e-02
1.82900000000000e+01	1.01243675667698e-02
1.83000000000000e+01	1.00762808043317e-02
1.83100000000000e+01	1.00276030236618e-02
1.83200000000000e+01	9.97911917353213e-03
1.83300000000000e+01	9.93053905280679e-03
1.83400000000000e+01	9.88205873852497e-03
1.83500000000000e+01	9.83387330543730e-03
1.83600000000000e+01	9.78607582856888e-03
1.83700000000000e+01	9.73879492798138e-03
1.83800000000000e+01	9.69223561486821e-03
1.83900000000000e+01	9.64656685931285e-03
1.84000000000000e+01	9.60175512737833e-03
1.84100000000000e+01	9.55810562456785e-03
1.84200000000000e+01	9.51558838683793e-03
1.84300000000000e+01	9.47437134118008e-03
1.84400000000000e+01	9.43442347004226e-03
1.84500000000000e+01	9.39576866559953e-03
1.84600000000000e+01	9.35840453240881e-03
1.84700000000000e+01	9.32221663502739e-03
1.84800000000000e+01	9.28709836487543e-03
1.84900000000000e+01	9.25299161119045e-03
1.85000000000000e+01	9.21968424526445e-03
1.85100000000000e+01	9.18705050733967e-03
1.85200000000000e+01	9.15490750393487e-03
1.85300000000000e+01	9.12309322506643e-03
1.85400000000000e+01	9.09146594638184e-03
1.85500000000000e+01	9.05988445005514e-03
1.85600000000000e+01	9.02815145169409e-03
1.85700000000000e+01	8.99632442752293e-03
1.85800000000000e+01	8.96419472214451e-03
1.85900000000000e+01	8.93166137191955e-03
1.86000000000000e+01	8.89882344093224e-03
1.86100000000000e+01	8.86556320356745e-03
1.86200000000000e+01	8.83193583202645e-03
1.86300000000000e+01	8.79789422886499e-03
1.86400000000000e+01	8.76357614595812e-03
1.86500000000000e+01	8.72888636851199e-03
1.86600000000000e+01	8.69403774817590e-03
1.86700000000000e+01	8.65900509547730e-03
1.86800000000000e+01	8.62379379048226e-03
1.86900000000000e+01	8.58843212691913e-03
1.87000000000000e+01	8.55311429921883e-03
1.87100000000000e+01	8.51774174118061e-03
1.87200000000000e+01	8.48236071011232e-03
1.87300000000000e+01	8.44697032448632e-03
1.87400000000000e+01	8.41164026362487e-03
1.87500000000000e+01	8.37630200868696e-03
1.87600000000000e+01	8.34091202561335e-03
1.87700000000000e+01	8.30557475593341e-03
1.87800000000000e+01	8.27017073414533e-03
1.87900000000000e+01	8.23465967685602e-03
1.88000000000000e+01	8.19914842067114e-03
1.88100000000000e+01	8.16350560032375e-03
1.88200000000000e+01	8.12767834192796e-03
1.88300000000000e+01	8.09175882522413e-03
1.88400000000000e+01	8.05560465210969e-03
1.88500000000000e+01	8.01926811283342e-03
1.88600000000000e+01	7.98265735388613e-03
1.88700000000000e+01	7.94576191920364e-03
1.88800000000000e+01	7.90861159873517e-03
1.88900000000000e+01	7.87113108526109e-03
1.89000000000000e+01	7.83338190090932e-03
1.89100000000000e+01	7.79522347159272e-03
1.89200000000000e+01	7.75683892357607e-03
1.89300000000000e+01	7.71814157388187e-03
1.89400000000000e+01	7.67922894626342e-03
1.89500000000000e+01	7.64011043468627e-03
1.89600000000000e+01	7.60089942086886e-03
1.89700000000000e+01	7.56164071679442e-03
1.89800000000000e+01	7.52239815288127e-03
1.89900000000000e+01	7.48332514720146e-03
1.90000000000000e+01	7.44443937030227e-03
1.90100000000000e+01	7.40578624796347e-03
1.90200000000000e+01	7.36743505704749e-03
1.90300000000000e+01	7.32936919321250e-03
1.90400000000000e+01	7.29154397110490e-03
1.90500000000000e+01	7.25391623611875e-03
1.90600000000000e+01	7.21641076943880e-03
1.90700000000000e+01	7.17887520782351e-03
1.90800000000000e+01	7.14129446456015e-03
1.90900000000000e+01	7.10349933010058e-03
1.91000000000000e+01	7.06550928534439e-03
1.91100000000000e+01	7.02735697667498e-03
1.91200000000000e+01	6.98909402324342e-03
1.91300000000000e+01	6.95086289219494e-03
1.91400000000000e+01	6.91285928671299e-03
1.91500000000000e+01	6.87541976926375e-03
1.91600000000000e+01	6.83879600405802e-03
1.91700000000000e+01	6.80325174105705e-03
1.91800000000000e+01	6.76907748740876e-03
1.91900000000000e+01	6.73655413322701e-03
1.92000000000000e+01	6.70580097289042e-03
1.92100000000000e+01	6.67680920130145e-03
1.92200000000000e+01	6.64961759659650e-03
1.92300000000000e+01	6.62415947512598e-03
1.92400000000000e+01	6.60017924846828e-03
1.92500000000000e+01	6.57752357074095e-03
1.92600000000000e+01	6.55591163658780e-03
1.92700000000000e+01	6.53509153085149e-03
1.92800000000000e+01	6.51479223333393e-03
1.92900000000000e+01	6.49480315115018e-03
1.93000000000000e+01	6.47494540544796e-03
1.93100000000000e+01	6.45501653598435e-03
1.93200000000000e+01	6.43495146689034e-03
1.93300000000000e+01	6.41464341831374e-03
1.93400000000000e+01	6.39406773823035e-03
1.93500000000000e+01	6.37321667025875e-03
1.93600000000000e+01	6.35201506700555e-03
1.93700000000000e+01	6.33050409379410e-03
1.93800000000000e+01	6.30868799137094e-03
1.93900000000000e+01	6.28659866790904e-03
1.94000000000000e+01	6.26422845663454e-03
1.94100000000000e+01	6.24160064381567e-03
1.94200000000000e+01	6.21872535693549e-03
1.94300000000000e+01	6.19559474376841e-03
1.94400000000000e+01	6.17224358290281e-03
1.94500000000000e+01	6.14866157517437e-03
1.94600000000000e+01	6.12490721951174e-03
1.94700000000000e+01	6.10092007959598e-03
1.94800000000000e+01	6.07677989626557e-03
1.94900000000000e+01	6.05238429967945e-03
1.95000000000000e+01	6.02788154561752e-03
1.95100000000000e+01	6.00317997219881e-03
1.95200000000000e+01	5.97835319883465e-03
1.95300000000000e+01	5.95333403428114e-03
1.95400000000000e+01	5.92817042518030e-03
1.95500000000000e+01	5.90285254860966e-03
1.95600000000000e+01	5.87745843452254e-03
1.95700000000000e+01	5.85190859706275e-03
1.95800000000000e+01	5.82638570355276e-03
1.95900000000000e+01	5.80072375449492e-03
1.96000000000000e+01	5.77505969407705e-03
1.96100000000000e+01	5.74944225825818e-03
1.96200000000000e+01	5.72387468233163e-03
1.96300000000000e+01	5.69834159169953e-03
1.96400000000000e+01	5.67291993216945e-03
1.96500000000000e+01	5.64760248392393e-03
1.96600000000000e+01	5.62240370394351e-03
1.96700000000000e+01	5.59730783947710e-03
1.96800000000000e+01	5.57231710263885e-03
1.96900000000000e+01	5.54748030344460e-03
1.97000000000000e+01	5.52271281544186e-03
1.97100000000000e+01	5.49801201569042e-03
1.97200000000000e+01	5.47341198200939e-03
1.97300000000000e+01	5.44885169079138e-03
1.97400000000000e+01	5.42429337734421e-03
1.97500000000000e+01	5.39974455800355e-03
1.97600000000000e+01	5.37519418612806e-03
1.97700000000000e+01	5.35067328407558e-03
1.97800000000000e+01	5.32615466971197e-03
1.97900000000000e+01	5.30173096120556e-03
1.98000000000000e+01	5.27748754275546e-03
1.98100000000000e+01	5.25360568485781e-03
1.98200000000000e+01	5.23032309804534e-03
1.98300000000000e+01	5.20800920923200e-03
1.98400000000000e+01	5.18710694820879e-03
1.98500000000000e+01	5.16827977315014e-03
1.98600000000000e+01	5.15220070601782e-03
1.98700000000000e+01	5.13960172913989e-03
1.98800000000000e+01	5.13108569793773e-03
1.98900000000000e+01	5.12709790754262e-03
1.99000000000000e+01	5.12730493515045e-03
1.99100000000000e+01	5.13043445298903e-03
1.99200000000000e+01	5.13334615657726e-03
1.99300000000000e+01	5.13045946295172e-03
1.99400000000000e+01	5.11222696965766e-03
1.99500000000000e+01	5.06397131864617e-03
1.99600000000000e+01	4.96401712647993e-03
1.99700000000000e+01	4.78259958703970e-03
1.99800000000000e+01	4.48190880576197e-03
1.99900000000000e+01	4.02037070427527e-03
2.00000000000000e+01	3.36407163536023e-03
