1.00000000000000e-02	2.64007070989213e+14
2.00000000000000e-02	1.65012886943390e+13
3.00000000000000e-02	3.25972961366255e+12
4.00000000000000e-02	1.03150212935277e+12
5.00000000000000e-02	4.22560241338155e+11
6.00000000000000e-02	2.03813373635058e+11
7.00000000000000e-02	1.10033812837699e+11
8.00000000000000e-02	6.45139181762727e+10
9.00000000000000e-02	4.02857930710298e+10
1.00000000000000e-01	2.64386168832543e+10
1.10000000000000e-01	1.80635427611583e+10
1.20000000000000e-01	1.27583555821055e+10
1.30000000000000e-01	9.26621515524855e+09
1.40000000000000e-01	6.89183070582486e+09
1.50000000000000e-01	5.23194550058441e+09
1.60000000000000e-01	4.04338180603393e+09
1.70000000000000e-01	3.17421603795036e+09
1.80000000000000e-01	2.52674994270837e+09
1.90000000000000e-01	2.03645226518578e+09
2.00000000000000e-01	1.65964461833613e+09
2.10000000000000e-01	1.36620912195119e+09
2.20000000000000e-01	1.13495448866881e+09
2.30000000000000e-01	9.50694923477543e+08
2.40000000000000e-01	8.02431927128001e+08
2.50000000000000e-01	6.82026813474486e+08
2.60000000000000e-01	5.83436818255551e+08
2.70000000000000e-01	5.02071021639564e+08
2.80000000000000e-01	4.34453624018055e+08
2.90000000000000e-01	3.77869859459262e+08
3.00000000000000e-01	3.30239736682920e+08
3.10000000000000e-01	2.89906836967895e+08
3.20000000000000e-01	2.55565302525713e+08
3.30000000000000e-01	2.26187133606153e+08
3.40000000000000e-01	2.00924734788958e+08
3.50000000000000e-01	1.79111046195199e+08
3.60000000000000e-01	1.60192992179152e+08
3.70000000000000e-01	1.43719668360271e+08
3.80000000000000e-01	1.29321940680394e+08
3.90000000000000e-01	1.16692209098996e+08
4.00000000000000e-01	1.05577424637827e+08
4.10000000000000e-01	9.57632461309243e+07
4.20000000000000e-01	8.70708329878368e+07
4.30000000000000e-01	7.93498491412547e+07
4.40000000000000e-01	7.24734855247349e+07
4.50000000000000e-01	6.63315707741414e+07
4.60000000000000e-01	6.08313430325902e+07
4.70000000000000e-01	5.58950629583258e+07
4.80000000000000e-01	5.14551857096791e+07
4.90000000000000e-01	4.74508436470962e+07
5.00000000000000e-01	4.38327599884293e+07
5.10000000000000e-01	4.05561544128434e+07
5.20000000000000e-01	3.75849206885576e+07
5.30000000000000e-01	3.48826787791948e+07
5.40000000000000e-01	3.24227734297739e+07
5.50000000000000e-01	3.01789855348037e+07
5.60000000000000e-01	2.81280449641982e+07
5.70000000000000e-01	2.62506734116122e+07
5.80000000000000e-01	2.45303954459459e+07
5.90000000000000e-01	2.29504491195044e+07
6.00000000000000e-01	2.14978878324324e+07
6.10000000000000e-01	2.01601794251393e+07
6.20000000000000e-01	1.89268138318095e+07
6.30000000000000e-01	1.77880298157788e+07
6.40000000000000e-01	1.67356602588381e+07
6.50000000000000e-01	1.57612860445394e+07
6.60000000000000e-01	1.48582464634400e+07
6.70000000000000e-01	1.40199832349936e+07
6.80000000000000e-01	1.32416282236959e+07
6.90000000000000e-01	1.25180398679929e+07
7.00000000000000e-01	1.18441927197186e+07
7.10000000000000e-01	1.12163094428540e+07
7.20000000000000e-01	1.06303469776871e+07
7.30000000000000e-01	1.00834801355462e+07
7.40000000000000e-01	9.57213033563823e+06
7.50000000000000e-01	9.09392105534566e+06
7.60000000000000e-01	8.64587432752074e+06
7.70000000000000e-01	8.22616615044751e+06
7.80000000000000e-01	7.83239304810026e+06
7.90000000000000e-01	7.46274201251422e+06
8.00000000000000e-01	7.11537472835673e+06
8.10000000000000e-01	6.78868930922544e+06
8.20000000000000e-01	6.48137153356980e+06
8.30000000000000e-01	6.19187613428248e+06
8.40000000000000e-01	5.91919398311468e+06
8.50000000000000e-01	5.66183650543425e+06
8.60000000000000e-01	5.41908584085957e+06
8.70000000000000e-01	5.18975285902001e+06
8.80000000000000e-01	4.97296667394634e+06
8.90000000000000e-01	4.76803669482253e+06
9.00000000000000e-01	4.57410418395228e+06
9.10000000000000e-01	4.39044359870200e+06
9.20000000000000e-01	4.21648607223221e+06
9.30000000000000e-01	4.05161116913105e+06
9.40000000000000e-01	3.89522594088690e+06
9.50000000000000e-01	3.74675194520296e+06
9.60000000000000e-01	3.60578003888367e+06
9.70000000000000e-01	3.47186511495396e+06
9.80000000000000e-01	3.34455232459923e+06
9.90000000000000e-01	3.22346959551742e+06
1.00000000000000e+00	3.10831591057363e+06
1.01000000000000e+00	2.99863082763449e+06
1.02000000000000e+00	2.89409270100424e+06
1.03000000000000e+00	2.79456606387122e+06
1.04000000000000e+00	2.69963649500406e+06
1.05000000000000e+00	2.60913364345971e+06
1.06000000000000e+00	2.52275800129230e+06
1.07000000000000e+00	2.44041920879724e+06
1.08000000000000e+00	2.36179240982028e+06
1.09000000000000e+00	2.28677083831255e+06
1.10000000000000e+00	2.21524347956060e+06
1.11000000000000e+00	2.14704085199992e+06
1.12000000000000e+00	2.08201502592041e+06
1.13000000000000e+00	2.02012659009005e+06
1.14000000000000e+00	1.96125263040740e+06
1.15000000000000e+00	1.90531842626008e+06
1.16000000000000e+00	1.85221233591221e+06
1.17000000000000e+00	1.80188486895459e+06
1.18000000000000e+00	1.75424245698085e+06
1.19000000000000e+00	1.70924240091017e+06
1.20000000000000e+00	1.66686880124402e+06
1.21000000000000e+00	1.62708490913508e+06
1.22000000000000e+00	1.58994001722541e+06
1.23000000000000e+00	1.55555486067739e+06
1.24000000000000e+00	1.52399382351785e+06
1.25000000000000e+00	1.49551146472066e+06
1.26000000000000e+00	1.47022512125007e+06
1.27000000000000e+00	1.44843648058705e+06
1.28000000000000e+00	1.43021407811385e+06
1.29000000000000e+00	1.41573491543284e+06
1.30000000000000e+00	1.40487864004026e+06
1.31000000000000e+00	1.39748544393140e+06
1.32000000000000e+00	1.39306716881797e+06
1.33000000000000e+00	1.39092162122830e+06
1.34000000000000e+00	1.39007539221161e+06
1.35000000000000e+00	1.38938338505185e+06
1.36000000000000e+00	1.38748374282422e+06
1.37000000000000e+00	1.38297589498924e+06
1.38000000000000e+00	1.37441052952685e+06
1.39000000000000e+00	1.36047796346534e+06
1.40000000000000e+00	1.34015978599379e+06
1.41000000000000e+00	1.31262347486351e+06
1.42000000000000e+00	1.27748191099537e+06
1.43000000000000e+00	1.23471895285780e+06
1.44000000000000e+00	1.18473013466609e+06
1.45000000000000e+00	1.12821938550317e+06
1.46000000000000e+00	1.06626677974823e+06
1.47000000000000e+00	1.00008907313371e+06
1.48000000000000e+00	9.31132833366197e+05
1.49000000000000e+00	8.60830390488592e+05
1.50000000000000e+00	7.90609270261643e+05
1.51000000000000e+00	7.21768336636634e+05
1.52000000000000e+00	6.55443168046736e+05
1.53000000000000e+00	5.92579724186216e+05
1.54000000000000e+00	5.33863821476140e+05
1.55000000000000e+00	4.79729323182807e+05
1.56000000000000e+00	4.30405295628245e+05
1.57000000000000e+00	3.85850869086111e+05
1.58000000000000e+00	3.45811644318906e+05
1.59000000000000e+00	3.09844496144648e+05
1.60000000000000e+00	2.77361460859054e+05
1.61000000000000e+00	2.47700051911326e+05
1.62000000000000e+00	2.20162990397798e+05
1.63000000000000e+00	1.94116200538418e+05
1.64000000000000e+00	1.69060306899021e+05
1.65000000000000e+00	1.44713385977750e+05
1.66000000000000e+00	1.21046044729556e+05
1.67000000000000e+00	9.83266015579792e+04
1.68000000000000e+00	7.70876457873236e+04
1.69000000000000e+00	5.80639958870067e+04
1.70000000000000e+00	4.21151522934336e+04
1.71000000000000e+00	3.01394681472232e+04
1.72000000000000e+00	2.30680824200686e+04
1.73000000000000e+00	2.18778640246448e+04
1.74000000000000e+00	2.76562143032766e+04
1.75000000000000e+00	4.16887829443454e+04
1.76000000000000e+00	6.55614565129216e+04
1.77000000000000e+00	1.01256787808654e+05
1.78000000000000e+00	1.51197762879719e+05
1.79000000000000e+00	2.18154310984407e+05
1.80000000000000e+00	3.04958628795602e+05
1.81000000000000e+00	4.14063809737486e+05
1.82000000000000e+00	5.47092792578204e+05
1.83000000000000e+00	7.04564831213146e+05
1.84000000000000e+00	8.85882964211936e+05
1.85000000000000e+00	1.08955910824517e+06
1.86000000000000e+00	1.31300373941570e+06
1.87000000000000e+00	1.55262260558786e+06
1.88000000000000e+00	1.80351801731495e+06
1.89000000000000e+00	2.05966230174964e+06
1.90000000000000e+00	2.31427158031451e+06
1.91000000000000e+00	2.56001024231586e+06
1.92000000000000e+00	2.78976305435471e+06
1.93000000000000e+00	2.99664990829941e+06
1.94000000000000e+00	3.17435984501076e+06
1.95000000000000e+00	3.31743576831925e+06
1.96000000000000e+00	3.42139936627066e+06
1.97000000000000e+00	3.48324405631562e+06
1.98000000000000e+00	3.50165095862017e+06
1.99000000000000e+00	3.47745189642492e+06
2.00000000000000e+00	3.41360688582942e+06
2.01000000000000e+00	3.31514268545290e+06
2.02000000000000e+00	3.18876566468399e+06
2.03000000000000e+00	3.04220269553535e+06
2.04000000000000e+00	2.88331401649109e+06
2.05000000000000e+00	2.71947372947980e+06
2.06000000000000e+00	2.55674782499055e+06
2.07000000000000e+00	2.39931996604973e+06
2.08000000000000e+00	2.24956882157057e+06
2.09000000000000e+00	2.10790155652999e+06
2.10000000000000e+00	1.97348818130645e+06
2.11000000000000e+00	1.84497964037590e+06
2.12000000000000e+00	1.72116533990016e+06
2.13000000000000e+00	1.60171780876481e+06
2.14000000000000e+00	1.48731498960892e+06
2.15000000000000e+00	1.37924518460965e+06
2.16000000000000e+00	1.27886948698923e+06
2.17000000000000e+00	1.18692344685766e+06
2.18000000000000e+00	1.10331234513061e+06
2.19000000000000e+00	1.02702381091132e+06
2.20000000000000e+00	9.56560038315559e+05
2.21000000000000e+00	8.90290047122636e+05
2.22000000000000e+00	8.26936812055330e+05
2.23000000000000e+00	7.66048718764666e+05
2.24000000000000e+00	7.08043668677972e+05
2.25000000000000e+00	6.54192539986248e+05
2.26000000000000e+00	6.06107130367633e+05
2.27000000000000e+00	5.65277547557384e+05
2.28000000000000e+00	5.32726252534350e+05
2.29000000000000e+00	5.08857730967655e+05
2.30000000000000e+00	4.93422711435535e+05
2.31000000000000e+00	4.85581019531295e+05
2.32000000000000e+00	4.83940797620785e+05
2.33000000000000e+00	4.86631973510716e+05
2.34000000000000e+00	4.91361853728715e+05
2.35000000000000e+00	4.95731556224428e+05
2.36000000000000e+00	4.97468952482167e+05
2.37000000000000e+00	4.94785693471116e+05
2.38000000000000e+00	4.86605765480528e+05
2.39000000000000e+00	4.72578780847804e+05
2.40000000000000e+00	4.53055408768896e+05
2.41000000000000e+00	4.28948553322718e+05
2.42000000000000e+00	4.01622214394767e+05
2.43000000000000e+00	3.72664779188077e+05
2.44000000000000e+00	3.43674872995769e+05
2.45000000000000e+00	3.16098454400815e+05
2.46000000000000e+00	2.91032920856682e+05
2.47000000000000e+00	2.69244085547064e+05
2.48000000000000e+00	2.51113986655030e+05
2.49000000000000e+00	2.36760326174510e+05
2.50000000000000e+00	2.26075217859454e+05
2.51000000000000e+00	2.18843301455680e+05
2.52000000000000e+00	2.14822650280237e+05
2.53000000000000e+00	2.13794049408414e+05
2.54000000000000e+00	2.15602748925856e+05
2.55000000000000e+00	2.20202323404023e+05
2.56000000000000e+00	2.27624106953433e+05
2.57000000000000e+00	2.37952697342461e+05
2.58000000000000e+00	2.51317014516727e+05
2.59000000000000e+00	2.67856511494123e+05
2.60000000000000e+00	2.87621568305173e+05
2.61000000000000e+00	3.10571570475851e+05
2.62000000000000e+00	3.36449543135538e+05
2.63000000000000e+00	3.64720183790290e+05
2.64000000000000e+00	3.94653096567770e+05
2.65000000000000e+00	4.25436516408480e+05
2.66000000000000e+00	4.56538513407072e+05
2.67000000000000e+00	4.87899426778762e+05
2.68000000000000e+00	5.20082743121988e+05
2.69000000000000e+00	5.53991161754837e+05
2.70000000000000e+00	5.90565447150731e+05
2.71000000000000e+00	6.30474140529819e+05
2.72000000000000e+00	6.73796532652141e+05
2.73000000000000e+00	7.20123736142344e+05
2.74000000000000e+00	7.68488435345748e+05
2.75000000000000e+00	8.17591599890993e+05
2.76000000000000e+00	8.66047117293259e+05
2.77000000000000e+00	9.12545153879413e+05
2.78000000000000e+00	9.55966402818181e+05
2.79000000000000e+00	9.95484894993485e+05
2.80000000000000e+00	1.03043496219309e+06
2.81000000000000e+00	1.06031487447453e+06
2.82000000000000e+00	1.08472405813532e+06
2.83000000000000e+00	1.10328324318956e+06
2.84000000000000e+00	1.11566172351144e+06
2.85000000000000e+00	1.12154382243780e+06
2.86000000000000e+00	1.12063236972242e+06
2.87000000000000e+00	1.11276600462781e+06
2.88000000000000e+00	1.09794729938529e+06
2.89000000000000e+00	1.07632457171942e+06
2.90000000000000e+00	1.04830998870622e+06
2.91000000000000e+00	1.01452362190112e+06
2.92000000000000e+00	9.75729089129660e+05
2.93000000000000e+00	9.32858986855209e+05
2.94000000000000e+00	8.86927934978506e+05
2.95000000000000e+00	8.39001967137723e+05
2.96000000000000e+00	7.90233931799495e+05
2.97000000000000e+00	7.41729259908682e+05
2.98000000000000e+00	6.94643079988034e+05
2.99000000000000e+00	6.50029399545747e+05
3.00000000000000e+00	6.08815446367559e+05
3.01000000000000e+00	5.71698168160998e+05
3.02000000000000e+00	5.39144492033089e+05
3.03000000000000e+00	5.11396648301286e+05
3.04000000000000e+00	4.88557272476871e+05
3.05000000000000e+00	4.70687389757933e+05
3.06000000000000e+00	4.57872954106587e+05
3.07000000000000e+00	4.50333945254682e+05
3.08000000000000e+00	4.48452747927757e+05
3.09000000000000e+00	4.52746346598026e+05
3.10000000000000e+00	4.63837507444551e+05
3.11000000000000e+00	4.82374525330255e+05
3.12000000000000e+00	5.08885651982394e+05
3.13000000000000e+00	5.43628408775100e+05
3.14000000000000e+00	5.86405996428873e+05
3.15000000000000e+00	6.36370372205243e+05
3.16000000000000e+00	6.91973853828680e+05
3.17000000000000e+00	7.50884580977983e+05
3.18000000000000e+00	8.10138010250454e+05
3.19000000000000e+00	8.66370048113554e+05
3.20000000000000e+00	9.16071717170286e+05
3.21000000000000e+00	9.55917103200583e+05
3.22000000000000e+00	9.82997826384392e+05
3.23000000000000e+00	9.95044372901445e+05
3.24000000000000e+00	9.90668142277181e+05
3.25000000000000e+00	9.69538961967951e+05
3.26000000000000e+00	9.32454714437678e+05
3.27000000000000e+00	8.81336102211470e+05
3.28000000000000e+00	8.18965784989202e+05
3.29000000000000e+00	7.48683280848470e+05
3.30000000000000e+00	6.73983286916978e+05
3.31000000000000e+00	5.98154408697802e+05
3.32000000000000e+00	5.24044496935485e+05
3.33000000000000e+00	4.53866569407187e+05
3.34000000000000e+00	3.89175519349423e+05
3.35000000000000e+00	3.30894877029935e+05
3.36000000000000e+00	2.79420556497799e+05
3.37000000000000e+00	2.34750741427269e+05
3.38000000000000e+00	1.96605299899828e+05
3.39000000000000e+00	1.64535644518687e+05
3.40000000000000e+00	1.37993592131560e+05
3.41000000000000e+00	1.16374491085609e+05
3.42000000000000e+00	9.90639404976900e+04
3.43000000000000e+00	8.54539074884312e+04
3.44000000000000e+00	7.49703093187403e+04
3.45000000000000e+00	6.70871295090861e+04
3.46000000000000e+00	6.13376448335306e+04
3.47000000000000e+00	5.73232999430424e+04
3.48000000000000e+00	5.47163723519775e+04
3.49000000000000e+00	5.32629959546305e+04
3.50000000000000e+00	5.27777091803372e+04
3.51000000000000e+00	5.31414826866553e+04
3.52000000000000e+00	5.42981653997587e+04
3.53000000000000e+00	5.62404700438209e+04
3.54000000000000e+00	5.90047519657907e+04
3.55000000000000e+00	6.26568811064180e+04
3.56000000000000e+00	6.72812886663163e+04
3.57000000000000e+00	7.29719278339912e+04
3.58000000000000e+00	7.98226105674876e+04
3.59000000000000e+00	8.79229642297819e+04
3.60000000000000e+00	9.73592277289448e+04
3.61000000000000e+00	1.08211233395605e+05
3.62000000000000e+00	1.20553563193359e+05
3.63000000000000e+00	1.34458056367343e+05
3.64000000000000e+00	1.49993385181205e+05
3.65000000000000e+00	1.67215512878924e+05
3.66000000000000e+00	1.86161966162252e+05
3.67000000000000e+00	2.06838130549544e+05
3.68000000000000e+00	2.29180920463760e+05
3.69000000000000e+00	2.53029699569886e+05
3.70000000000000e+00	2.78068771343364e+05
3.71000000000000e+00	3.03782414660336e+05
3.72000000000000e+00	3.29435916844241e+05
3.73000000000000e+00	3.54095565686299e+05
3.74000000000000e+00	3.76698257762375e+05
3.75000000000000e+00	3.96185668088804e+05
3.76000000000000e+00	4.11626344309288e+05
3.77000000000000e+00	4.22315506246062e+05
3.78000000000000e+00	4.27837291552947e+05
3.79000000000000e+00	4.28059233122569e+05
3.80000000000000e+00	4.23090392004226e+05
3.81000000000000e+00	4.13251107844413e+05
3.82000000000000e+00	3.99001925177967e+05
3.83000000000000e+00	3.80914271047826e+05
3.84000000000000e+00	3.59610282728567e+05
3.85000000000000e+00	3.35757642679652e+05
3.86000000000000e+00	3.10034460087007e+05
3.87000000000000e+00	2.83103395760851e+05
3.88000000000000e+00	2.55612917615992e+05
3.89000000000000e+00	2.28172406322181e+05
3.90000000000000e+00	2.01334802288363e+05
3.91000000000000e+00	1.75570634458603e+05
3.92000000000000e+00	1.51258419181444e+05
3.93000000000000e+00	1.28674962077805e+05
3.94000000000000e+00	1.08001241138884e+05
3.95000000000000e+00	8.93345690711337e+04
3.96000000000000e+00	7.27127352596160e+04
3.97000000000000e+00	5.81310706148181e+04
3.98000000000000e+00	4.55572577115626e+04
3.99000000000000e+00	3.49281216667186e+04
4.00000000000000e+00	2.61491155690018e+04
4.01000000000000e+00	1.90868815882700e+04
4.02000000000000e+00	1.35678047999445e+04
4.03000000000000e+00	9.38635653846527e+03
4.04000000000000e+00	6.31944504645640e+03
4.05000000000000e+00	4.14272248577819e+03
4.06000000000000e+00	2.64707240660873e+03
4.07000000000000e+00	1.65285701008425e+03
4.08000000000000e+00	1.01663540000429e+03
4.09000000000000e+00	6.33229779764076e+02
4.10000000000000e+00	4.32661399186398e+02
4.11000000000000e+00	3.72537978040137e+02
4.12000000000000e+00	4.29212014962867e+02
4.13000000000000e+00	5.88715430527426e+02
4.14000000000000e+00	8.38476915233901e+02
4.15000000000000e+00	1.16066404868498e+03
4.16000000000000e+00	1.52779311940209e+03
4.17000000000000e+00	1.90139898566933e+03
4.18000000000000e+00	2.23479526826846e+03
4.19000000000000e+00	2.47937161061986e+03
4.20000000000000e+00	2.59390177115243e+03
4.21000000000000e+00	2.55409551263851e+03
4.22000000000000e+00	2.36004944510474e+03
4.23000000000000e+00	2.03891178561692e+03
4.24000000000000e+00	1.64157171294938e+03
4.25000000000000e+00	1.23387458908224e+03
4.26000000000000e+00	8.83977468155665e+02
4.27000000000000e+00	6.49784029130974e+02
4.28000000000000e+00	5.69394540194431e+02
4.29000000000000e+00	6.57372945425020e+02
4.30000000000000e+00	9.06766804549775e+02
4.31000000000000e+00	1.29536758914869e+03
4.32000000000000e+00	1.79331523563648e+03
4.33000000000000e+00	2.36934288740981e+03
4.34000000000000e+00	2.99472359987924e+03
4.35000000000000e+00	3.64455125958844e+03
4.36000000000000e+00	4.29738885289269e+03
4.37000000000000e+00	4.93369865790975e+03
4.38000000000000e+00	5.53470345804741e+03
4.39000000000000e+00	6.08061092178283e+03
4.40000000000000e+00	6.54988740292082e+03
4.41000000000000e+00	6.91826193972245e+03
4.42000000000000e+00	7.15923825656266e+03
4.43000000000000e+00	7.24531078438644e+03
4.44000000000000e+00	7.15078975007892e+03
4.45000000000000e+00	6.85637930339454e+03
4.46000000000000e+00	6.35437552548006e+03
4.47000000000000e+00	5.65418574200240e+03
4.48000000000000e+00	4.78658219867137e+03
4.49000000000000e+00	3.80495270677900e+03
4.50000000000000e+00	2.78309280182303e+03
4.51000000000000e+00	1.80850333159472e+03
4.52000000000000e+00	9.73259251140838e+02
4.53000000000000e+00	3.63538806765023e+02
4.54000000000000e+00	5.06472095015110e+01
4.55000000000000e+00	8.57721906410957e+01
4.56000000000000e+00	4.99499213434408e+02
4.57000000000000e+00	1.30575802400379e+03
4.58000000000000e+00	2.50864585597804e+03
4.59000000000000e+00	4.11019886098994e+03
4.60000000000000e+00	6.11719235785042e+03
4.61000000000000e+00	8.54610126494135e+03
4.62000000000000e+00	1.14260509563618e+04
4.63000000000000e+00	1.48007106754538e+04
4.64000000000000e+00	1.87306857754403e+04
4.65000000000000e+00	2.32949677985561e+04
4.66000000000000e+00	2.85971583860770e+04
4.67000000000000e+00	3.47669298394280e+04
4.68000000000000e+00	4.19632935102702e+04
4.69000000000000e+00	5.03698948559706e+04
4.70000000000000e+00	6.01865627397283e+04
4.71000000000000e+00	7.16069809174114e+04
4.72000000000000e+00	8.47883207501643e+04
4.73000000000000e+00	9.98106713363581e+04
4.74000000000000e+00	1.16625603377840e+05
4.75000000000000e+00	1.35004367914474e+05
4.76000000000000e+00	1.54492614194446e+05
4.77000000000000e+00	1.74395540118716e+05
4.78000000000000e+00	1.93791846072189e+05
4.79000000000000e+00	2.11610871535871e+05
4.80000000000000e+00	2.26751199154128e+05
4.81000000000000e+00	2.38223239065386e+05
4.82000000000000e+00	2.45310448965379e+05
4.83000000000000e+00	2.47675657546449e+05
4.84000000000000e+00	2.45411141767642e+05
4.85000000000000e+00	2.39012565264433e+05
4.86000000000000e+00	2.29280406876415e+05
4.87000000000000e+00	2.17176224817474e+05
4.88000000000000e+00	2.03675825408809e+05
4.89000000000000e+00	1.89643200464831e+05
4.90000000000000e+00	1.75766254643872e+05
4.91000000000000e+00	1.62503443268703e+05
4.92000000000000e+00	1.50101177307740e+05
4.93000000000000e+00	1.38617770773142e+05
4.94000000000000e+00	1.27955424808918e+05
4.95000000000000e+00	1.17929981312559e+05
4.96000000000000e+00	1.08299014901141e+05
4.97000000000000e+00	9.88303763713047e+04
4.98000000000000e+00	8.93383398136350e+04
4.99000000000000e+00	7.97161988851699e+04
5.00000000000000e+00	6.99562704542600e+04
5.01000000000000e+00	6.01565533203902e+04
5.02000000000000e+00	5.05160791639149e+04
5.03000000000000e+00	4.13156322021599e+04
5.04000000000000e+00	3.28964782079458e+04
5.05000000000000e+00	2.56206257517677e+04
5.06000000000000e+00	1.98388953076461e+04
5.07000000000000e+00	1.58479142704149e+04
5.08000000000000e+00	1.38391650312184e+04
5.09000000000000e+00	1.38534611056062e+04
5.10000000000000e+00	1.57402853791409e+04
5.11000000000000e+00	1.91420535592796e+04
5.12000000000000e+00	2.35164589127336e+04
5.13000000000000e+00	2.82002617488155e+04
5.14000000000000e+00	3.25074204951028e+04
5.15000000000000e+00	3.58377004136678e+04
5.16000000000000e+00	3.77663721935338e+04
5.17000000000000e+00	3.80969613381480e+04
5.18000000000000e+00	3.68587341415129e+04
5.19000000000000e+00	3.42680095418563e+04
5.20000000000000e+00	3.06643156471845e+04
5.21000000000000e+00	2.64406691001342e+04
5.22000000000000e+00	2.19895959250917e+04
5.23000000000000e+00	1.76624944526887e+04
5.24000000000000e+00	1.37454644968323e+04
5.25000000000000e+00	1.04476280177836e+04
5.26000000000000e+00	7.89924405033660e+03
5.27000000000000e+00	6.15586575886852e+03
5.28000000000000e+00	5.21077451764027e+03
5.29000000000000e+00	5.01119748535735e+03
5.30000000000000e+00	5.47767522316617e+03
5.31000000000000e+00	6.52081035921888e+03
5.32000000000000e+00	8.05325192754563e+03
5.33000000000000e+00	9.99487739192160e+03
5.34000000000000e+00	1.22717979366342e+04
5.35000000000000e+00	1.48117327859559e+04
5.36000000000000e+00	1.75388122180755e+04
5.37000000000000e+00	2.03690389558041e+04
5.38000000000000e+00	2.32096460660262e+04
5.39000000000000e+00	2.59619532215857e+04
5.40000000000000e+00	2.85272469897426e+04
5.41000000000000e+00	3.08120951082412e+04
5.42000000000000e+00	3.27370060318711e+04
5.43000000000000e+00	3.42398217358473e+04
5.44000000000000e+00	3.52796950049174e+04
5.45000000000000e+00	3.58372165163284e+04
5.46000000000000e+00	3.59139114735892e+04
5.47000000000000e+00	3.55272132449493e+04
5.48000000000000e+00	3.47099477936331e+04
5.49000000000000e+00	3.35063948625053e+04
5.50000000000000e+00	3.19693743457034e+04
5.51000000000000e+00	3.01603397845416e+04
5.52000000000000e+00	2.81470481982860e+04
5.53000000000000e+00	2.60012220553986e+04
5.54000000000000e+00	2.37964144920711e+04
5.55000000000000e+00	2.16052909904892e+04
5.56000000000000e+00	1.94969131061904e+04
5.57000000000000e+00	1.75344943675499e+04
5.58000000000000e+00	1.57730890489272e+04
5.59000000000000e+00	1.42577846701594e+04
5.60000000000000e+00	1.30208670252546e+04
5.61000000000000e+00	1.20810861028077e+04
5.62000000000000e+00	1.14407058711243e+04
5.63000000000000e+00	1.10870565379652e+04
5.64000000000000e+00	1.09922695220132e+04
5.65000000000000e+00	1.11173896163810e+04
5.66000000000000e+00	1.14155400025620e+04
5.67000000000000e+00	1.18370061844807e+04
5.68000000000000e+00	1.23331443601563e+04
5.69000000000000e+00	1.28602265040044e+04
5.70000000000000e+00	1.33826719979267e+04
5.71000000000000e+00	1.38741693672011e+04
5.72000000000000e+00	1.43174285778602e+04
5.73000000000000e+00	1.47041425923389e+04
5.74000000000000e+00	1.50310849323841e+04
5.75000000000000e+00	1.52995828776106e+04
5.76000000000000e+00	1.55119028895659e+04
5.77000000000000e+00	1.56708302670482e+04
5.78000000000000e+00	1.57775550671461e+04
5.79000000000000e+00	1.58319184446732e+04
5.80000000000000e+00	1.58324069520417e+04
5.81000000000000e+00	1.57770258929593e+04
5.82000000000000e+00	1.56630738468526e+04
5.83000000000000e+00	1.54895861141238e+04
5.84000000000000e+00	1.52572780591875e+04
5.85000000000000e+00	1.49707451052943e+04
5.86000000000000e+00	1.46382226621932e+04
5.87000000000000e+00	1.42717127403444e+04
5.88000000000000e+00	1.38869817194103e+04
5.89000000000000e+00	1.34998945858950e+04
5.90000000000000e+00	1.31271649951755e+04
5.91000000000000e+00	1.27821966079514e+04
5.92000000000000e+00	1.24755537409989e+04
5.93000000000000e+00	1.22142348451584e+04
5.94000000000000e+00	1.20033477612462e+04
5.95000000000000e+00	1.18463877010250e+04
5.96000000000000e+00	1.17474389800294e+04
5.97000000000000e+00	1.17114151548972e+04
5.98000000000000e+00	1.17440436033726e+04
5.99000000000000e+00	1.18513184494822e+04
6.00000000000000e+00	1.20375047849350e+04
6.01000000000000e+00	1.23040277473488e+04
6.02000000000000e+00	1.26481416779614e+04
6.03000000000000e+00	1.30609893753070e+04
6.04000000000000e+00	1.35282421993655e+04
6.05000000000000e+00	1.40295427693480e+04
6.06000000000000e+00	1.45391294975141e+04
6.07000000000000e+00	1.50270603335422e+04
6.08000000000000e+00	1.54603977799643e+04
6.09000000000000e+00	1.58049968846351e+04
6.10000000000000e+00	1.60276363801694e+04
6.11000000000000e+00	1.60977583688382e+04
6.12000000000000e+00	1.59899957881458e+04
6.13000000000000e+00	1.56861839341625e+04
6.14000000000000e+00	1.51761889816208e+04
6.15000000000000e+00	1.44603553602688e+04
6.16000000000000e+00	1.35494260842685e+04
6.17000000000000e+00	1.24652576463837e+04
6.18000000000000e+00	1.12419137424514e+04
6.19000000000000e+00	9.92295846223349e+03
6.20000000000000e+00	8.56064696181273e+03
6.21000000000000e+00	7.21102871499850e+03
6.22000000000000e+00	5.92986879276379e+03
6.23000000000000e+00	4.76738438846782e+03
6.24000000000000e+00	3.76304945339851e+03
6.25000000000000e+00	2.94176113042747e+03
6.26000000000000e+00	2.31189597026898e+03
6.27000000000000e+00	1.86514092767759e+03
6.28000000000000e+00	1.57906297674571e+03
6.29000000000000e+00	1.42171722641483e+03
6.30000000000000e+00	1.35656316240333e+03
6.31000000000000e+00	1.34832414629297e+03
6.32000000000000e+00	1.36737538031589e+03
6.33000000000000e+00	1.39328944308689e+03
6.34000000000000e+00	1.41659694131663e+03
6.35000000000000e+00	1.43869584875052e+03
6.36000000000000e+00	1.47017931656227e+03
6.37000000000000e+00	1.52711038386416e+03
6.38000000000000e+00	1.62710366625923e+03
6.39000000000000e+00	1.78421098872908e+03
6.40000000000000e+00	2.00559748271718e+03
6.41000000000000e+00	2.28924450335557e+03
6.42000000000000e+00	2.62394115188341e+03
6.43000000000000e+00	2.99112581399418e+03
6.44000000000000e+00	3.36780059009815e+03
6.45000000000000e+00	3.72981595080296e+03
6.46000000000000e+00	4.05504782297581e+03
6.47000000000000e+00	4.32572138593687e+03
6.48000000000000e+00	4.52941348238721e+03
6.49000000000000e+00	4.65989990518478e+03
6.50000000000000e+00	4.71681523585522e+03
6.51000000000000e+00	4.70528241703381e+03
6.52000000000000e+00	4.63505024418102e+03
6.53000000000000e+00	4.51939343909432e+03
6.54000000000000e+00	4.37380779734671e+03
6.55000000000000e+00	4.21540726358606e+03
6.56000000000000e+00	4.06119000797258e+03
6.57000000000000e+00	3.92728192391264e+03
6.58000000000000e+00	3.82806916983584e+03
6.59000000000000e+00	3.77475599001646e+03
6.60000000000000e+00	3.77493833789882e+03
6.61000000000000e+00	3.83185367260613e+03
6.62000000000000e+00	3.94440029486983e+03
6.63000000000000e+00	4.10711058984476e+03
6.64000000000000e+00	4.31090804788250e+03
6.65000000000000e+00	4.54373098755095e+03
6.66000000000000e+00	4.79186617230309e+03
6.67000000000000e+00	5.04028335913090e+03
6.68000000000000e+00	5.27403624363159e+03
6.69000000000000e+00	5.47861083362735e+03
6.70000000000000e+00	5.64090910093185e+03
6.71000000000000e+00	5.74928847353816e+03
6.72000000000000e+00	5.79474486512510e+03
6.73000000000000e+00	5.77114896976415e+03
6.74000000000000e+00	5.67591374412954e+03
6.75000000000000e+00	5.51045931604047e+03
6.76000000000000e+00	5.28049499910996e+03
6.77000000000000e+00	4.99601700752054e+03
6.78000000000000e+00	4.67126811542487e+03
6.79000000000000e+00	4.32400986162851e+03
6.80000000000000e+00	3.97524500613304e+03
6.81000000000000e+00	3.64763788143279e+03
6.82000000000000e+00	3.36485736889771e+03
6.83000000000000e+00	3.15033772948895e+03
6.84000000000000e+00	3.02605876448308e+03
6.85000000000000e+00	3.01196420159806e+03
6.86000000000000e+00	3.12498662442890e+03
6.87000000000000e+00	3.37907551826445e+03
6.88000000000000e+00	3.78456553662575e+03
6.89000000000000e+00	4.34795786284346e+03
6.90000000000000e+00	5.07178836680308e+03
6.91000000000000e+00	5.95390119377744e+03
6.92000000000000e+00	6.98768160110523e+03
6.93000000000000e+00	8.16167955312721e+03
6.94000000000000e+00	9.45933700385242e+03
6.95000000000000e+00	1.08592219765881e+04
6.96000000000000e+00	1.23357856593018e+04
6.97000000000000e+00	1.38595065942697e+04
6.98000000000000e+00	1.53976148241898e+04
6.99000000000000e+00	1.69151655019437e+04
7.00000000000000e+00	1.83752171246056e+04
7.01000000000000e+00	1.97401701047297e+04
7.02000000000000e+00	2.09719116145535e+04
7.03000000000000e+00	2.20322566688668e+04
7.04000000000000e+00	2.28831973696190e+04
7.05000000000000e+00	2.34876918179118e+04
7.06000000000000e+00	2.38129395676994e+04
7.07000000000000e+00	2.38325429145843e+04
7.08000000000000e+00	2.35290983616523e+04
7.09000000000000e+00	2.29002864183611e+04
7.10000000000000e+00	2.19604209408988e+04
7.11000000000000e+00	2.07422154826706e+04
7.12000000000000e+00	1.92936555289592e+04
7.13000000000000e+00	1.76750716250619e+04
7.14000000000000e+00	1.59528702796179e+04
7.15000000000000e+00	1.41926766351380e+04
7.16000000000000e+00	1.24540764632759e+04
7.17000000000000e+00	1.07877182294767e+04
7.18000000000000e+00	9.23195019423161e+03
7.19000000000000e+00	7.81254493398791e+03
7.20000000000000e+00	6.54409125725775e+03
7.21000000000000e+00	5.43044025216403e+03
7.22000000000000e+00	4.46759419352772e+03
7.23000000000000e+00	3.64548786040350e+03
7.24000000000000e+00	2.95062033270723e+03
7.25000000000000e+00	2.36784794178243e+03
7.26000000000000e+00	1.88198859783045e+03
7.27000000000000e+00	1.47899712816754e+03
7.28000000000000e+00	1.14662890340725e+03
7.29000000000000e+00	8.74792812224406e+02
7.30000000000000e+00	6.55585527021170e+02
7.31000000000000e+00	4.83024935415108e+02
7.32000000000000e+00	3.52769937685594e+02
7.33000000000000e+00	2.61678520416516e+02
7.34000000000000e+00	2.07384428554864e+02
7.35000000000000e+00	1.87954948569371e+02
7.36000000000000e+00	2.01609211343383e+02
7.37000000000000e+00	2.46495308899657e+02
7.38000000000000e+00	3.20467110675539e+02
7.39000000000000e+00	4.20918758964337e+02
7.40000000000000e+00	5.44427701588052e+02
7.41000000000000e+00	6.86561837613377e+02
7.42000000000000e+00	8.41680441960459e+02
7.43000000000000e+00	1.00287965901129e+03
7.44000000000000e+00	1.16217939384841e+03
7.45000000000000e+00	1.31111939979587e+03
7.46000000000000e+00	1.44163198049419e+03
7.47000000000000e+00	1.54711463549805e+03
7.48000000000000e+00	1.62348162968009e+03
7.49000000000000e+00	1.66984233093321e+03
7.50000000000000e+00	1.68848576002993e+03
7.51000000000000e+00	1.68422839019150e+03
7.52000000000000e+00	1.66311568454432e+03
7.53000000000000e+00	1.63091303136741e+03
7.54000000000000e+00	1.59188587127836e+03
7.55000000000000e+00	1.54818783559673e+03
7.56000000000000e+00	1.50001552126678e+03
7.57000000000000e+00	1.44639753937892e+03
7.58000000000000e+00	1.38624511291703e+03
7.59000000000000e+00	1.31930555058510e+03
7.60000000000000e+00	1.24655180158195e+03
7.61000000000000e+00	1.17022831816320e+03
7.62000000000000e+00	1.09336046918261e+03
7.63000000000000e+00	1.01922324850556e+03
7.64000000000000e+00	9.50788596982404e+02
7.65000000000000e+00	8.90510153784725e+02
7.66000000000000e+00	8.40336993614623e+02
7.67000000000000e+00	8.01983172170007e+02
7.68000000000000e+00	7.77380095717181e+02
7.69000000000000e+00	7.69208832227432e+02
7.70000000000000e+00	7.81386486887823e+02
7.71000000000000e+00	8.19443819978241e+02
7.72000000000000e+00	8.90719993745131e+02
7.73000000000000e+00	1.00433603696680e+03
7.74000000000000e+00	1.17100614303062e+03
7.75000000000000e+00	1.40259661398572e+03
7.76000000000000e+00	1.71159412890468e+03
7.77000000000000e+00	2.11031873402259e+03
7.78000000000000e+00	2.60988394293703e+03
7.79000000000000e+00	3.21870580203167e+03
7.80000000000000e+00	3.94056575455637e+03
7.81000000000000e+00	4.77237980982249e+03
7.82000000000000e+00	5.70190490808826e+03
7.83000000000000e+00	6.70592412795504e+03
7.84000000000000e+00	7.74988511751274e+03
7.85000000000000e+00	8.78921824010596e+03
7.86000000000000e+00	9.77272377497260e+03
7.87000000000000e+00	1.06484867348233e+04
7.88000000000000e+00	1.13702638780904e+04
7.89000000000000e+00	1.19033918507507e+04
7.90000000000000e+00	1.22301843056621e+04
7.91000000000000e+00	1.23506056785366e+04
7.92000000000000e+00	1.22816474208504e+04
7.93000000000000e+00	1.20528088027625e+04
7.94000000000000e+00	1.17008895801251e+04
7.95000000000000e+00	1.12652263475120e+04
7.96000000000000e+00	1.07823202868357e+04
7.97000000000000e+00	1.02833571403747e+04
7.98000000000000e+00	9.79219164447303e+03
7.99000000000000e+00	9.32545301289234e+03
8.00000000000000e+00	8.89184579543003e+03
8.01000000000000e+00	8.49382528237027e+03
8.02000000000000e+00	8.12847587197355e+03
8.03000000000000e+00	7.78943636557159e+03
8.04000000000000e+00	7.46830339388284e+03
8.05000000000000e+00	7.15711092023923e+03
8.06000000000000e+00	6.84900949348658e+03
8.07000000000000e+00	6.53974519021505e+03
8.08000000000000e+00	6.22769987565700e+03
8.09000000000000e+00	5.91368949594372e+03
8.10000000000000e+00	5.60061739171892e+03
8.11000000000000e+00	5.29241696898568e+03
8.12000000000000e+00	4.99317055216761e+03
8.13000000000000e+00	4.70646867516405e+03
8.14000000000000e+00	4.43460787107664e+03
8.15000000000000e+00	4.17849392180973e+03
8.16000000000000e+00	3.93739547626258e+03
8.17000000000000e+00	3.70952132666695e+03
8.18000000000000e+00	3.49244527976471e+03
8.19000000000000e+00	3.28344217006149e+03
8.20000000000000e+00	3.08022143032521e+03
8.21000000000000e+00	2.88146643493873e+03
8.22000000000000e+00	2.68684070521818e+03
8.23000000000000e+00	2.49710168469746e+03
8.24000000000000e+00	2.31401632931090e+03
8.25000000000000e+00	2.13991223184809e+03
8.26000000000000e+00	1.97720398041840e+03
8.27000000000000e+00	1.82825087231844e+03
8.28000000000000e+00	1.69490105403926e+03
8.29000000000000e+00	1.57837032481024e+03
8.30000000000000e+00	1.47938176333702e+03
8.31000000000000e+00	1.39795347780378e+03
8.32000000000000e+00	1.33372115649235e+03
8.33000000000000e+00	1.28602581972329e+03
8.34000000000000e+00	1.25399509649168e+03
8.35000000000000e+00	1.23662939925365e+03
8.36000000000000e+00	1.23295502882307e+03
8.37000000000000e+00	1.24193085058930e+03
8.38000000000000e+00	1.26249299131725e+03
8.39000000000000e+00	1.29350208932715e+03
8.40000000000000e+00	1.33378436013167e+03
8.41000000000000e+00	1.38204312521393e+03
8.42000000000000e+00	1.43697940048106e+03
8.43000000000000e+00	1.49729608947704e+03
8.44000000000000e+00	1.56176683193026e+03
8.45000000000000e+00	1.62934035500024e+03
8.46000000000000e+00	1.69913106539988e+03
8.47000000000000e+00	1.77055704620333e+03
8.48000000000000e+00	1.84332401507138e+03
8.49000000000000e+00	1.91745752602367e+03
8.50000000000000e+00	1.99314823873401e+03
8.51000000000000e+00	2.07071224927492e+03
8.52000000000000e+00	2.15007303567188e+03
8.53000000000000e+00	2.23071961568627e+03
8.54000000000000e+00	2.31131370239715e+03
8.55000000000000e+00	2.38944421163200e+03
8.56000000000000e+00	2.46166024209295e+03
8.57000000000000e+00	2.52354848414593e+03
8.58000000000000e+00	2.57006658278703e+03
8.59000000000000e+00	2.59594321680178e+03
8.60000000000000e+00	2.59633629595150e+03
8.61000000000000e+00	2.56716707293420e+03
8.62000000000000e+00	2.50566411406211e+03
8.63000000000000e+00	2.41087729013996e+03
8.64000000000000e+00	2.28391538476213e+03
8.65000000000000e+00	2.12807734121690e+03
8.66000000000000e+00	1.94885294532137e+03
8.67000000000000e+00	1.75359181774624e+03
8.68000000000000e+00	1.55117321981737e+03
8.69000000000000e+00	1.35107384167373e+03
8.70000000000000e+00	1.16263401190110e+03
8.71000000000000e+00	9.93995112444194e+02
8.72000000000000e+00	8.51496903028148e+02
8.73000000000000e+00	7.38998846952559e+02
8.74000000000000e+00	6.57864615314038e+02
8.75000000000000e+00	6.07020403440935e+02
8.76000000000000e+00	5.83518298171724e+02
8.77000000000000e+00	5.83031907210205e+02
8.78000000000000e+00	6.00598102674131e+02
8.79000000000000e+00	6.31108509621147e+02
8.80000000000000e+00	6.69841709721005e+02
8.81000000000000e+00	7.12710251998930e+02
8.82000000000000e+00	7.56441239269449e+02
8.83000000000000e+00	7.98621196848290e+02
8.84000000000000e+00	8.37629078227952e+02
8.85000000000000e+00	8.72567487291097e+02
8.86000000000000e+00	9.03065229070618e+02
8.87000000000000e+00	9.29239511433623e+02
8.88000000000000e+00	9.51508810104437e+02
8.89000000000000e+00	9.70523209482526e+02
8.90000000000000e+00	9.87043560912090e+02
8.91000000000000e+00	1.00185250275480e+03
8.92000000000000e+00	1.01562306690400e+03
8.93000000000000e+00	1.02902913112114e+03
8.94000000000000e+00	1.04247841355470e+03
8.95000000000000e+00	1.05631020962980e+03
8.96000000000000e+00	1.07058122017356e+03
8.97000000000000e+00	1.08522286860767e+03
8.98000000000000e+00	1.09995311663441e+03
8.99000000000000e+00	1.11435845791967e+03
9.00000000000000e+00	1.12792884976590e+03
9.01000000000000e+00	1.14010529313157e+03
9.02000000000000e+00	1.15022029733552e+03
9.03000000000000e+00	1.15755060397405e+03
9.04000000000000e+00	1.16135089102801e+03
9.05000000000000e+00	1.16076292402533e+03
9.06000000000000e+00	1.15503842995241e+03
9.07000000000000e+00	1.14347444699837e+03
9.08000000000000e+00	1.12571158431066e+03
9.09000000000000e+00	1.10175873089701e+03
9.10000000000000e+00	1.07210833484133e+03
9.11000000000000e+00	1.03763237123590e+03
9.12000000000000e+00	9.99681954210779e+02
9.13000000000000e+00	9.59845973203493e+02
9.14000000000000e+00	9.19814916895677e+02
9.15000000000000e+00	8.81202039672142e+02
9.16000000000000e+00	8.45358002945255e+02
9.17000000000000e+00	8.13254235765966e+02
9.18000000000000e+00	7.85391957041299e+02
9.19000000000000e+00	7.61805574076625e+02
9.20000000000000e+00	7.42109205318496e+02
9.21000000000000e+00	7.25668046888952e+02
9.22000000000000e+00	7.11710882370874e+02
9.23000000000000e+00	6.99485093709378e+02
9.24000000000000e+00	6.88366258282875e+02
9.25000000000000e+00	6.77943216257336e+02
9.26000000000000e+00	6.68055117997846e+02
9.27000000000000e+00	6.58834721429712e+02
9.28000000000000e+00	6.50564599847313e+02
9.29000000000000e+00	6.43675522582574e+02
9.30000000000000e+00	6.38592498868335e+02
9.31000000000000e+00	6.35713917866472e+02
9.32000000000000e+00	6.35259874194840e+02
9.33000000000000e+00	6.37299116256206e+02
9.34000000000000e+00	6.41706720616780e+02
9.35000000000000e+00	6.48179682565483e+02
9.36000000000000e+00	6.56328235548415e+02
9.37000000000000e+00	6.65654680151798e+02
9.38000000000000e+00	6.75671857818731e+02
9.39000000000000e+00	6.85924317275531e+02
9.40000000000000e+00	6.96020394431212e+02
9.41000000000000e+00	7.05644926637112e+02
9.42000000000000e+00	7.14569104598139e+02
9.43000000000000e+00	7.22633831288070e+02
9.44000000000000e+00	7.29728453391680e+02
9.45000000000000e+00	7.35794813652452e+02
9.46000000000000e+00	7.40803908885176e+02
9.47000000000000e+00	7.44720849416517e+02
9.48000000000000e+00	7.47593593826496e+02
9.49000000000000e+00	7.49448228804337e+02
9.50000000000000e+00	7.50379924080668e+02
9.51000000000000e+00	7.50435664622781e+02
9.52000000000000e+00	7.49710110232840e+02
9.53000000000000e+00	7.48249588496099e+02
9.54000000000000e+00	7.46109686126008e+02
9.55000000000000e+00	7.43339602047414e+02
9.56000000000000e+00	7.40102154133629e+02
9.57000000000000e+00	7.36640142842729e+02
9.58000000000000e+00	7.33317335532179e+02
9.59000000000000e+00	7.30536204559447e+02
9.60000000000000e+00	7.28679460623109e+02
9.61000000000000e+00	7.27973319193741e+02
9.62000000000000e+00	7.28474399861230e+02
9.63000000000000e+00	7.30078964569851e+02
9.64000000000000e+00	7.32548456842244e+02
9.65000000000000e+00	7.35625629972900e+02
9.66000000000000e+00	7.39022019472298e+02
9.67000000000000e+00	7.42520079826340e+02
9.68000000000000e+00	7.45930121554796e+02
9.69000000000000e+00	7.49092680888230e+02
9.70000000000000e+00	7.51904836409143e+02
9.71000000000000e+00	7.54272284198756e+02
9.72000000000000e+00	7.56125087960295e+02
9.73000000000000e+00	7.57454018124956e+02
9.74000000000000e+00	7.58242588405497e+02
9.75000000000000e+00	7.58525455472574e+02
9.76000000000000e+00	7.58340468239827e+02
9.77000000000000e+00	7.57745320787581e+02
9.78000000000000e+00	7.56825865655671e+02
9.79000000000000e+00	7.55663407600466e+02
9.80000000000000e+00	7.54340745041912e+02
9.81000000000000e+00	7.52958374674022e+02
9.82000000000000e+00	7.51598841235081e+02
9.83000000000000e+00	7.50324595205202e+02
9.84000000000000e+00	7.49176596388988e+02
9.85000000000000e+00	7.48174440077119e+02
9.86000000000000e+00	7.47318035425949e+02
9.87000000000000e+00	7.46646328797456e+02
9.88000000000000e+00	7.46304552297370e+02
9.89000000000000e+00	7.46743652934720e+02
9.90000000000000e+00	7.49193543357404e+02
9.91000000000000e+00	7.56432671138530e+02
9.92000000000000e+00	7.74079234243694e+02
9.93000000000000e+00	8.12589476972098e+02
9.94000000000000e+00	8.90666592406513e+02
9.95000000000000e+00	1.04264634750376e+03
9.96000000000000e+00	1.33631326236621e+03
9.97000000000000e+00	1.91892564288573e+03
9.98000000000000e+00	3.14256182038293e+03
9.99000000000000e+00	5.92977086696380e+03
1.00000000000000e+01	1.29336851155687e+04
1.00100000000000e+01	3.21692200923739e+04
1.00200000000000e+01	7.89570244516919e+04
1.00300000000000e+01	1.01118415235826e+05
1.00400000000000e+01	4.19402342235864e+04
1.00500000000000e+01	1.16078944902646e+04
1.00600000000000e+01	3.18064256634905e+03
1.00700000000000e+01	9.11043906026637e+02
1.00800000000000e+01	2.65614902586249e+02
1.00900000000000e+01	7.43699118815596e+01
1.01000000000000e+01	1.83819559459056e+01
1.01100000000000e+01	4.09665489941327e+00
1.01200000000000e+01	2.41793511547964e+00
1.01300000000000e+01	4.02976473791306e+00
1.01400000000000e+01	6.00778375974725e+00
1.01500000000000e+01	7.54500497950949e+00
1.01600000000000e+01	8.52357936120521e+00
1.01700000000000e+01	9.02614812102042e+00
1.01800000000000e+01	9.17395820434445e+00
1.01900000000000e+01	9.07550876060765e+00
1.02000000000000e+01	8.81579029961029e+00
1.02100000000000e+01	8.45589617484240e+00
1.02200000000000e+01	8.03981345164786e+00
1.02300000000000e+01	7.59700685594922e+00
1.02400000000000e+01	7.14795826679761e+00
1.02500000000000e+01	6.70551650864686e+00
1.02600000000000e+01	6.27819887951868e+00
1.02700000000000e+01	5.87078870013080e+00
1.02800000000000e+01	5.48612486661379e+00
1.02900000000000e+01	5.12539270627521e+00
1.03000000000000e+01	4.78861519163389e+00
1.03100000000000e+01	4.47533908409584e+00
1.03200000000000e+01	4.18454955396274e+00
1.03300000000000e+01	3.91516406168218e+00
1.03400000000000e+01	3.66570917283600e+00
1.03500000000000e+01	3.43485478592591e+00
1.03600000000000e+01	3.22126462020107e+00
1.03700000000000e+01	3.02357902168596e+00
1.03800000000000e+01	2.84054656952592e+00
1.03900000000000e+01	2.67097390416477e+00
1.04000000000000e+01	2.51371273482419e+00
1.04100000000000e+01	2.36779622421162e+00
1.04200000000000e+01	2.23227036455070e+00
1.04300000000000e+01	2.10625856160063e+00
1.04400000000000e+01	1.98905215548163e+00
1.04500000000000e+01	1.87990665308259e+00
1.04600000000000e+01	1.77820357820017e+00
1.04700000000000e+01	1.68333582224590e+00
1.04800000000000e+01	1.59479966459903e+00
1.04900000000000e+01	1.51207839427137e+00
1.05000000000000e+01	1.43478643205663e+00
1.05100000000000e+01	1.36246277840901e+00
1.05200000000000e+01	1.29477990209574e+00
1.05300000000000e+01	1.23135565164196e+00
1.05400000000000e+01	1.17191652117251e+00
1.05500000000000e+01	1.11614667913229e+00
1.05600000000000e+01	1.06379523090588e+00
1.05700000000000e+01	1.01457165286567e+00
1.05800000000000e+01	9.68301811261866e-01
1.05900000000000e+01	9.24726293140861e-01
1.06000000000000e+01	8.83684049118654e-01
1.06100000000000e+01	8.44994517644800e-01
1.06200000000000e+01	8.08468095784113e-01
1.06300000000000e+01	7.73988721042235e-01
1.06400000000000e+01	7.41379906486322e-01
1.06500000000000e+01	7.10535564621242e-01
1.06600000000000e+01	6.81338371669542e-01
1.06700000000000e+01	6.53656495866942e-01
1.06800000000000e+01	6.27418103287052e-01
1.06900000000000e+01	6.02504283399931e-01
1.07000000000000e+01	5.78842256673413e-01
1.07100000000000e+01	5.56349234980759e-01
1.07200000000000e+01	5.34964390932293e-01
1.07300000000000e+01	5.14611560218413e-01
1.07400000000000e+01	4.95239428827613e-01
1.07500000000000e+01	4.76781347082647e-01
1.07600000000000e+01	4.59198421968780e-01
1.07700000000000e+01	4.42441073361512e-01
1.07800000000000e+01	4.26467629125515e-01
1.07900000000000e+01	4.11240171709648e-01
1.08000000000000e+01	3.96716795615276e-01
1.08100000000000e+01	3.82863720010492e-01
1.08200000000000e+01	3.69642900988734e-01
1.08300000000000e+01	3.57020576661208e-01
1.08400000000000e+01	3.44968187619194e-01
1.08500000000000e+01	3.33447287636604e-01
1.08600000000000e+01	3.22430402560953e-01
1.08700000000000e+01	3.11894093445103e-01
1.08800000000000e+01	3.01808994448971e-01
1.08900000000000e+01	2.92138514009407e-01
1.09000000000000e+01	2.82873957330827e-01
1.09100000000000e+01	2.73978801040073e-01
1.09200000000000e+01	2.65440088469785e-01
1.09300000000000e+01	2.57235634805885e-01
1.09400000000000e+01	2.49341184761065e-01
1.09500000000000e+01	2.41744100923205e-01
1.09600000000000e+01	2.34427313555515e-01
1.09700000000000e+01	2.27376437970438e-01
1.09800000000000e+01	2.20577114763106e-01
1.09900000000000e+01	2.14015938269546e-01
1.10000000000000e+01	2.07682933032134e-01
1.10100000000000e+01	2.01571677261014e-01
1.10200000000000e+01	1.95671812747539e-01
1.10300000000000e+01	1.89980998019999e-01
1.10400000000000e+01	1.84489722959827e-01
1.10500000000000e+01	1.79196932317995e-01
1.10600000000000e+01	1.74098884447268e-01
1.10700000000000e+01	1.69190639591202e-01
1.10800000000000e+01	1.64464745728639e-01
1.10900000000000e+01	1.59926029405360e-01
1.11000000000000e+01	1.55563157076851e-01
1.11100000000000e+01	1.51372389582090e-01
1.11200000000000e+01	1.47344249303802e-01
1.11300000000000e+01	1.43477211555116e-01
1.11400000000000e+01	1.39763390663062e-01
1.11500000000000e+01	1.36191851770618e-01
1.11600000000000e+01	1.32754566379056e-01
1.11700000000000e+01	1.29447547387921e-01
1.11800000000000e+01	1.26259314127818e-01
1.11900000000000e+01	1.23184951124615e-01
1.12000000000000e+01	1.20214513841682e-01
1.12100000000000e+01	1.17345275044276e-01
1.12200000000000e+01	1.14568914949707e-01
1.12300000000000e+01	1.11879588868338e-01
1.12400000000000e+01	1.09273673988470e-01
1.12500000000000e+01	1.06747419614556e-01
1.12600000000000e+01	1.04296814824553e-01
1.12700000000000e+01	1.01917580716897e-01
1.12800000000000e+01	9.96073203932142e-02
1.12900000000000e+01	9.73636253401196e-02
1.13000000000000e+01	9.51851375346487e-02
1.13100000000000e+01	9.30670850447564e-02
1.13200000000000e+01	9.10068189267335e-02
1.13300000000000e+01	8.90052883941901e-02
1.13400000000000e+01	8.70567939399175e-02
1.13500000000000e+01	8.51610115850667e-02
1.13600000000000e+01	8.33161481648419e-02
1.13700000000000e+01	8.15197474286000e-02
1.13800000000000e+01	7.97705316166162e-02
1.13900000000000e+01	7.80648997238751e-02
1.14000000000000e+01	7.64035669543279e-02
1.14100000000000e+01	7.47841472787960e-02
1.14200000000000e+01	7.32052856983929e-02
1.14300000000000e+01	7.16659976122062e-02
1.14400000000000e+01	7.01646226024040e-02
1.14500000000000e+01	6.87017875404453e-02
1.14600000000000e+01	6.72747713455045e-02
1.14700000000000e+01	6.58834797045680e-02
1.14800000000000e+01	6.45258181111438e-02
1.14900000000000e+01	6.32019764438128e-02
1.15000000000000e+01	6.19104290395244e-02
1.15100000000000e+01	6.06492109722244e-02
1.15200000000000e+01	5.94187293311870e-02
1.15300000000000e+01	5.82177607170502e-02
1.15400000000000e+01	5.70457269365065e-02
1.15500000000000e+01	5.59026201202980e-02
1.15600000000000e+01	5.47884276394450e-02
1.15700000000000e+01	5.37021703683933e-02
1.15800000000000e+01	5.26446903756225e-02
1.15900000000000e+01	5.16161310733360e-02
1.16000000000000e+01	5.06166149078712e-02
1.16100000000000e+01	4.96451845426724e-02
1.16200000000000e+01	4.87024191354387e-02
1.16300000000000e+01	4.77884030131203e-02
1.16400000000000e+01	4.69007897400472e-02
1.16500000000000e+01	4.60391817503341e-02
1.16600000000000e+01	4.52028532468985e-02
1.16700000000000e+01	4.43896482847932e-02
1.16800000000000e+01	4.35982179596082e-02
1.16900000000000e+01	4.28262302954598e-02
1.17000000000000e+01	4.20719348819559e-02
1.17100000000000e+01	4.13345035169231e-02
1.17200000000000e+01	4.06121756271530e-02
1.17300000000000e+01	3.99020219330675e-02
1.17400000000000e+01	3.92053068007316e-02
1.17500000000000e+01	3.85191580356325e-02
1.17600000000000e+01	3.78443897933339e-02
1.17700000000000e+01	3.71804861276609e-02
1.17800000000000e+01	3.65272044138596e-02
1.17900000000000e+01	3.58859668282029e-02
1.18000000000000e+01	3.52557775723674e-02
1.18100000000000e+01	3.46383146775257e-02
1.18200000000000e+01	3.40342183211953e-02
1.18300000000000e+01	3.34428087213776e-02
1.18400000000000e+01	3.28661804000742e-02
1.18500000000000e+01	3.23028558688282e-02
1.18600000000000e+01	3.17540396915234e-02
1.18700000000000e+01	3.12198633017653e-02
1.18800000000000e+01	3.06990562328223e-02
1.18900000000000e+01	3.01916131811606e-02
1.19000000000000e+01	2.96974313767682e-02
1.19100000000000e+01	2.92153830820344e-02
1.19200000000000e+01	2.87448346827749e-02
1.19300000000000e+01	2.82858390584563e-02
1.19400000000000e+01	2.78373145802280e-02
1.19500000000000e+01	2.73978296642495e-02
1.19600000000000e+01	2.69682640922699e-02
1.19700000000000e+01	2.65465511397359e-02
1.19800000000000e+01	2.61329173897743e-02
1.19900000000000e+01	2.57264533082313e-02
1.20000000000000e+01	2.53269656091866e-02
1.20100000000000e+01	2.49339723204922e-02
1.20200000000000e+01	2.45476422247056e-02
1.20300000000000e+01	2.41673095606061e-02
1.20400000000000e+01	2.37930237826998e-02
1.20500000000000e+01	2.34250320122691e-02
1.20600000000000e+01	2.30634732847857e-02
1.20700000000000e+01	2.27081124134288e-02
1.20800000000000e+01	2.23598713626025e-02
1.20900000000000e+01	2.20184957289263e-02
1.21000000000000e+01	2.16847459763836e-02
1.21100000000000e+01	2.13584853689121e-02
1.21200000000000e+01	2.10397209072291e-02
1.21300000000000e+01	2.07287542606470e-02
1.21400000000000e+01	2.04255331449560e-02
1.21500000000000e+01	2.01302848301769e-02
1.21600000000000e+01	1.98420050226310e-02
1.21700000000000e+01	1.95607513374077e-02
1.21800000000000e+01	1.92862701807271e-02
1.21900000000000e+01	1.90180611258327e-02
1.22000000000000e+01	1.87557532940259e-02
1.22100000000000e+01	1.84986686801857e-02
1.22200000000000e+01	1.82461939097166e-02
1.22300000000000e+01	1.79982640534800e-02
1.22400000000000e+01	1.77539843469819e-02
1.22500000000000e+01	1.75130177226979e-02
1.22600000000000e+01	1.72754349194613e-02
1.22700000000000e+01	1.70404610990835e-02
1.22800000000000e+01	1.68075179252979e-02
1.22900000000000e+01	1.65770872623933e-02
1.23000000000000e+01	1.63484933530768e-02
1.23100000000000e+01	1.61211702987016e-02
1.23200000000000e+01	1.58954566472428e-02
1.23300000000000e+01	1.56711426692129e-02
1.23400000000000e+01	1.54480654689597e-02
1.23500000000000e+01	1.52262279979745e-02
1.23600000000000e+01	1.50056427335783e-02
1.23700000000000e+01	1.47868016231449e-02
1.23800000000000e+01	1.45694262393929e-02
1.23900000000000e+01	1.43544349286107e-02
1.24000000000000e+01	1.41413784896208e-02
1.24100000000000e+01	1.39309774085728e-02
1.24200000000000e+01	1.37234178323001e-02
1.24300000000000e+01	1.35187426817696e-02
1.24400000000000e+01	1.33176483502412e-02
1.24500000000000e+01	1.31193985514321e-02
1.24600000000000e+01	1.29250063511880e-02
1.24700000000000e+01	1.27337367615238e-02
1.24800000000000e+01	1.25461695241698e-02
1.24900000000000e+01	1.23618160548240e-02
1.25000000000000e+01	1.21812458868291e-02
1.25100000000000e+01	1.20039929310590e-02
1.25200000000000e+01	1.18299970765306e-02
1.25300000000000e+01	1.16595458194785e-02
1.25400000000000e+01	1.14925970437769e-02
1.25500000000000e+01	1.13287963751151e-02
1.25600000000000e+01	1.11686720316358e-02
1.25700000000000e+01	1.10117690910414e-02
1.25800000000000e+01	1.08584482922286e-02
1.25900000000000e+01	1.07081352989030e-02
1.26000000000000e+01	1.05612687122281e-02
1.26100000000000e+01	1.04173876698048e-02
1.26200000000000e+01	1.02765985987448e-02
1.26300000000000e+01	1.01386461145224e-02
1.26400000000000e+01	1.00033360151866e-02
1.26500000000000e+01	9.87073279904169e-03
1.26600000000000e+01	9.74075805481926e-03
1.26700000000000e+01	9.61314628701566e-03
1.26800000000000e+01	9.48797548926142e-03
1.26900000000000e+01	9.36521546328039e-03
1.27000000000000e+01	9.24483861342057e-03
1.27100000000000e+01	9.12689822503114e-03
1.27200000000000e+01	9.01139407356188e-03
1.27300000000000e+01	8.89822482293363e-03
1.27400000000000e+01	8.78758241062614e-03
1.27500000000000e+01	8.67935540853854e-03
1.27600000000000e+01	8.57356853609113e-03
1.27700000000000e+01	8.47014159969309e-03
1.27800000000000e+01	8.36907413158172e-03
1.27900000000000e+01	8.27017746235116e-03
1.28000000000000e+01	8.17347145163506e-03
1.28100000000000e+01	8.07876693055774e-03
1.28200000000000e+01	7.98610084382985e-03
1.28300000000000e+01	7.89521632924613e-03
1.28400000000000e+01	7.80616352567963e-03
1.28500000000000e+01	7.71887970897275e-03
1.28600000000000e+01	7.63316594704817e-03
1.28700000000000e+01	7.54913750146950e-03
1.28800000000000e+01	7.46659096882354e-03
1.28900000000000e+01	7.38557566513561e-03
1.29000000000000e+01	7.30598436191245e-03
1.29100000000000e+01	7.22784246624508e-03
1.29200000000000e+01	7.15104089994055e-03
1.29300000000000e+01	7.07562135108949e-03
1.29400000000000e+01	7.00139495518559e-03
1.29500000000000e+01	6.92848532655606e-03
1.29600000000000e+01	6.85662197703596e-03
1.29700000000000e+01	6.78602250758154e-03
1.29800000000000e+01	6.71641910816876e-03
1.29900000000000e+01	6.64798798109424e-03
1.30000000000000e+01	6.58051998584189e-03
1.30100000000000e+01	6.51414112660368e-03
1.30200000000000e+01	6.44880747516117e-03
1.30300000000000e+01	6.38450910383514e-03
1.30400000000000e+01	6.32115783390244e-03
1.30500000000000e+01	6.25880021383796e-03
1.30600000000000e+01	6.19729573466225e-03
1.30700000000000e+01	6.13661787179539e-03
1.30800000000000e+01	6.07664428725109e-03
1.30900000000000e+01	6.01734652221402e-03
1.31000000000000e+01	5.95854442928687e-03
1.31100000000000e+01	5.90030205616866e-03
1.31200000000000e+01	5.84232952554194e-03
1.31300000000000e+01	5.78472863018276e-03
1.31400000000000e+01	5.72735228506650e-03
1.31500000000000e+01	5.67025636223059e-03
1.31600000000000e+01	5.61347859507129e-03
1.31700000000000e+01	5.55697270220695e-03
1.31800000000000e+01	5.50079218228307e-03
1.31900000000000e+01	5.44509555258685e-03
1.32000000000000e+01	5.38980387702772e-03
1.32100000000000e+01	5.33501889830999e-03
1.32200000000000e+01	5.28077638499911e-03
1.32300000000000e+01	5.22709121438651e-03
1.32400000000000e+01	5.17399627508769e-03
1.32500000000000e+01	5.12139077287948e-03
1.32600000000000e+01	5.06922942270293e-03
1.32700000000000e+01	5.01760074809520e-03
1.32800000000000e+01	4.96639729096242e-03
1.32900000000000e+01	4.91560449117720e-03
1.33000000000000e+01	4.86524166687952e-03
1.33100000000000e+01	4.81527326303858e-03
1.33200000000000e+01	4.76576279152806e-03
1.33300000000000e+01	4.71667266540766e-03
1.33400000000000e+01	4.66814412237819e-03
1.33500000000000e+01	4.62018825395934e-03
1.33600000000000e+01	4.57280403075728e-03
1.33700000000000e+01	4.52605007714977e-03
1.33800000000000e+01	4.48002066873673e-03
1.33900000000000e+01	4.43471482979889e-03
1.34000000000000e+01	4.39008906638080e-03
1.34100000000000e+01	4.34617898164860e-03
1.34200000000000e+01	4.30302702228362e-03
1.34300000000000e+01	4.26051732433560e-03
1.34400000000000e+01	4.21868077894156e-03
1.34500000000000e+01	4.17750599204996e-03
1.34600000000000e+01	4.13689657223007e-03
1.34700000000000e+01	4.09684383871717e-03
1.34800000000000e+01	4.05736650184111e-03
1.34900000000000e+01	4.01832846170463e-03
1.35000000000000e+01	3.97980240299446e-03
1.35100000000000e+01	3.94164077194505e-03
1.35200000000000e+01	3.90388753075294e-03
1.35300000000000e+01	3.86648251755788e-03
1.35400000000000e+01	3.82942094132935e-03
1.35500000000000e+01	3.79257695881235e-03
1.35600000000000e+01	3.75602152866904e-03
1.35700000000000e+01	3.71964565523684e-03
1.35800000000000e+01	3.68351220424692e-03
1.35900000000000e+01	3.64747709907887e-03
1.36000000000000e+01	3.61164186944065e-03
1.36100000000000e+01	3.57593432978129e-03
1.36200000000000e+01	3.54036904607891e-03
1.36300000000000e+01	3.50492830011711e-03
1.36400000000000e+01	3.46966855770772e-03
1.36500000000000e+01	3.43460953360722e-03
1.36600000000000e+01	3.39974457201437e-03
1.36700000000000e+01	3.36512142704093e-03
1.36800000000000e+01	3.33081624920505e-03
1.36900000000000e+01	3.29683972130980e-03
1.37000000000000e+01	3.26320992462114e-03
1.37100000000000e+01	3.23002690035014e-03
1.37200000000000e+01	3.19728308719441e-03
1.37300000000000e+01	3.16511953748818e-03
1.37400000000000e+01	3.13348252861836e-03
1.37500000000000e+01	3.10247782897551e-03
1.37600000000000e+01	3.07208576613416e-03
1.37700000000000e+01	3.04231152685768e-03
1.37800000000000e+01	3.01318102752354e-03
1.37900000000000e+01	2.98465417344152e-03
1.38000000000000e+01	2.95677564909450e-03
1.38100000000000e+01	2.92943334423368e-03
1.38200000000000e+01	2.90262917152400e-03
1.38300000000000e+01	2.87630158827866e-03
1.38400000000000e+01	2.85042567447954e-03
1.38500000000000e+01	2.82498149612269e-03
1.38600000000000e+01	2.79988205763190e-03
1.38700000000000e+01	2.77510238666770e-03
1.38800000000000e+01	2.75068031224189e-03
1.38900000000000e+01	2.72648962045869e-03
1.39000000000000e+01	2.70253318126969e-03
1.39100000000000e+01	2.67883721199127e-03
1.39200000000000e+01	2.65533305897604e-03
1.39300000000000e+01	2.63201700990291e-03
1.39400000000000e+01	2.60889715326568e-03
1.39500000000000e+01	2.58596469369219e-03
1.39600000000000e+01	2.56315564402600e-03
1.39700000000000e+01	2.54051616764497e-03
1.39800000000000e+01	2.51805135202780e-03
1.39900000000000e+01	2.49572529058930e-03
1.40000000000000e+01	2.47358882597808e-03
1.40100000000000e+01	2.45160238385251e-03
1.40200000000000e+01	2.42977964425371e-03
1.40300000000000e+01	2.40816085566740e-03
1.40400000000000e+01	2.38678295921231e-03
1.40500000000000e+01	2.36561825227662e-03
1.40600000000000e+01	2.34469076523446e-03
1.40700000000000e+01	2.32403974652293e-03
1.40800000000000e+01	2.30364459446384e-03
1.40900000000000e+01	2.28351523794023e-03
1.41000000000000e+01	2.26365033138003e-03
1.41100000000000e+01	2.24405931890045e-03
1.41200000000000e+01	2.22470281277855e-03
1.41300000000000e+01	2.20558792315874e-03
1.41400000000000e+01	2.18668830266713e-03
1.41500000000000e+01	2.16793667768560e-03
1.41600000000000e+01	2.14935662524554e-03
1.41700000000000e+01	2.13087714683535e-03
1.41800000000000e+01	2.11250711814758e-03
1.41900000000000e+01	2.09421311703502e-03
1.42000000000000e+01	2.07598604484958e-03
1.42100000000000e+01	2.05782173114680e-03
1.42200000000000e+01	2.03977356306226e-03
1.42300000000000e+01	2.02179413660058e-03
1.42400000000000e+01	2.00392022184095e-03
1.42500000000000e+01	1.98619364835841e-03
1.42600000000000e+01	1.96859113948794e-03
1.42700000000000e+01	1.95117527936815e-03
1.42800000000000e+01	1.93398045317909e-03
1.42900000000000e+01	1.91696633879227e-03
1.43000000000000e+01	1.90018553117657e-03
1.43100000000000e+01	1.88363895166347e-03
1.43200000000000e+01	1.86727902571113e-03
1.43300000000000e+01	1.85115860921430e-03
1.43400000000000e+01	1.83523974667637e-03
1.43500000000000e+01	1.81954327301570e-03
1.43600000000000e+01	1.80404251675417e-03
1.43700000000000e+01	1.78870194239552e-03
1.43800000000000e+01	1.77357259332869e-03
1.43900000000000e+01	1.75863233936652e-03
1.44000000000000e+01	1.74389460899075e-03
1.44100000000000e+01	1.72931668064220e-03
1.44200000000000e+01	1.71494393672769e-03
1.44300000000000e+01	1.70074576369711e-03
1.44400000000000e+01	1.68677714157377e-03
1.44500000000000e+01	1.67297128658185e-03
1.44600000000000e+01	1.65938113384379e-03
1.44700000000000e+01	1.64597641859986e-03
1.44800000000000e+01	1.63274345028691e-03
1.44900000000000e+01	1.61971294845726e-03
1.45000000000000e+01	1.60684390428114e-03
1.45100000000000e+01	1.59416136891996e-03
1.45200000000000e+01	1.58162897443188e-03
1.45300000000000e+01	1.56925020767718e-03
1.45400000000000e+01	1.55704091488363e-03
1.45500000000000e+01	1.54494951056759e-03
1.45600000000000e+01	1.53299534885329e-03
1.45700000000000e+01	1.52118255632663e-03
1.45800000000000e+01	1.50945179161017e-03
1.45900000000000e+01	1.49787961334299e-03
1.46000000000000e+01	1.48638751281220e-03
1.46100000000000e+01	1.47498182625295e-03
1.46200000000000e+01	1.46370730352721e-03
1.46300000000000e+01	1.45249448051636e-03
1.46400000000000e+01	1.44139256502219e-03
1.46500000000000e+01	1.43040020727418e-03
1.46600000000000e+01	1.41947585360189e-03
1.46700000000000e+01	1.40866550315940e-03
1.46800000000000e+01	1.39797175006768e-03
1.46900000000000e+01	1.38738678697822e-03
1.47000000000000e+01	1.37691468188622e-03
1.47100000000000e+01	1.36655805616593e-03
1.47200000000000e+01	1.35630492223978e-03
1.47300000000000e+01	1.34617976061193e-03
1.47400000000000e+01	1.33617339226150e-03
1.47500000000000e+01	1.32628717006831e-03
1.47600000000000e+01	1.31650877305736e-03
1.47700000000000e+01	1.30684047460692e-03
1.47800000000000e+01	1.29724847640207e-03
1.47900000000000e+01	1.28776091011668e-03
1.48000000000000e+01	1.27834263157812e-03
1.48100000000000e+01	1.26897948714135e-03
1.48200000000000e+01	1.25970585409614e-03
1.48300000000000e+01	1.25046510232844e-03
1.48400000000000e+01	1.24127006297379e-03
1.48500000000000e+01	1.23213194527579e-03
1.48600000000000e+01	1.22302474134349e-03
1.48700000000000e+01	1.21395825810052e-03
1.48800000000000e+01	1.20492573443738e-03
1.48900000000000e+01	1.19591741560437e-03
1.49000000000000e+01	1.18697493339190e-03
1.49100000000000e+01	1.17806234917328e-03
1.49200000000000e+01	1.16919875064431e-03
1.49300000000000e+01	1.16038793012419e-03
1.49400000000000e+01	1.15163192088670e-03
1.49500000000000e+01	1.14293000804463e-03
1.49600000000000e+01	1.13430828620089e-03
1.49700000000000e+01	1.12576233588037e-03
1.49800000000000e+01	1.11728988920932e-03
1.49900000000000e+01	1.10891372293462e-03
1.50000000000000e+01	1.10060887426507e-03
1.50100000000000e+01	1.09241213850445e-03
1.50200000000000e+01	1.08428364357125e-03
1.50300000000000e+01	1.07625574166334e-03
1.50400000000000e+01	1.06832284173787e-03
1.50500000000000e+01	1.06046205916230e-03
1.50600000000000e+01	1.05269202191224e-03
1.50700000000000e+01	1.04498770080186e-03
1.50800000000000e+01	1.03734807929930e-03
1.50900000000000e+01	1.02978583248316e-03
1.51000000000000e+01	1.02226462301686e-03
1.51100000000000e+01	1.01480070828618e-03
1.51200000000000e+01	1.00739384741715e-03
1.51300000000000e+01	1.00000583261609e-03
1.51400000000000e+01	9.92678188752903e-04
1.51500000000000e+01	9.85372745067448e-04
1.51600000000000e+01	9.78093016255143e-04
1.51700000000000e+01	9.70856069571537e-04
1.51800000000000e+01	9.63663300060261e-04
1.51900000000000e+01	9.56502411841918e-04
1.52000000000000e+01	9.49385549577111e-04
1.52100000000000e+01	9.42313978716870e-04
1.52200000000000e+01	9.35301908709904e-04
1.52300000000000e+01	9.28330693057864e-04
1.52400000000000e+01	9.21393818238368e-04
1.52500000000000e+01	9.14502837423662e-04
1.52600000000000e+01	9.07639970314835e-04
1.52700000000000e+01	9.00799620835098e-04
1.52800000000000e+01	8.93972148665384e-04
1.52900000000000e+01	8.87131760627004e-04
1.53000000000000e+01	8.80267307629401e-04
1.53100000000000e+01	8.73349978170318e-04
1.53200000000000e+01	8.66386817885470e-04
1.53300000000000e+01	8.59359647865059e-04
1.53400000000000e+01	8.52234162798575e-04
1.53500000000000e+01	8.45019593101820e-04
1.53600000000000e+01	8.37721993807569e-04
1.53700000000000e+01	8.30317022896836e-04
1.53800000000000e+01	8.22811120884402e-04
1.53900000000000e+01	8.15228507416577e-04
1.54000000000000e+01	8.07566733364831e-04
1.54100000000000e+01	7.99857699823906e-04
1.54200000000000e+01	7.92106859735369e-04
1.54300000000000e+01	7.84357694797846e-04
1.54400000000000e+01	7.76623738825143e-04
1.54500000000000e+01	7.68947680535624e-04
1.54600000000000e+01	7.61351046953225e-04
1.54700000000000e+01	7.53898129645114e-04
1.54800000000000e+01	7.46591612383892e-04
1.54900000000000e+01	7.39484844820849e-04
1.55000000000000e+01	7.32595182182482e-04
1.55100000000000e+01	7.25966222725461e-04
1.55200000000000e+01	7.19607532206570e-04
1.55300000000000e+01	7.13541232199937e-04
1.55400000000000e+01	7.07746958632944e-04
1.55500000000000e+01	7.02251480821722e-04
1.55600000000000e+01	6.97017303902917e-04
1.55700000000000e+01	6.92034683124507e-04
1.55800000000000e+01	6.87293503524534e-04
1.55900000000000e+01	6.82751170635613e-04
1.56000000000000e+01	6.78367624996016e-04
1.56100000000000e+01	6.74138312933208e-04
1.56200000000000e+01	6.70007744134138e-04
1.56300000000000e+01	6.65967455612628e-04
1.56400000000000e+01	6.61977075935847e-04
1.56500000000000e+01	6.58011366499136e-04
1.56600000000000e+01	6.54045139972398e-04
1.56700000000000e+01	6.50071917964690e-04
1.56800000000000e+01	6.46069088560024e-04
1.56900000000000e+01	6.42034814037698e-04
1.57000000000000e+01	6.37946252916048e-04
1.57100000000000e+01	6.33805250337636e-04
1.57200000000000e+01	6.29613614713814e-04
1.57300000000000e+01	6.25374699380717e-04
1.57400000000000e+01	6.21082336067290e-04
1.57500000000000e+01	6.16757807479800e-04
1.57600000000000e+01	6.12397666149895e-04
1.57700000000000e+01	6.08013181161782e-04
1.57800000000000e+01	6.03619584207168e-04
1.57900000000000e+01	5.99248543979302e-04
1.58000000000000e+01	5.94892244152388e-04
1.58100000000000e+01	5.90577988478518e-04
1.58200000000000e+01	5.86316944001093e-04
1.58300000000000e+01	5.82135103453811e-04
1.58400000000000e+01	5.78037180000960e-04
1.58500000000000e+01	5.74031973320846e-04
1.58600000000000e+01	5.70138720387349e-04
1.58700000000000e+01	5.66346784834575e-04
1.58800000000000e+01	5.62662992053179e-04
1.58900000000000e+01	5.59097838843433e-04
1.59000000000000e+01	5.55633464730244e-04
1.59100000000000e+01	5.52274169990592e-04
1.59200000000000e+01	5.48998160807086e-04
1.59300000000000e+01	5.45802293930914e-04
1.59400000000000e+01	5.42680687585888e-04
1.59500000000000e+01	5.39607382848391e-04
1.59600000000000e+01	5.36571236658976e-04
1.59700000000000e+01	5.33578754823094e-04
1.59800000000000e+01	5.30610205065558e-04
1.59900000000000e+01	5.27645652919593e-04
1.60000000000000e+01	5.24705054278444e-04
1.60100000000000e+01	5.21764053780043e-04
1.60200000000000e+01	5.18830375407073e-04
1.60300000000000e+01	5.15897538642558e-04
1.60400000000000e+01	5.12967955438105e-04
1.60500000000000e+01	5.10042689960787e-04
1.60600000000000e+01	5.07125887586254e-04
1.60700000000000e+01	5.04206879516378e-04
1.60800000000000e+01	5.01286462489005e-04
1.60900000000000e+01	4.98378813057337e-04
1.61000000000000e+01	4.95481994839414e-04
1.61100000000000e+01	4.92586700745722e-04
1.61200000000000e+01	4.89707912838970e-04
1.61300000000000e+01	4.86834037744327e-04
1.61400000000000e+01	4.83984298390478e-04
1.61500000000000e+01	4.81149843846142e-04
1.61600000000000e+01	4.78323500623142e-04
1.61700000000000e+01	4.75525810466348e-04
1.61800000000000e+01	4.72744733607422e-04
1.61900000000000e+01	4.70001752102210e-04
1.62000000000000e+01	4.67277723902490e-04
1.62100000000000e+01	4.64600792346202e-04
1.62200000000000e+01	4.61951143300775e-04
1.62300000000000e+01	4.59345575885383e-04
1.62400000000000e+01	4.56782724524636e-04
1.62500000000000e+01	4.54266927331660e-04
1.62600000000000e+01	4.51788373527855e-04
1.62700000000000e+01	4.49350985174034e-04
1.62800000000000e+01	4.46952469610700e-04
1.62900000000000e+01	4.44590087945846e-04
1.63000000000000e+01	4.42258626570532e-04
1.63100000000000e+01	4.39939088295419e-04
1.63200000000000e+01	4.37645449842319e-04
1.63300000000000e+01	4.35348370338762e-04
1.63400000000000e+01	4.33048049494279e-04
1.63500000000000e+01	4.30741905477309e-04
1.63600000000000e+01	4.28412503272717e-04
1.63700000000000e+01	4.26052916369309e-04
1.63800000000000e+01	4.23663601882898e-04
1.63900000000000e+01	4.21221111403660e-04
1.64000000000000e+01	4.18738546278365e-04
1.64100000000000e+01	4.16202549903363e-04
1.64200000000000e+01	4.13617699335673e-04
1.64300000000000e+01	4.10982974006254e-04
1.64400000000000e+01	4.08304488555273e-04
1.64500000000000e+01	4.05578720950384e-04
1.64600000000000e+01	4.02823051292427e-04
1.64700000000000e+01	4.00049371406521e-04
1.64800000000000e+01	3.97254923998080e-04
1.64900000000000e+01	3.94468757533784e-04
1.65000000000000e+01	3.91701424610689e-04
1.65100000000000e+01	3.88946488311751e-04
1.65200000000000e+01	3.86227436620003e-04
1.65300000000000e+01	3.83553681126872e-04
1.65400000000000e+01	3.80929161841888e-04
1.65500000000000e+01	3.78361460863390e-04
1.65600000000000e+01	3.75853132562617e-04
1.65700000000000e+01	3.73401825627626e-04
1.65800000000000e+01	3.71013565562319e-04
1.65900000000000e+01	3.68689040973375e-04
1.66000000000000e+01	3.66434643719885e-04
1.66100000000000e+01	3.64231259108340e-04
1.66200000000000e+01	3.62090761196677e-04
1.66300000000000e+01	3.60003314287824e-04
1.66400000000000e+01	3.57972776262650e-04
1.66500000000000e+01	3.55989355297958e-04
1.66600000000000e+01	3.54057541788244e-04
1.66700000000000e+01	3.52169289592648e-04
1.66800000000000e+01	3.50328298829079e-04
1.66900000000000e+01	3.48518568786783e-04
1.67000000000000e+01	3.46745850213608e-04
1.67100000000000e+01	3.44999618538498e-04
1.67200000000000e+01	3.43287181086836e-04
1.67300000000000e+01	3.41591387006932e-04
1.67400000000000e+01	3.39912727534116e-04
1.67500000000000e+01	3.38248223344238e-04
1.67600000000000e+01	3.36591821712721e-04
1.67700000000000e+01	3.34935323109214e-04
1.67800000000000e+01	3.33279128608404e-04
1.67900000000000e+01	3.31625067846808e-04
1.68000000000000e+01	3.29957827309885e-04
1.68100000000000e+01	3.28280954625691e-04
1.68200000000000e+01	3.26601974892766e-04
1.68300000000000e+01	3.24910486858923e-04
1.68400000000000e+01	3.23205378379505e-04
1.68500000000000e+01	3.21496842867433e-04
1.68600000000000e+01	3.19779802694084e-04
1.68700000000000e+01	3.18055102019137e-04
1.68800000000000e+01	3.16330677795944e-04
1.68900000000000e+01	3.14602031435152e-04
1.69000000000000e+01	3.12880447407996e-04
1.69100000000000e+01	3.11155724784017e-04
1.69200000000000e+01	3.09433896796860e-04
1.69300000000000e+01	3.07716669792995e-04
1.69400000000000e+01	3.06008631683900e-04
1.69500000000000e+01	3.04301043792456e-04
1.69600000000000e+01	3.02604655478088e-04
1.69700000000000e+01	3.00915800306056e-04
1.69800000000000e+01	2.99242393357561e-04
1.69900000000000e+01	2.97585538166791e-04
1.70000000000000e+01	2.95943768003045e-04
1.70100000000000e+01	2.94331800980412e-04
1.70200000000000e+01	2.92748204050248e-04
1.70300000000000e+01	2.91194048870429e-04
1.70400000000000e+01	2.89672947125190e-04
1.70500000000000e+01	2.88189845462820e-04
1.70600000000000e+01	2.86744415089755e-04
1.70700000000000e+01	2.85337829343101e-04
1.70800000000000e+01	2.83963776096210e-04
1.70900000000000e+01	2.82624169150374e-04
1.71000000000000e+01	2.81319170709079e-04
1.71100000000000e+01	2.80045243966383e-04
1.71200000000000e+01	2.78788722801589e-04
1.71300000000000e+01	2.77556203613215e-04
1.71400000000000e+01	2.76344141320977e-04
1.71500000000000e+01	2.75148235054490e-04
1.71600000000000e+01	2.73959856350309e-04
1.71700000000000e+01	2.72787670824808e-04
1.71800000000000e+01	2.71617952740080e-04
1.71900000000000e+01	2.70463727350159e-04
1.72000000000000e+01	2.69312377423646e-04
1.72100000000000e+01	2.68171299835751e-04
1.72200000000000e+01	2.67039548981561e-04
1.72300000000000e+01	2.65906585326908e-04
1.72400000000000e+01	2.64788168595287e-04
1.72500000000000e+01	2.63668954300824e-04
1.72600000000000e+01	2.62558061704499e-04
1.72700000000000e+01	2.61452237021751e-04
1.72800000000000e+01	2.60349411708204e-04
1.72900000000000e+01	2.59250488523320e-04
1.73000000000000e+01	2.58154420430204e-04
1.73100000000000e+01	2.57061667879933e-04
1.73200000000000e+01	2.55972747569204e-04
1.73300000000000e+01	2.54880885181476e-04
1.73400000000000e+01	2.53787573279103e-04
1.73500000000000e+01	2.52698584571269e-04
1.73600000000000e+01	2.51607140765090e-04
1.73700000000000e+01	2.50514997624329e-04
1.73800000000000e+01	2.49420497313922e-04
1.73900000000000e+01	2.48326260168058e-04
1.74000000000000e+01	2.47236937756465e-04
1.74100000000000e+01	2.46140623049730e-04
1.74200000000000e+01	2.45044774641788e-04
1.74300000000000e+01	2.43949019291315e-04
1.74400000000000e+01	2.42858695327422e-04
1.74500000000000e+01	2.41762391396935e-04
1.74600000000000e+01	2.40671906372477e-04
1.74700000000000e+01	2.39580960764362e-04
1.74800000000000e+01	2.38489412713033e-04
1.74900000000000e+01	2.37392346472610e-04
1.75000000000000e+01	2.36299543267444e-04
1.75100000000000e+01	2.35206111800684e-04
1.75200000000000e+01	2.34106073379817e-04
1.75300000000000e+01	2.33001271390726e-04
1.75400000000000e+01	2.31889415634276e-04
1.75500000000000e+01	2.30777795630300e-04
1.75600000000000e+01	2.29656062296135e-04
1.75700000000000e+01	2.28531396345899e-04
1.75800000000000e+01	2.27397423554530e-04
1.75900000000000e+01	2.26261975452196e-04
1.76000000000000e+01	2.25120554656284e-04
1.76100000000000e+01	2.23983552985124e-04
1.76200000000000e+01	2.22841721527302e-04
1.76300000000000e+01	2.21707250958457e-04
1.76400000000000e+01	2.20572934125925e-04
1.76500000000000e+01	2.19445490981252e-04
1.76600000000000e+01	2.18330475652780e-04
1.76700000000000e+01	2.17220576073515e-04
1.76800000000000e+01	2.16121389679098e-04
1.76900000000000e+01	2.15038449620723e-04
1.77000000000000e+01	2.13959271960180e-04
1.77100000000000e+01	2.12893664121872e-04
1.77200000000000e+01	2.11836594225585e-04
1.77300000000000e+01	2.10786561119369e-04
1.77400000000000e+01	2.09748522705516e-04
1.77500000000000e+01	2.08711774205334e-04
1.77600000000000e+01	2.07685726534685e-04
1.77700000000000e+01	2.06661460267167e-04
1.77800000000000e+01	2.05641874024365e-04
1.77900000000000e+01	2.04627685929196e-04
1.78000000000000e+01	2.03609204126350e-04
1.78100000000000e+01	2.02595868266400e-04
1.78200000000000e+01	2.01584029130605e-04
1.78300000000000e+01	2.00568208104412e-04
1.78400000000000e+01	1.99553684299871e-04
1.78500000000000e+01	1.98541150661851e-04
1.78600000000000e+01	1.97529653761868e-04
1.78700000000000e+01	1.96516835925620e-04
1.78800000000000e+01	1.95501357155193e-04
1.78900000000000e+01	1.94488121910609e-04
1.79000000000000e+01	1.93476763776052e-04
1.79100000000000e+01	1.92463987714995e-04
1.79200000000000e+01	1.91448329664148e-04
1.79300000000000e+01	1.90435932800039e-04
1.79400000000000e+01	1.89416354815026e-04
1.79500000000000e+01	1.88396104640770e-04
1.79600000000000e+01	1.87371256256079e-04
1.79700000000000e+01	1.86346759860601e-04
1.79800000000000e+01	1.85314909827696e-04
1.79900000000000e+01	1.84286519850316e-04
1.80000000000000e+01	1.83258335939640e-04
1.80100000000000e+01	1.82240987457190e-04
1.80200000000000e+01	1.81225664426476e-04
1.80300000000000e+01	1.80228086597374e-04
1.80400000000000e+01	1.79247784324325e-04
1.80500000000000e+01	1.78288343992216e-04
1.80600000000000e+01	1.77350214551155e-04
1.80700000000000e+01	1.76444136495945e-04
1.80800000000000e+01	1.75564302868756e-04
1.80900000000000e+01	1.74713504570917e-04
1.81000000000000e+01	1.73888917549123e-04
1.81100000000000e+01	1.73093409833041e-04
1.81200000000000e+01	1.72324177060267e-04
1.81300000000000e+01	1.71575545444050e-04
1.81400000000000e+01	1.70841180585589e-04
1.81500000000000e+01	1.70123793874843e-04
1.81600000000000e+01	1.69415126727333e-04
1.81700000000000e+01	1.68717119975717e-04
1.81800000000000e+01	1.68018169236129e-04
1.81900000000000e+01	1.67325868353076e-04
1.82000000000000e+01	1.66632677785534e-04
1.82100000000000e+01	1.65934276261210e-04
1.82200000000000e+01	1.65235444834208e-04
1.82300000000000e+01	1.64531700836427e-04
1.82400000000000e+01	1.63821497514035e-04
1.82500000000000e+01	1.63103518096555e-04
1.82600000000000e+01	1.62379612687664e-04
1.82700000000000e+01	1.61651323152665e-04
1.82800000000000e+01	1.60913950247482e-04
1.82900000000000e+01	1.60168813102001e-04
1.83000000000000e+01	1.59425928572661e-04
1.83100000000000e+01	1.58673380309780e-04
1.83200000000000e+01	1.57922920429993e-04
1.83300000000000e+01	1.57170633529349e-04
1.83400000000000e+01	1.56421132375804e-04
1.83500000000000e+01	1.55675324436806e-04
1.83600000000000e+01	1.54934694231179e-04
1.83700000000000e+01	1.54203440557952e-04
1.83800000000000e+01	1.53483312567596e-04
1.83900000000000e+01	1.52775512231843e-04
1.84000000000000e+01	1.52082649626381e-04
1.84100000000000e+01	1.51407090658257e-04
1.84200000000000e+01	1.50750010567710e-04
1.84300000000000e+01	1.50113255012028e-04
1.84400000000000e+01	1.49496340935633e-04
1.84500000000000e+01	1.48899821366699e-04
1.84600000000000e+01	1.48322691393751e-04
1.84700000000000e+01	1.47765400943112e-04
1.84800000000000e+01	1.47224341963905e-04
1.84900000000000e+01	1.46698909018562e-04
1.85000000000000e+01	1.46186709195438e-04
1.85100000000000e+01	1.45684316463971e-04
1.85200000000000e+01	1.45190101532245e-04
1.85300000000000e+01	1.44701026414943e-04
1.85400000000000e+01	1.44214051701475e-04
1.85500000000000e+01	1.43728197532018e-04
1.85600000000000e+01	1.43240491983081e-04
1.85700000000000e+01	1.42749643329312e-04
1.85800000000000e+01	1.42254543215669e-04
1.85900000000000e+01	1.41753582283587e-04
1.86000000000000e+01	1.41246763562354e-04
1.86100000000000e+01	1.40733782149410e-04
1.86200000000000e+01	1.40214111886991e-04
1.86300000000000e+01	1.39688399674702e-04
1.86400000000000e+01	1.39157279256578e-04
1.86500000000000e+01	1.38621557841520e-04
1.86600000000000e+01	1.38082296036984e-04
1.86700000000000e+01	1.37539258379765e-04
1.86800000000000e+01	1.36993907254603e-04
1.86900000000000e+01	1.36446685996478e-04
1.87000000000000e+01	1.35899153789487e-04
1.87100000000000e+01	1.35350667075689e-04
1.87200000000000e+01	1.34802403493313e-04
1.87300000000000e+01	1.34253903285411e-04
1.87400000000000e+01	1.33705366758086e-04
1.87500000000000e+01	1.33157211175106e-04
1.87600000000000e+01	1.32608146130124e-04
1.87700000000000e+01	1.32058933352431e-04
1.87800000000000e+01	1.31509165559876e-04
1.87900000000000e+01	1.30958196140332e-04
1.88000000000000e+01	1.30406242481568e-04
1.88100000000000e+01	1.29852110788380e-04
1.88200000000000e+01	1.29295540079952e-04
1.88300000000000e+01	1.28736528474000e-04
1.88400000000000e+01	1.28174274479078e-04
1.88500000000000e+01	1.27608301908644e-04
1.88600000000000e+01	1.27039025464685e-04
1.88700000000000e+01	1.26464400733220e-04
1.88800000000000e+01	1.25884907739602e-04
1.88900000000000e+01	1.25301204864099e-04
1.89000000000000e+01	1.24711699546560e-04
1.89100000000000e+01	1.24116863062837e-04
1.89200000000000e+01	1.23517470825455e-04
1.89300000000000e+01	1.22913561593157e-04
1.89400000000000e+01	1.22305420531751e-04
1.89500000000000e+01	1.21694459109531e-04
1.89600000000000e+01	1.21081778723803e-04
1.89700000000000e+01	1.20467543995007e-04
1.89800000000000e+01	1.19854567911645e-04
1.89900000000000e+01	1.19243501506957e-04
1.90000000000000e+01	1.18634635077232e-04
1.90100000000000e+01	1.18030468458980e-04
1.90200000000000e+01	1.17430334376907e-04
1.90300000000000e+01	1.16834514407695e-04
1.90400000000000e+01	1.16242974519065e-04
1.90500000000000e+01	1.15653815331659e-04
1.90600000000000e+01	1.15066907008420e-04
1.90700000000000e+01	1.14478896817690e-04
1.90800000000000e+01	1.13890464470266e-04
1.90900000000000e+01	1.13299043031178e-04
1.91000000000000e+01	1.12703753823626e-04
1.91100000000000e+01	1.12105644218291e-04
1.91200000000000e+01	1.11505020942800e-04
1.91300000000000e+01	1.10905331192838e-04
1.91400000000000e+01	1.10309691624421e-04
1.91500000000000e+01	1.09722177489542e-04
1.91600000000000e+01	1.09148103801122e-04
1.91700000000000e+01	1.08591171991952e-04
1.91800000000000e+01	1.08055892127002e-04
1.91900000000000e+01	1.07546254860657e-04
1.92000000000000e+01	1.07065181064725e-04
1.92100000000000e+01	1.06612167179240e-04
1.92200000000000e+01	1.06187840382549e-04
1.92300000000000e+01	1.05790881625956e-04
1.92400000000000e+01	1.05418105397549e-04
1.92500000000000e+01	1.05065683988213e-04
1.92600000000000e+01	1.04729894898136e-04
1.92700000000000e+01	1.04407079761683e-04
1.92800000000000e+01	1.04092546685064e-04
1.92900000000000e+01	1.03782312114090e-04
1.93000000000000e+01	1.03474500130423e-04
1.93100000000000e+01	1.03165513470351e-04
1.93200000000000e+01	1.02853694343158e-04
1.93300000000000e+01	1.02538926534366e-04
1.93400000000000e+01	1.02219223731742e-04
1.93500000000000e+01	1.01894948674295e-04
1.93600000000000e+01	1.01565026827114e-04
1.93700000000000e+01	1.01230469342556e-04
1.93800000000000e+01	1.00890986569610e-04
1.93900000000000e+01	1.00546479640342e-04
1.94000000000000e+01	1.00197308217232e-04
1.94100000000000e+01	9.98444484049593e-05
1.94200000000000e+01	9.94874547486507e-05
1.94300000000000e+01	9.91263272511574e-05
1.94400000000000e+01	9.87614953730141e-05
1.94500000000000e+01	9.83933923872656e-05
1.94600000000000e+01	9.80212852074248e-05
1.94700000000000e+01	9.76464699278557e-05
1.94800000000000e+01	9.72684333826326e-05
1.94900000000000e+01	9.68868489241724e-05
1.95000000000000e+01	9.65027808873371e-05
1.95100000000000e+01	9.61159429085813e-05
1.95200000000000e+01	9.57264594464169e-05
1.95300000000000e+01	9.53343052755596e-05
1.95400000000000e+01	9.49396603887157e-05
1.95500000000000e+01	9.45424897542753e-05
1.95600000000000e+01	9.41439208751945e-05
1.95700000000000e+01	9.37432581767302e-05
1.95800000000000e+01	9.33418181324582e-05
1.95900000000000e+01	9.29391251478482e-05
1.96000000000000e+01	9.25362200923821e-05
1.96100000000000e+01	9.21334347850871e-05
1.96200000000000e+01	9.17312753602738e-05
1.96300000000000e+01	9.13306285706285e-05
1.96400000000000e+01	9.09305801006373e-05
1.96500000000000e+01	9.05325941326049e-05
1.96600000000000e+01	9.01363380266608e-05
1.96700000000000e+01	8.97416781605685e-05
1.96800000000000e+01	8.93490897622530e-05
1.96900000000000e+01	8.89578040089116e-05
1.97000000000000e+01	8.85678140486772e-05
1.97100000000000e+01	8.81792787245169e-05
1.97200000000000e+01	8.77911216352961e-05
1.97300000000000e+01	8.74030395436799e-05
1.97400000000000e+01	8.70140306044910e-05
1.97500000000000e+01	8.66226529677001e-05
1.97600000000000e+01	8.62280726863240e-05
1.97700000000000e+01	8.58269854759602e-05
1.97800000000000e+01	8.54166466560034e-05
1.97900000000000e+01	8.49920987068216e-05
1.98000000000000e+01	8.45469549168583e-05
1.98100000000000e+01	8.40724942790500e-05
1.98200000000000e+01	8.35566504448076e-05
1.98300000000000e+01	8.29856592547024e-05
1.98400000000000e+01	8.23397783100053e-05
1.98500000000000e+01	8.15979046726726e-05
1.98600000000000e+01	8.07301497443007e-05
1.98700000000000e+01	7.97011268258533e-05
1.98800000000000e+01	7.84660060568191e-05
1.98900000000000e+01	7.69646335115839e-05
1.99000000000000e+01	7.51170438781371e-05
1.99100000000000e+01	7.28145284945655e-05
1.99200000000000e+01	6.99105065680386e-05
1.99300000000000e+01	6.62124455311168e-05
1.99400000000000e+01	6.14751589757770e-05
1.99500000000000e+01	5.54131936205947e-05
1.99600000000000e+01	4.77383750192179e-05
1.99700000000000e+01	3.82647248115883e-05
1.99800000000000e+01	2.71216009035917e-05
1.99900000000000e+01	1.51618326581633e-05
2.00000000000000e+01	4.61985062099234e-06
