1.00000000000000e-02	5.89793424117586e+14
2.00000000000000e-02	3.68587531743453e+13
3.00000000000000e-02	7.27963288945027e+12
4.00000000000000e-02	2.30282984222289e+12
5.00000000000000e-02	9.42981187073345e+11
6.00000000000000e-02	4.54600492219438e+11
7.00000000000000e-02	2.45285561715804e+11
8.00000000000000e-02	1.43716315327967e+11
9.00000000000000e-02	8.96742313089000e+10
1.00000000000000e-01	5.88013341205460e+10
1.10000000000000e-01	4.01361432781671e+10
1.20000000000000e-01	2.83189629012804e+10
1.30000000000000e-01	2.05444217990437e+10
1.40000000000000e-01	1.52614341714323e+10
1.50000000000000e-01	1.15706209429106e+10
1.60000000000000e-01	8.92949501212416e+09
1.70000000000000e-01	6.99955352649942e+09
1.80000000000000e-01	5.56296263967658e+09
1.90000000000000e-01	4.47594561011034e+09
2.00000000000000e-01	3.64128858240003e+09
2.10000000000000e-01	2.99188881645055e+09
2.20000000000000e-01	2.48058141696735e+09
2.30000000000000e-01	2.07359465906893e+09
2.40000000000000e-01	1.74644913506094e+09
2.50000000000000e-01	1.48106502139661e+09
2.60000000000000e-01	1.26400507145594e+09
2.70000000000000e-01	1.08507726140657e+09
2.80000000000000e-01	9.36569924750239e+08
2.90000000000000e-01	8.12448342034923e+08
3.00000000000000e-01	7.08105398107405e+08
3.10000000000000e-01	6.19867181943914e+08
3.20000000000000e-01	5.44844363634493e+08
3.30000000000000e-01	4.80751575724355e+08
3.40000000000000e-01	4.25727385474834e+08
3.50000000000000e-01	3.78283378920573e+08
3.60000000000000e-01	3.37202713058316e+08
3.70000000000000e-01	3.01490529594476e+08
3.80000000000000e-01	2.70330730002783e+08
3.90000000000000e-01	2.43045906910417e+08
4.00000000000000e-01	2.19073720285787e+08
4.10000000000000e-01	1.97945063186478e+08
4.20000000000000e-01	1.79268240344469e+08
4.30000000000000e-01	1.62709871480720e+08
4.40000000000000e-01	1.47992348049118e+08
4.50000000000000e-01	1.34870518847520e+08
4.60000000000000e-01	1.23145782472208e+08
4.70000000000000e-01	1.12644956311658e+08
4.80000000000000e-01	1.03219895814018e+08
4.90000000000000e-01	9.47383296466318e+07
5.00000000000000e-01	8.70912779957199e+07
5.10000000000000e-01	8.01829187314398e+07
5.20000000000000e-01	7.39324204754314e+07
5.30000000000000e-01	6.82618782052305e+07
5.40000000000000e-01	6.31114330530482e+07
5.50000000000000e-01	5.84258307586512e+07
5.60000000000000e-01	5.41531872489258e+07
5.70000000000000e-01	5.02526247587698e+07
5.80000000000000e-01	4.66876939413196e+07
5.90000000000000e-01	4.34220561730625e+07
6.00000000000000e-01	4.04278671333572e+07
6.10000000000000e-01	3.76779534884500e+07
6.20000000000000e-01	3.51496508364540e+07
6.30000000000000e-01	3.28220237200300e+07
6.40000000000000e-01	3.06771726701708e+07
6.50000000000000e-01	2.86969004225369e+07
6.60000000000000e-01	2.68673757221708e+07
6.70000000000000e-01	2.51740195061936e+07
6.80000000000000e-01	2.36065828602134e+07
6.90000000000000e-01	2.21537326368558e+07
7.00000000000000e-01	2.08053287365765e+07
7.10000000000000e-01	1.95528994829565e+07
7.20000000000000e-01	1.83877565097552e+07
7.30000000000000e-01	1.73040011103026e+07
7.40000000000000e-01	1.62939010571381e+07
7.50000000000000e-01	1.53526050969047e+07
7.60000000000000e-01	1.44737820183920e+07
7.70000000000000e-01	1.36531181358382e+07
7.80000000000000e-01	1.28859237133339e+07
7.90000000000000e-01	1.21683275629493e+07
8.00000000000000e-01	1.14965109152249e+07
8.10000000000000e-01	1.08667851862163e+07
8.20000000000000e-01	1.02766995068822e+07
8.30000000000000e-01	9.72279229565264e+06
8.40000000000000e-01	9.20307771763719e+06
8.50000000000000e-01	8.71438107936549e+06
8.60000000000000e-01	8.25507444619509e+06
8.70000000000000e-01	7.82291843270656e+06
8.80000000000000e-01	7.41593057968977e+06
8.90000000000000e-01	7.03276371213399e+06
9.00000000000000e-01	6.67153747077105e+06
9.10000000000000e-01	6.33080246220469e+06
9.20000000000000e-01	6.00929475602761e+06
9.30000000000000e-01	5.70581577657248e+06
9.40000000000000e-01	5.41914403517759e+06
9.50000000000000e-01	5.14805889118854e+06
9.60000000000000e-01	4.89172134480077e+06
9.70000000000000e-01	4.64920102171857e+06
9.80000000000000e-01	4.41964771718819e+06
9.90000000000000e-01	4.20219945080007e+06
1.00000000000000e+00	3.99628537581558e+06
1.01000000000000e+00	3.80098450098170e+06
1.02000000000000e+00	3.61570129640089e+06
1.03000000000000e+00	3.44003140933848e+06
1.04000000000000e+00	3.27321216234423e+06
1.05000000000000e+00	3.11481720109712e+06
1.06000000000000e+00	2.96427891645205e+06
1.07000000000000e+00	2.82125210292464e+06
1.08000000000000e+00	2.68513311521872e+06
1.09000000000000e+00	2.55551912994208e+06
1.10000000000000e+00	2.43210238941369e+06
1.11000000000000e+00	2.31439183970647e+06
1.12000000000000e+00	2.20201801065141e+06
1.13000000000000e+00	2.09466655943260e+06
1.14000000000000e+00	1.99201452113964e+06
1.15000000000000e+00	1.89373559463715e+06
1.16000000000000e+00	1.79949472787796e+06
1.17000000000000e+00	1.70910768287749e+06
1.18000000000000e+00	1.62225657045670e+06
1.19000000000000e+00	1.53873658522169e+06
1.20000000000000e+00	1.45833692856581e+06
1.21000000000000e+00	1.38077261499872e+06
1.22000000000000e+00	1.30579928122120e+06
1.23000000000000e+00	1.23322333669321e+06
1.24000000000000e+00	1.16266880606842e+06
1.25000000000000e+00	1.09393770023213e+06
1.26000000000000e+00	1.02666489931902e+06
1.27000000000000e+00	9.60712605817446e+05
1.28000000000000e+00	8.95809270830969e+05
1.29000000000000e+00	8.31972944902775e+05
1.30000000000000e+00	7.69211226691298e+05
1.31000000000000e+00	7.07832542682748e+05
1.32000000000000e+00	6.48274315051177e+05
1.33000000000000e+00	5.91172209933576e+05
1.34000000000000e+00	5.37372735987030e+05
1.35000000000000e+00	4.87870075452220e+05
1.36000000000000e+00	4.43706071358065e+05
1.37000000000000e+00	4.05970709566051e+05
1.38000000000000e+00	3.75604767370868e+05
1.39000000000000e+00	3.53390894389364e+05
1.40000000000000e+00	3.39822293361291e+05
1.41000000000000e+00	3.35020872957762e+05
1.42000000000000e+00	3.38725852232814e+05
1.43000000000000e+00	3.50258248369965e+05
1.44000000000000e+00	3.68585974478207e+05
1.45000000000000e+00	3.92342333575004e+05
1.46000000000000e+00	4.19972498344316e+05
1.47000000000000e+00	4.49767716645109e+05
1.48000000000000e+00	4.80056358111268e+05
1.49000000000000e+00	5.09239357809268e+05
1.50000000000000e+00	5.35889991874282e+05
1.51000000000000e+00	5.58821553786969e+05
1.52000000000000e+00	5.77119795382302e+05
1.53000000000000e+00	5.90181172359444e+05
1.54000000000000e+00	5.97677465842075e+05
1.55000000000000e+00	5.99575905488032e+05
1.56000000000000e+00	5.96179092686540e+05
1.57000000000000e+00	5.87986328413001e+05
1.58000000000000e+00	5.75729626178186e+05
1.59000000000000e+00	5.60305040285290e+05
1.60000000000000e+00	5.42680679381943e+05
1.61000000000000e+00	5.23900914962297e+05
1.62000000000000e+00	5.04918916928986e+05
1.63000000000000e+00	4.86598989220551e+05
1.64000000000000e+00	4.69608315970459e+05
1.65000000000000e+00	4.54463559058160e+05
1.66000000000000e+00	4.41397722046994e+05
1.67000000000000e+00	4.30486116018827e+05
1.68000000000000e+00	4.21568206749300e+05
1.69000000000000e+00	4.14414274254104e+05
1.70000000000000e+00	4.08741187766963e+05
1.71000000000000e+00	4.04369633029457e+05
1.72000000000000e+00	4.01237294623820e+05
1.73000000000000e+00	3.99489656131282e+05
1.74000000000000e+00	3.99516122505329e+05
1.75000000000000e+00	4.01775412638362e+05
1.76000000000000e+00	4.06797791703322e+05
1.77000000000000e+00	4.14963132767954e+05
1.78000000000000e+00	4.26457012674949e+05
1.79000000000000e+00	4.41180037301540e+05
1.80000000000000e+00	4.58776497431154e+05
1.81000000000000e+00	4.78833955891985e+05
1.82000000000000e+00	5.00996078414100e+05
1.83000000000000e+00	5.25204230979676e+05
1.84000000000000e+00	5.51657157087048e+05
1.85000000000000e+00	5.80849028238902e+05
1.86000000000000e+00	6.13245329882435e+05
1.87000000000000e+00	6.49332902690787e+05
1.88000000000000e+00	6.89499457062603e+05
1.89000000000000e+00	7.34168733195090e+05
1.90000000000000e+00	7.83915845005569e+05
1.91000000000000e+00	8.39410689869040e+05
1.92000000000000e+00	9.01383138129777e+05
1.93000000000000e+00	9.70212719513796e+05
1.94000000000000e+00	1.04559730156283e+06
1.95000000000000e+00	1.12609035431776e+06
1.96000000000000e+00	1.20887371892369e+06
1.97000000000000e+00	1.28983063850496e+06
1.98000000000000e+00	1.36401004033273e+06
1.99000000000000e+00	1.42640053126950e+06
2.00000000000000e+00	1.47273982267233e+06
2.01000000000000e+00	1.50029788833501e+06
2.02000000000000e+00	1.50833363816976e+06
2.03000000000000e+00	1.49808427925305e+06
2.04000000000000e+00	1.47244247315522e+06
2.05000000000000e+00	1.43539651618819e+06
2.06000000000000e+00	1.39129542542517e+06
2.07000000000000e+00	1.34414900348126e+06
2.08000000000000e+00	1.29711648921676e+06
2.09000000000000e+00	1.25213677341161e+06
2.10000000000000e+00	1.20998208311811e+06
2.11000000000000e+00	1.17050828651440e+06
2.12000000000000e+00	1.13315694207533e+06
2.13000000000000e+00	1.09755696341975e+06
2.14000000000000e+00	1.06391163100480e+06
2.15000000000000e+00	1.03299911527531e+06
2.16000000000000e+00	1.00593995596079e+06
2.17000000000000e+00	9.83617550387401e+05
2.18000000000000e+00	9.66385252039456e+05
2.19000000000000e+00	9.53769911715930e+05
2.20000000000000e+00	9.44645955152777e+05
2.21000000000000e+00	9.37457086227552e+05
2.22000000000000e+00	9.30640646603992e+05
2.23000000000000e+00	9.23301546243791e+05
2.24000000000000e+00	9.15530093371692e+05
2.25000000000000e+00	9.08789125256269e+05
2.26000000000000e+00	9.05592207865662e+05
2.27000000000000e+00	9.09041755201352e+05
2.28000000000000e+00	9.22299165330138e+05
2.29000000000000e+00	9.48130812619810e+05
2.30000000000000e+00	9.88537024538617e+05
2.31000000000000e+00	1.04453364480645e+06
2.32000000000000e+00	1.11579188727769e+06
2.33000000000000e+00	1.20042412634983e+06
2.34000000000000e+00	1.29467184999354e+06
2.35000000000000e+00	1.39325924306724e+06
2.36000000000000e+00	1.48977896794417e+06
2.37000000000000e+00	1.57763457138411e+06
2.38000000000000e+00	1.65094137402316e+06
2.39000000000000e+00	1.70501466560259e+06
2.40000000000000e+00	1.73675223676902e+06
2.41000000000000e+00	1.74485713087301e+06
2.42000000000000e+00	1.72980975781649e+06
2.43000000000000e+00	1.69374170720714e+06
2.44000000000000e+00	1.63990158922010e+06
2.45000000000000e+00	1.57227958524010e+06
2.46000000000000e+00	1.49480467417543e+06
2.47000000000000e+00	1.41123059023351e+06
2.48000000000000e+00	1.32468074316019e+06
2.49000000000000e+00	1.23778852373261e+06
2.50000000000000e+00	1.15248251543503e+06
2.51000000000000e+00	1.07016758581067e+06
2.52000000000000e+00	9.91684640286001e+05
2.53000000000000e+00	9.17363066549283e+05
2.54000000000000e+00	8.47147460389547e+05
2.55000000000000e+00	7.80754718453717e+05
2.56000000000000e+00	7.17812377277202e+05
2.57000000000000e+00	6.57926809564221e+05
2.58000000000000e+00	6.00797608102806e+05
2.59000000000000e+00	5.46230874782338e+05
2.60000000000000e+00	4.94061837913129e+05
2.61000000000000e+00	4.44199967920261e+05
2.62000000000000e+00	3.96555525985673e+05
2.63000000000000e+00	3.51093325666475e+05
2.64000000000000e+00	3.07959390714500e+05
2.65000000000000e+00	2.67526688980663e+05
2.66000000000000e+00	2.30430241963864e+05
2.67000000000000e+00	1.97414921457790e+05
2.68000000000000e+00	1.69154419737997e+05
2.69000000000000e+00	1.46163796643415e+05
2.70000000000000e+00	1.28832320225646e+05
2.71000000000000e+00	1.17562917931593e+05
2.72000000000000e+00	1.12857468721601e+05
2.73000000000000e+00	1.15377991364778e+05
2.74000000000000e+00	1.25888191867069e+05
2.75000000000000e+00	1.45145801297380e+05
2.76000000000000e+00	1.73748734004464e+05
2.77000000000000e+00	2.12025061480351e+05
2.78000000000000e+00	2.59908353981054e+05
2.79000000000000e+00	3.16897456698007e+05
2.80000000000000e+00	3.82033052648388e+05
2.81000000000000e+00	4.53909995398429e+05
2.82000000000000e+00	5.30756007089258e+05
2.83000000000000e+00	6.10504805487219e+05
2.84000000000000e+00	6.90916485965385e+05
2.85000000000000e+00	7.69701289542765e+05
2.86000000000000e+00	8.44621684453521e+05
2.87000000000000e+00	9.13642232210170e+05
2.88000000000000e+00	9.75002667540074e+05
2.89000000000000e+00	1.02727298615518e+06
2.90000000000000e+00	1.06935808425460e+06
2.91000000000000e+00	1.10054556425396e+06
2.92000000000000e+00	1.12039025519053e+06
2.93000000000000e+00	1.12883631007121e+06
2.94000000000000e+00	1.12626246487692e+06
2.95000000000000e+00	1.11353751118430e+06
2.96000000000000e+00	1.09211935134058e+06
2.97000000000000e+00	1.06393516181871e+06
2.98000000000000e+00	1.03135724762804e+06
2.99000000000000e+00	9.96827758602776e+05
3.00000000000000e+00	9.62724213186631e+05
3.01000000000000e+00	9.31051427220030e+05
3.02000000000000e+00	9.03362106144762e+05
3.03000000000000e+00	8.80703688599766e+05
3.04000000000000e+00	8.63696346600413e+05
3.05000000000000e+00	8.52521796212301e+05
3.06000000000000e+00	8.46971129173402e+05
3.07000000000000e+00	8.46606848280828e+05
3.08000000000000e+00	8.50762095020726e+05
3.09000000000000e+00	8.58619391017235e+05
3.10000000000000e+00	8.69321148743909e+05
3.11000000000000e+00	8.81959315216469e+05
3.12000000000000e+00	8.95589168599409e+05
3.13000000000000e+00	9.09226587005458e+05
3.14000000000000e+00	9.21741970636560e+05
3.15000000000000e+00	9.31868965938668e+05
3.16000000000000e+00	9.38316936563423e+05
3.17000000000000e+00	9.39851292591642e+05
3.18000000000000e+00	9.35539221725865e+05
3.19000000000000e+00	9.24998146509538e+05
3.20000000000000e+00	9.08403707815548e+05
3.21000000000000e+00	8.86463201202805e+05
3.22000000000000e+00	8.60192104985321e+05
3.23000000000000e+00	8.30654080842541e+05
3.24000000000000e+00	7.98820869618718e+05
3.25000000000000e+00	7.65476671436450e+05
3.26000000000000e+00	7.31272370871388e+05
3.27000000000000e+00	6.96791138885015e+05
3.28000000000000e+00	6.62594305951474e+05
3.29000000000000e+00	6.29279404942292e+05
3.30000000000000e+00	5.97463012574108e+05
3.31000000000000e+00	5.67752425645703e+05
3.32000000000000e+00	5.40740200409968e+05
3.33000000000000e+00	5.16935588890515e+05
3.34000000000000e+00	4.96812277245071e+05
3.35000000000000e+00	4.80731450802942e+05
3.36000000000000e+00	4.68986394181182e+05
3.37000000000000e+00	4.61845739448687e+05
3.38000000000000e+00	4.59595356450888e+05
3.39000000000000e+00	4.62620045025709e+05
3.40000000000000e+00	4.71441716112965e+05
3.41000000000000e+00	4.86717628769682e+05
3.42000000000000e+00	5.09247640002639e+05
3.43000000000000e+00	5.39948977335580e+05
3.44000000000000e+00	5.79794869589044e+05
3.45000000000000e+00	6.29745572144270e+05
3.46000000000000e+00	6.90706047615751e+05
3.47000000000000e+00	7.63466977621567e+05
3.48000000000000e+00	8.48681294404972e+05
3.49000000000000e+00	9.46870603485751e+05
3.50000000000000e+00	1.05844673667341e+06
3.51000000000000e+00	1.18375670129288e+06
3.52000000000000e+00	1.32310183406771e+06
3.53000000000000e+00	1.47654305081710e+06
3.54000000000000e+00	1.64366697537666e+06
3.55000000000000e+00	1.82300436116248e+06
3.56000000000000e+00	2.01134419744261e+06
3.57000000000000e+00	2.20311736437784e+06
3.58000000000000e+00	2.38988082354173e+06
3.59000000000000e+00	2.56054542610948e+06
3.60000000000000e+00	2.70212515891831e+06
3.61000000000000e+00	2.80146148682067e+06
3.62000000000000e+00	2.84707757513241e+06
3.63000000000000e+00	2.83170579631013e+06
3.64000000000000e+00	2.75360638221387e+06
3.65000000000000e+00	2.61719959995586e+06
3.66000000000000e+00	2.43240674827989e+06
3.67000000000000e+00	2.21291017589687e+06
3.68000000000000e+00	1.97360820468358e+06
3.69000000000000e+00	1.72859172817743e+06
3.70000000000000e+00	1.48946740545430e+06
3.71000000000000e+00	1.26468375458051e+06
3.72000000000000e+00	1.05959404424561e+06
3.73000000000000e+00	8.76899539697909e+05
3.74000000000000e+00	7.17369325503605e+05
3.75000000000000e+00	5.80411441173158e+05
3.76000000000000e+00	4.64541287410408e+05
3.77000000000000e+00	3.67719682792603e+05
3.78000000000000e+00	2.87652530969864e+05
3.79000000000000e+00	2.21983189248698e+05
3.80000000000000e+00	1.68477668923022e+05
3.81000000000000e+00	1.25143841215615e+05
3.82000000000000e+00	9.02949370179998e+04
3.83000000000000e+00	6.25654592448065e+04
3.84000000000000e+00	4.08872857540745e+04
3.85000000000000e+00	2.44578299060017e+04
3.86000000000000e+00	1.26851136848514e+04
3.87000000000000e+00	5.14210879704333e+03
3.88000000000000e+00	1.52499468788394e+03
3.89000000000000e+00	1.61701046479829e+03
3.90000000000000e+00	5.25612481059043e+03
3.91000000000000e+00	1.23043106641440e+04
3.92000000000000e+00	2.26144880104815e+04
3.93000000000000e+00	3.59973478032826e+04
3.94000000000000e+00	5.21919995262646e+04
3.95000000000000e+00	7.08226761769243e+04
3.96000000000000e+00	9.14081559408652e+04
3.97000000000000e+00	1.13366428373752e+05
3.98000000000000e+00	1.36073342332901e+05
3.99000000000000e+00	1.58926664186751e+05
4.00000000000000e+00	1.81429641605776e+05
4.01000000000000e+00	2.03236531494453e+05
4.02000000000000e+00	2.24165149088717e+05
4.03000000000000e+00	2.44152719802645e+05
4.04000000000000e+00	2.63194892747372e+05
4.05000000000000e+00	2.81279788573655e+05
4.06000000000000e+00	2.98330200233525e+05
4.07000000000000e+00	3.14182504125428e+05
4.08000000000000e+00	3.28577896494205e+05
4.09000000000000e+00	3.41180822229784e+05
4.10000000000000e+00	3.51614234911393e+05
4.11000000000000e+00	3.59479463145818e+05
4.12000000000000e+00	3.64394381413738e+05
4.13000000000000e+00	3.66042333373738e+05
4.14000000000000e+00	3.64208212384020e+05
4.15000000000000e+00	3.58806330260996e+05
4.16000000000000e+00	3.49907153186938e+05
4.17000000000000e+00	3.37732532676470e+05
4.18000000000000e+00	3.22638649000204e+05
4.19000000000000e+00	3.05066322471045e+05
4.20000000000000e+00	2.85502112911118e+05
4.21000000000000e+00	2.64442472713519e+05
4.22000000000000e+00	2.42365111889042e+05
4.23000000000000e+00	2.19714872775198e+05
4.24000000000000e+00	1.96912626202753e+05
4.25000000000000e+00	1.74365117969583e+05
4.26000000000000e+00	1.52451853222348e+05
4.27000000000000e+00	1.31537873765884e+05
4.28000000000000e+00	1.11947484829431e+05
4.29000000000000e+00	9.39485203337236e+04
4.30000000000000e+00	7.77311753017650e+04
4.31000000000000e+00	6.34025042526761e+04
4.32000000000000e+00	5.09919349618175e+04
4.33000000000000e+00	4.04691833502045e+04
4.34000000000000e+00	3.17661124097956e+04
4.35000000000000e+00	2.48000168265486e+04
4.36000000000000e+00	1.94868736929844e+04
4.37000000000000e+00	1.57488095980339e+04
4.38000000000000e+00	1.35127767745306e+04
4.39000000000000e+00	1.27018175474708e+04
4.40000000000000e+00	1.32205225056119e+04
4.41000000000000e+00	1.49391931192409e+04
4.42000000000000e+00	1.76786791533148e+04
4.43000000000000e+00	2.12008695971469e+04
4.44000000000000e+00	2.52113433086533e+04
4.45000000000000e+00	2.93753910282937e+04
4.46000000000000e+00	3.33502623435897e+04
4.47000000000000e+00	3.68211422051539e+04
4.48000000000000e+00	3.95431089266842e+04
4.49000000000000e+00	4.13641585140420e+04
4.50000000000000e+00	4.22371138433279e+04
4.51000000000000e+00	4.22103557659165e+04
4.52000000000000e+00	4.14043057947689e+04
4.53000000000000e+00	3.99860196636011e+04
4.54000000000000e+00	3.81393520936101e+04
4.55000000000000e+00	3.60455711668477e+04
4.56000000000000e+00	3.38711645044757e+04
4.57000000000000e+00	3.17635382839542e+04
4.58000000000000e+00	2.98486490214311e+04
4.59000000000000e+00	2.82339088610201e+04
4.60000000000000e+00	2.70079332971083e+04
4.61000000000000e+00	2.62393370923897e+04
4.62000000000000e+00	2.59752053830219e+04
4.63000000000000e+00	2.62390067395191e+04
4.64000000000000e+00	2.70280391433136e+04
4.65000000000000e+00	2.83149289923693e+04
4.66000000000000e+00	3.00502383869736e+04
4.67000000000000e+00	3.21676820437298e+04
4.68000000000000e+00	3.45928122070549e+04
4.69000000000000e+00	3.72502573002833e+04
4.70000000000000e+00	4.00726332434184e+04
4.71000000000000e+00	4.30047595393076e+04
4.72000000000000e+00	4.60069876377070e+04
4.73000000000000e+00	4.90566634689047e+04
4.74000000000000e+00	5.21476224656515e+04
4.75000000000000e+00	5.52882791825928e+04
4.76000000000000e+00	5.84973626578407e+04
4.77000000000000e+00	6.17997006798486e+04
4.78000000000000e+00	6.52151725937743e+04
4.79000000000000e+00	6.87486369546984e+04
4.80000000000000e+00	7.23827082318106e+04
4.81000000000000e+00	7.60684185738034e+04
4.82000000000000e+00	7.97226598511743e+04
4.83000000000000e+00	8.32342579395487e+04
4.84000000000000e+00	8.64721137704059e+04
4.85000000000000e+00	8.92992545625412e+04
4.86000000000000e+00	9.15953176161130e+04
4.87000000000000e+00	9.32665830580457e+04
4.88000000000000e+00	9.42593447184307e+04
4.89000000000000e+00	9.45725857407546e+04
4.90000000000000e+00	9.42627220718938e+04
4.91000000000000e+00	9.34358837299294e+04
4.92000000000000e+00	9.22523644897762e+04
4.93000000000000e+00	9.09079041466083e+04
4.94000000000000e+00	8.96157702928750e+04
4.95000000000000e+00	8.85902145797791e+04
4.96000000000000e+00	8.80168323649021e+04
4.97000000000000e+00	8.80468715292283e+04
4.98000000000000e+00	8.87776692791229e+04
4.99000000000000e+00	9.02551806901791e+04
5.00000000000000e+00	9.24764614904033e+04
5.01000000000000e+00	9.53994655034753e+04
5.02000000000000e+00	9.89529181615046e+04
5.03000000000000e+00	1.03050439596967e+05
5.04000000000000e+00	1.07597802920172e+05
5.05000000000000e+00	1.12497575609122e+05
5.06000000000000e+00	1.17645183738677e+05
5.07000000000000e+00	1.22929617127483e+05
5.08000000000000e+00	1.28221989477922e+05
5.09000000000000e+00	1.33371682883483e+05
5.10000000000000e+00	1.38191763774384e+05
5.11000000000000e+00	1.42468874907458e+05
5.12000000000000e+00	1.45959838400134e+05
5.13000000000000e+00	1.48406019990347e+05
5.14000000000000e+00	1.49550554851015e+05
5.15000000000000e+00	1.49148359974474e+05
5.16000000000000e+00	1.46992755531571e+05
5.17000000000000e+00	1.42941715982663e+05
5.18000000000000e+00	1.36933469091858e+05
5.19000000000000e+00	1.29009086092616e+05
5.20000000000000e+00	1.19331763178290e+05
5.21000000000000e+00	1.08179541739607e+05
5.22000000000000e+00	9.59418858709834e+04
5.23000000000000e+00	8.30922006101616e+04
5.24000000000000e+00	7.01454782850389e+04
5.25000000000000e+00	5.76128970716504e+04
5.26000000000000e+00	4.59618201205783e+04
5.27000000000000e+00	3.55738338230650e+04
5.28000000000000e+00	2.67264032703869e+04
5.29000000000000e+00	1.95810535930287e+04
5.30000000000000e+00	1.41947104098918e+04
5.31000000000000e+00	1.05357778243338e+04
5.32000000000000e+00	8.50958617355472e+03
5.33000000000000e+00	7.98395402028411e+03
5.34000000000000e+00	8.80982896923112e+03
5.35000000000000e+00	1.08367043397723e+04
5.36000000000000e+00	1.39206307141413e+04
5.37000000000000e+00	1.79271213267417e+04
5.38000000000000e+00	2.27294199520499e+04
5.39000000000000e+00	2.82037715419061e+04
5.40000000000000e+00	3.42199833591816e+04
5.41000000000000e+00	4.06253005196027e+04
5.42000000000000e+00	4.72275683816624e+04
5.43000000000000e+00	5.37738770845511e+04
5.44000000000000e+00	5.99392188471104e+04
5.45000000000000e+00	6.53283394558584e+04
5.46000000000000e+00	6.95091365940645e+04
5.47000000000000e+00	7.20627655232352e+04
5.48000000000000e+00	7.26628597291586e+04
5.49000000000000e+00	7.11519944693731e+04
5.50000000000000e+00	6.75880500592818e+04
5.51000000000000e+00	6.22638755165450e+04
5.52000000000000e+00	5.56601289008348e+04
5.53000000000000e+00	4.83630662429219e+04
5.54000000000000e+00	4.09615683205080e+04
5.55000000000000e+00	3.39547365017673e+04
5.56000000000000e+00	2.76938658669707e+04
5.57000000000000e+00	2.23653947648313e+04
5.58000000000000e+00	1.80103875420296e+04
5.59000000000000e+00	1.45668836356508e+04
5.60000000000000e+00	1.19146284065853e+04
5.61000000000000e+00	9.91606312383340e+03
5.62000000000000e+00	8.44072685316286e+03
5.63000000000000e+00	7.38000365723835e+03
5.64000000000000e+00	6.64866236446930e+03
5.65000000000000e+00	6.18368497533953e+03
5.66000000000000e+00	5.94038902161304e+03
5.67000000000000e+00	5.88999601975671e+03
5.68000000000000e+00	6.01633453015921e+03
5.69000000000000e+00	6.31387092521401e+03
5.70000000000000e+00	6.78414367321802e+03
5.71000000000000e+00	7.43053167751485e+03
5.72000000000000e+00	8.25362669273999e+03
5.73000000000000e+00	9.24605244305244e+03
5.74000000000000e+00	1.03885439618762e+04
5.75000000000000e+00	1.16501010192997e+04
5.76000000000000e+00	1.29885971575177e+04
5.77000000000000e+00	1.43546530524210e+04
5.78000000000000e+00	1.56959439001011e+04
5.79000000000000e+00	1.69620003737611e+04
5.80000000000000e+00	1.81075167709321e+04
5.81000000000000e+00	1.90948923923834e+04
5.82000000000000e+00	1.98951118426712e+04
5.83000000000000e+00	2.04881316292364e+04
5.84000000000000e+00	2.08617818020224e+04
5.85000000000000e+00	2.10128448282075e+04
5.86000000000000e+00	2.09465858050454e+04
5.87000000000000e+00	2.06780117431743e+04
5.88000000000000e+00	2.02324914684197e+04
5.89000000000000e+00	1.96440649209614e+04
5.90000000000000e+00	1.89565451506935e+04
5.91000000000000e+00	1.82178740410949e+04
5.92000000000000e+00	1.74781828913309e+04
5.93000000000000e+00	1.67844992725345e+04
5.94000000000000e+00	1.61775683550923e+04
5.95000000000000e+00	1.56870902578419e+04
5.96000000000000e+00	1.53296899480842e+04
5.97000000000000e+00	1.51072777773925e+04
5.98000000000000e+00	1.50070611695218e+04
5.99000000000000e+00	1.50025589977155e+04
6.00000000000000e+00	1.50561271985364e+04
6.01000000000000e+00	1.51231760174510e+04
6.02000000000000e+00	1.51558595411234e+04
6.03000000000000e+00	1.51069532034945e+04
6.04000000000000e+00	1.49344002056923e+04
6.05000000000000e+00	1.46039235383577e+04
6.06000000000000e+00	1.40912583213758e+04
6.07000000000000e+00	1.33843087479034e+04
6.08000000000000e+00	1.24836691456787e+04
6.09000000000000e+00	1.14048039767874e+04
6.10000000000000e+00	1.01770958719599e+04
6.11000000000000e+00	8.84466754018567e+03
6.12000000000000e+00	7.46437180783932e+03
6.13000000000000e+00	6.10267674170750e+03
6.14000000000000e+00	4.83134867215401e+03
6.15000000000000e+00	3.72222676220531e+03
6.16000000000000e+00	2.84087205401737e+03
6.17000000000000e+00	2.24114123720692e+03
6.18000000000000e+00	1.96069508985197e+03
6.19000000000000e+00	2.01724447964273e+03
6.20000000000000e+00	2.40765667806837e+03
6.21000000000000e+00	3.10813478856344e+03
6.22000000000000e+00	4.07674156270463e+03
6.23000000000000e+00	5.25647754664954e+03
6.24000000000000e+00	6.57972276851103e+03
6.25000000000000e+00	7.97232596930258e+03
6.26000000000000e+00	9.35844879258020e+03
6.27000000000000e+00	1.06650383826813e+04
6.28000000000000e+00	1.18255471475146e+04
6.29000000000000e+00	1.27840574032951e+04
6.30000000000000e+00	1.34975984363079e+04
6.31000000000000e+00	1.39386930867529e+04
6.32000000000000e+00	1.40963210389599e+04
6.33000000000000e+00	1.39785277999067e+04
6.34000000000000e+00	1.36107608829393e+04
6.35000000000000e+00	1.30384647325648e+04
6.36000000000000e+00	1.23234378257046e+04
6.37000000000000e+00	1.15420235987224e+04
6.38000000000000e+00	1.07821039517050e+04
6.39000000000000e+00	1.01388964643469e+04
6.40000000000000e+00	9.71031944025575e+03
6.41000000000000e+00	9.59230642518204e+03
6.42000000000000e+00	9.87368951929177e+03
6.43000000000000e+00	1.06315907308721e+04
6.44000000000000e+00	1.19261155945660e+04
6.45000000000000e+00	1.37964157068037e+04
6.46000000000000e+00	1.62569805053676e+04
6.47000000000000e+00	1.92951444511358e+04
6.48000000000000e+00	2.28700370382376e+04
6.49000000000000e+00	2.69127347193474e+04
6.50000000000000e+00	3.13288337064611e+04
6.51000000000000e+00	3.60016228411113e+04
6.52000000000000e+00	4.07975013392172e+04
6.53000000000000e+00	4.55718083670672e+04
6.54000000000000e+00	5.01740356673102e+04
6.55000000000000e+00	5.44558905103714e+04
6.56000000000000e+00	5.82792285095502e+04
6.57000000000000e+00	6.15219137512341e+04
6.58000000000000e+00	6.40873616677172e+04
6.59000000000000e+00	6.59071712864375e+04
6.60000000000000e+00	6.69441066197599e+04
6.61000000000000e+00	6.71916091971773e+04
6.62000000000000e+00	6.66742804089944e+04
6.63000000000000e+00	6.54438798211031e+04
6.64000000000000e+00	6.35803121333195e+04
6.65000000000000e+00	6.11860278279815e+04
6.66000000000000e+00	5.83807584514402e+04
6.67000000000000e+00	5.52915376887720e+04
6.68000000000000e+00	5.20441687808739e+04
6.69000000000000e+00	4.87538979748948e+04
6.70000000000000e+00	4.55199523973569e+04
6.71000000000000e+00	4.24231102745861e+04
6.72000000000000e+00	3.95250839236920e+04
6.73000000000000e+00	3.68711095610682e+04
6.74000000000000e+00	3.44919065430782e+04
6.75000000000000e+00	3.24076518857190e+04
6.76000000000000e+00	3.06311986008927e+04
6.77000000000000e+00	2.91707073905920e+04
6.78000000000000e+00	2.80320645532080e+04
6.79000000000000e+00	2.72197961180548e+04
6.80000000000000e+00	2.67372089306937e+04
6.81000000000000e+00	2.65862269637263e+04
6.82000000000000e+00	2.67651332602880e+04
6.83000000000000e+00	2.72683788081774e+04
6.84000000000000e+00	2.80837119140352e+04
6.85000000000000e+00	2.91903449848544e+04
6.86000000000000e+00	3.05586698356099e+04
6.87000000000000e+00	3.21497535819189e+04
6.88000000000000e+00	3.39147274610302e+04
6.89000000000000e+00	3.57951566215103e+04
6.90000000000000e+00	3.77256913103220e+04
6.91000000000000e+00	3.96348097116788e+04
6.92000000000000e+00	4.14487907361229e+04
6.93000000000000e+00	4.30943909756261e+04
6.94000000000000e+00	4.45023697956401e+04
6.95000000000000e+00	4.56125937820726e+04
6.96000000000000e+00	4.63764400179448e+04
6.97000000000000e+00	4.67579004567350e+04
6.98000000000000e+00	4.67383763653353e+04
6.99000000000000e+00	4.63179309562603e+04
7.00000000000000e+00	4.55129118047589e+04
7.01000000000000e+00	4.43600075225133e+04
7.02000000000000e+00	4.29117858195969e+04
7.03000000000000e+00	4.12345030659537e+04
7.04000000000000e+00	3.94051381148961e+04
7.05000000000000e+00	3.75045325458866e+04
7.06000000000000e+00	3.56141830245096e+04
7.07000000000000e+00	3.38108545770978e+04
7.08000000000000e+00	3.21623525237141e+04
7.09000000000000e+00	3.07248079838351e+04
7.10000000000000e+00	2.95407043985925e+04
7.11000000000000e+00	2.86379697575928e+04
7.12000000000000e+00	2.80310940467164e+04
7.13000000000000e+00	2.77229225029372e+04
7.14000000000000e+00	2.77077646090008e+04
7.15000000000000e+00	2.79750138460044e+04
7.16000000000000e+00	2.85137770498722e+04
7.17000000000000e+00	2.93151083715620e+04
7.18000000000000e+00	3.03764427169524e+04
7.19000000000000e+00	3.17006060183568e+04
7.20000000000000e+00	3.32971275360903e+04
7.21000000000000e+00	3.51786217942018e+04
7.22000000000000e+00	3.73577868499189e+04
7.23000000000000e+00	3.98410268538131e+04
7.24000000000000e+00	4.26232347114085e+04
7.25000000000000e+00	4.56817278668237e+04
7.26000000000000e+00	4.89711772425923e+04
7.27000000000000e+00	5.24197964450263e+04
7.28000000000000e+00	5.59292782647022e+04
7.29000000000000e+00	5.93757940389529e+04
7.30000000000000e+00	6.26143388604227e+04
7.31000000000000e+00	6.54819873490237e+04
7.32000000000000e+00	6.78108470126935e+04
7.33000000000000e+00	6.94362174983774e+04
7.34000000000000e+00	7.02073536810890e+04
7.35000000000000e+00	7.00030969523759e+04
7.36000000000000e+00	6.87416051163801e+04
7.37000000000000e+00	6.63971479645886e+04
7.38000000000000e+00	6.30057309113925e+04
7.39000000000000e+00	5.86695303384896e+04
7.40000000000000e+00	5.35546374488846e+04
7.41000000000000e+00	4.78765622235098e+04
7.42000000000000e+00	4.18831583172062e+04
7.43000000000000e+00	3.58301807055337e+04
7.44000000000000e+00	2.99553902103288e+04
7.45000000000000e+00	2.44603485738226e+04
7.46000000000000e+00	1.94965387562303e+04
7.47000000000000e+00	1.51592994218770e+04
7.48000000000000e+00	1.14920630326519e+04
7.49000000000000e+00	8.49447863313850e+03
7.50000000000000e+00	6.13442824354542e+03
7.51000000000000e+00	4.36055684395257e+03
7.52000000000000e+00	3.11274642189565e+03
7.53000000000000e+00	2.33017806638351e+03
7.54000000000000e+00	1.95638866518283e+03
7.55000000000000e+00	1.94046369847719e+03
7.56000000000000e+00	2.23654994077495e+03
7.57000000000000e+00	2.80199332502304e+03
7.58000000000000e+00	3.59480301969827e+03
7.59000000000000e+00	4.57156262275124e+03
7.60000000000000e+00	5.68690386224231e+03
7.61000000000000e+00	6.89304875134327e+03
7.62000000000000e+00	8.14132009190277e+03
7.63000000000000e+00	9.38367213565243e+03
7.64000000000000e+00	1.05748270562175e+04
7.65000000000000e+00	1.16742401722989e+04
7.66000000000000e+00	1.26476072966136e+04
7.67000000000000e+00	1.34690831004098e+04
7.68000000000000e+00	1.41220287285121e+04
7.69000000000000e+00	1.45985190307443e+04
7.70000000000000e+00	1.49007555589992e+04
7.71000000000000e+00	1.50390124848483e+04
7.72000000000000e+00	1.50300733146203e+04
7.73000000000000e+00	1.48958685041000e+04
7.74000000000000e+00	1.46622727727862e+04
7.75000000000000e+00	1.43551656868057e+04
7.76000000000000e+00	1.40001726653409e+04
7.77000000000000e+00	1.36203143653700e+04
7.78000000000000e+00	1.32353977377701e+04
7.79000000000000e+00	1.28618568609730e+04
7.80000000000000e+00	1.25121495657139e+04
7.81000000000000e+00	1.21966429188427e+04
7.82000000000000e+00	1.19228702664465e+04
7.83000000000000e+00	1.16979091578574e+04
7.84000000000000e+00	1.15294740256790e+04
7.85000000000000e+00	1.14270335947337e+04
7.86000000000000e+00	1.14041503510308e+04
7.87000000000000e+00	1.14795076227648e+04
7.88000000000000e+00	1.16786376147200e+04
7.89000000000000e+00	1.20330244188308e+04
7.90000000000000e+00	1.25798783223806e+04
7.91000000000000e+00	1.33592325006251e+04
7.92000000000000e+00	1.44090688867680e+04
7.93000000000000e+00	1.57593899530274e+04
7.94000000000000e+00	1.74249259902299e+04
7.95000000000000e+00	1.93981244523930e+04
7.96000000000000e+00	2.16431943027817e+04
7.97000000000000e+00	2.40930185621294e+04
7.98000000000000e+00	2.66501860469664e+04
7.99000000000000e+00	2.91931846504777e+04
8.00000000000000e+00	3.15850855721519e+04
8.01000000000000e+00	3.36854744414297e+04
8.02000000000000e+00	3.53612287610133e+04
8.03000000000000e+00	3.64975127095415e+04
8.04000000000000e+00	3.70045609880537e+04
8.05000000000000e+00	3.68260420454405e+04
8.06000000000000e+00	3.59435731122901e+04
8.07000000000000e+00	3.43822126856140e+04
8.08000000000000e+00	3.22127151669601e+04
8.09000000000000e+00	2.95495952260203e+04
8.10000000000000e+00	2.65434358898451e+04
8.11000000000000e+00	2.33685682809812e+04
8.12000000000000e+00	2.02038482237847e+04
8.13000000000000e+00	1.72146938647334e+04
8.14000000000000e+00	1.45360862739705e+04
8.15000000000000e+00	1.22625755763384e+04
8.16000000000000e+00	1.04432476435642e+04
8.17000000000000e+00	9.08536078482934e+03
8.18000000000000e+00	8.16155604611973e+03
8.19000000000000e+00	7.61999616054961e+03
8.20000000000000e+00	7.39535448915176e+03
8.21000000000000e+00	7.41866777028226e+03
8.22000000000000e+00	7.62375424294683e+03
8.23000000000000e+00	7.95266489325150e+03
8.24000000000000e+00	8.35722352368134e+03
8.25000000000000e+00	8.80041486020664e+03
8.26000000000000e+00	9.25395097909086e+03
8.27000000000000e+00	9.69747893671786e+03
8.28000000000000e+00	1.01160510559264e+04
8.29000000000000e+00	1.04982207631685e+04
8.30000000000000e+00	1.08346306639080e+04
8.31000000000000e+00	1.11166575953827e+04
8.32000000000000e+00	1.13364606257356e+04
8.33000000000000e+00	1.14864122674570e+04
8.34000000000000e+00	1.15589736468382e+04
8.35000000000000e+00	1.15486941579890e+04
8.36000000000000e+00	1.14515733728552e+04
8.37000000000000e+00	1.12669887226179e+04
8.38000000000000e+00	1.09968502337441e+04
8.39000000000000e+00	1.06483691074823e+04
8.40000000000000e+00	1.02320622741306e+04
8.41000000000000e+00	9.76313938087824e+03
8.42000000000000e+00	9.25983858522489e+03
8.43000000000000e+00	8.74279708375200e+03
8.44000000000000e+00	8.23321277947638e+03
8.45000000000000e+00	7.75192032566481e+03
8.46000000000000e+00	7.31734458207923e+03
8.47000000000000e+00	6.94435584100361e+03
8.48000000000000e+00	6.64360388604360e+03
8.49000000000000e+00	6.42117077659839e+03
8.50000000000000e+00	6.27883444609847e+03
8.51000000000000e+00	6.21470121450457e+03
8.52000000000000e+00	6.22425132109387e+03
8.53000000000000e+00	6.30174227524117e+03
8.54000000000000e+00	6.44140513114733e+03
8.55000000000000e+00	6.63861118346602e+03
8.56000000000000e+00	6.89086963184020e+03
8.57000000000000e+00	7.19826723422548e+03
8.58000000000000e+00	7.56376759562075e+03
8.59000000000000e+00	7.99266133295292e+03
8.60000000000000e+00	8.49194913425772e+03
8.61000000000000e+00	9.06880525435270e+03
8.62000000000000e+00	9.72901268519654e+03
8.63000000000000e+00	1.04753535486342e+04
8.64000000000000e+00	1.13057704146655e+04
8.65000000000000e+00	1.22121756114508e+04
8.66000000000000e+00	1.31798009154915e+04
8.67000000000000e+00	1.41863319615304e+04
8.68000000000000e+00	1.52044412333014e+04
8.69000000000000e+00	1.62022608422016e+04
8.70000000000000e+00	1.71469913757129e+04
8.71000000000000e+00	1.80062070518255e+04
8.72000000000000e+00	1.87524810294064e+04
8.73000000000000e+00	1.93629660371305e+04
8.74000000000000e+00	1.98239734329900e+04
8.75000000000000e+00	2.01291544781150e+04
8.76000000000000e+00	2.02824891534159e+04
8.77000000000000e+00	2.02933755521170e+04
8.78000000000000e+00	2.01803103335861e+04
8.79000000000000e+00	1.99643870666159e+04
8.80000000000000e+00	1.96705541114283e+04
8.81000000000000e+00	1.93240610517693e+04
8.82000000000000e+00	1.89487436775778e+04
8.83000000000000e+00	1.85646060089224e+04
8.84000000000000e+00	1.81889844910689e+04
8.85000000000000e+00	1.78343734514571e+04
8.86000000000000e+00	1.75083013650541e+04
8.87000000000000e+00	1.72153499129042e+04
8.88000000000000e+00	1.69566417327737e+04
8.89000000000000e+00	1.67315339515314e+04
8.90000000000000e+00	1.65376200345609e+04
8.91000000000000e+00	1.63718350633307e+04
8.92000000000000e+00	1.62296927219612e+04
8.93000000000000e+00	1.61082756632841e+04
8.94000000000000e+00	1.60034370348550e+04
8.95000000000000e+00	1.59127201290251e+04
8.96000000000000e+00	1.58324149581099e+04
8.97000000000000e+00	1.57601697665945e+04
8.98000000000000e+00	1.56941922145460e+04
8.99000000000000e+00	1.56327416599618e+04
9.00000000000000e+00	1.55757811149120e+04
9.01000000000000e+00	1.55240819138212e+04
9.02000000000000e+00	1.54791152898824e+04
9.03000000000000e+00	1.54428941780043e+04
9.04000000000000e+00	1.54180221278489e+04
9.05000000000000e+00	1.54063546106664e+04
9.06000000000000e+00	1.54094156428584e+04
9.07000000000000e+00	1.54279195427914e+04
9.08000000000000e+00	1.54618684655598e+04
9.09000000000000e+00	1.55100921984538e+04
9.10000000000000e+00	1.55704285626535e+04
9.11000000000000e+00	1.56392177524964e+04
9.12000000000000e+00	1.57118292446221e+04
9.13000000000000e+00	1.57826565046649e+04
9.14000000000000e+00	1.58457565178236e+04
9.15000000000000e+00	1.58947521118202e+04
9.16000000000000e+00	1.59242927814177e+04
9.17000000000000e+00	1.59301106251089e+04
9.18000000000000e+00	1.59097201151638e+04
9.19000000000000e+00	1.58623719653577e+04
9.20000000000000e+00	1.57895094573872e+04
9.21000000000000e+00	1.56944188117105e+04
9.22000000000000e+00	1.55815995773144e+04
9.23000000000000e+00	1.54568896117399e+04
9.24000000000000e+00	1.53260198968454e+04
9.25000000000000e+00	1.51949335324016e+04
9.26000000000000e+00	1.50685914246520e+04
9.27000000000000e+00	1.49512858041029e+04
9.28000000000000e+00	1.48459767233867e+04
9.29000000000000e+00	1.47543597484627e+04
9.30000000000000e+00	1.46768433902328e+04
9.31000000000000e+00	1.46130091063763e+04
9.32000000000000e+00	1.45612814381783e+04
9.33000000000000e+00	1.45197440905160e+04
9.34000000000000e+00	1.44862604856256e+04
9.35000000000000e+00	1.44586056214175e+04
9.36000000000000e+00	1.44349880035361e+04
9.37000000000000e+00	1.44139407302771e+04
9.38000000000000e+00	1.43946365251500e+04
9.39000000000000e+00	1.43768550544334e+04
9.40000000000000e+00	1.43606950504766e+04
9.41000000000000e+00	1.43468063393456e+04
9.42000000000000e+00	1.43359117195582e+04
9.43000000000000e+00	1.43289563168020e+04
9.44000000000000e+00	1.43267734263813e+04
9.45000000000000e+00	1.43297737554901e+04
9.46000000000000e+00	1.43387255772751e+04
9.47000000000000e+00	1.43536936294513e+04
9.48000000000000e+00	1.43751058849409e+04
9.49000000000000e+00	1.44027183070943e+04
9.50000000000000e+00	1.44366039759016e+04
9.51000000000000e+00	1.44761939009079e+04
9.52000000000000e+00	1.45204866337527e+04
9.53000000000000e+00	1.45681930128071e+04
9.54000000000000e+00	1.46175575827694e+04
9.55000000000000e+00	1.46667961227151e+04
9.56000000000000e+00	1.47147214663309e+04
9.57000000000000e+00	1.47610934451613e+04
9.58000000000000e+00	1.48065535088541e+04
9.59000000000000e+00	1.48523057438462e+04
9.60000000000000e+00	1.48992391054740e+04
9.61000000000000e+00	1.49476848238457e+04
9.62000000000000e+00	1.49969261246719e+04
9.63000000000000e+00	1.50457930678016e+04
9.64000000000000e+00	1.50925815170733e+04
9.65000000000000e+00	1.51359991633218e+04
9.66000000000000e+00	1.51753190638678e+04
9.67000000000000e+00	1.52104640969173e+04
9.68000000000000e+00	1.52416366342326e+04
9.69000000000000e+00	1.52693888139163e+04
9.70000000000000e+00	1.52941814781294e+04
9.71000000000000e+00	1.53167087229386e+04
9.72000000000000e+00	1.53371543010377e+04
9.73000000000000e+00	1.53559857379790e+04
9.74000000000000e+00	1.53735052827393e+04
9.75000000000000e+00	1.53898129186957e+04
9.76000000000000e+00	1.54050922818582e+04
9.77000000000000e+00	1.54192171276310e+04
9.78000000000000e+00	1.54321476390929e+04
9.79000000000000e+00	1.54442240086551e+04
9.80000000000000e+00	1.54551791753234e+04
9.81000000000000e+00	1.54651650239606e+04
9.82000000000000e+00	1.54743938899733e+04
9.83000000000000e+00	1.54826821637601e+04
9.84000000000000e+00	1.54900191415676e+04
9.85000000000000e+00	1.54964057168432e+04
9.86000000000000e+00	1.55017076421354e+04
9.87000000000000e+00	1.55063586745605e+04
9.88000000000000e+00	1.55116160764927e+04
9.89000000000000e+00	1.55213762927803e+04
9.90000000000000e+00	1.55450728058854e+04
9.91000000000000e+00	1.56036065782340e+04
9.92000000000000e+00	1.57379240229658e+04
9.93000000000000e+00	1.60201609521273e+04
9.94000000000000e+00	1.65657631662190e+04
9.95000000000000e+00	1.75516827714797e+04
9.96000000000000e+00	1.92448666598901e+04
9.97000000000000e+00	2.20600848131403e+04
9.98000000000000e+00	2.66684862844545e+04
9.99000000000000e+00	3.41851428426787e+04
1.00000000000000e+01	4.64598317762573e+04
1.00100000000000e+01	6.61042606479832e+04
1.00200000000000e+01	9.20594196586677e+04
1.00300000000000e+01	1.01906447400405e+05
1.00400000000000e+01	7.49000215149442e+04
1.00500000000000e+01	4.53927375031436e+04
1.00600000000000e+01	2.72219630874333e+04
1.00700000000000e+01	1.69815480668477e+04
1.00800000000000e+01	1.11243751121906e+04
1.00900000000000e+01	7.62918907194529e+03
1.01000000000000e+01	5.44343897341971e+03
1.01100000000000e+01	4.01556980236760e+03
1.01200000000000e+01	3.04622028858526e+03
1.01300000000000e+01	2.36600168671622e+03
1.01400000000000e+01	1.87479361746573e+03
1.01500000000000e+01	1.51125960447682e+03
1.01600000000000e+01	1.23639843761824e+03
1.01700000000000e+01	1.02467326018369e+03
1.01800000000000e+01	8.58887049371691e+02
1.01900000000000e+01	7.27173696089696e+02
1.02000000000000e+01	6.21187704968219e+02
1.02100000000000e+01	5.34900807605080e+02
1.02200000000000e+01	4.63930079711531e+02
1.02300000000000e+01	4.04999841646352e+02
1.02400000000000e+01	3.55655769601917e+02
1.02500000000000e+01	3.14019270000819e+02
1.02600000000000e+01	2.78636103588836e+02
1.02700000000000e+01	2.48372911846634e+02
1.02800000000000e+01	2.22338173345478e+02
1.02900000000000e+01	1.99817362075802e+02
1.03000000000000e+01	1.80237562443315e+02
1.03100000000000e+01	1.63133939988971e+02
1.03200000000000e+01	1.48127647143068e+02
1.03300000000000e+01	1.34909283331146e+02
1.03400000000000e+01	1.23217561520376e+02
1.03500000000000e+01	1.12839440260811e+02
1.03600000000000e+01	1.03594051293724e+02
1.03700000000000e+01	9.53314029812122e+01
1.03800000000000e+01	8.79220711550271e+01
1.03900000000000e+01	8.12593521658799e+01
1.04000000000000e+01	7.52492993209420e+01
1.04100000000000e+01	6.98133944131064e+01
1.04200000000000e+01	6.48847302236662e+01
1.04300000000000e+01	6.04044476606595e+01
1.04400000000000e+01	5.63229259643163e+01
1.04500000000000e+01	5.25965614063000e+01
1.04600000000000e+01	4.91876927774367e+01
1.04700000000000e+01	4.60631818344620e+01
1.04800000000000e+01	4.31942836213845e+01
1.04900000000000e+01	4.05561586445011e+01
1.05000000000000e+01	3.81258219912958e+01
1.05100000000000e+01	3.58840941632712e+01
1.05200000000000e+01	3.38130153507427e+01
1.05300000000000e+01	3.18967479024000e+01
1.05400000000000e+01	3.01216092647953e+01
1.05500000000000e+01	2.84748808005814e+01
1.05600000000000e+01	2.69453817697374e+01
1.05700000000000e+01	2.55225989566209e+01
1.05800000000000e+01	2.41976190304119e+01
1.05900000000000e+01	2.29621446606936e+01
1.06000000000000e+01	2.18086645171710e+01
1.06100000000000e+01	2.07304784692497e+01
1.06200000000000e+01	1.97215051606507e+01
1.06300000000000e+01	1.87762088136436e+01
1.06400000000000e+01	1.78895429460195e+01
1.06500000000000e+01	1.70569647609853e+01
1.06600000000000e+01	1.62742912163371e+01
1.06700000000000e+01	1.55378304366461e+01
1.06800000000000e+01	1.48441186689007e+01
1.06900000000000e+01	1.41900196783162e+01
1.07000000000000e+01	1.35725961306548e+01
1.07100000000000e+01	1.29894068111112e+01
1.07200000000000e+01	1.24381113680874e+01
1.07300000000000e+01	1.19164888286878e+01
1.07400000000000e+01	1.14226988880749e+01
1.07500000000000e+01	1.09548383029044e+01
1.07600000000000e+01	1.05115453376028e+01
1.07700000000000e+01	1.00911095687635e+01
1.07800000000000e+01	9.69235264869200e+00
1.07900000000000e+01	9.31389185205084e+00
1.08000000000000e+01	8.95466027116100e+00
1.08100000000000e+01	8.61340946775576e+00
1.08200000000000e+01	8.28921039010137e+00
1.08300000000000e+01	7.98099683580517e+00
1.08400000000000e+01	7.68781324591405e+00
1.08500000000000e+01	7.40872099645775e+00
1.08600000000000e+01	7.14289335690704e+00
1.08700000000000e+01	6.88954866878817e+00
1.08800000000000e+01	6.64788849649602e+00
1.08900000000000e+01	6.41717149452974e+00
1.09000000000000e+01	6.19674422922766e+00
1.09100000000000e+01	5.98600231349446e+00
1.09200000000000e+01	5.78435623430589e+00
1.09300000000000e+01	5.59120529955776e+00
1.09400000000000e+01	5.40603493568230e+00
1.09500000000000e+01	5.22846289308017e+00
1.09600000000000e+01	5.05796959045132e+00
1.09700000000000e+01	4.89423706140643e+00
1.09800000000000e+01	4.73682230290722e+00
1.09900000000000e+01	4.58543362511349e+00
1.10000000000000e+01	4.43980901388887e+00
1.10100000000000e+01	4.29966508164145e+00
1.10200000000000e+01	4.16481333513946e+00
1.10300000000000e+01	4.03506916323769e+00
1.10400000000000e+01	3.91024973715889e+00
1.10500000000000e+01	3.79022365574011e+00
1.10600000000000e+01	3.67494220351407e+00
1.10700000000000e+01	3.56419889239208e+00
1.10800000000000e+01	3.45788577019897e+00
1.10900000000000e+01	3.35592435420924e+00
1.11000000000000e+01	3.25813975597034e+00
1.11100000000000e+01	3.16441801881618e+00
1.11200000000000e+01	3.07453066083118e+00
1.11300000000000e+01	2.98837450196222e+00
1.11400000000000e+01	2.90575137621792e+00
1.11500000000000e+01	2.82644538634181e+00
1.11600000000000e+01	2.75028559780315e+00
1.11700000000000e+01	2.67711275101205e+00
1.11800000000000e+01	2.60671386165197e+00
1.11900000000000e+01	2.53893460066792e+00
1.12000000000000e+01	2.47357714233172e+00
1.12100000000000e+01	2.41053755567367e+00
1.12200000000000e+01	2.34966942986013e+00
1.12300000000000e+01	2.29083780904131e+00
1.12400000000000e+01	2.23391819159224e+00
1.12500000000000e+01	2.17886609826784e+00
1.12600000000000e+01	2.12553574067443e+00
1.12700000000000e+01	2.07386468338785e+00
1.12800000000000e+01	2.02380819104610e+00
1.12900000000000e+01	1.97526618035199e+00
1.13000000000000e+01	1.92819504622228e+00
1.13100000000000e+01	1.88253620722797e+00
1.13200000000000e+01	1.83821230044485e+00
1.13300000000000e+01	1.79520409150400e+00
1.13400000000000e+01	1.75343251440929e+00
1.13500000000000e+01	1.71287579919824e+00
1.13600000000000e+01	1.67345672288488e+00
1.13700000000000e+01	1.63512595252279e+00
1.13800000000000e+01	1.59787351503742e+00
1.13900000000000e+01	1.56162700682879e+00
1.14000000000000e+01	1.52636820942038e+00
1.14100000000000e+01	1.49206984056535e+00
1.14200000000000e+01	1.45866931206870e+00
1.14300000000000e+01	1.42617205772204e+00
1.14400000000000e+01	1.39453456924835e+00
1.14500000000000e+01	1.36374610429359e+00
1.14600000000000e+01	1.33377159221358e+00
1.14700000000000e+01	1.30457742040547e+00
1.14800000000000e+01	1.27614556940991e+00
1.14900000000000e+01	1.24844904207643e+00
1.15000000000000e+01	1.22148030130139e+00
1.15100000000000e+01	1.19519196886505e+00
1.15200000000000e+01	1.16957305880350e+00
1.15300000000000e+01	1.14461185941472e+00
1.15400000000000e+01	1.12027412237786e+00
1.15500000000000e+01	1.09658079815481e+00
1.15600000000000e+01	1.07350918901508e+00
1.15700000000000e+01	1.05104791813001e+00
1.15800000000000e+01	1.02921823845870e+00
1.15900000000000e+01	1.00800241682130e+00
1.16000000000000e+01	9.87396480105547e-01
1.16100000000000e+01	9.67413051398855e-01
1.16200000000000e+01	9.48026938650664e-01
1.16300000000000e+01	9.29241157681498e-01
1.16400000000000e+01	9.11020762827881e-01
1.16500000000000e+01	8.93358553059805e-01
1.16600000000000e+01	8.76215895261370e-01
1.16700000000000e+01	8.59571415624197e-01
1.16800000000000e+01	8.43378785841749e-01
1.16900000000000e+01	8.27606087413723e-01
1.17000000000000e+01	8.12220969098780e-01
1.17100000000000e+01	7.97188438313651e-01
1.17200000000000e+01	7.82470701393715e-01
1.17300000000000e+01	7.68043908131063e-01
1.17400000000000e+01	7.53890386148165e-01
1.17500000000000e+01	7.39987878227349e-01
1.17600000000000e+01	7.26327696193667e-01
1.17700000000000e+01	7.12902164306988e-01
1.17800000000000e+01	6.99724961034794e-01
1.17900000000000e+01	6.86790695145623e-01
1.18000000000000e+01	6.74110520568381e-01
1.18100000000000e+01	6.61696577269173e-01
1.18200000000000e+01	6.49557571829767e-01
1.18300000000000e+01	6.37702690142554e-01
1.18400000000000e+01	6.26136273488741e-01
1.18500000000000e+01	6.14860547979374e-01
1.18600000000000e+01	6.03880042710459e-01
1.18700000000000e+01	5.93194018289731e-01
1.18800000000000e+01	5.82785724524960e-01
1.18900000000000e+01	5.72658684038995e-01
1.19000000000000e+01	5.62797446967097e-01
1.19100000000000e+01	5.53187602572584e-01
1.19200000000000e+01	5.43818682461366e-01
1.19300000000000e+01	5.34683140475190e-01
1.19400000000000e+01	5.25755741799454e-01
1.19500000000000e+01	5.17030088658066e-01
1.19600000000000e+01	5.08493792224275e-01
1.19700000000000e+01	5.00133169663714e-01
1.19800000000000e+01	4.91937744914869e-01
1.19900000000000e+01	4.83894708844900e-01
1.20000000000000e+01	4.75993274676674e-01
1.20100000000000e+01	4.68232738652519e-01
1.20200000000000e+01	4.60607083790022e-01
1.20300000000000e+01	4.53110083763127e-01
1.20400000000000e+01	4.45744109655580e-01
1.20500000000000e+01	4.38505070353516e-01
1.20600000000000e+01	4.31403253336507e-01
1.20700000000000e+01	4.24431976009300e-01
1.20800000000000e+01	4.17601926881353e-01
1.20900000000000e+01	4.10915789780179e-01
1.21000000000000e+01	4.04379524319771e-01
1.21100000000000e+01	3.97996045363302e-01
1.21200000000000e+01	3.91766706933415e-01
1.21300000000000e+01	3.85687613464936e-01
1.21400000000000e+01	3.79766301690785e-01
1.21500000000000e+01	3.73999476685553e-01
1.21600000000000e+01	3.68373547732986e-01
1.21700000000000e+01	3.62890704484163e-01
1.21800000000000e+01	3.57539025860946e-01
1.21900000000000e+01	3.52314168760921e-01
1.22000000000000e+01	3.47203796891842e-01
1.22100000000000e+01	3.42200216421977e-01
1.22200000000000e+01	3.37293295688997e-01
1.22300000000000e+01	3.32473620964174e-01
1.22400000000000e+01	3.27732400134185e-01
1.22500000000000e+01	3.23063045272231e-01
1.22600000000000e+01	3.18459115035385e-01
1.22700000000000e+01	3.13912321960929e-01
1.22800000000000e+01	3.09413183228384e-01
1.22900000000000e+01	3.04963133234733e-01
1.23000000000000e+01	3.00551120651469e-01
1.23100000000000e+01	2.96178141063744e-01
1.23200000000000e+01	2.91836095141243e-01
1.23300000000000e+01	2.87525136948630e-01
1.23400000000000e+01	2.83243865026521e-01
1.23500000000000e+01	2.78994751515492e-01
1.23600000000000e+01	2.74777791815268e-01
1.23700000000000e+01	2.70595325112948e-01
1.23800000000000e+01	2.66447468903178e-01
1.23900000000000e+01	2.62346886544251e-01
1.24000000000000e+01	2.58289220296421e-01
1.24100000000000e+01	2.54287400796076e-01
1.24200000000000e+01	2.50340871696392e-01
1.24300000000000e+01	2.46454054169604e-01
1.24400000000000e+01	2.42634635406638e-01
1.24500000000000e+01	2.38879701282867e-01
1.24600000000000e+01	2.35192230698750e-01
1.24700000000000e+01	2.31572730028537e-01
1.24800000000000e+01	2.28023374974163e-01
1.24900000000000e+01	2.24538632486478e-01
1.25000000000000e+01	2.21124217670469e-01
1.25100000000000e+01	2.17776013033327e-01
1.25200000000000e+01	2.14493715434389e-01
1.25300000000000e+01	2.11277081880191e-01
1.25400000000000e+01	2.08129495878639e-01
1.25500000000000e+01	2.05045312775130e-01
1.25600000000000e+01	2.02027886838988e-01
1.25700000000000e+01	1.99074892144970e-01
1.25800000000000e+01	1.96187767375661e-01
1.25900000000000e+01	1.93363859317936e-01
1.26000000000000e+01	1.90602088199991e-01
1.26100000000000e+01	1.87898056525627e-01
1.26200000000000e+01	1.85253813522619e-01
1.26300000000000e+01	1.82664127274072e-01
1.26400000000000e+01	1.80125395939149e-01
1.26500000000000e+01	1.77638310705352e-01
1.26600000000000e+01	1.75202565579385e-01
1.26700000000000e+01	1.72811244958096e-01
1.26800000000000e+01	1.70467704977212e-01
1.26900000000000e+01	1.68170103194064e-01
1.27000000000000e+01	1.65917413932236e-01
1.27100000000000e+01	1.63712120437645e-01
1.27200000000000e+01	1.61552961363150e-01
1.27300000000000e+01	1.59438383034340e-01
1.27400000000000e+01	1.57371391205383e-01
1.27500000000000e+01	1.55351010693429e-01
1.27600000000000e+01	1.53376059864602e-01
1.27700000000000e+01	1.51445460275983e-01
1.27800000000000e+01	1.49559445947358e-01
1.27900000000000e+01	1.47715304623491e-01
1.28000000000000e+01	1.45911528779074e-01
1.28100000000000e+01	1.44146433150991e-01
1.28200000000000e+01	1.42419165265324e-01
1.28300000000000e+01	1.40725527424059e-01
1.28400000000000e+01	1.39067312624606e-01
1.28500000000000e+01	1.37441975474382e-01
1.28600000000000e+01	1.35846312833016e-01
1.28700000000000e+01	1.34283279078880e-01
1.28800000000000e+01	1.32747862342338e-01
1.28900000000000e+01	1.31241548444414e-01
1.29000000000000e+01	1.29762126180850e-01
1.29100000000000e+01	1.28310254250132e-01
1.29200000000000e+01	1.26883957543993e-01
1.29300000000000e+01	1.25483924182564e-01
1.29400000000000e+01	1.24106501996543e-01
1.29500000000000e+01	1.22754098976091e-01
1.29600000000000e+01	1.21421267360862e-01
1.29700000000000e+01	1.20113051021062e-01
1.29800000000000e+01	1.18823455760866e-01
1.29900000000000e+01	1.17556513174341e-01
1.30000000000000e+01	1.16307547932776e-01
1.30100000000000e+01	1.15079586747126e-01
1.30200000000000e+01	1.13871085301317e-01
1.30300000000000e+01	1.12681992032511e-01
1.30400000000000e+01	1.11511629673089e-01
1.30500000000000e+01	1.10359395874094e-01
1.30600000000000e+01	1.09224392256449e-01
1.30700000000000e+01	1.08104525063055e-01
1.30800000000000e+01	1.06997865207710e-01
1.30900000000000e+01	1.05904993718231e-01
1.31000000000000e+01	1.04822163997806e-01
1.31100000000000e+01	1.03749932882642e-01
1.31200000000000e+01	1.02683746664930e-01
1.31300000000000e+01	1.01625152312703e-01
1.31400000000000e+01	1.00571468445406e-01
1.31500000000000e+01	9.95244952360017e-02
1.31600000000000e+01	9.84836237896256e-02
1.31700000000000e+01	9.74489677655448e-02
1.31800000000000e+01	9.64205289667581e-02
1.31900000000000e+01	9.54022842664175e-02
1.32000000000000e+01	9.43920379969785e-02
1.32100000000000e+01	9.33916381789069e-02
1.32200000000000e+01	9.24016124586109e-02
1.32300000000000e+01	9.14222811792452e-02
1.32400000000000e+01	9.04544065024004e-02
1.32500000000000e+01	8.94964060321495e-02
1.32600000000000e+01	8.85465945851394e-02
1.32700000000000e+01	8.76078474635476e-02
1.32800000000000e+01	8.66764645348418e-02
1.32900000000000e+01	8.57539777395277e-02
1.33000000000000e+01	8.48395841661162e-02
1.33100000000000e+01	8.39329180258901e-02
1.33200000000000e+01	8.30349978895967e-02
1.33300000000000e+01	8.21454263653231e-02
1.33400000000000e+01	8.12666313252265e-02
1.33500000000000e+01	8.03983550910475e-02
1.33600000000000e+01	7.95410017291136e-02
1.33700000000000e+01	7.86955638592920e-02
1.33800000000000e+01	7.78634127458813e-02
1.33900000000000e+01	7.70445845653193e-02
1.34000000000000e+01	7.62382327834043e-02
1.34100000000000e+01	7.54452066937503e-02
1.34200000000000e+01	7.46660367388618e-02
1.34300000000000e+01	7.38986411952161e-02
1.34400000000000e+01	7.31439331504721e-02
1.34500000000000e+01	7.24013623624355e-02
1.34600000000000e+01	7.16691786800660e-02
1.34700000000000e+01	7.09468897488332e-02
1.34800000000000e+01	7.02355287399088e-02
1.34900000000000e+01	6.95327177869077e-02
1.35000000000000e+01	6.88390009645428e-02
1.35100000000000e+01	6.81523559468157e-02
1.35200000000000e+01	6.74736831385953e-02
1.35300000000000e+01	6.68010342084840e-02
1.35400000000000e+01	6.61354284069536e-02
1.35500000000000e+01	6.54741042967224e-02
1.35600000000000e+01	6.48181220582219e-02
1.35700000000000e+01	6.41659644522942e-02
1.35800000000000e+01	6.35187042027405e-02
1.35900000000000e+01	6.28734938503832e-02
1.36000000000000e+01	6.22322298049378e-02
1.36100000000000e+01	6.15938665215335e-02
1.36200000000000e+01	6.09587947863790e-02
1.36300000000000e+01	6.03260639500912e-02
1.36400000000000e+01	5.96969380034961e-02
1.36500000000000e+01	5.90720810803842e-02
1.36600000000000e+01	5.84510929576425e-02
1.36700000000000e+01	5.78343981838681e-02
1.36800000000000e+01	5.72241543713145e-02
1.36900000000000e+01	5.66196838960802e-02
1.37000000000000e+01	5.60221341741919e-02
1.37100000000000e+01	5.54322389152555e-02
1.37200000000000e+01	5.48506324652681e-02
1.37300000000000e+01	5.42795861472454e-02
1.37400000000000e+01	5.37178542488175e-02
1.37500000000000e+01	5.31673637743095e-02
1.37600000000000e+01	5.26279465276179e-02
1.37700000000000e+01	5.20994972358701e-02
1.37800000000000e+01	5.15826196815961e-02
1.37900000000000e+01	5.10763172005084e-02
1.38000000000000e+01	5.05814633910860e-02
1.38100000000000e+01	5.00963047886815e-02
1.38200000000000e+01	4.96206890323613e-02
1.38300000000000e+01	4.91537220244819e-02
1.38400000000000e+01	4.86947999080445e-02
1.38500000000000e+01	4.82434548994563e-02
1.38600000000000e+01	4.77984815527410e-02
1.38700000000000e+01	4.73592797218098e-02
1.38800000000000e+01	4.69263713489709e-02
1.38900000000000e+01	4.64979907497241e-02
1.39000000000000e+01	4.60737949205479e-02
1.39100000000000e+01	4.56543353725741e-02
1.39200000000000e+01	4.52385968637253e-02
1.39300000000000e+01	4.48263542609791e-02
1.39400000000000e+01	4.44178967351222e-02
1.39500000000000e+01	4.40129110515163e-02
1.39600000000000e+01	4.36103083043414e-02
1.39700000000000e+01	4.32107615644899e-02
1.39800000000000e+01	4.28146147908944e-02
1.39900000000000e+01	4.24211018814687e-02
1.40000000000000e+01	4.20309768570488e-02
1.40100000000000e+01	4.16439229732823e-02
1.40200000000000e+01	4.12599129116200e-02
1.40300000000000e+01	4.08795259150988e-02
1.40400000000000e+01	4.05037306227647e-02
1.40500000000000e+01	4.01317062725535e-02
1.40600000000000e+01	3.97639555303368e-02
1.40700000000000e+01	3.94010417799187e-02
1.40800000000000e+01	3.90430466304635e-02
1.40900000000000e+01	3.86895969416186e-02
1.41000000000000e+01	3.83409584063869e-02
1.41100000000000e+01	3.79970000389600e-02
1.41200000000000e+01	3.76575656710366e-02
1.41300000000000e+01	3.73223511512217e-02
1.41400000000000e+01	3.69909992868964e-02
1.41500000000000e+01	3.66622769390963e-02
1.41600000000000e+01	3.63368990103628e-02
1.41700000000000e+01	3.60134349831429e-02
1.41800000000000e+01	3.56919433675369e-02
1.41900000000000e+01	3.53720401390013e-02
1.42000000000000e+01	3.50535164624773e-02
1.42100000000000e+01	3.47361338930884e-02
1.42200000000000e+01	3.44210478502828e-02
1.42300000000000e+01	3.41072420603993e-02
1.42400000000000e+01	3.37957191113317e-02
1.42500000000000e+01	3.34865855512729e-02
1.42600000000000e+01	3.31799530328521e-02
1.42700000000000e+01	3.28766628702524e-02
1.42800000000000e+01	3.25772051082693e-02
1.42900000000000e+01	3.22811872584442e-02
1.43000000000000e+01	3.19890813976748e-02
1.43100000000000e+01	3.17012229838693e-02
1.43200000000000e+01	3.14166872706713e-02
1.43300000000000e+01	3.11363602540860e-02
1.43400000000000e+01	3.08595990858694e-02
1.43500000000000e+01	3.05867513630845e-02
1.43600000000000e+01	3.03174782269193e-02
1.43700000000000e+01	3.00508743426721e-02
1.43800000000000e+01	2.97881762193282e-02
1.43900000000000e+01	2.95287404110025e-02
1.44000000000000e+01	2.92729427474189e-02
1.44100000000000e+01	2.90199110363173e-02
1.44200000000000e+01	2.87704791264265e-02
1.44300000000000e+01	2.85243152541319e-02
1.44400000000000e+01	2.82820757695020e-02
1.44500000000000e+01	2.80426085664232e-02
1.44600000000000e+01	2.78070103198831e-02
1.44700000000000e+01	2.75746645489943e-02
1.44800000000000e+01	2.73453381114738e-02
1.44900000000000e+01	2.71194710575214e-02
1.45000000000000e+01	2.68966924824566e-02
1.45100000000000e+01	2.66769244213062e-02
1.45200000000000e+01	2.64598764033640e-02
1.45300000000000e+01	2.62456310868085e-02
1.45400000000000e+01	2.60343499307497e-02
1.45500000000000e+01	2.58249998478457e-02
1.45600000000000e+01	2.56182400841089e-02
1.45700000000000e+01	2.54138990479772e-02
1.45800000000000e+01	2.52111219796673e-02
1.45900000000000e+01	2.50110486060658e-02
1.46000000000000e+01	2.48125011690197e-02
1.46100000000000e+01	2.46154499377626e-02
1.46200000000000e+01	2.44208688851856e-02
1.46300000000000e+01	2.42272734113754e-02
1.46400000000000e+01	2.40356456294674e-02
1.46500000000000e+01	2.38461188262543e-02
1.46600000000000e+01	2.36576822168648e-02
1.46700000000000e+01	2.34714154135608e-02
1.46800000000000e+01	2.32869824559569e-02
1.46900000000000e+01	2.31046915130113e-02
1.47000000000000e+01	2.29242347287221e-02
1.47100000000000e+01	2.27458989081708e-02
1.47200000000000e+01	2.25694531395129e-02
1.47300000000000e+01	2.23950288759329e-02
1.47400000000000e+01	2.22228961136311e-02
1.47500000000000e+01	2.20528023006259e-02
1.47600000000000e+01	2.18846617594117e-02
1.47700000000000e+01	2.17183903726105e-02
1.47800000000000e+01	2.15533986963551e-02
1.47900000000000e+01	2.13903259166568e-02
1.48000000000000e+01	2.12285596602422e-02
1.48100000000000e+01	2.10677454446080e-02
1.48200000000000e+01	2.09084275929913e-02
1.48300000000000e+01	2.07498346630484e-02
1.48400000000000e+01	2.05921515850335e-02
1.48500000000000e+01	2.04354476156529e-02
1.48600000000000e+01	2.02792667669749e-02
1.48700000000000e+01	2.01239348943953e-02
1.48800000000000e+01	1.99693142009906e-02
1.48900000000000e+01	1.98151845615965e-02
1.49000000000000e+01	1.96620988287978e-02
1.49100000000000e+01	1.95096785406830e-02
1.49200000000000e+01	1.93580797323094e-02
1.49300000000000e+01	1.92075757768509e-02
1.49400000000000e+01	1.90579336732012e-02
1.49500000000000e+01	1.89094587444587e-02
1.49600000000000e+01	1.87622111346316e-02
1.49700000000000e+01	1.86164316479019e-02
1.49800000000000e+01	1.84718743384226e-02
1.49900000000000e+01	1.83289389784771e-02
1.50000000000000e+01	1.81873163786816e-02
1.50100000000000e+01	1.80476875055822e-02
1.50200000000000e+01	1.79090873371918e-02
1.50300000000000e+01	1.77722787836503e-02
1.50400000000000e+01	1.76371162065039e-02
1.50500000000000e+01	1.75031475005740e-02
1.50600000000000e+01	1.73708262146186e-02
1.50700000000000e+01	1.72397135667952e-02
1.50800000000000e+01	1.71096930541359e-02
1.50900000000000e+01	1.69809501901189e-02
1.51000000000000e+01	1.68530772699259e-02
1.51100000000000e+01	1.67261017531912e-02
1.51200000000000e+01	1.66001386207270e-02
1.51300000000000e+01	1.64746061881156e-02
1.51400000000000e+01	1.63500912417784e-02
1.51500000000000e+01	1.62260597735473e-02
1.51600000000000e+01	1.61025219783393e-02
1.51700000000000e+01	1.59797575063101e-02
1.51800000000000e+01	1.58578352336069e-02
1.51900000000000e+01	1.57363458938457e-02
1.52000000000000e+01	1.56158076771556e-02
1.52100000000000e+01	1.54959692385241e-02
1.52200000000000e+01	1.53771759209345e-02
1.52300000000000e+01	1.52591204936083e-02
1.52400000000000e+01	1.51417401860317e-02
1.52500000000000e+01	1.50251789513782e-02
1.52600000000000e+01	1.49091432150184e-02
1.52700000000000e+01	1.47934338027924e-02
1.52800000000000e+01	1.46781512762644e-02
1.52900000000000e+01	1.45625697098437e-02
1.53000000000000e+01	1.44467014385724e-02
1.53100000000000e+01	1.43300718242667e-02
1.53200000000000e+01	1.42127123986746e-02
1.53300000000000e+01	1.40944096298646e-02
1.53400000000000e+01	1.39744571231943e-02
1.53500000000000e+01	1.38532125783079e-02
1.53600000000000e+01	1.37306122200004e-02
1.53700000000000e+01	1.36062790437977e-02
1.53800000000000e+01	1.34804408787030e-02
1.53900000000000e+01	1.33533735212172e-02
1.54000000000000e+01	1.32250189309626e-02
1.54100000000000e+01	1.30960573984578e-02
1.54200000000000e+01	1.29663820027074e-02
1.54300000000000e+01	1.28368028521144e-02
1.54400000000000e+01	1.27075789214594e-02
1.54500000000000e+01	1.25793690212365e-02
1.54600000000000e+01	1.24524683315293e-02
1.54700000000000e+01	1.23280750289232e-02
1.54800000000000e+01	1.22060461834550e-02
1.54900000000000e+01	1.20873441000221e-02
1.55000000000000e+01	1.19722865386394e-02
1.55100000000000e+01	1.18614558251874e-02
1.55200000000000e+01	1.17552212426875e-02
1.55300000000000e+01	1.16537253985960e-02
1.55400000000000e+01	1.15567226536386e-02
1.55500000000000e+01	1.14646462518206e-02
1.55600000000000e+01	1.13768301501245e-02
1.55700000000000e+01	1.12932495446331e-02
1.55800000000000e+01	1.12136000810071e-02
1.55900000000000e+01	1.11372351423800e-02
1.56000000000000e+01	1.10634158991204e-02
1.56100000000000e+01	1.09922689727883e-02
1.56200000000000e+01	1.09226864657464e-02
1.56300000000000e+01	1.08546133253602e-02
1.56400000000000e+01	1.07874244430613e-02
1.56500000000000e+01	1.07206748535978e-02
1.56600000000000e+01	1.06539049834149e-02
1.56700000000000e+01	1.05871400964769e-02
1.56800000000000e+01	1.05198007538495e-02
1.56900000000000e+01	1.04520358113588e-02
1.57000000000000e+01	1.03834900287579e-02
1.57100000000000e+01	1.03140163847307e-02
1.57200000000000e+01	1.02438222050648e-02
1.57300000000000e+01	1.01728658344160e-02
1.57400000000000e+01	1.01010320576294e-02
1.57500000000000e+01	1.00287151046560e-02
1.57600000000000e+01	9.95589012163050e-03
1.57700000000000e+01	9.88270900414596e-03
1.57800000000000e+01	9.80944981990181e-03
1.57900000000000e+01	9.73651925147444e-03
1.58000000000000e+01	9.66389794526733e-03
1.58100000000000e+01	9.59199761139279e-03
1.58200000000000e+01	9.52095421595878e-03
1.58300000000000e+01	9.45120409400172e-03
1.58400000000000e+01	9.38291286149027e-03
1.58500000000000e+01	9.31616176436261e-03
1.58600000000000e+01	9.25118885248070e-03
1.58700000000000e+01	9.18792334192196e-03
1.58800000000000e+01	9.12644515470144e-03
1.58900000000000e+01	9.06695212812658e-03
1.59000000000000e+01	9.00908182004097e-03
1.59100000000000e+01	8.95291705539237e-03
1.59200000000000e+01	8.89818966386273e-03
1.59300000000000e+01	8.84471990373232e-03
1.59400000000000e+01	8.79248260509901e-03
1.59500000000000e+01	8.74108479621498e-03
1.59600000000000e+01	8.69031741604466e-03
1.59700000000000e+01	8.64024359032759e-03
1.59800000000000e+01	8.59058532977207e-03
1.59900000000000e+01	8.54104767234319e-03
1.60000000000000e+01	8.49188423339165e-03
1.60100000000000e+01	8.44271471332408e-03
1.60200000000000e+01	8.39374599465445e-03
1.60300000000000e+01	8.34475090628196e-03
1.60400000000000e+01	8.29586315565302e-03
1.60500000000000e+01	8.24707255440647e-03
1.60600000000000e+01	8.19844614224234e-03
1.60700000000000e+01	8.14977153514680e-03
1.60800000000000e+01	8.10112797335554e-03
1.60900000000000e+01	8.05271775518284e-03
1.61000000000000e+01	8.00447007341320e-03
1.61100000000000e+01	7.95630002916530e-03
1.61200000000000e+01	7.90835821775248e-03
1.61300000000000e+01	7.86058723345648e-03
1.61400000000000e+01	7.81319345408920e-03
1.61500000000000e+01	7.76603450972437e-03
1.61600000000000e+01	7.71905808607474e-03
1.61700000000000e+01	7.67254452205332e-03
1.61800000000000e+01	7.62637525982828e-03
1.61900000000000e+01	7.58078291465729e-03
1.62000000000000e+01	7.53554654535113e-03
1.62100000000000e+01	7.49109412718429e-03
1.62200000000000e+01	7.44706893025177e-03
1.62300000000000e+01	7.40377870828605e-03
1.62400000000000e+01	7.36122532961087e-03
1.62500000000000e+01	7.31941689240150e-03
1.62600000000000e+01	7.27823172343467e-03
1.62700000000000e+01	7.23769651145281e-03
1.62800000000000e+01	7.19783431925466e-03
1.62900000000000e+01	7.15857627488009e-03
1.63000000000000e+01	7.11986217075347e-03
1.63100000000000e+01	7.08130226813593e-03
1.63200000000000e+01	7.04320481113139e-03
1.63300000000000e+01	7.00503854385975e-03
1.63400000000000e+01	6.96684182696466e-03
1.63500000000000e+01	6.92859685222973e-03
1.63600000000000e+01	6.88996478733916e-03
1.63700000000000e+01	6.85086921541364e-03
1.63800000000000e+01	6.81128339234249e-03
1.63900000000000e+01	6.77088845968365e-03
1.64000000000000e+01	6.72987213488383e-03
1.64100000000000e+01	6.68804256040273e-03
1.64200000000000e+01	6.64541696597100e-03
1.64300000000000e+01	6.60195712030296e-03
1.64400000000000e+01	6.55789671071488e-03
1.64500000000000e+01	6.51301115981751e-03
1.64600000000000e+01	6.46772504053496e-03
1.64700000000000e+01	6.42214029825834e-03
1.64800000000000e+01	6.37626799651473e-03
1.64900000000000e+01	6.33049755429114e-03
1.65000000000000e+01	6.28507466729041e-03
1.65100000000000e+01	6.23989547906832e-03
1.65200000000000e+01	6.19528245525071e-03
1.65300000000000e+01	6.15141848163907e-03
1.65400000000000e+01	6.10833449677332e-03
1.65500000000000e+01	6.06618352759893e-03
1.65600000000000e+01	6.02499548499932e-03
1.65700000000000e+01	5.98479456691955e-03
1.65800000000000e+01	5.94552082673678e-03
1.65900000000000e+01	5.90738169940064e-03
1.66000000000000e+01	5.87033419830749e-03
1.66100000000000e+01	5.83409279069078e-03
1.66200000000000e+01	5.79889813212239e-03
1.66300000000000e+01	5.76457173912065e-03
1.66400000000000e+01	5.73114468326033e-03
1.66500000000000e+01	5.69851017010109e-03
1.66600000000000e+01	5.66673927557675e-03
1.66700000000000e+01	5.63563318549087e-03
1.66800000000000e+01	5.60527100046737e-03
1.66900000000000e+01	5.57544592861407e-03
1.67000000000000e+01	5.54622975109059e-03
1.67100000000000e+01	5.51749287530561e-03
1.67200000000000e+01	5.48926389853147e-03
1.67300000000000e+01	5.46128830027531e-03
1.67400000000000e+01	5.43360301341154e-03
1.67500000000000e+01	5.40619860717592e-03
1.67600000000000e+01	5.37889165430194e-03
1.67700000000000e+01	5.35161834809636e-03
1.67800000000000e+01	5.32433728329320e-03
1.67900000000000e+01	5.29710633514440e-03
1.68000000000000e+01	5.26967147216654e-03
1.68100000000000e+01	5.24209887882013e-03
1.68200000000000e+01	5.21452729890028e-03
1.68300000000000e+01	5.18672531782416e-03
1.68400000000000e+01	5.15875919251731e-03
1.68500000000000e+01	5.13070800609838e-03
1.68600000000000e+01	5.10255563916856e-03
1.68700000000000e+01	5.07426949199744e-03
1.68800000000000e+01	5.04602204017470e-03
1.68900000000000e+01	5.01767770464996e-03
1.69000000000000e+01	4.98949816545221e-03
1.69100000000000e+01	4.96128431820888e-03
1.69200000000000e+01	4.93310530140246e-03
1.69300000000000e+01	4.90497073060822e-03
1.69400000000000e+01	4.87707842308250e-03
1.69500000000000e+01	4.84912005570436e-03
1.69600000000000e+01	4.82139105637549e-03
1.69700000000000e+01	4.79379742918204e-03
1.69800000000000e+01	4.76643883193607e-03
1.69900000000000e+01	4.73935909540107e-03
1.70000000000000e+01	4.71256915003583e-03
1.70100000000000e+01	4.68622519299308e-03
1.70200000000000e+01	4.66033888490327e-03
1.70300000000000e+01	4.63493572513775e-03
1.70400000000000e+01	4.61004731302616e-03
1.70500000000000e+01	4.58579466857247e-03
1.70600000000000e+01	4.56215516590783e-03
1.70700000000000e+01	4.53913863021906e-03
1.70800000000000e+01	4.51661108332693e-03
1.70900000000000e+01	4.49471971892329e-03
1.71000000000000e+01	4.47330822984637e-03
1.71100000000000e+01	4.45242028458921e-03
1.71200000000000e+01	4.43183828402412e-03
1.71300000000000e+01	4.41160912647986e-03
1.71400000000000e+01	4.39175036499743e-03
1.71500000000000e+01	4.37211971694921e-03
1.71600000000000e+01	4.35261285228842e-03
1.71700000000000e+01	4.33341616535047e-03
1.71800000000000e+01	4.31420589092358e-03
1.71900000000000e+01	4.29531037812106e-03
1.72000000000000e+01	4.27640799251777e-03
1.72100000000000e+01	4.25769684720719e-03
1.72200000000000e+01	4.23916166105826e-03
1.72300000000000e+01	4.22057921943303e-03
1.72400000000000e+01	4.20227121027825e-03
1.72500000000000e+01	4.18392265477966e-03
1.72600000000000e+01	4.16574940407160e-03
1.72700000000000e+01	4.14762876153727e-03
1.72800000000000e+01	4.12958305806128e-03
1.72900000000000e+01	4.11158726350191e-03
1.73000000000000e+01	4.09366390104191e-03
1.73100000000000e+01	4.07578117311913e-03
1.73200000000000e+01	4.05794740535412e-03
1.73300000000000e+01	4.04013263635765e-03
1.73400000000000e+01	4.02224446475094e-03
1.73500000000000e+01	4.00443635234420e-03
1.73600000000000e+01	3.98663128675454e-03
1.73700000000000e+01	3.96878825718312e-03
1.73800000000000e+01	3.95094958161351e-03
1.73900000000000e+01	3.93308837976075e-03
1.74000000000000e+01	3.91529361211066e-03
1.74100000000000e+01	3.89742954012465e-03
1.74200000000000e+01	3.87958405265271e-03
1.74300000000000e+01	3.86172865801298e-03
1.74400000000000e+01	3.84394798788094e-03
1.74500000000000e+01	3.82609876809742e-03
1.74600000000000e+01	3.80833044949070e-03
1.74700000000000e+01	3.79058071542019e-03
1.74800000000000e+01	3.77281035999119e-03
1.74900000000000e+01	3.75497844473147e-03
1.75000000000000e+01	3.73720292624508e-03
1.75100000000000e+01	3.71944298366280e-03
1.75200000000000e+01	3.70156768070705e-03
1.75300000000000e+01	3.68362809730546e-03
1.75400000000000e+01	3.66558062808038e-03
1.75500000000000e+01	3.64756209302530e-03
1.75600000000000e+01	3.62937308385565e-03
1.75700000000000e+01	3.61111313492553e-03
1.75800000000000e+01	3.59274547714525e-03
1.75900000000000e+01	3.57434417278761e-03
1.76000000000000e+01	3.55585956371701e-03
1.76100000000000e+01	3.53748348223578e-03
1.76200000000000e+01	3.51898594407121e-03
1.76300000000000e+01	3.50065034654575e-03
1.76400000000000e+01	3.48228616267031e-03
1.76500000000000e+01	3.46405503503655e-03
1.76600000000000e+01	3.44603070793095e-03
1.76700000000000e+01	3.42809064246026e-03
1.76800000000000e+01	3.41030961378210e-03
1.76900000000000e+01	3.39279541183570e-03
1.77000000000000e+01	3.37537780952122e-03
1.77100000000000e+01	3.35813044458895e-03
1.77200000000000e+01	3.34106163438658e-03
1.77300000000000e+01	3.32407361354896e-03
1.77400000000000e+01	3.30729815418567e-03
1.77500000000000e+01	3.29056624754710e-03
1.77600000000000e+01	3.27399299395581e-03
1.77700000000000e+01	3.25742491765966e-03
1.77800000000000e+01	3.24096666996102e-03
1.77900000000000e+01	3.22458365086270e-03
1.78000000000000e+01	3.20815578867021e-03
1.78100000000000e+01	3.19179922819038e-03
1.78200000000000e+01	3.17548883753625e-03
1.78300000000000e+01	3.15910604771651e-03
1.78400000000000e+01	3.14273415562624e-03
1.78500000000000e+01	3.12641605465769e-03
1.78600000000000e+01	3.11014907921578e-03
1.78700000000000e+01	3.09380755040753e-03
1.78800000000000e+01	3.07744645460063e-03
1.78900000000000e+01	3.06114275595665e-03
1.79000000000000e+01	3.04487162585570e-03
1.79100000000000e+01	3.02855660562093e-03
1.79200000000000e+01	3.01223043653702e-03
1.79300000000000e+01	2.99593416777839e-03
1.79400000000000e+01	2.97955886168354e-03
1.79500000000000e+01	2.96316389340996e-03
1.79600000000000e+01	2.94670604836577e-03
1.79700000000000e+01	2.93025683129422e-03
1.79800000000000e+01	2.91368320948750e-03
1.79900000000000e+01	2.89718532811735e-03
1.80000000000000e+01	2.88068194641010e-03
1.80100000000000e+01	2.86434025971829e-03
1.80200000000000e+01	2.84806327747676e-03
1.80300000000000e+01	2.83207419216019e-03
1.80400000000000e+01	2.81634776932279e-03
1.80500000000000e+01	2.80095196284365e-03
1.80600000000000e+01	2.78587068063347e-03
1.80700000000000e+01	2.77132463020010e-03
1.80800000000000e+01	2.75721070375005e-03
1.80900000000000e+01	2.74354363107905e-03
1.81000000000000e+01	2.73027906982455e-03
1.81100000000000e+01	2.71749053836861e-03
1.81200000000000e+01	2.70510526136950e-03
1.81300000000000e+01	2.69303419037318e-03
1.81400000000000e+01	2.68120618802399e-03
1.81500000000000e+01	2.66964654546302e-03
1.81600000000000e+01	2.65823146656660e-03
1.81700000000000e+01	2.64698548484658e-03
1.81800000000000e+01	2.63571550821420e-03
1.81900000000000e+01	2.62456854802543e-03
1.82000000000000e+01	2.61339847926276e-03
1.82100000000000e+01	2.60216531463932e-03
1.82200000000000e+01	2.59091632594639e-03
1.82300000000000e+01	2.57959223404760e-03
1.82400000000000e+01	2.56817454181981e-03
1.82500000000000e+01	2.55663691684721e-03
1.82600000000000e+01	2.54499763730283e-03
1.82700000000000e+01	2.53329737716418e-03
1.82800000000000e+01	2.52148386872229e-03
1.82900000000000e+01	2.50952374502203e-03
1.83000000000000e+01	2.49760661204629e-03
1.83100000000000e+01	2.48555637554815e-03
1.83200000000000e+01	2.47354084420352e-03
1.83300000000000e+01	2.46148823324342e-03
1.83400000000000e+01	2.44946044222100e-03
1.83500000000000e+01	2.43751903543046e-03
1.83600000000000e+01	2.42568693622293e-03
1.83700000000000e+01	2.41398276472614e-03
1.83800000000000e+01	2.40244438728323e-03
1.83900000000000e+01	2.39110091593800e-03
1.84000000000000e+01	2.38000874762139e-03
1.84100000000000e+01	2.36917891503698e-03
1.84200000000000e+01	2.35865547614497e-03
1.84300000000000e+01	2.34844148301925e-03
1.84400000000000e+01	2.33852937055317e-03
1.84500000000000e+01	2.32896326693735e-03
1.84600000000000e+01	2.31969174812465e-03
1.84700000000000e+01	2.31071184339859e-03
1.84800000000000e+01	2.30202234828913e-03
1.84900000000000e+01	2.29355845022600e-03
1.85000000000000e+01	2.28531784578652e-03
1.85100000000000e+01	2.27723167772109e-03
1.85200000000000e+01	2.26925470122227e-03
1.85300000000000e+01	2.26138417148538e-03
1.85400000000000e+01	2.25354754472190e-03
1.85500000000000e+01	2.24570990279251e-03
1.85600000000000e+01	2.23785949712271e-03
1.85700000000000e+01	2.22996112813249e-03
1.85800000000000e+01	2.22198777647023e-03
1.85900000000000e+01	2.21393898100624e-03
1.86000000000000e+01	2.20579020980683e-03
1.86100000000000e+01	2.19756124327041e-03
1.86200000000000e+01	2.18920468157176e-03
1.86300000000000e+01	2.18079417031290e-03
1.86400000000000e+01	2.17226659486837e-03
1.86500000000000e+01	2.16368320801945e-03
1.86600000000000e+01	2.15503635970353e-03
1.86700000000000e+01	2.14635600837254e-03
1.86800000000000e+01	2.13763135413567e-03
1.86900000000000e+01	2.12886940717702e-03
1.87000000000000e+01	2.12011840655935e-03
1.87100000000000e+01	2.11135381800940e-03
1.87200000000000e+01	2.10257531945438e-03
1.87300000000000e+01	2.09381815565661e-03
1.87400000000000e+01	2.08505241979104e-03
1.87500000000000e+01	2.07628470098455e-03
1.87600000000000e+01	2.06752759762951e-03
1.87700000000000e+01	2.05876024864047e-03
1.87800000000000e+01	2.04999964411106e-03
1.87900000000000e+01	2.04118924336211e-03
1.88000000000000e+01	2.03240203420071e-03
1.88100000000000e+01	2.02355909555693e-03
1.88200000000000e+01	2.01469343156717e-03
1.88300000000000e+01	2.00578202679230e-03
1.88400000000000e+01	1.99681250465154e-03
1.88500000000000e+01	1.98780923397041e-03
1.88600000000000e+01	1.97873796273083e-03
1.88700000000000e+01	1.96960742314597e-03
1.88800000000000e+01	1.96040240399120e-03
1.88900000000000e+01	1.95111550653580e-03
1.89000000000000e+01	1.94173976352020e-03
1.89100000000000e+01	1.93229600671991e-03
1.89200000000000e+01	1.92277403443535e-03
1.89300000000000e+01	1.91319663492022e-03
1.89400000000000e+01	1.90353284452689e-03
1.89500000000000e+01	1.89384004235502e-03
1.89600000000000e+01	1.88413522207402e-03
1.89700000000000e+01	1.87440765021187e-03
1.89800000000000e+01	1.86468404685706e-03
1.89900000000000e+01	1.85499172019308e-03
1.90000000000000e+01	1.84535662614507e-03
1.90100000000000e+01	1.83577916798925e-03
1.90200000000000e+01	1.82626593273718e-03
1.90300000000000e+01	1.81683411383493e-03
1.90400000000000e+01	1.80746191149549e-03
1.90500000000000e+01	1.79812817083598e-03
1.90600000000000e+01	1.78883529491242e-03
1.90700000000000e+01	1.77953492540468e-03
1.90800000000000e+01	1.77021298837635e-03
1.90900000000000e+01	1.76085862209006e-03
1.91000000000000e+01	1.75144557189339e-03
1.91100000000000e+01	1.74198206103750e-03
1.91200000000000e+01	1.73250141557597e-03
1.91300000000000e+01	1.72302862081567e-03
1.91400000000000e+01	1.71361218864378e-03
1.91500000000000e+01	1.70433563466246e-03
1.91600000000000e+01	1.69524121169816e-03
1.91700000000000e+01	1.68645444687296e-03
1.91800000000000e+01	1.67797730998481e-03
1.91900000000000e+01	1.66991940653807e-03
1.92000000000000e+01	1.66229045583888e-03
1.92100000000000e+01	1.65509817286085e-03
1.92200000000000e+01	1.64837179042847e-03
1.92300000000000e+01	1.64205555582240e-03
1.92400000000000e+01	1.63611542564654e-03
1.92500000000000e+01	1.63050370182137e-03
1.92600000000000e+01	1.62515069359025e-03
1.92700000000000e+01	1.61998430141016e-03
1.92800000000000e+01	1.61496638764624e-03
1.92900000000000e+01	1.61001570202914e-03
1.93000000000000e+01	1.60508795962820e-03
1.93100000000000e+01	1.60014260712109e-03
1.93200000000000e+01	1.59517315218788e-03
1.93300000000000e+01	1.59014344509526e-03
1.93400000000000e+01	1.58503785628294e-03
1.93500000000000e+01	1.57987360055802e-03
1.93600000000000e+01	1.57462242868401e-03
1.93700000000000e+01	1.56928508956436e-03
1.93800000000000e+01	1.56389107838620e-03
1.93900000000000e+01	1.55841985888431e-03
1.94000000000000e+01	1.55286959907998e-03
1.94100000000000e+01	1.54725550329615e-03
1.94200000000000e+01	1.54158950218088e-03
1.94300000000000e+01	1.53586018207470e-03
1.94400000000000e+01	1.53006687389846e-03
1.94500000000000e+01	1.52423496962596e-03
1.94600000000000e+01	1.51834178747452e-03
1.94700000000000e+01	1.51240013560323e-03
1.94800000000000e+01	1.50642059442428e-03
1.94900000000000e+01	1.50036847273454e-03
1.95000000000000e+01	1.49428989021137e-03
1.95100000000000e+01	1.48818033056073e-03
1.95200000000000e+01	1.48201234503416e-03
1.95300000000000e+01	1.47581491992125e-03
1.95400000000000e+01	1.46959075145085e-03
1.95500000000000e+01	1.46331019556685e-03
1.95600000000000e+01	1.45701980377937e-03
1.95700000000000e+01	1.45069077651614e-03
1.95800000000000e+01	1.44435059238532e-03
1.95900000000000e+01	1.43800271406995e-03
1.96000000000000e+01	1.43164537790467e-03
1.96100000000000e+01	1.42529075419131e-03
1.96200000000000e+01	1.41895737422671e-03
1.96300000000000e+01	1.41262368279527e-03
1.96400000000000e+01	1.40633523690687e-03
1.96500000000000e+01	1.40005507027004e-03
1.96600000000000e+01	1.39381308588664e-03
1.96700000000000e+01	1.38757923834469e-03
1.96800000000000e+01	1.38140610431426e-03
1.96900000000000e+01	1.37523660336490e-03
1.97000000000000e+01	1.36910146344414e-03
1.97100000000000e+01	1.36298282191405e-03
1.97200000000000e+01	1.35688056760195e-03
1.97300000000000e+01	1.35079658013347e-03
1.97400000000000e+01	1.34470433409437e-03
1.97500000000000e+01	1.33859716719915e-03
1.97600000000000e+01	1.33249742471228e-03
1.97700000000000e+01	1.32638704037445e-03
1.97800000000000e+01	1.32024187360279e-03
1.97900000000000e+01	1.31408388826611e-03
1.98000000000000e+01	1.30789924977281e-03
1.98100000000000e+01	1.30171370558305e-03
1.98200000000000e+01	1.29555698232410e-03
1.98300000000000e+01	1.28943897456433e-03
1.98400000000000e+01	1.28341610049870e-03
1.98500000000000e+01	1.27754921714214e-03
1.98600000000000e+01	1.27192047976182e-03
1.98700000000000e+01	1.26655250928760e-03
1.98800000000000e+01	1.26145857788394e-03
1.98900000000000e+01	1.25652381095373e-03
1.99000000000000e+01	1.25148106065990e-03
1.99100000000000e+01	1.24568669348351e-03
1.99200000000000e+01	1.23807763185665e-03
1.99300000000000e+01	1.22681346322574e-03
1.99400000000000e+01	1.20911636097305e-03
1.99500000000000e+01	1.18089774245538e-03
1.99600000000000e+01	1.13643273837640e-03
1.99700000000000e+01	1.06833345569865e-03
1.99800000000000e+01	9.67982157332374e-04
1.99900000000000e+01	8.27321550257197e-04
2.00000000000000e+01	6.42821542632356e-04
