1.00000000000000e-02	1.71965984231029e+13
2.00000000000000e-02	1.07526584705510e+12
3.00000000000000e-02	2.12560570675609e+11
4.00000000000000e-02	6.73270728752966e+10
5.00000000000000e-02	2.76147100787256e+10
6.00000000000000e-02	1.33395870482930e+10
7.00000000000000e-02	7.21454172821260e+09
8.00000000000000e-02	4.23870938510491e+09
9.00000000000000e-02	2.65301967701270e+09
1.00000000000000e-01	1.74563958089708e+09
1.10000000000000e-01	1.19611530665908e+09
1.20000000000000e-01	8.47459540748955e+08
1.30000000000000e-01	6.17611160775156e+08
1.40000000000000e-01	4.61049076039276e+08
1.50000000000000e-01	3.51387600935908e+08
1.60000000000000e-01	2.72702676528367e+08
1.70000000000000e-01	2.15045582466540e+08
1.80000000000000e-01	1.71992536161728e+08
1.90000000000000e-01	1.39314144462017e+08
2.00000000000000e-01	1.14133888656175e+08
2.10000000000000e-01	9.44731417390418e+07
2.20000000000000e-01	7.89370374084353e+07
2.30000000000000e-01	6.65205121679581e+07
2.40000000000000e-01	5.64998764841433e+07
2.50000000000000e-01	4.83361974634493e+07
2.60000000000000e-01	4.16302928338945e+07
2.70000000000000e-01	3.60768476475576e+07
2.80000000000000e-01	3.14453813545599e+07
2.90000000000000e-01	2.75570524986596e+07
3.00000000000000e-01	2.42703493280452e+07
3.10000000000000e-01	2.14764115562112e+07
3.20000000000000e-01	1.90896090764626e+07
3.30000000000000e-01	1.70385015401375e+07
3.40000000000000e-01	1.52672738611374e+07
3.50000000000000e-01	1.37318546415259e+07
3.60000000000000e-01	1.23940303811841e+07
3.70000000000000e-01	1.12242926175824e+07
3.80000000000000e-01	1.01972012466772e+07
3.90000000000000e-01	9.29222434840958e+06
4.00000000000000e-01	8.49185813810740e+06
4.10000000000000e-01	7.78178210718956e+06
4.20000000000000e-01	7.14995652655168e+06
4.30000000000000e-01	6.58579772578583e+06
4.40000000000000e-01	6.08068518596043e+06
4.50000000000000e-01	5.62740940910622e+06
4.60000000000000e-01	5.21937859893193e+06
4.70000000000000e-01	4.85137304536045e+06
4.80000000000000e-01	4.51831562454253e+06
4.90000000000000e-01	4.21655893041376e+06
5.00000000000000e-01	3.94243042909751e+06
5.10000000000000e-01	3.69269290516030e+06
5.20000000000000e-01	3.46498332268893e+06
5.30000000000000e-01	3.25676430286463e+06
5.40000000000000e-01	3.06621415053717e+06
5.50000000000000e-01	2.89136044004038e+06
5.60000000000000e-01	2.73059412981370e+06
5.70000000000000e-01	2.58262438632004e+06
5.80000000000000e-01	2.44625176816122e+06
5.90000000000000e-01	2.32029508190110e+06
6.00000000000000e-01	2.20382644261953e+06
6.10000000000000e-01	2.09589236923382e+06
6.20000000000000e-01	1.99583207911366e+06
6.30000000000000e-01	1.90292855723746e+06
6.40000000000000e-01	1.81654937927663e+06
6.50000000000000e-01	1.73610608802790e+06
6.60000000000000e-01	1.66114298069691e+06
6.70000000000000e-01	1.59115627221936e+06
6.80000000000000e-01	1.52580422256657e+06
6.90000000000000e-01	1.46468678829193e+06
7.00000000000000e-01	1.40746245324496e+06
7.10000000000000e-01	1.35383871470252e+06
7.20000000000000e-01	1.30351685310623e+06
7.30000000000000e-01	1.25631792834436e+06
7.40000000000000e-01	1.21194393006656e+06
7.50000000000000e-01	1.17021155350593e+06
7.60000000000000e-01	1.13090484542276e+06
7.70000000000000e-01	1.09394485087815e+06
7.80000000000000e-01	1.05905586885962e+06
7.90000000000000e-01	1.02617129852564e+06
8.00000000000000e-01	9.95102014997736e+05
8.10000000000000e-01	9.65793762253921e+05
8.20000000000000e-01	9.38080689329900e+05
8.30000000000000e-01	9.11879188525489e+05
8.40000000000000e-01	8.87124624628379e+05
8.50000000000000e-01	8.63661073092921e+05
8.60000000000000e-01	8.41469717923880e+05
8.70000000000000e-01	8.20440689091582e+05
8.80000000000000e-01	8.00520270841597e+05
8.90000000000000e-01	7.81640968269934e+05
9.00000000000000e-01	7.63756582550949e+05
9.10000000000000e-01	7.46789865493421e+05
9.20000000000000e-01	7.30711380785820e+05
9.30000000000000e-01	7.15476329578652e+05
9.40000000000000e-01	7.01026951860195e+05
9.50000000000000e-01	6.87329920471715e+05
9.60000000000000e-01	6.74338841985256e+05
9.70000000000000e-01	6.62040450451155e+05
9.80000000000000e-01	6.50390171475111e+05
9.90000000000000e-01	6.39365680935190e+05
1.00000000000000e+00	6.28947895550788e+05
1.01000000000000e+00	6.19078475488876e+05
1.02000000000000e+00	6.09755697020163e+05
1.03000000000000e+00	6.00978706912901e+05
1.04000000000000e+00	5.92697494793042e+05
1.05000000000000e+00	5.84909054885478e+05
1.06000000000000e+00	5.77603328629478e+05
1.07000000000000e+00	5.70773228574681e+05
1.08000000000000e+00	5.64399165011695e+05
1.09000000000000e+00	5.58473940599466e+05
1.10000000000000e+00	5.53014790153106e+05
1.11000000000000e+00	5.48009507034078e+05
1.12000000000000e+00	5.43477228106966e+05
1.13000000000000e+00	5.39432617963370e+05
1.14000000000000e+00	5.35887207118823e+05
1.15000000000000e+00	5.32865509329681e+05
1.16000000000000e+00	5.30388740756618e+05
1.17000000000000e+00	5.28510109509449e+05
1.18000000000000e+00	5.27254619948088e+05
1.19000000000000e+00	5.26670958383845e+05
1.20000000000000e+00	5.26817706192118e+05
1.21000000000000e+00	5.27764054074357e+05
1.22000000000000e+00	5.29600052509211e+05
1.23000000000000e+00	5.32430099871433e+05
1.24000000000000e+00	5.36364102833136e+05
1.25000000000000e+00	5.41549469886878e+05
1.26000000000000e+00	5.48117884333978e+05
1.27000000000000e+00	5.56255499482980e+05
1.28000000000000e+00	5.66068466815069e+05
1.29000000000000e+00	5.77707943099158e+05
1.30000000000000e+00	5.91233162386242e+05
1.31000000000000e+00	6.06664002070518e+05
1.32000000000000e+00	6.23904129708889e+05
1.33000000000000e+00	6.42768369685009e+05
1.34000000000000e+00	6.62933754625521e+05
1.35000000000000e+00	6.83986460660441e+05
1.36000000000000e+00	7.05385982259200e+05
1.37000000000000e+00	7.26523715770746e+05
1.38000000000000e+00	7.46715551046427e+05
1.39000000000000e+00	7.65272955781955e+05
1.40000000000000e+00	7.81561701920640e+05
1.41000000000000e+00	7.94971281595992e+05
1.42000000000000e+00	8.05017600330174e+05
1.43000000000000e+00	8.11327476954611e+05
1.44000000000000e+00	8.13661892365507e+05
1.45000000000000e+00	8.11879883858235e+05
1.46000000000000e+00	8.05980959054465e+05
1.47000000000000e+00	7.95972050395839e+05
1.48000000000000e+00	7.81976522272831e+05
1.49000000000000e+00	7.64074995398598e+05
1.50000000000000e+00	7.42363397823400e+05
1.51000000000000e+00	7.16908232263482e+05
1.52000000000000e+00	6.87763742563828e+05
1.53000000000000e+00	6.55020486895449e+05
1.54000000000000e+00	6.18781488875247e+05
1.55000000000000e+00	5.79268668707441e+05
1.56000000000000e+00	5.36881738038766e+05
1.57000000000000e+00	4.92180433746641e+05
1.58000000000000e+00	4.45932132389926e+05
1.59000000000000e+00	3.99102721140019e+05
1.60000000000000e+00	3.52786831593605e+05
1.61000000000000e+00	3.08163823687517e+05
1.62000000000000e+00	2.66329423411631e+05
1.63000000000000e+00	2.28243080729379e+05
1.64000000000000e+00	1.94599123969787e+05
1.65000000000000e+00	1.65768290828480e+05
1.66000000000000e+00	1.41764044973044e+05
1.67000000000000e+00	1.22302359626178e+05
1.68000000000000e+00	1.06849861194542e+05
1.69000000000000e+00	9.47477119964908e+04
1.70000000000000e+00	8.52780097348166e+04
1.71000000000000e+00	7.77787580615627e+04
1.72000000000000e+00	7.17476029631821e+04
1.73000000000000e+00	6.69433562702962e+04
1.74000000000000e+00	6.34653592457744e+04
1.75000000000000e+00	6.17501851594560e+04
1.76000000000000e+00	6.25186065069503e+04
1.77000000000000e+00	6.66758025874566e+04
1.78000000000000e+00	7.52160349305096e+04
1.79000000000000e+00	8.91131291284958e+04
1.80000000000000e+00	1.09146127658499e+05
1.81000000000000e+00	1.35716151659659e+05
1.82000000000000e+00	1.68669964619392e+05
1.83000000000000e+00	2.07291145559759e+05
1.84000000000000e+00	2.50472184654880e+05
1.85000000000000e+00	2.96940864828062e+05
1.86000000000000e+00	3.45414287337651e+05
1.87000000000000e+00	3.94583437241039e+05
1.88000000000000e+00	4.42998301640754e+05
1.89000000000000e+00	4.88961005169277e+05
1.90000000000000e+00	5.30471017348446e+05
1.91000000000000e+00	5.65185123823660e+05
1.92000000000000e+00	5.90532353055391e+05
1.93000000000000e+00	6.03823044152227e+05
1.94000000000000e+00	6.02594352550228e+05
1.95000000000000e+00	5.85061131999708e+05
1.96000000000000e+00	5.50649012646644e+05
1.97000000000000e+00	5.00492288081079e+05
1.98000000000000e+00	4.37630845370437e+05
1.99000000000000e+00	3.66901886388039e+05
2.00000000000000e+00	2.94310420646555e+05
2.01000000000000e+00	2.26186360632360e+05
2.02000000000000e+00	1.68193226506760e+05
2.03000000000000e+00	1.24501308749192e+05
2.04000000000000e+00	9.73020370766127e+04
2.05000000000000e+00	8.67166586948496e+04
2.06000000000000e+00	9.10607202941077e+04
2.07000000000000e+00	1.07321433456647e+05
2.08000000000000e+00	1.31690234059004e+05
2.09000000000000e+00	1.60038341572840e+05
2.10000000000000e+00	1.88374572709465e+05
2.11000000000000e+00	2.13228996270996e+05
2.12000000000000e+00	2.32066664869752e+05
2.13000000000000e+00	2.43591642751063e+05
2.14000000000000e+00	2.47883340787311e+05
2.15000000000000e+00	2.46184091979214e+05
2.16000000000000e+00	2.40412402689881e+05
2.17000000000000e+00	2.32619946563251e+05
2.18000000000000e+00	2.24573084058764e+05
2.19000000000000e+00	2.17557536835968e+05
2.20000000000000e+00	2.12430783355118e+05
2.21000000000000e+00	2.09755912864507e+05
2.22000000000000e+00	2.09956848313500e+05
2.23000000000000e+00	2.13460117213233e+05
2.24000000000000e+00	2.20713180298632e+05
2.25000000000000e+00	2.32204763070942e+05
2.26000000000000e+00	2.48426995801866e+05
2.27000000000000e+00	2.69931070039427e+05
2.28000000000000e+00	2.97369417733008e+05
2.29000000000000e+00	3.31561991223605e+05
2.30000000000000e+00	3.73411955110718e+05
2.31000000000000e+00	4.23734860507389e+05
2.32000000000000e+00	4.82937035105067e+05
2.33000000000000e+00	5.50673561595297e+05
2.34000000000000e+00	6.25488936847342e+05
2.35000000000000e+00	7.04799165732046e+05
2.36000000000000e+00	7.84950302638993e+05
2.37000000000000e+00	8.61702239950387e+05
2.38000000000000e+00	9.30731387423062e+05
2.39000000000000e+00	9.88015667315738e+05
2.40000000000000e+00	1.03025293308098e+06
2.41000000000000e+00	1.05511085496828e+06
2.42000000000000e+00	1.06160799140939e+06
2.43000000000000e+00	1.05010164701104e+06
2.44000000000000e+00	1.02214181372423e+06
2.45000000000000e+00	9.80255591756400e+05
2.46000000000000e+00	9.27379026169091e+05
2.47000000000000e+00	8.66684883863042e+05
2.48000000000000e+00	8.01131176426501e+05
2.49000000000000e+00	7.33430830764561e+05
2.50000000000000e+00	6.65804967081108e+05
2.51000000000000e+00	6.00000681300947e+05
2.52000000000000e+00	5.37230502347634e+05
2.53000000000000e+00	4.78229739980003e+05
2.54000000000000e+00	4.23312596725702e+05
2.55000000000000e+00	3.72526638004164e+05
2.56000000000000e+00	3.25720338310747e+05
2.57000000000000e+00	2.82621469088665e+05
2.58000000000000e+00	2.42907834815533e+05
2.59000000000000e+00	2.06232819064197e+05
2.60000000000000e+00	1.72232346877494e+05
2.61000000000000e+00	1.40592719748189e+05
2.62000000000000e+00	1.11133070509665e+05
2.63000000000000e+00	8.39300918334392e+04
2.64000000000000e+00	5.94550194176207e+04
2.65000000000000e+00	3.85255638614098e+04
2.66000000000000e+00	2.20594780935935e+04
2.67000000000000e+00	1.07152980447171e+04
2.68000000000000e+00	4.68332283900778e+03
2.69000000000000e+00	3.74538634584224e+03
2.70000000000000e+00	7.50155988413981e+03
2.71000000000000e+00	1.56079518142006e+04
2.72000000000000e+00	2.79216821321960e+04
2.73000000000000e+00	4.45706562592480e+04
2.74000000000000e+00	6.59404732549078e+04
2.75000000000000e+00	9.26356855158304e+04
2.76000000000000e+00	1.25379014159025e+05
2.77000000000000e+00	1.64887828001717e+05
2.78000000000000e+00	2.11681908708117e+05
2.79000000000000e+00	2.65935132065788e+05
2.80000000000000e+00	3.27292178793835e+05
2.81000000000000e+00	3.94780934077426e+05
2.82000000000000e+00	4.66766055329379e+05
2.83000000000000e+00	5.40970338972287e+05
2.84000000000000e+00	6.14615980027851e+05
2.85000000000000e+00	6.84631448080392e+05
2.86000000000000e+00	7.47899660829794e+05
2.87000000000000e+00	8.01607170272129e+05
2.88000000000000e+00	8.43499773682230e+05
2.89000000000000e+00	8.72029226523704e+05
2.90000000000000e+00	8.86542155547537e+05
2.91000000000000e+00	8.87199962150620e+05
2.92000000000000e+00	8.74930493245635e+05
2.93000000000000e+00	8.51391400803008e+05
2.94000000000000e+00	8.18780538981302e+05
2.95000000000000e+00	7.79711279015542e+05
2.96000000000000e+00	7.36996944419673e+05
2.97000000000000e+00	6.93323871489874e+05
2.98000000000000e+00	6.51070941373980e+05
2.99000000000000e+00	6.12020952173086e+05
3.00000000000000e+00	5.77309030738271e+05
3.01000000000000e+00	5.47406458059774e+05
3.02000000000000e+00	5.22277025379468e+05
3.03000000000000e+00	5.01495618863335e+05
3.04000000000000e+00	4.84465935321271e+05
3.05000000000000e+00	4.70512118345138e+05
3.06000000000000e+00	4.58986537516063e+05
3.07000000000000e+00	4.49389731012718e+05
3.08000000000000e+00	4.41334615516597e+05
3.09000000000000e+00	4.34573787358110e+05
3.10000000000000e+00	4.28944236403937e+05
3.11000000000000e+00	4.24335434587614e+05
3.12000000000000e+00	4.20594875985009e+05
3.13000000000000e+00	4.17500765144028e+05
3.14000000000000e+00	4.14683719110292e+05
3.15000000000000e+00	4.11606188289056e+05
3.16000000000000e+00	4.07646450126175e+05
3.17000000000000e+00	4.02110312086922e+05
3.18000000000000e+00	3.94387116738698e+05
3.19000000000000e+00	3.84083815633317e+05
3.20000000000000e+00	3.71065991134110e+05
3.21000000000000e+00	3.55482770794269e+05
3.22000000000000e+00	3.37680529532851e+05
3.23000000000000e+00	3.18123349576876e+05
3.24000000000000e+00	2.97288166229770e+05
3.25000000000000e+00	2.75643688103250e+05
3.26000000000000e+00	2.53634643776237e+05
3.27000000000000e+00	2.31688178311019e+05
3.28000000000000e+00	2.10189901881142e+05
3.29000000000000e+00	1.89496153552946e+05
3.30000000000000e+00	1.69893487717220e+05
3.31000000000000e+00	1.51586982791344e+05
3.32000000000000e+00	1.34704129324674e+05
3.33000000000000e+00	1.19274175340544e+05
3.34000000000000e+00	1.05251255239489e+05
3.35000000000000e+00	9.25271654530347e+04
3.36000000000000e+00	8.09592959118351e+04
3.37000000000000e+00	7.04019831244580e+04
3.38000000000000e+00	6.07288869701036e+04
3.39000000000000e+00	5.18533286628536e+04
3.40000000000000e+00	4.37310601766579e+04
3.41000000000000e+00	3.63524745882157e+04
3.42000000000000e+00	2.97308040825739e+04
3.43000000000000e+00	2.38868897852363e+04
3.44000000000000e+00	1.88356369805042e+04
3.45000000000000e+00	1.45776629577384e+04
3.46000000000000e+00	1.10948890706769e+04
3.47000000000000e+00	8.35005618624265e+03
3.48000000000000e+00	6.28842043680872e+03
3.49000000000000e+00	4.84148199844212e+03
3.50000000000000e+00	3.93149575210517e+03
3.51000000000000e+00	3.47620412535794e+03
3.52000000000000e+00	3.39321055926172e+03
3.53000000000000e+00	3.60319150408004e+03
3.54000000000000e+00	4.03221839895922e+03
3.55000000000000e+00	4.61204663689421e+03
3.56000000000000e+00	5.27957456986988e+03
3.57000000000000e+00	5.97599582568579e+03
3.58000000000000e+00	6.64542364390332e+03
3.59000000000000e+00	7.23519543359055e+03
3.60000000000000e+00	7.69692985037513e+03
3.61000000000000e+00	7.98838267224443e+03
3.62000000000000e+00	8.07631123155713e+03
3.63000000000000e+00	7.93935920665036e+03
3.64000000000000e+00	7.57248129428517e+03
3.65000000000000e+00	6.98812980459291e+03
3.66000000000000e+00	6.21792894235060e+03
3.67000000000000e+00	5.31034727944405e+03
3.68000000000000e+00	4.32648171936287e+03
3.69000000000000e+00	3.33383724061531e+03
3.70000000000000e+00	2.39897432423381e+03
3.71000000000000e+00	1.58076625800358e+03
3.72000000000000e+00	9.24964008358976e+02
3.73000000000000e+00	4.59743584838267e+02
3.74000000000000e+00	1.93840919486370e+02
3.75000000000000e+00	1.15741795668096e+02
3.76000000000000e+00	1.95519283782408e+02
3.77000000000000e+00	3.88330700907799e+02
3.78000000000000e+00	6.39866343857324e+02
3.79000000000000e+00	8.92732387904839e+02
3.80000000000000e+00	1.09414378986429e+03
3.81000000000000e+00	1.20480603601194e+03
3.82000000000000e+00	1.20866428580888e+03
3.83000000000000e+00	1.12011236768236e+03
3.84000000000000e+00	9.86363540115926e+02
3.85000000000000e+00	8.80887932807832e+02
3.86000000000000e+00	8.85024970437577e+02
3.87000000000000e+00	1.06267163947596e+03
3.88000000000000e+00	1.43470257211483e+03
3.89000000000000e+00	1.96479069824726e+03
3.90000000000000e+00	2.56417200208919e+03
3.91000000000000e+00	3.11623348969607e+03
3.92000000000000e+00	3.51164213353724e+03
3.93000000000000e+00	3.67940906939150e+03
3.94000000000000e+00	3.60120632815308e+03
3.95000000000000e+00	3.30719903286674e+03
3.96000000000000e+00	2.86175290810998e+03
3.97000000000000e+00	2.35691548880094e+03
3.98000000000000e+00	1.92496704862130e+03
3.99000000000000e+00	1.77273498510314e+03
4.00000000000000e+00	2.22166589606857e+03
4.01000000000000e+00	3.73201327287721e+03
4.02000000000000e+00	6.89173028881224e+03
4.03000000000000e+00	1.23639657929684e+04
4.04000000000000e+00	2.07993330629922e+04
4.05000000000000e+00	3.27311895478290e+04
4.06000000000000e+00	4.84698807806727e+04
4.07000000000000e+00	6.80285700551379e+04
4.08000000000000e+00	9.10878010030115e+04
4.09000000000000e+00	1.17008807869563e+05
4.10000000000000e+00	1.44896200516155e+05
4.11000000000000e+00	1.73679263538330e+05
4.12000000000000e+00	2.02215843001856e+05
4.13000000000000e+00	2.29383689076420e+05
4.14000000000000e+00	2.54170509875664e+05
4.15000000000000e+00	2.75734343609144e+05
4.16000000000000e+00	2.93446365346135e+05
4.17000000000000e+00	3.06903027855690e+05
4.18000000000000e+00	3.15918486373295e+05
4.19000000000000e+00	3.20478058720554e+05
4.20000000000000e+00	3.20692858964985e+05
4.21000000000000e+00	3.16771231009650e+05
4.22000000000000e+00	3.08993210067613e+05
4.23000000000000e+00	2.97718539068583e+05
4.24000000000000e+00	2.83406519386785e+05
4.25000000000000e+00	2.66637969975676e+05
4.26000000000000e+00	2.48113537851554e+05
4.27000000000000e+00	2.28633428855861e+05
4.28000000000000e+00	2.09034662445793e+05
4.29000000000000e+00	1.90110864475669e+05
4.30000000000000e+00	1.72531369037889e+05
4.31000000000000e+00	1.56796604481974e+05
4.32000000000000e+00	1.43204114355087e+05
4.33000000000000e+00	1.31867921912882e+05
4.34000000000000e+00	1.22752662247088e+05
4.35000000000000e+00	1.15712255611477e+05
4.36000000000000e+00	1.10529940764399e+05
4.37000000000000e+00	1.06955186196550e+05
4.38000000000000e+00	1.04721085690039e+05
4.39000000000000e+00	1.03561728357807e+05
4.40000000000000e+00	1.03216561454772e+05
4.41000000000000e+00	1.03432954043899e+05
4.42000000000000e+00	1.03968046293227e+05
4.43000000000000e+00	1.04588145512057e+05
4.44000000000000e+00	1.05076791354885e+05
4.45000000000000e+00	1.05240791561620e+05
4.46000000000000e+00	1.04923172128216e+05
4.47000000000000e+00	1.04013792564193e+05
4.48000000000000e+00	1.02461654556322e+05
4.49000000000000e+00	1.00279711933666e+05
4.50000000000000e+00	9.75446920920124e+04
4.51000000000000e+00	9.43959909849220e+04
4.52000000000000e+00	9.10257667356147e+04
4.53000000000000e+00	8.76746305157904e+04
4.54000000000000e+00	8.46169854789010e+04
4.55000000000000e+00	8.21601507212680e+04
4.56000000000000e+00	8.06402753450766e+04
4.57000000000000e+00	8.04258337094124e+04
4.58000000000000e+00	8.19224184283159e+04
4.59000000000000e+00	8.55852291609892e+04
4.60000000000000e+00	9.19305047675232e+04
4.61000000000000e+00	1.01550709359149e+05
4.62000000000000e+00	1.15124493673813e+05
4.63000000000000e+00	1.33428063420840e+05
4.64000000000000e+00	1.57335694122957e+05
4.65000000000000e+00	1.87825278026513e+05
4.66000000000000e+00	2.25967271283350e+05
4.67000000000000e+00	2.72908492329673e+05
4.68000000000000e+00	3.29860921561669e+05
4.69000000000000e+00	3.98034602193183e+05
4.70000000000000e+00	4.78590736744800e+05
4.71000000000000e+00	5.72496554612468e+05
4.72000000000000e+00	6.80379635061627e+05
4.73000000000000e+00	8.02322637876509e+05
4.74000000000000e+00	9.37710676607127e+05
4.75000000000000e+00	1.08503659679849e+06
4.76000000000000e+00	1.24188662871905e+06
4.77000000000000e+00	1.40497485948547e+06
4.78000000000000e+00	1.57023034615688e+06
4.79000000000000e+00	1.73311014725185e+06
4.80000000000000e+00	1.88878788389625e+06
4.81000000000000e+00	2.03247299798106e+06
4.82000000000000e+00	2.15975450621161e+06
4.83000000000000e+00	2.26679924637733e+06
4.84000000000000e+00	2.35065042506835e+06
4.85000000000000e+00	2.40940457531996e+06
4.86000000000000e+00	2.44228671822969e+06
4.87000000000000e+00	2.44958553307573e+06
4.88000000000000e+00	2.43248125517088e+06
4.89000000000000e+00	2.39284870140644e+06
4.90000000000000e+00	2.33311010304730e+06
4.91000000000000e+00	2.25589752244692e+06
4.92000000000000e+00	2.16408226576636e+06
4.93000000000000e+00	2.06055470344536e+06
4.94000000000000e+00	1.94814059328440e+06
4.95000000000000e+00	1.82958245146376e+06
4.96000000000000e+00	1.70732468650691e+06
4.97000000000000e+00	1.58368512340330e+06
4.98000000000000e+00	1.46060468402303e+06
4.99000000000000e+00	1.33975268142369e+06
5.00000000000000e+00	1.22253558021336e+06
5.01000000000000e+00	1.11006536254823e+06
5.02000000000000e+00	1.00326110584005e+06
5.03000000000000e+00	9.02815081715262e+05
5.04000000000000e+00	8.09238275194036e+05
5.05000000000000e+00	7.22821020329729e+05
5.06000000000000e+00	6.43661536821766e+05
5.07000000000000e+00	5.71665985211407e+05
5.08000000000000e+00	5.06566229037259e+05
5.09000000000000e+00	4.47961306397272e+05
5.10000000000000e+00	3.95360583670745e+05
5.11000000000000e+00	3.48256876624147e+05
5.12000000000000e+00	3.06138091704154e+05
5.13000000000000e+00	2.68556692609986e+05
5.14000000000000e+00	2.35137713649768e+05
5.15000000000000e+00	2.05598266432135e+05
5.16000000000000e+00	1.79759862971251e+05
5.17000000000000e+00	1.57562901694181e+05
5.18000000000000e+00	1.39036125357286e+05
5.19000000000000e+00	1.24288681857716e+05
5.20000000000000e+00	1.13454830755576e+05
5.21000000000000e+00	1.06641446466185e+05
5.22000000000000e+00	1.03861543089522e+05
5.23000000000000e+00	1.04971186092718e+05
5.24000000000000e+00	1.09627806601795e+05
5.25000000000000e+00	1.17269300454607e+05
5.26000000000000e+00	1.27140308195043e+05
5.27000000000000e+00	1.38345112539358e+05
5.28000000000000e+00	1.49940974419904e+05
5.29000000000000e+00	1.61015141667860e+05
5.30000000000000e+00	1.70796850506688e+05
5.31000000000000e+00	1.78703167396190e+05
5.32000000000000e+00	1.84379021030263e+05
5.33000000000000e+00	1.87700942750431e+05
5.34000000000000e+00	1.88729548011498e+05
5.35000000000000e+00	1.87678092861344e+05
5.36000000000000e+00	1.84856648652320e+05
5.37000000000000e+00	1.80627216297975e+05
5.38000000000000e+00	1.75356345716446e+05
5.39000000000000e+00	1.69391180555942e+05
5.40000000000000e+00	1.63032462840393e+05
5.41000000000000e+00	1.56513114741581e+05
5.42000000000000e+00	1.49999278489710e+05
5.43000000000000e+00	1.43584979429698e+05
5.44000000000000e+00	1.37298766969858e+05
5.45000000000000e+00	1.31114515296278e+05
5.46000000000000e+00	1.24969774411878e+05
5.47000000000000e+00	1.18774159585358e+05
5.48000000000000e+00	1.12435567480986e+05
5.49000000000000e+00	1.05877067731852e+05
5.50000000000000e+00	9.90481143868155e+04
5.51000000000000e+00	9.19517769571255e+04
5.52000000000000e+00	8.46474341827933e+04
5.53000000000000e+00	7.72608848552036e+04
5.54000000000000e+00	6.99823068088672e+04
5.55000000000000e+00	6.30621876502709e+04
5.56000000000000e+00	5.68056771771273e+04
5.57000000000000e+00	5.15633879456454e+04
5.58000000000000e+00	4.77200572720539e+04
5.59000000000000e+00	4.56816172087454e+04
5.60000000000000e+00	4.58541594710674e+04
5.61000000000000e+00	4.86170242909711e+04
5.62000000000000e+00	5.42908689338619e+04
5.63000000000000e+00	6.31090339307596e+04
5.64000000000000e+00	7.51705995072836e+04
5.65000000000000e+00	9.04145466693865e+04
5.66000000000000e+00	1.08589271570309e+05
5.67000000000000e+00	1.29250461559689e+05
5.68000000000000e+00	1.51765532632208e+05
5.69000000000000e+00	1.75344698770015e+05
5.70000000000000e+00	1.99102374727692e+05
5.71000000000000e+00	2.22141575616769e+05
5.72000000000000e+00	2.43607730456006e+05
5.73000000000000e+00	2.62790834640058e+05
5.74000000000000e+00	2.79132506577148e+05
5.75000000000000e+00	2.92281970745080e+05
5.76000000000000e+00	3.02074864639936e+05
5.77000000000000e+00	3.08514943176457e+05
5.78000000000000e+00	3.11728192604993e+05
5.79000000000000e+00	3.11939637211283e+05
5.80000000000000e+00	3.09430316991572e+05
5.81000000000000e+00	3.04496732927896e+05
5.82000000000000e+00	2.97427812163988e+05
5.83000000000000e+00	2.88490358904349e+05
5.84000000000000e+00	2.77923820471903e+05
5.85000000000000e+00	2.65967724839515e+05
5.86000000000000e+00	2.52834374947865e+05
5.87000000000000e+00	2.38762454437894e+05
5.88000000000000e+00	2.23998764142402e+05
5.89000000000000e+00	2.08792572128306e+05
5.90000000000000e+00	1.93413032898012e+05
5.91000000000000e+00	1.78106964990794e+05
5.92000000000000e+00	1.63103382029845e+05
5.93000000000000e+00	1.48589060368096e+05
5.94000000000000e+00	1.34717131482240e+05
5.95000000000000e+00	1.21592495592934e+05
5.96000000000000e+00	1.09285342322077e+05
5.97000000000000e+00	9.78346520096574e+04
5.98000000000000e+00	8.72545832965025e+04
5.99000000000000e+00	7.75402612693512e+04
6.00000000000000e+00	6.86753072312152e+04
6.01000000000000e+00	6.06386889308176e+04
6.02000000000000e+00	5.34091967331232e+04
6.03000000000000e+00	4.69652070752835e+04
6.04000000000000e+00	4.12878951860730e+04
6.05000000000000e+00	3.63593011890717e+04
6.06000000000000e+00	3.21581186376059e+04
6.07000000000000e+00	2.86598836836540e+04
6.08000000000000e+00	2.58335769430529e+04
6.09000000000000e+00	2.36416960889589e+04
6.10000000000000e+00	2.20377957200227e+04
6.11000000000000e+00	2.09678170837130e+04
6.12000000000000e+00	2.03696713848268e+04
6.13000000000000e+00	2.01746112382501e+04
6.14000000000000e+00	2.03087997733814e+04
6.15000000000000e+00	2.06981389469586e+04
6.16000000000000e+00	2.12688957927992e+04
6.17000000000000e+00	2.19521794116670e+04
6.18000000000000e+00	2.26885389169690e+04
6.19000000000000e+00	2.34268572718764e+04
6.20000000000000e+00	2.41290184898101e+04
6.21000000000000e+00	2.47666789029141e+04
6.22000000000000e+00	2.53233790167258e+04
6.23000000000000e+00	2.57900354240150e+04
6.24000000000000e+00	2.61652753067773e+04
6.25000000000000e+00	2.64513233099794e+04
6.26000000000000e+00	2.66536769982332e+04
6.27000000000000e+00	2.67788912803691e+04
6.28000000000000e+00	2.68315181838463e+04
6.29000000000000e+00	2.68158286483252e+04
6.30000000000000e+00	2.67327781814950e+04
6.31000000000000e+00	2.65811378533939e+04
6.32000000000000e+00	2.63569102918361e+04
6.33000000000000e+00	2.60564096159894e+04
6.34000000000000e+00	2.56740763176876e+04
6.35000000000000e+00	2.52079805531096e+04
6.36000000000000e+00	2.46576170949138e+04
6.37000000000000e+00	2.40245892282978e+04
6.38000000000000e+00	2.33144569362164e+04
6.39000000000000e+00	2.25354018198228e+04
6.40000000000000e+00	2.16980302555433e+04
6.41000000000000e+00	2.08159709398991e+04
6.42000000000000e+00	1.99042608970055e+04
6.43000000000000e+00	1.89800515569033e+04
6.44000000000000e+00	1.80611347180486e+04
6.45000000000000e+00	1.71658821110851e+04
6.46000000000000e+00	1.63121069503583e+04
6.47000000000000e+00	1.55170937773813e+04
6.48000000000000e+00	1.47967430961303e+04
6.49000000000000e+00	1.41649241192477e+04
6.50000000000000e+00	1.36330540914855e+04
6.51000000000000e+00	1.32097645471309e+04
6.52000000000000e+00	1.28996937447377e+04
6.53000000000000e+00	1.27041391743866e+04
6.54000000000000e+00	1.26200596380819e+04
6.55000000000000e+00	1.26409198799956e+04
6.56000000000000e+00	1.27573186786283e+04
6.57000000000000e+00	1.29579487381702e+04
6.58000000000000e+00	1.32304891769969e+04
6.59000000000000e+00	1.35627337699765e+04
6.60000000000000e+00	1.39433350604430e+04
6.61000000000000e+00	1.43620370736515e+04
6.62000000000000e+00	1.48098929840080e+04
6.63000000000000e+00	1.52788941188605e+04
6.64000000000000e+00	1.57624320698535e+04
6.65000000000000e+00	1.62543939096928e+04
6.66000000000000e+00	1.67497258802158e+04
6.67000000000000e+00	1.72433236676809e+04
6.68000000000000e+00	1.77309154969318e+04
6.69000000000000e+00	1.82076245721245e+04
6.70000000000000e+00	1.86680306593198e+04
6.71000000000000e+00	1.91063351228211e+04
6.72000000000000e+00	1.95161519026658e+04
6.73000000000000e+00	1.98913751640388e+04
6.74000000000000e+00	2.02256349163174e+04
6.75000000000000e+00	2.05134925208824e+04
6.76000000000000e+00	2.07505819733528e+04
6.77000000000000e+00	2.09334776324744e+04
6.78000000000000e+00	2.10607088341138e+04
6.79000000000000e+00	2.11321035017095e+04
6.80000000000000e+00	2.11488406871862e+04
6.81000000000000e+00	2.11138908046034e+04
6.82000000000000e+00	2.10304192956208e+04
6.83000000000000e+00	2.09021157244493e+04
6.84000000000000e+00	2.07323576745718e+04
6.85000000000000e+00	2.05230988692214e+04
6.86000000000000e+00	2.02746921408957e+04
6.87000000000000e+00	1.99862403187695e+04
6.88000000000000e+00	1.96549999524849e+04
6.89000000000000e+00	1.92769355526816e+04
6.90000000000000e+00	1.88472794844724e+04
6.91000000000000e+00	1.83615252149719e+04
6.92000000000000e+00	1.78160715877744e+04
6.93000000000000e+00	1.72087689306187e+04
6.94000000000000e+00	1.65390046412858e+04
6.95000000000000e+00	1.58089694239289e+04
6.96000000000000e+00	1.50223128147452e+04
6.97000000000000e+00	1.41850936585871e+04
6.98000000000000e+00	1.33051180169024e+04
6.99000000000000e+00	1.23920805998776e+04
7.00000000000000e+00	1.14575769915439e+04
7.01000000000000e+00	1.05150882241394e+04
7.02000000000000e+00	9.58025323611591e+03
7.03000000000000e+00	8.67104999156996e+03
7.04000000000000e+00	7.80759227722546e+03
7.05000000000000e+00	7.01189793498855e+03
7.06000000000000e+00	6.30735085776525e+03
7.07000000000000e+00	5.71799725832734e+03
7.08000000000000e+00	5.26652045626482e+03
7.09000000000000e+00	4.97321589509763e+03
7.10000000000000e+00	4.85363470985876e+03
7.11000000000000e+00	4.91719232046951e+03
7.12000000000000e+00	5.16548098179969e+03
7.13000000000000e+00	5.59222352298169e+03
7.14000000000000e+00	6.18313460600131e+03
7.15000000000000e+00	6.91718544181194e+03
7.16000000000000e+00	7.76778198138626e+03
7.17000000000000e+00	8.70499350281853e+03
7.18000000000000e+00	9.69705934330927e+03
7.19000000000000e+00	1.07116002076556e+04
7.20000000000000e+00	1.17186954135071e+04
7.21000000000000e+00	1.26901627093422e+04
7.22000000000000e+00	1.36012612487088e+04
7.23000000000000e+00	1.44307505161646e+04
7.24000000000000e+00	1.51609337040229e+04
7.25000000000000e+00	1.57771471596405e+04
7.26000000000000e+00	1.62672428035843e+04
7.27000000000000e+00	1.66218133354491e+04
7.28000000000000e+00	1.68332936313591e+04
7.29000000000000e+00	1.68966791867397e+04
7.30000000000000e+00	1.68091339026393e+04
7.31000000000000e+00	1.65695667872742e+04
7.32000000000000e+00	1.61800490434699e+04
7.33000000000000e+00	1.56457466399697e+04
7.34000000000000e+00	1.49743863683621e+04
7.35000000000000e+00	1.41773566156119e+04
7.36000000000000e+00	1.32693086487824e+04
7.37000000000000e+00	1.22677444716103e+04
7.38000000000000e+00	1.11925937231697e+04
7.39000000000000e+00	1.00664400101018e+04
7.40000000000000e+00	8.91277487906196e+03
7.41000000000000e+00	7.75664103760076e+03
7.42000000000000e+00	6.62339600353186e+03
7.43000000000000e+00	5.53920753247861e+03
7.44000000000000e+00	4.53078475300039e+03
7.45000000000000e+00	3.62614435188748e+03
7.46000000000000e+00	2.85583087206786e+03
7.47000000000000e+00	2.25410675168486e+03
7.48000000000000e+00	1.86022949451069e+03
7.49000000000000e+00	1.71967391916214e+03
7.50000000000000e+00	1.88429139386397e+03
7.51000000000000e+00	2.41237845469276e+03
7.52000000000000e+00	3.36655507539488e+03
7.53000000000000e+00	4.81128381205279e+03
7.54000000000000e+00	6.80807217175979e+03
7.55000000000000e+00	9.41052788724984e+03
7.56000000000000e+00	1.26574390406886e+04
7.57000000000000e+00	1.65667102799756e+04
7.58000000000000e+00	2.11286241123062e+04
7.59000000000000e+00	2.63033826864895e+04
7.60000000000000e+00	3.20172993734813e+04
7.61000000000000e+00	3.81664539005468e+04
7.62000000000000e+00	4.46176589663470e+04
7.63000000000000e+00	5.12185018429238e+04
7.64000000000000e+00	5.78045867564617e+04
7.65000000000000e+00	6.42089353142934e+04
7.66000000000000e+00	7.02747338385917e+04
7.67000000000000e+00	7.58676615624352e+04
7.68000000000000e+00	8.08811967776773e+04
7.69000000000000e+00	8.52433305198513e+04
7.70000000000000e+00	8.89230733582357e+04
7.71000000000000e+00	9.19247074384507e+04
7.72000000000000e+00	9.42846425191271e+04
7.73000000000000e+00	9.60610733880669e+04
7.74000000000000e+00	9.73306504088338e+04
7.75000000000000e+00	9.81665865348607e+04
7.76000000000000e+00	9.86340171764339e+04
7.77000000000000e+00	9.87755725827827e+04
7.78000000000000e+00	9.86032687834191e+04
7.79000000000000e+00	9.80954382474576e+04
7.80000000000000e+00	9.72033276995976e+04
7.81000000000000e+00	9.58579538444708e+04
7.82000000000000e+00	9.39809148046243e+04
7.83000000000000e+00	9.14972003097073e+04
7.84000000000000e+00	8.83483040105788e+04
7.85000000000000e+00	8.45045236749815e+04
7.86000000000000e+00	7.99731517919704e+04
7.87000000000000e+00	7.48075193099320e+04
7.88000000000000e+00	6.91098009879793e+04
7.89000000000000e+00	6.30273247258406e+04
7.90000000000000e+00	5.67484764718079e+04
7.91000000000000e+00	5.04831616236191e+04
7.92000000000000e+00	4.44488921987548e+04
7.93000000000000e+00	3.88485256645323e+04
7.94000000000000e+00	3.38535158006825e+04
7.95000000000000e+00	2.95916903034422e+04
7.96000000000000e+00	2.61378585372542e+04
7.97000000000000e+00	2.35145359452090e+04
7.98000000000000e+00	2.16948449914763e+04
7.99000000000000e+00	2.06122280119183e+04
8.00000000000000e+00	2.01682748976055e+04
8.01000000000000e+00	2.02451393756822e+04
8.02000000000000e+00	2.07144812102134e+04
8.03000000000000e+00	2.14462347496164e+04
8.04000000000000e+00	2.23140257102952e+04
8.05000000000000e+00	2.32013509056317e+04
8.06000000000000e+00	2.40035299405754e+04
8.07000000000000e+00	2.46310505669674e+04
8.08000000000000e+00	2.50115058516415e+04
8.09000000000000e+00	2.50909524469202e+04
8.10000000000000e+00	2.48363297885147e+04
8.11000000000000e+00	2.42354715036617e+04
8.12000000000000e+00	2.32977454914677e+04
8.13000000000000e+00	2.20535699156452e+04
8.14000000000000e+00	2.05508249321060e+04
8.15000000000000e+00	1.88526687036482e+04
8.16000000000000e+00	1.70312175663072e+04
8.17000000000000e+00	1.51634669782097e+04
8.18000000000000e+00	1.33247219393660e+04
8.19000000000000e+00	1.15824759114873e+04
8.20000000000000e+00	9.99179913826212e+03
8.21000000000000e+00	8.59315742043075e+03
8.22000000000000e+00	7.41011217372279e+03
8.23000000000000e+00	6.45018926537062e+03
8.24000000000000e+00	5.70685659039467e+03
8.25000000000000e+00	5.16258807597078e+03
8.26000000000000e+00	4.79230468842257e+03
8.27000000000000e+00	4.56742324529890e+03
8.28000000000000e+00	4.45886417370185e+03
8.29000000000000e+00	4.43940671867840e+03
8.30000000000000e+00	4.48561719164063e+03
8.31000000000000e+00	4.57816599335395e+03
8.32000000000000e+00	4.70227725637740e+03
8.33000000000000e+00	4.84714160360288e+03
8.34000000000000e+00	5.00547773693385e+03
8.35000000000000e+00	5.17227203991929e+03
8.36000000000000e+00	5.34455536331647e+03
8.37000000000000e+00	5.52027841922009e+03
8.38000000000000e+00	5.69784474083825e+03
8.39000000000000e+00	5.87589820014141e+03
8.40000000000000e+00	6.05287463613092e+03
8.41000000000000e+00	6.22713884328069e+03
8.42000000000000e+00	6.39715613931739e+03
8.43000000000000e+00	6.56148611628278e+03
8.44000000000000e+00	6.71920473523824e+03
8.45000000000000e+00	6.86979489200253e+03
8.46000000000000e+00	7.01348932775939e+03
8.47000000000000e+00	7.15099289750807e+03
8.48000000000000e+00	7.28372417545345e+03
8.49000000000000e+00	7.41347555605631e+03
8.50000000000000e+00	7.54218373752917e+03
8.51000000000000e+00	7.67167086619476e+03
8.52000000000000e+00	7.80309421574692e+03
8.53000000000000e+00	7.93698032795141e+03
8.54000000000000e+00	8.07281885065289e+03
8.55000000000000e+00	8.20912349209611e+03
8.56000000000000e+00	8.34374311938676e+03
8.57000000000000e+00	8.47395548066266e+03
8.58000000000000e+00	8.59703622996918e+03
8.59000000000000e+00	8.71043005874169e+03
8.60000000000000e+00	8.81229091676081e+03
8.61000000000000e+00	8.90123653604523e+03
8.62000000000000e+00	8.97645103462035e+03
8.63000000000000e+00	9.03785724533622e+03
8.64000000000000e+00	9.08564917380656e+03
8.65000000000000e+00	9.12020029783324e+03
8.66000000000000e+00	9.14185856951330e+03
8.67000000000000e+00	9.15068528713264e+03
8.68000000000000e+00	9.14670671590826e+03
8.69000000000000e+00	9.12967975173988e+03
8.70000000000000e+00	9.09931617131909e+03
8.71000000000000e+00	9.05536980956556e+03
8.72000000000000e+00	8.99797295724036e+03
8.73000000000000e+00	8.92749984779647e+03
8.74000000000000e+00	8.84517873132267e+03
8.75000000000000e+00	8.75269397586697e+03
8.76000000000000e+00	8.65275026182002e+03
8.77000000000000e+00	8.54819121094346e+03
8.78000000000000e+00	8.44296452567553e+03
8.79000000000000e+00	8.34094825732725e+03
8.80000000000000e+00	8.24624528932081e+03
8.81000000000000e+00	8.16276611372436e+03
8.82000000000000e+00	8.09381328065808e+03
8.83000000000000e+00	8.04195882761541e+03
8.84000000000000e+00	8.00878285854457e+03
8.85000000000000e+00	7.99493288806456e+03
8.86000000000000e+00	7.99986434842502e+03
8.87000000000000e+00	8.02222720262388e+03
8.88000000000000e+00	8.05981542512078e+03
8.89000000000000e+00	8.10998611717349e+03
8.90000000000000e+00	8.16958923520943e+03
8.91000000000000e+00	8.23546649430986e+03
8.92000000000000e+00	8.30411185624906e+03
8.93000000000000e+00	8.37271805513047e+03
8.94000000000000e+00	8.43813887777751e+03
8.95000000000000e+00	8.49804899089957e+03
8.96000000000000e+00	8.55009816443613e+03
8.97000000000000e+00	8.59254120305580e+03
8.98000000000000e+00	8.62387783703914e+03
8.99000000000000e+00	8.64338414153194e+03
9.00000000000000e+00	8.65074306452438e+03
9.01000000000000e+00	8.64659524924563e+03
9.02000000000000e+00	8.63193683378607e+03
9.03000000000000e+00	8.60810695959807e+03
9.04000000000000e+00	8.57696041018816e+03
9.05000000000000e+00	8.53988194758720e+03
9.06000000000000e+00	8.49850062826273e+03
9.07000000000000e+00	8.45394769970737e+03
9.08000000000000e+00	8.40745279811058e+03
9.09000000000000e+00	8.36016129278960e+03
9.10000000000000e+00	8.31331604377697e+03
9.11000000000000e+00	8.26802426521261e+03
9.12000000000000e+00	8.22564867345074e+03
9.13000000000000e+00	8.18758812212970e+03
9.14000000000000e+00	8.15565879396381e+03
9.15000000000000e+00	8.13172429051329e+03
9.16000000000000e+00	8.11804753310915e+03
9.17000000000000e+00	8.11712704467332e+03
9.18000000000000e+00	8.13153971520792e+03
9.19000000000000e+00	8.16364432164951e+03
9.20000000000000e+00	8.21528237077848e+03
9.21000000000000e+00	8.28762392470010e+03
9.22000000000000e+00	8.38051287813264e+03
9.23000000000000e+00	8.49274299133865e+03
9.24000000000000e+00	8.62136900060584e+03
9.25000000000000e+00	8.76239365789623e+03
9.26000000000000e+00	8.91056908624196e+03
9.27000000000000e+00	9.06010575608540e+03
9.28000000000000e+00	9.20511423634864e+03
9.29000000000000e+00	9.34001171380099e+03
9.30000000000000e+00	9.46019088204432e+03
9.31000000000000e+00	9.56251065634318e+03
9.32000000000000e+00	9.64500613883698e+03
9.33000000000000e+00	9.70758678287786e+03
9.34000000000000e+00	9.75144019132182e+03
9.35000000000000e+00	9.77893332599630e+03
9.36000000000000e+00	9.79334856639843e+03
9.37000000000000e+00	9.79826552872091e+03
9.38000000000000e+00	9.79739101254259e+03
9.39000000000000e+00	9.79413288458918e+03
9.40000000000000e+00	9.79124933013763e+03
9.41000000000000e+00	9.79069207970174e+03
9.42000000000000e+00	9.79358227498472e+03
9.43000000000000e+00	9.80011916965867e+03
9.44000000000000e+00	9.80954478518704e+03
9.45000000000000e+00	9.82046646501269e+03
9.46000000000000e+00	9.83115951083199e+03
9.47000000000000e+00	9.83957409058248e+03
9.48000000000000e+00	9.84383128639153e+03
9.49000000000000e+00	9.84224168312932e+03
9.50000000000000e+00	9.83370932381920e+03
9.51000000000000e+00	9.81739866839602e+03
9.52000000000000e+00	9.79298168272004e+03
9.53000000000000e+00	9.76063592457081e+03
9.54000000000000e+00	9.72071823669353e+03
9.55000000000000e+00	9.67422938545142e+03
9.56000000000000e+00	9.62274539063967e+03
9.57000000000000e+00	9.56875274734708e+03
9.58000000000000e+00	9.51509550283450e+03
9.59000000000000e+00	9.46479974520116e+03
9.60000000000000e+00	9.42010478651516e+03
9.61000000000000e+00	9.38275805089452e+03
9.62000000000000e+00	9.35304699225899e+03
9.63000000000000e+00	9.33075110488772e+03
9.64000000000000e+00	9.31484500554221e+03
9.65000000000000e+00	9.30430997294476e+03
9.66000000000000e+00	9.29816584904230e+03
9.67000000000000e+00	9.29555707807285e+03
9.68000000000000e+00	9.29587947344429e+03
9.69000000000000e+00	9.29845648068982e+03
9.70000000000000e+00	9.30266699164664e+03
9.71000000000000e+00	9.30814989540980e+03
9.72000000000000e+00	9.31416976801889e+03
9.73000000000000e+00	9.32043957024589e+03
9.74000000000000e+00	9.32655535138902e+03
9.75000000000000e+00	9.33215477968697e+03
9.76000000000000e+00	9.33707827344858e+03
9.77000000000000e+00	9.34102945279378e+03
9.78000000000000e+00	9.34386162561364e+03
9.79000000000000e+00	9.34563525442722e+03
9.80000000000000e+00	9.34626003896018e+03
9.81000000000000e+00	9.34575639863750e+03
9.82000000000000e+00	9.34432896598222e+03
9.83000000000000e+00	9.34189502337781e+03
9.84000000000000e+00	9.33850954781218e+03
9.85000000000000e+00	9.33424426866240e+03
9.86000000000000e+00	9.32907124177749e+03
9.87000000000000e+00	9.32331359537063e+03
9.88000000000000e+00	9.31768217828990e+03
9.89000000000000e+00	9.31454107123750e+03
9.90000000000000e+00	9.31934878075005e+03
9.91000000000000e+00	9.34413560127463e+03
9.92000000000000e+00	9.41241078495999e+03
9.93000000000000e+00	9.56527270229831e+03
9.94000000000000e+00	9.86822265429051e+03
9.95000000000000e+00	1.04203396322049e+04
9.96000000000000e+00	1.13684170294373e+04
9.97000000000000e+00	1.29346656583916e+04
9.98000000000000e+00	1.54646842289383e+04
9.99000000000000e+00	1.94997463020819e+04
1.00000000000000e+01	2.58508558065270e+04
1.00100000000000e+01	3.54026243847867e+04
1.00200000000000e+01	4.67904950101434e+04
1.00300000000000e+01	5.08417446382176e+04
1.00400000000000e+01	3.94163090566436e+04
1.00500000000000e+01	2.51788027018774e+04
1.00600000000000e+01	1.56397029230486e+04
1.00700000000000e+01	9.98747169511166e+03
1.00800000000000e+01	6.65036774461040e+03
1.00900000000000e+01	4.61541810608827e+03
1.01000000000000e+01	3.32277571629722e+03
1.01100000000000e+01	2.46831529220016e+03
1.01200000000000e+01	1.88286378939859e+03
1.01300000000000e+01	1.46898973587601e+03
1.01400000000000e+01	1.16831059410950e+03
1.01500000000000e+01	9.44664484663822e+02
1.01600000000000e+01	7.74858132726918e+02
1.01700000000000e+01	6.43582430127321e+02
1.01800000000000e+01	5.40473790898510e+02
1.01900000000000e+01	4.58335146899054e+02
1.02000000000000e+01	3.92088213834674e+02
1.02100000000000e+01	3.38042676386772e+02
1.02200000000000e+01	2.93509149685756e+02
1.02300000000000e+01	2.56473152079567e+02
1.02400000000000e+01	2.25416575769041e+02
1.02500000000000e+01	1.99177863270688e+02
1.02600000000000e+01	1.76854581700195e+02
1.02700000000000e+01	1.57740977537955e+02
1.02800000000000e+01	1.41282872866372e+02
1.02900000000000e+01	1.27034168419196e+02
1.03000000000000e+01	1.14636157780056e+02
1.03100000000000e+01	1.03798246956055e+02
1.03200000000000e+01	9.42836772197335e+01
1.03300000000000e+01	8.58974960938808e+01
1.03400000000000e+01	7.84756434894980e+01
1.03500000000000e+01	7.18845732832694e+01
1.03600000000000e+01	6.60103674927244e+01
1.03700000000000e+01	6.07578679734729e+01
1.03800000000000e+01	5.60462905325244e+01
1.03900000000000e+01	5.18075583088281e+01
1.04000000000000e+01	4.79830478732229e+01
1.04100000000000e+01	4.45227947639203e+01
1.04200000000000e+01	4.13845005115768e+01
1.04300000000000e+01	3.85308042371988e+01
1.04400000000000e+01	3.59305494720093e+01
1.04500000000000e+01	3.35559752431285e+01
1.04600000000000e+01	3.13832675083347e+01
1.04700000000000e+01	2.93914877543906e+01
1.04800000000000e+01	2.75622046484204e+01
1.04900000000000e+01	2.58798779376826e+01
1.05000000000000e+01	2.43297843355640e+01
1.05100000000000e+01	2.28997056028555e+01
1.05200000000000e+01	2.15783571843205e+01
1.05300000000000e+01	2.03556401573109e+01
1.05400000000000e+01	1.92228296236681e+01
1.05500000000000e+01	1.81719033203103e+01
1.05600000000000e+01	1.71956296542720e+01
1.05700000000000e+01	1.62874401526226e+01
1.05800000000000e+01	1.54416098964752e+01
1.05900000000000e+01	1.46527980699989e+01
1.06000000000000e+01	1.39163333723961e+01
1.06100000000000e+01	1.32278870417881e+01
1.06200000000000e+01	1.25836388226242e+01
1.06300000000000e+01	1.19799697782696e+01
1.06400000000000e+01	1.14137556018066e+01
1.06500000000000e+01	1.08820157609266e+01
1.06600000000000e+01	1.03821571550881e+01
1.06700000000000e+01	9.91179818684234e+00
1.06800000000000e+01	9.46873273305138e+00
1.06900000000000e+01	9.05094405581006e+00
1.07000000000000e+01	8.65660354011567e+00
1.07100000000000e+01	8.28408963086265e+00
1.07200000000000e+01	7.93197278927149e+00
1.07300000000000e+01	7.59882502917633e+00
1.07400000000000e+01	7.28342345197378e+00
1.07500000000000e+01	6.98457905283485e+00
1.07600000000000e+01	6.70142447587009e+00
1.07700000000000e+01	6.43289363831543e+00
1.07800000000000e+01	6.17820691561492e+00
1.07900000000000e+01	5.93647659741546e+00
1.08000000000000e+01	5.70703282152193e+00
1.08100000000000e+01	5.48909100969937e+00
1.08200000000000e+01	5.28202165920052e+00
1.08300000000000e+01	5.08520098758509e+00
1.08400000000000e+01	4.89795770005950e+00
1.08500000000000e+01	4.71971544677870e+00
1.08600000000000e+01	4.54996081765173e+00
1.08700000000000e+01	4.38817877791059e+00
1.08800000000000e+01	4.23386037343260e+00
1.08900000000000e+01	4.08653186189987e+00
1.09000000000000e+01	3.94578976768437e+00
1.09100000000000e+01	3.81121802414605e+00
1.09200000000000e+01	3.68247311374694e+00
1.09300000000000e+01	3.55915183479260e+00
1.09400000000000e+01	3.44094393938377e+00
1.09500000000000e+01	3.32758684024956e+00
1.09600000000000e+01	3.21875212642015e+00
1.09700000000000e+01	3.11423382348998e+00
1.09800000000000e+01	3.01375254856675e+00
1.09900000000000e+01	2.91714418613807e+00
1.10000000000000e+01	2.82419304468115e+00
1.10100000000000e+01	2.73476569439604e+00
1.10200000000000e+01	2.64870715151271e+00
1.10300000000000e+01	2.56592063123181e+00
1.10400000000000e+01	2.48627757283868e+00
1.10500000000000e+01	2.40970447884291e+00
1.10600000000000e+01	2.33616074931726e+00
1.10700000000000e+01	2.26550465845063e+00
1.10800000000000e+01	2.19769285567711e+00
1.10900000000000e+01	2.13265854208590e+00
1.11000000000000e+01	2.07028797738152e+00
1.11100000000000e+01	2.01050845196345e+00
1.11200000000000e+01	1.95318290379136e+00
1.11300000000000e+01	1.89822953150130e+00
1.11400000000000e+01	1.84553730696492e+00
1.11500000000000e+01	1.79497440502469e+00
1.11600000000000e+01	1.74641057072505e+00
1.11700000000000e+01	1.69975081606842e+00
1.11800000000000e+01	1.65485959816953e+00
1.11900000000000e+01	1.61164007068489e+00
1.12000000000000e+01	1.56997752666057e+00
1.12100000000000e+01	1.52979238165100e+00
1.12200000000000e+01	1.49099146155441e+00
1.12300000000000e+01	1.45348888184846e+00
1.12400000000000e+01	1.41721188909532e+00
1.12500000000000e+01	1.38212025314770e+00
1.12600000000000e+01	1.34813145673408e+00
1.12700000000000e+01	1.31521139790518e+00
1.12800000000000e+01	1.28330961310308e+00
1.12900000000000e+01	1.25238506896516e+00
1.13000000000000e+01	1.22239673275766e+00
1.13100000000000e+01	1.19330412602160e+00
1.13200000000000e+01	1.16507233016160e+00
1.13300000000000e+01	1.13768308560042e+00
1.13400000000000e+01	1.11107763791756e+00
1.13500000000000e+01	1.08524635363224e+00
1.13600000000000e+01	1.06014411164515e+00
1.13700000000000e+01	1.03573542425177e+00
1.13800000000000e+01	1.01202237810359e+00
1.13900000000000e+01	9.88945455820792e-01
1.14000000000000e+01	9.66502411492778e-01
1.14100000000000e+01	9.44671122541034e-01
1.14200000000000e+01	9.23410961572470e-01
1.14300000000000e+01	9.02730485018869e-01
1.14400000000000e+01	8.82600926030660e-01
1.14500000000000e+01	8.63007799058690e-01
1.14600000000000e+01	8.43937139542557e-01
1.14700000000000e+01	8.25366522463441e-01
1.14800000000000e+01	8.07277327316790e-01
1.14900000000000e+01	7.89663228632275e-01
1.15000000000000e+01	7.72512289311185e-01
1.15100000000000e+01	7.55793720462545e-01
1.15200000000000e+01	7.39501272513935e-01
1.15300000000000e+01	7.23633764182399e-01
1.15400000000000e+01	7.08162219357201e-01
1.15500000000000e+01	6.93100542303563e-01
1.15600000000000e+01	6.78434311709192e-01
1.15700000000000e+01	6.64158183543039e-01
1.15800000000000e+01	6.50286699671025e-01
1.15900000000000e+01	6.36802150738977e-01
1.16000000000000e+01	6.23707629739914e-01
1.16100000000000e+01	6.11010888417653e-01
1.16200000000000e+01	5.98695805623051e-01
1.16300000000000e+01	5.86758858505087e-01
1.16400000000000e+01	5.75186037358648e-01
1.16500000000000e+01	5.63961803226637e-01
1.16600000000000e+01	5.53074637216825e-01
1.16700000000000e+01	5.42503590185957e-01
1.16800000000000e+01	5.32218818322493e-01
1.16900000000000e+01	5.22200150208047e-01
1.17000000000000e+01	5.12430253923336e-01
1.17100000000000e+01	5.02883827048170e-01
1.17200000000000e+01	4.93541486652448e-01
1.17300000000000e+01	4.84381621115562e-01
1.17400000000000e+01	4.75395594401046e-01
1.17500000000000e+01	4.66573111333661e-01
1.17600000000000e+01	4.57904302109299e-01
1.17700000000000e+01	4.49384809984386e-01
1.17800000000000e+01	4.41026815958208e-01
1.17900000000000e+01	4.32820988853616e-01
1.18000000000000e+01	4.24777907518662e-01
1.18100000000000e+01	4.16903875018896e-01
1.18200000000000e+01	4.09206018914831e-01
1.18300000000000e+01	4.01687942610865e-01
1.18400000000000e+01	3.94354404268405e-01
1.18500000000000e+01	3.87206279117919e-01
1.18600000000000e+01	3.80245167289813e-01
1.18700000000000e+01	3.73470165070602e-01
1.18800000000000e+01	3.66874136727585e-01
1.18900000000000e+01	3.60454252442462e-01
1.19000000000000e+01	3.54204163209765e-01
1.19100000000000e+01	3.48114321873819e-01
1.19200000000000e+01	3.42176633731736e-01
1.19300000000000e+01	3.36386705423808e-01
1.19400000000000e+01	3.30731401583862e-01
1.19500000000000e+01	3.25201747334092e-01
1.19600000000000e+01	3.19793409518119e-01
1.19700000000000e+01	3.14499027990993e-01
1.19800000000000e+01	3.09307625961345e-01
1.19900000000000e+01	3.04213779130064e-01
1.20000000000000e+01	2.99210984117158e-01
1.20100000000000e+01	2.94297154646012e-01
1.20200000000000e+01	2.89468514336445e-01
1.20300000000000e+01	2.84722364046744e-01
1.20400000000000e+01	2.80060459928652e-01
1.20500000000000e+01	2.75478680891934e-01
1.20600000000000e+01	2.70984958927948e-01
1.20700000000000e+01	2.66574733185176e-01
1.20800000000000e+01	2.62253541136253e-01
1.20900000000000e+01	2.58023066774387e-01
1.21000000000000e+01	2.53887048453166e-01
1.21100000000000e+01	2.49849755963212e-01
1.21200000000000e+01	2.45909519311967e-01
1.21300000000000e+01	2.42064937882463e-01
1.21400000000000e+01	2.38320962702251e-01
1.21500000000000e+01	2.34672881569291e-01
1.21600000000000e+01	2.31115768708058e-01
1.21700000000000e+01	2.27648646459648e-01
1.21800000000000e+01	2.24264030026059e-01
1.21900000000000e+01	2.20961386420853e-01
1.22000000000000e+01	2.17729509479340e-01
1.22100000000000e+01	2.14566955468266e-01
1.22200000000000e+01	2.11465175196960e-01
1.22300000000000e+01	2.08419190048955e-01
1.22400000000000e+01	2.05422545631140e-01
1.22500000000000e+01	2.02471116096641e-01
1.22600000000000e+01	1.99561758691958e-01
1.22700000000000e+01	1.96689252410230e-01
1.22800000000000e+01	1.93847858701630e-01
1.22900000000000e+01	1.91037137894117e-01
1.23000000000000e+01	1.88251475300552e-01
1.23100000000000e+01	1.85490411480183e-01
1.23200000000000e+01	1.82749490545598e-01
1.23300000000000e+01	1.80028414430186e-01
1.23400000000000e+01	1.77327701710952e-01
1.23500000000000e+01	1.74647266520748e-01
1.23600000000000e+01	1.71986131319416e-01
1.23700000000000e+01	1.69348527864579e-01
1.23800000000000e+01	1.66733510120777e-01
1.23900000000000e+01	1.64148231645362e-01
1.24000000000000e+01	1.61590713412974e-01
1.24100000000000e+01	1.59069022502214e-01
1.24200000000000e+01	1.56581159083439e-01
1.24300000000000e+01	1.54132432277839e-01
1.24400000000000e+01	1.51726703317800e-01
1.24500000000000e+01	1.49360562943757e-01
1.24600000000000e+01	1.47038311224303e-01
1.24700000000000e+01	1.44758507658558e-01
1.24800000000000e+01	1.42523532522453e-01
1.24900000000000e+01	1.40328896081387e-01
1.25000000000000e+01	1.38178992484140e-01
1.25100000000000e+01	1.36072026207991e-01
1.25200000000000e+01	1.34005539690795e-01
1.25300000000000e+01	1.31980032390095e-01
1.25400000000000e+01	1.29999166344362e-01
1.25500000000000e+01	1.28057998067600e-01
1.25600000000000e+01	1.26159058422434e-01
1.25700000000000e+01	1.24301188378792e-01
1.25800000000000e+01	1.22484371807383e-01
1.25900000000000e+01	1.20707679597735e-01
1.26000000000000e+01	1.18969851487919e-01
1.26100000000000e+01	1.17268550564646e-01
1.26200000000000e+01	1.15605333272345e-01
1.26300000000000e+01	1.13976075368264e-01
1.26400000000000e+01	1.12379214846156e-01
1.26500000000000e+01	1.10815163440389e-01
1.26600000000000e+01	1.09283187672756e-01
1.26700000000000e+01	1.07779353829260e-01
1.26800000000000e+01	1.06306015539952e-01
1.26900000000000e+01	1.04861225807437e-01
1.27000000000000e+01	1.03445483394758e-01
1.27100000000000e+01	1.02058688867210e-01
1.27200000000000e+01	1.00701184237900e-01
1.27300000000000e+01	9.93719835968610e-02
1.27400000000000e+01	9.80729438839486e-02
1.27500000000000e+01	9.68023720993604e-02
1.27600000000000e+01	9.55616648544494e-02
1.27700000000000e+01	9.43484696373939e-02
1.27800000000000e+01	9.31629356527277e-02
1.27900000000000e+01	9.20034972924579e-02
1.28000000000000e+01	9.08701082985501e-02
1.28100000000000e+01	8.97608066848291e-02
1.28200000000000e+01	8.86753820471944e-02
1.28300000000000e+01	8.76113262008635e-02
1.28400000000000e+01	8.65693147770314e-02
1.28500000000000e+01	8.55480740160519e-02
1.28600000000000e+01	8.45457137855430e-02
1.28700000000000e+01	8.35636450045364e-02
1.28800000000000e+01	8.25990514929876e-02
1.28900000000000e+01	8.16529587119674e-02
1.29000000000000e+01	8.07239801479401e-02
1.29100000000000e+01	7.98120076911165e-02
1.29200000000000e+01	7.89163196579530e-02
1.29300000000000e+01	7.80368357553513e-02
1.29400000000000e+01	7.71717818500738e-02
1.29500000000000e+01	7.63221574968479e-02
1.29600000000000e+01	7.54859292286051e-02
1.29700000000000e+01	7.46640046163601e-02
1.29800000000000e+01	7.38548603932946e-02
1.29900000000000e+01	7.30588152572601e-02
1.30000000000000e+01	7.22751266365491e-02
1.30100000000000e+01	7.15043545311742e-02
1.30200000000000e+01	7.07455436111614e-02
1.30300000000000e+01	6.99994783088376e-02
1.30400000000000e+01	6.92650103446041e-02
1.30500000000000e+01	6.85420243930480e-02
1.30600000000000e+01	6.78297022796194e-02
1.30700000000000e+01	6.71269984857746e-02
1.30800000000000e+01	6.64331456290046e-02
1.30900000000000e+01	6.57473775925408e-02
1.31000000000000e+01	6.50681468589881e-02
1.31100000000000e+01	6.43957032105396e-02
1.31200000000000e+01	6.37273059659130e-02
1.31300000000000e+01	6.30634933193989e-02
1.31400000000000e+01	6.24033456497044e-02
1.31500000000000e+01	6.17469117017267e-02
1.31600000000000e+01	6.10948733042315e-02
1.31700000000000e+01	6.04465680530198e-02
1.31800000000000e+01	5.98023170950354e-02
1.31900000000000e+01	5.91643565218160e-02
1.32000000000000e+01	5.85319443420515e-02
1.32100000000000e+01	5.79055187160774e-02
1.32200000000000e+01	5.72857146072125e-02
1.32300000000000e+01	5.66728082986507e-02
1.32400000000000e+01	5.60668883684399e-02
1.32500000000000e+01	5.54673529785645e-02
1.32600000000000e+01	5.48730731837176e-02
1.32700000000000e+01	5.42852489349213e-02
1.32800000000000e+01	5.37028245173658e-02
1.32900000000000e+01	5.31255144784375e-02
1.33000000000000e+01	5.25537552193211e-02
1.33100000000000e+01	5.19866733932409e-02
1.33200000000000e+01	5.14251811261457e-02
1.33300000000000e+01	5.08691034376002e-02
1.33400000000000e+01	5.03195935118180e-02
1.33500000000000e+01	4.97771067762809e-02
1.33600000000000e+01	4.92412752317303e-02
1.33700000000000e+01	4.87127170032810e-02
1.33800000000000e+01	4.81928789691050e-02
1.33900000000000e+01	4.76811814241356e-02
1.34000000000000e+01	4.71773608278025e-02
1.34100000000000e+01	4.66820081108599e-02
1.34200000000000e+01	4.61951245833751e-02
1.34300000000000e+01	4.57156757110859e-02
1.34400000000000e+01	4.52442901235356e-02
1.34500000000000e+01	4.47803091995204e-02
1.34600000000000e+01	4.43228974014439e-02
1.34700000000000e+01	4.38720548285424e-02
1.34800000000000e+01	4.34278643938539e-02
1.34900000000000e+01	4.29888587893525e-02
1.35000000000000e+01	4.25556136087941e-02
1.35100000000000e+01	4.21269393857432e-02
1.35200000000000e+01	4.17030936308720e-02
1.35300000000000e+01	4.12836279006091e-02
1.35400000000000e+01	4.08678923036468e-02
1.35500000000000e+01	4.04552246293820e-02
1.35600000000000e+01	4.00462704626837e-02
1.35700000000000e+01	3.96392954296065e-02
1.35800000000000e+01	3.92355339195290e-02
1.35900000000000e+01	3.88331642276055e-02
1.36000000000000e+01	3.84333558540646e-02
1.36100000000000e+01	3.80352467620796e-02
1.36200000000000e+01	3.76393529409916e-02
1.36300000000000e+01	3.72450266862697e-02
1.36400000000000e+01	3.68530467768811e-02
1.36500000000000e+01	3.64638778604078e-02
1.36600000000000e+01	3.60767467515393e-02
1.36700000000000e+01	3.56928512097404e-02
1.36800000000000e+01	3.53126466628880e-02
1.36900000000000e+01	3.49363231842460e-02
1.37000000000000e+01	3.45642389919743e-02
1.37100000000000e+01	3.41969374542893e-02
1.37200000000000e+01	3.38349150494514e-02
1.37300000000000e+01	3.34793233297211e-02
1.37400000000000e+01	3.31298304521712e-02
1.37500000000000e+01	3.27871334163997e-02
1.37600000000000e+01	3.24514222308321e-02
1.37700000000000e+01	3.21223396959265e-02
1.37800000000000e+01	3.18005467594696e-02
1.37900000000000e+01	3.14856076880735e-02
1.38000000000000e+01	3.11775899534219e-02
1.38100000000000e+01	3.08754649621503e-02
1.38200000000000e+01	3.05795466049006e-02
1.38300000000000e+01	3.02888730315713e-02
1.38400000000000e+01	3.00032497982799e-02
1.38500000000000e+01	2.97223864896070e-02
1.38600000000000e+01	2.94453651376982e-02
1.38700000000000e+01	2.91719899746620e-02
1.38800000000000e+01	2.89025805533595e-02
1.38900000000000e+01	2.86360939081115e-02
1.39000000000000e+01	2.83722701795252e-02
1.39100000000000e+01	2.81114473833929e-02
1.39200000000000e+01	2.78528335554549e-02
1.39300000000000e+01	2.75964564167213e-02
1.39400000000000e+01	2.73423298527367e-02
1.39500000000000e+01	2.70904248613991e-02
1.39600000000000e+01	2.68400698572550e-02
1.39700000000000e+01	2.65918806345743e-02
1.39800000000000e+01	2.63455025766164e-02
1.39900000000000e+01	2.61010272102418e-02
1.40000000000000e+01	2.58587144758954e-02
1.40100000000000e+01	2.56180172337702e-02
1.40200000000000e+01	2.53794688636506e-02
1.40300000000000e+01	2.51432261280708e-02
1.40400000000000e+01	2.49097327653188e-02
1.40500000000000e+01	2.46786354710293e-02
1.40600000000000e+01	2.44502419568915e-02
1.40700000000000e+01	2.42250849492426e-02
1.40800000000000e+01	2.40026898700301e-02
1.40900000000000e+01	2.37831633937462e-02
1.41000000000000e+01	2.35666673710364e-02
1.41100000000000e+01	2.33533019506983e-02
1.41200000000000e+01	2.31424620688648e-02
1.41300000000000e+01	2.29344664325861e-02
1.41400000000000e+01	2.27287337410289e-02
1.41500000000000e+01	2.25248628033293e-02
1.41600000000000e+01	2.23227989830241e-02
1.41700000000000e+01	2.21221544264967e-02
1.41800000000000e+01	2.19226142467494e-02
1.41900000000000e+01	2.17242888600378e-02
1.42000000000000e+01	2.15267412511763e-02
1.42100000000000e+01	2.13299230450918e-02
1.42200000000000e+01	2.11346163357316e-02
1.42300000000000e+01	2.09401591908936e-02
1.42400000000000e+01	2.07468715084614e-02
1.42500000000000e+01	2.05554094557035e-02
1.42600000000000e+01	2.03652531939226e-02
1.42700000000000e+01	2.01773742541188e-02
1.42800000000000e+01	1.99919082178649e-02
1.42900000000000e+01	1.98083292208572e-02
1.43000000000000e+01	1.96274953541125e-02
1.43100000000000e+01	1.94490458325600e-02
1.43200000000000e+01	1.92728513109244e-02
1.43300000000000e+01	1.90991418026640e-02
1.43400000000000e+01	1.89278316723864e-02
1.43500000000000e+01	1.87588253240933e-02
1.43600000000000e+01	1.85919498252593e-02
1.43700000000000e+01	1.84270361085681e-02
1.43800000000000e+01	1.82643048613417e-02
1.43900000000000e+01	1.81036295796980e-02
1.44000000000000e+01	1.79452395493801e-02
1.44100000000000e+01	1.77885990007091e-02
1.44200000000000e+01	1.76342179937751e-02
1.44300000000000e+01	1.74817797359959e-02
1.44400000000000e+01	1.73317993679776e-02
1.44500000000000e+01	1.71836805135819e-02
1.44600000000000e+01	1.70378718428296e-02
1.44700000000000e+01	1.68941060334125e-02
1.44800000000000e+01	1.67521006789026e-02
1.44900000000000e+01	1.66124025113056e-02
1.45000000000000e+01	1.64744000068596e-02
1.45100000000000e+01	1.63383978024547e-02
1.45200000000000e+01	1.62042442332628e-02
1.45300000000000e+01	1.60716133392611e-02
1.45400000000000e+01	1.59408452046584e-02
1.45500000000000e+01	1.58114098677049e-02
1.45600000000000e+01	1.56835024646944e-02
1.45700000000000e+01	1.55569907160745e-02
1.45800000000000e+01	1.54316125794210e-02
1.45900000000000e+01	1.53079334514191e-02
1.46000000000000e+01	1.51851037425916e-02
1.46100000000000e+01	1.50632341823281e-02
1.46200000000000e+01	1.49428212695094e-02
1.46300000000000e+01	1.48232797104426e-02
1.46400000000000e+01	1.47047335936516e-02
1.46500000000000e+01	1.45875434675277e-02
1.46600000000000e+01	1.44711592158824e-02
1.46700000000000e+01	1.43559250092885e-02
1.46800000000000e+01	1.42420720743439e-02
1.46900000000000e+01	1.41293535202744e-02
1.47000000000000e+01	1.40178921814479e-02
1.47100000000000e+01	1.39076744559661e-02
1.47200000000000e+01	1.37986528402727e-02
1.47300000000000e+01	1.36909991124567e-02
1.47400000000000e+01	1.35845758321776e-02
1.47500000000000e+01	1.34794390183053e-02
1.47600000000000e+01	1.33756511888119e-02
1.47700000000000e+01	1.32729283711634e-02
1.47800000000000e+01	1.31710010522051e-02
1.47900000000000e+01	1.30703092102811e-02
1.48000000000000e+01	1.29704529571579e-02
1.48100000000000e+01	1.28711030986264e-02
1.48200000000000e+01	1.27727921097637e-02
1.48300000000000e+01	1.26748735219640e-02
1.48400000000000e+01	1.25775474099500e-02
1.48500000000000e+01	1.24807461960748e-02
1.48600000000000e+01	1.23844951609281e-02
1.48700000000000e+01	1.22886044988165e-02
1.48800000000000e+01	1.21931843191676e-02
1.48900000000000e+01	1.20980997659326e-02
1.49000000000000e+01	1.20037706876397e-02
1.49100000000000e+01	1.19096941583590e-02
1.49200000000000e+01	1.18162365746240e-02
1.49300000000000e+01	1.17234003344349e-02
1.49400000000000e+01	1.16312056623214e-02
1.49500000000000e+01	1.15396764536574e-02
1.49600000000000e+01	1.14489077961825e-02
1.49700000000000e+01	1.13589895097832e-02
1.49800000000000e+01	1.12699297575670e-02
1.49900000000000e+01	1.11818922460977e-02
1.50000000000000e+01	1.10946877939693e-02
1.50100000000000e+01	1.10085552786843e-02
1.50200000000000e+01	1.09231603127293e-02
1.50300000000000e+01	1.08388900539629e-02
1.50400000000000e+01	1.07556550650003e-02
1.50500000000000e+01	1.06731579831779e-02
1.50600000000000e+01	1.05916214702898e-02
1.50700000000000e+01	1.05108531258002e-02
1.50800000000000e+01	1.04307814235291e-02
1.50900000000000e+01	1.03514983599164e-02
1.51000000000000e+01	1.02727028196607e-02
1.51100000000000e+01	1.01945574399138e-02
1.51200000000000e+01	1.01170584465592e-02
1.51300000000000e+01	1.00397591761708e-02
1.51400000000000e+01	9.96320081686214e-03
1.51500000000000e+01	9.88678406606122e-03
1.51600000000000e+01	9.81078822575285e-03
1.51700000000000e+01	9.73520261980276e-03
1.51800000000000e+01	9.66024830648267e-03
1.51900000000000e+01	9.58547777167286e-03
1.52000000000000e+01	9.51133463611772e-03
1.52100000000000e+01	9.43762668174334e-03
1.52200000000000e+01	9.36458323476113e-03
1.52300000000000e+01	9.29201673353116e-03
1.52400000000000e+01	9.21988855526133e-03
1.52500000000000e+01	9.14820085693108e-03
1.52600000000000e+01	9.07686066605238e-03
1.52700000000000e+01	9.00572788436095e-03
1.52800000000000e+01	8.93490038117045e-03
1.52900000000000e+01	8.86389916149169e-03
1.53000000000000e+01	8.79266754253253e-03
1.53100000000000e+01	8.72108166996442e-03
1.53200000000000e+01	8.64899633985590e-03
1.53300000000000e+01	8.57636376696738e-03
1.53400000000000e+01	8.50273632035359e-03
1.53500000000000e+01	8.42836689011008e-03
1.53600000000000e+01	8.35318138007331e-03
1.53700000000000e+01	8.27688958841440e-03
1.53800000000000e+01	8.19978722875129e-03
1.53900000000000e+01	8.12188584320471e-03
1.54000000000000e+01	8.04321144065735e-03
1.54100000000000e+01	7.96421133342081e-03
1.54200000000000e+01	7.88478668256014e-03
1.54300000000000e+01	7.80544662142577e-03
1.54400000000000e+01	7.72627434634897e-03
1.54500000000000e+01	7.64774513365862e-03
1.54600000000000e+01	7.57009447522947e-03
1.54700000000000e+01	7.49386455866608e-03
1.54800000000000e+01	7.41915369125452e-03
1.54900000000000e+01	7.34648947369861e-03
1.55000000000000e+01	7.27606426589706e-03
1.55100000000000e+01	7.20821579904894e-03
1.55200000000000e+01	7.14312936520219e-03
1.55300000000000e+01	7.08093026495160e-03
1.55400000000000e+01	7.02148367756727e-03
1.55500000000000e+01	6.96505191998132e-03
1.55600000000000e+01	6.91121468172012e-03
1.55700000000000e+01	6.85991903620848e-03
1.55800000000000e+01	6.81108379998090e-03
1.55900000000000e+01	6.76419709208329e-03
1.56000000000000e+01	6.71892760010725e-03
1.56100000000000e+01	6.67524897239366e-03
1.56200000000000e+01	6.63252506237999e-03
1.56300000000000e+01	6.59073655351710e-03
1.56400000000000e+01	6.54950354077798e-03
1.56500000000000e+01	6.50849147702894e-03
1.56600000000000e+01	6.46753560155822e-03
1.56700000000000e+01	6.42648789667327e-03
1.56800000000000e+01	6.38520899073904e-03
1.56900000000000e+01	6.34364072945958e-03
1.57000000000000e+01	6.30155431818234e-03
1.57100000000000e+01	6.25897208369576e-03
1.57200000000000e+01	6.21597078174705e-03
1.57300000000000e+01	6.17246350250676e-03
1.57400000000000e+01	6.12849008002454e-03
1.57500000000000e+01	6.08418059683684e-03
1.57600000000000e+01	6.03958132726645e-03
1.57700000000000e+01	5.99478426910145e-03
1.57800000000000e+01	5.94989819947056e-03
1.57900000000000e+01	5.90527621363426e-03
1.58000000000000e+01	5.86085953831382e-03
1.58100000000000e+01	5.81683898129022e-03
1.58200000000000e+01	5.77340137677868e-03
1.58300000000000e+01	5.73070716235027e-03
1.58400000000000e+01	5.68891499750108e-03
1.58500000000000e+01	5.64801650973976e-03
1.58600000000000e+01	5.60825783237071e-03
1.58700000000000e+01	5.56955082073152e-03
1.58800000000000e+01	5.53188724561420e-03
1.58900000000000e+01	5.49544352051229e-03
1.59000000000000e+01	5.46004291858237e-03
1.59100000000000e+01	5.42563603721027e-03
1.59200000000000e+01	5.39211599311851e-03
1.59300000000000e+01	5.35936137373909e-03
1.59400000000000e+01	5.32736890601897e-03
1.59500000000000e+01	5.29584579722126e-03
1.59600000000000e+01	5.26472005061235e-03
1.59700000000000e+01	5.23407166849650e-03
1.59800000000000e+01	5.20363598109946e-03
1.59900000000000e+01	5.17323486390886e-03
1.60000000000000e+01	5.14317032260753e-03
1.60100000000000e+01	5.11306339813947e-03
1.60200000000000e+01	5.08303994607843e-03
1.60300000000000e+01	5.05305630869506e-03
1.60400000000000e+01	5.02315207887235e-03
1.60500000000000e+01	4.99326891089256e-03
1.60600000000000e+01	4.96344795144350e-03
1.60700000000000e+01	4.93370438554078e-03
1.60800000000000e+01	4.90389092128864e-03
1.60900000000000e+01	4.87428449572305e-03
1.61000000000000e+01	4.84477925824615e-03
1.61100000000000e+01	4.81528446553971e-03
1.61200000000000e+01	4.78598132757875e-03
1.61300000000000e+01	4.75675641797899e-03
1.61400000000000e+01	4.72776273054231e-03
1.61500000000000e+01	4.69896372157761e-03
1.61600000000000e+01	4.67023919714769e-03
1.61700000000000e+01	4.64180846381645e-03
1.61800000000000e+01	4.61355067482485e-03
1.61900000000000e+01	4.58569363611806e-03
1.62000000000000e+01	4.55801678904673e-03
1.62100000000000e+01	4.53082773788571e-03
1.62200000000000e+01	4.50394785349665e-03
1.62300000000000e+01	4.47747756688202e-03
1.62400000000000e+01	4.45141844438339e-03
1.62500000000000e+01	4.42586003872915e-03
1.62600000000000e+01	4.40069138806599e-03
1.62700000000000e+01	4.37591798952577e-03
1.62800000000000e+01	4.35156412671862e-03
1.62900000000000e+01	4.32754138710999e-03
1.63000000000000e+01	4.30386016643746e-03
1.63100000000000e+01	4.28027443207352e-03
1.63200000000000e+01	4.25698071721046e-03
1.63300000000000e+01	4.23364758114039e-03
1.63400000000000e+01	4.21030838369783e-03
1.63500000000000e+01	4.18690680282289e-03
1.63600000000000e+01	4.16331899738944e-03
1.63700000000000e+01	4.13946323429729e-03
1.63800000000000e+01	4.11526844724002e-03
1.63900000000000e+01	4.09064190229888e-03
1.64000000000000e+01	4.06560747188669e-03
1.64100000000000e+01	4.04004985577928e-03
1.64200000000000e+01	4.01405824013439e-03
1.64300000000000e+01	3.98760896097386e-03
1.64400000000000e+01	3.96068789333160e-03
1.64500000000000e+01	3.93339201703021e-03
1.64600000000000e+01	3.90578944429673e-03
1.64700000000000e+01	3.87800942476274e-03
1.64800000000000e+01	3.85006816884952e-03
1.64900000000000e+01	3.82223351885183e-03
1.65000000000000e+01	3.79457838676883e-03
1.65100000000000e+01	3.76704063465829e-03
1.65200000000000e+01	3.73988927469658e-03
1.65300000000000e+01	3.71316055515727e-03
1.65400000000000e+01	3.68694657775327e-03
1.65500000000000e+01	3.66130721019160e-03
1.65600000000000e+01	3.63625121099802e-03
1.65700000000000e+01	3.61173038148862e-03
1.65800000000000e+01	3.58784319469147e-03
1.65900000000000e+01	3.56458055666972e-03
1.66000000000000e+01	3.54201887414601e-03
1.66100000000000e+01	3.51994560275377e-03
1.66200000000000e+01	3.49851464378485e-03
1.66300000000000e+01	3.47757892678696e-03
1.66400000000000e+01	3.45722682124897e-03
1.66500000000000e+01	3.43732430568494e-03
1.66600000000000e+01	3.41795323903512e-03
1.66700000000000e+01	3.39898490972150e-03
1.66800000000000e+01	3.38050530003890e-03
1.66900000000000e+01	3.36232132426749e-03
1.67000000000000e+01	3.34451461548703e-03
1.67100000000000e+01	3.32696899093082e-03
1.67200000000000e+01	3.30973129985643e-03
1.67300000000000e+01	3.29268562031536e-03
1.67400000000000e+01	3.27582469559282e-03
1.67500000000000e+01	3.25906811348130e-03
1.67600000000000e+01	3.24244637719283e-03
1.67700000000000e+01	3.22581739138909e-03
1.67800000000000e+01	3.20918515801998e-03
1.67900000000000e+01	3.19259278638903e-03
1.68000000000000e+01	3.17587890373464e-03
1.68100000000000e+01	3.15909156949407e-03
1.68200000000000e+01	3.14227802025906e-03
1.68300000000000e+01	3.12532722329118e-03
1.68400000000000e+01	3.10828719254532e-03
1.68500000000000e+01	3.09123332008551e-03
1.68600000000000e+01	3.07409205414776e-03
1.68700000000000e+01	3.05687171902007e-03
1.68800000000000e+01	3.03968415012503e-03
1.68900000000000e+01	3.02243969462062e-03
1.69000000000000e+01	3.00530383933638e-03
1.69100000000000e+01	2.98812162620682e-03
1.69200000000000e+01	2.97099682411083e-03
1.69300000000000e+01	2.95390013572621e-03
1.69400000000000e+01	2.93689721898713e-03
1.69500000000000e+01	2.91991727494902e-03
1.69600000000000e+01	2.90305022985281e-03
1.69700000000000e+01	2.88627382394666e-03
1.69800000000000e+01	2.86964037208359e-03
1.69900000000000e+01	2.85318378485288e-03
1.70000000000000e+01	2.83687698541662e-03
1.70100000000000e+01	2.82087361827359e-03
1.70200000000000e+01	2.80514697766898e-03
1.70300000000000e+01	2.78968668103748e-03
1.70400000000000e+01	2.77457058876881e-03
1.70500000000000e+01	2.75981275844000e-03
1.70600000000000e+01	2.74543253934317e-03
1.70700000000000e+01	2.73142839024305e-03
1.70800000000000e+01	2.71771963486697e-03
1.70900000000000e+01	2.70437696339539e-03
1.71000000000000e+01	2.69138146673835e-03
1.71100000000000e+01	2.67864470000947e-03
1.71200000000000e+01	2.66613233960421e-03
1.71300000000000e+01	2.65380120648729e-03
1.71400000000000e+01	2.64170108415093e-03
1.71500000000000e+01	2.62977086795735e-03
1.71600000000000e+01	2.61788429321167e-03
1.71700000000000e+01	2.60619939291136e-03
1.71800000000000e+01	2.59450015605734e-03
1.71900000000000e+01	2.58300518585278e-03
1.72000000000000e+01	2.57149990236875e-03
1.72100000000000e+01	2.56011746641326e-03
1.72200000000000e+01	2.54881761660969e-03
1.72300000000000e+01	2.53752121851782e-03
1.72400000000000e+01	2.52636670160691e-03
1.72500000000000e+01	2.51521943140295e-03
1.72600000000000e+01	2.50415453849464e-03
1.72700000000000e+01	2.49312213629018e-03
1.72800000000000e+01	2.48214248484134e-03
1.72900000000000e+01	2.47119365770661e-03
1.73000000000000e+01	2.46026575674937e-03
1.73100000000000e+01	2.44939337959459e-03
1.73200000000000e+01	2.43858123941891e-03
1.73300000000000e+01	2.42770476063696e-03
1.73400000000000e+01	2.41683823295726e-03
1.73500000000000e+01	2.40602724915320e-03
1.73600000000000e+01	2.39519582312301e-03
1.73700000000000e+01	2.38434245206603e-03
1.73800000000000e+01	2.37349918657963e-03
1.73900000000000e+01	2.36264321575402e-03
1.74000000000000e+01	2.35182798643009e-03
1.74100000000000e+01	2.34097851824234e-03
1.74200000000000e+01	2.33014754621335e-03
1.74300000000000e+01	2.31928241815654e-03
1.74400000000000e+01	2.30849198338512e-03
1.74500000000000e+01	2.29766761282688e-03
1.74600000000000e+01	2.28686387706026e-03
1.74700000000000e+01	2.27610721332848e-03
1.74800000000000e+01	2.26531037950958e-03
1.74900000000000e+01	2.25448384917551e-03
1.75000000000000e+01	2.24369202051615e-03
1.75100000000000e+01	2.23291672664531e-03
1.75200000000000e+01	2.22207298377924e-03
1.75300000000000e+01	2.21119775932564e-03
1.75400000000000e+01	2.20023069736589e-03
1.75500000000000e+01	2.18931599044077e-03
1.75600000000000e+01	2.17827206102969e-03
1.75700000000000e+01	2.16721405614121e-03
1.75800000000000e+01	2.15607092100764e-03
1.75900000000000e+01	2.14493584681895e-03
1.76000000000000e+01	2.13373042807110e-03
1.76100000000000e+01	2.12259713494708e-03
1.76200000000000e+01	2.11138573366335e-03
1.76300000000000e+01	2.10028451660048e-03
1.76400000000000e+01	2.08916091759184e-03
1.76500000000000e+01	2.07812400693870e-03
1.76600000000000e+01	2.06719138600157e-03
1.76700000000000e+01	2.05633672160828e-03
1.76800000000000e+01	2.04557819610151e-03
1.76900000000000e+01	2.03496012711195e-03
1.77000000000000e+01	2.02440678109397e-03
1.77100000000000e+01	2.01397653133239e-03
1.77200000000000e+01	2.00361387168015e-03
1.77300000000000e+01	1.99334647808103e-03
1.77400000000000e+01	1.98318723796876e-03
1.77500000000000e+01	1.97303503364135e-03
1.77600000000000e+01	1.96300440972969e-03
1.77700000000000e+01	1.95297760859279e-03
1.77800000000000e+01	1.94302308995134e-03
1.77900000000000e+01	1.93311434233878e-03
1.78000000000000e+01	1.92315992451582e-03
1.78100000000000e+01	1.91327411600915e-03
1.78200000000000e+01	1.90339730493613e-03
1.78300000000000e+01	1.89347788698607e-03
1.78400000000000e+01	1.88359053269794e-03
1.78500000000000e+01	1.87371693640424e-03
1.78600000000000e+01	1.86385573459752e-03
1.78700000000000e+01	1.85396968006374e-03
1.78800000000000e+01	1.84407815771513e-03
1.78900000000000e+01	1.83422722116497e-03
1.79000000000000e+01	1.82439646846324e-03
1.79100000000000e+01	1.81454009381235e-03
1.79200000000000e+01	1.80465919195450e-03
1.79300000000000e+01	1.79482087245346e-03
1.79400000000000e+01	1.78491747560328e-03
1.79500000000000e+01	1.77500310433046e-03
1.79600000000000e+01	1.76505719511817e-03
1.79700000000000e+01	1.75511722186150e-03
1.79800000000000e+01	1.74510350799532e-03
1.79900000000000e+01	1.73514118206028e-03
1.80000000000000e+01	1.72517629609477e-03
1.80100000000000e+01	1.71530897427591e-03
1.80200000000000e+01	1.70548630506553e-03
1.80300000000000e+01	1.69581906995897e-03
1.80400000000000e+01	1.68633262441175e-03
1.80500000000000e+01	1.67702215073579e-03
1.80600000000000e+01	1.66792327194086e-03
1.80700000000000e+01	1.65915047941410e-03
1.80800000000000e+01	1.65059731711900e-03
1.80900000000000e+01	1.64233469293874e-03
1.81000000000000e+01	1.63433576832325e-03
1.81100000000000e+01	1.62658306488839e-03
1.81200000000000e+01	1.61909440079847e-03
1.81300000000000e+01	1.61181622468578e-03
1.81400000000000e+01	1.60464511652053e-03
1.81500000000000e+01	1.59765698231190e-03
1.81600000000000e+01	1.59076071590338e-03
1.81700000000000e+01	1.58394439453309e-03
1.81800000000000e+01	1.57713582461589e-03
1.81900000000000e+01	1.57038462194584e-03
1.82000000000000e+01	1.56364153783570e-03
1.82100000000000e+01	1.55684453507845e-03
1.82200000000000e+01	1.55003854539795e-03
1.82300000000000e+01	1.54318810749074e-03
1.82400000000000e+01	1.53628696167379e-03
1.82500000000000e+01	1.52931454000022e-03
1.82600000000000e+01	1.52230281250872e-03
1.82700000000000e+01	1.51523873975761e-03
1.82800000000000e+01	1.50809123678111e-03
1.82900000000000e+01	1.50087271303033e-03
1.83000000000000e+01	1.49368506678144e-03
1.83100000000000e+01	1.48640228547665e-03
1.83200000000000e+01	1.47914082027352e-03
1.83300000000000e+01	1.47187824406495e-03
1.83400000000000e+01	1.46461049841413e-03
1.83500000000000e+01	1.45741992710996e-03
1.83600000000000e+01	1.45025914215717e-03
1.83700000000000e+01	1.44319567630448e-03
1.83800000000000e+01	1.43623180941865e-03
1.83900000000000e+01	1.42940498347106e-03
1.84000000000000e+01	1.42269328040126e-03
1.84100000000000e+01	1.41615886102205e-03
1.84200000000000e+01	1.40981249219784e-03
1.84300000000000e+01	1.40363166655095e-03
1.84400000000000e+01	1.39765146360000e-03
1.84500000000000e+01	1.39186319218930e-03
1.84600000000000e+01	1.38627098766276e-03
1.84700000000000e+01	1.38085333741445e-03
1.84800000000000e+01	1.37559443026290e-03
1.84900000000000e+01	1.37047067039292e-03
1.85000000000000e+01	1.36548506702880e-03
1.85100000000000e+01	1.36059203748193e-03
1.85200000000000e+01	1.35576453825646e-03
1.85300000000000e+01	1.35100529770073e-03
1.85400000000000e+01	1.34626657485663e-03
1.85500000000000e+01	1.34152750970188e-03
1.85600000000000e+01	1.33676630421104e-03
1.85700000000000e+01	1.33199586815600e-03
1.85800000000000e+01	1.32718089585836e-03
1.85900000000000e+01	1.32230644584956e-03
1.86000000000000e+01	1.31739155693020e-03
1.86100000000000e+01	1.31241442281535e-03
1.86200000000000e+01	1.30737597220761e-03
1.86300000000000e+01	1.30229531055184e-03
1.86400000000000e+01	1.29714080509198e-03
1.86500000000000e+01	1.29195756539481e-03
1.86600000000000e+01	1.28675538416371e-03
1.86700000000000e+01	1.28150050405653e-03
1.86800000000000e+01	1.27623810793475e-03
1.86900000000000e+01	1.27095376117444e-03
1.87000000000000e+01	1.26568044978846e-03
1.87100000000000e+01	1.26039931843522e-03
1.87200000000000e+01	1.25511017788501e-03
1.87300000000000e+01	1.24981997830764e-03
1.87400000000000e+01	1.24452504453924e-03
1.87500000000000e+01	1.23924743590418e-03
1.87600000000000e+01	1.23396247799133e-03
1.87700000000000e+01	1.22868977820540e-03
1.87800000000000e+01	1.22338952981226e-03
1.87900000000000e+01	1.21809173967305e-03
1.88000000000000e+01	1.21279832023178e-03
1.88100000000000e+01	1.20746791817933e-03
1.88200000000000e+01	1.20212833587403e-03
1.88300000000000e+01	1.19676178570412e-03
1.88400000000000e+01	1.19136088796869e-03
1.88500000000000e+01	1.18594417885646e-03
1.88600000000000e+01	1.18048720836359e-03
1.88700000000000e+01	1.17498173595725e-03
1.88800000000000e+01	1.16943224467939e-03
1.88900000000000e+01	1.16385162588337e-03
1.89000000000000e+01	1.15821830810062e-03
1.89100000000000e+01	1.15253146468347e-03
1.89200000000000e+01	1.14679837789485e-03
1.89300000000000e+01	1.14103652504982e-03
1.89400000000000e+01	1.13523663929710e-03
1.89500000000000e+01	1.12940668874979e-03
1.89600000000000e+01	1.12357380055070e-03
1.89700000000000e+01	1.11772771114091e-03
1.89800000000000e+01	1.11188435576447e-03
1.89900000000000e+01	1.10606001981582e-03
1.90000000000000e+01	1.10025739176952e-03
1.90100000000000e+01	1.09450608936967e-03
1.90200000000000e+01	1.08879341071005e-03
1.90300000000000e+01	1.08313332951441e-03
1.90400000000000e+01	1.07749280271175e-03
1.90500000000000e+01	1.07189185622973e-03
1.90600000000000e+01	1.06630309685099e-03
1.90700000000000e+01	1.06072635934396e-03
1.90800000000000e+01	1.05512101688063e-03
1.90900000000000e+01	1.04950038971434e-03
1.91000000000000e+01	1.04384516596579e-03
1.91100000000000e+01	1.03817607005779e-03
1.91200000000000e+01	1.03246910797004e-03
1.91300000000000e+01	1.02678299919420e-03
1.91400000000000e+01	1.02113083593048e-03
1.91500000000000e+01	1.01556592325616e-03
1.91600000000000e+01	1.01010632533327e-03
1.91700000000000e+01	1.00482200063805e-03
1.91800000000000e+01	9.99734397847742e-04
1.91900000000000e+01	9.94900341786866e-04
1.92000000000000e+01	9.90306842159681e-04
1.92100000000000e+01	9.85989000762257e-04
1.92200000000000e+01	9.81952367579806e-04
1.92300000000000e+01	9.78145126710201e-04
1.92400000000000e+01	9.74577222780414e-04
1.92500000000000e+01	9.71178450086275e-04
1.92600000000000e+01	9.67964023603261e-04
1.92700000000000e+01	9.64845891973032e-04
1.92800000000000e+01	9.61819768014923e-04
1.92900000000000e+01	9.58818926947631e-04
1.93000000000000e+01	9.55861705593207e-04
1.93100000000000e+01	9.52879240182981e-04
1.93200000000000e+01	9.49885953549169e-04
1.93300000000000e+01	9.46842143137999e-04
1.93400000000000e+01	9.43768106304288e-04
1.93500000000000e+01	9.40662643839127e-04
1.93600000000000e+01	9.37490879235747e-04
1.93700000000000e+01	9.34282671528689e-04
1.93800000000000e+01	9.31029585827350e-04
1.93900000000000e+01	9.27745317513524e-04
1.94000000000000e+01	9.24399582162462e-04
1.94100000000000e+01	9.21030563475700e-04
1.94200000000000e+01	9.17619620081138e-04
1.94300000000000e+01	9.14171185682918e-04
1.94400000000000e+01	9.10684868315199e-04
1.94500000000000e+01	9.07179065328749e-04
1.94600000000000e+01	9.03636982639243e-04
1.94700000000000e+01	9.00066248484385e-04
1.94800000000000e+01	8.96476416035742e-04
1.94900000000000e+01	8.92840328817423e-04
1.95000000000000e+01	8.89191932468982e-04
1.95100000000000e+01	8.85514410608440e-04
1.95200000000000e+01	8.81827285251722e-04
1.95300000000000e+01	8.78097918985267e-04
1.95400000000000e+01	8.74356096821336e-04
1.95500000000000e+01	8.70591713465631e-04
1.95600000000000e+01	8.66810949176923e-04
1.95700000000000e+01	8.63021284571656e-04
1.95800000000000e+01	8.59211352921073e-04
1.95900000000000e+01	8.55400241634421e-04
1.96000000000000e+01	8.51597434098331e-04
1.96100000000000e+01	8.47782731058162e-04
1.96200000000000e+01	8.43984010937506e-04
1.96300000000000e+01	8.40182217602011e-04
1.96400000000000e+01	8.36400239241946e-04
1.96500000000000e+01	8.32647321451363e-04
1.96600000000000e+01	8.28893462041752e-04
1.96700000000000e+01	8.25168413065264e-04
1.96800000000000e+01	8.21459032916659e-04
1.96900000000000e+01	8.17762316466454e-04
1.97000000000000e+01	8.14086223827646e-04
1.97100000000000e+01	8.10420131897208e-04
1.97200000000000e+01	8.06774112062632e-04
1.97300000000000e+01	8.03122974459571e-04
1.97400000000000e+01	7.99494378882624e-04
1.97500000000000e+01	7.95862137031493e-04
1.97600000000000e+01	7.92256523410892e-04
1.97700000000000e+01	7.88678739215083e-04
1.97800000000000e+01	7.85153125491879e-04
1.97900000000000e+01	7.81703526177755e-04
1.98000000000000e+01	7.78377335199280e-04
1.98100000000000e+01	7.75280466580443e-04
1.98200000000000e+01	7.72488424840662e-04
1.98300000000000e+01	7.70163768661438e-04
1.98400000000000e+01	7.68490962312776e-04
1.98500000000000e+01	7.67709631985866e-04
1.98600000000000e+01	7.68118552554586e-04
1.98700000000000e+01	7.70050862345003e-04
1.98800000000000e+01	7.73888099113556e-04
1.98900000000000e+01	7.80024204841183e-04
1.99000000000000e+01	7.88859875822007e-04
1.99100000000000e+01	8.00724853832418e-04
1.99200000000000e+01	8.15856458214388e-04
1.99300000000000e+01	8.34248060059799e-04
1.99400000000000e+01	8.55524091267734e-04
1.99500000000000e+01	8.78700588369166e-04
1.99600000000000e+01	9.01842149705365e-04
1.99700000000000e+01	9.21639544194517e-04
1.99800000000000e+01	9.32872152107540e-04
1.99900000000000e+01	9.28031357782626e-04
2.00000000000000e+01	8.97318386461526e-04
