1.00000000000000e-02	4.72832655796874e+15
2.00000000000000e-02	2.95498034152680e+14
3.00000000000000e-02	5.83624398850783e+13
4.00000000000000e-02	1.84629428233875e+13
5.00000000000000e-02	7.56066735632128e+12
6.00000000000000e-02	3.64512672483454e+12
7.00000000000000e-02	1.96689554356223e+12
8.00000000000000e-02	1.15251457954744e+12
9.00000000000000e-02	7.19193942777075e+11
1.00000000000000e-01	4.71633149065789e+11
1.10000000000000e-01	3.21957933254154e+11
1.20000000000000e-01	2.27188956112230e+11
1.30000000000000e-01	1.64838402244096e+11
1.40000000000000e-01	1.22466907650600e+11
1.50000000000000e-01	9.28624208146410e+10
1.60000000000000e-01	7.16763353880772e+10
1.70000000000000e-01	5.61940756771069e+10
1.80000000000000e-01	4.46685631545851e+10
1.90000000000000e-01	3.59467385510275e+10
2.00000000000000e-01	2.92491273741665e+10
2.10000000000000e-01	2.40375486267891e+10
2.20000000000000e-01	1.99339137181577e+10
2.30000000000000e-01	1.66670265207955e+10
2.40000000000000e-01	1.40407610583673e+10
2.50000000000000e-01	1.19100772262481e+10
2.60000000000000e-01	1.01671711292629e+10
2.70000000000000e-01	8.73024592961013e+09
2.80000000000000e-01	7.53745826737809e+09
2.90000000000000e-01	6.54040987816659e+09
3.00000000000000e-01	5.70207865377070e+09
3.10000000000000e-01	4.99306081813392e+09
3.20000000000000e-01	4.39013696749366e+09
3.30000000000000e-01	3.87497101430196e+09
3.40000000000000e-01	3.43261634645268e+09
3.50000000000000e-01	3.05115634261874e+09
3.60000000000000e-01	2.72077323301330e+09
3.70000000000000e-01	2.43352938562576e+09
3.80000000000000e-01	2.18285183122021e+09
3.90000000000000e-01	1.96329857114930e+09
4.00000000000000e-01	1.77037307200255e+09
4.10000000000000e-01	1.60029393061014e+09
4.20000000000000e-01	1.44991507121374e+09
4.30000000000000e-01	1.31656290655973e+09
4.40000000000000e-01	1.19801179246853e+09
4.50000000000000e-01	1.09229587984331e+09
4.60000000000000e-01	9.97810570841358e+08
4.70000000000000e-01	9.13169583812178e+08
4.80000000000000e-01	8.37177309813815e+08
4.90000000000000e-01	7.68776409785271e+08
5.00000000000000e-01	7.07093128797412e+08
5.10000000000000e-01	6.51347189778742e+08
5.20000000000000e-01	6.00899917035218e+08
5.30000000000000e-01	5.55121070551106e+08
5.40000000000000e-01	5.13528369992900e+08
5.50000000000000e-01	4.75677265598038e+08
5.60000000000000e-01	4.41154431888023e+08
5.70000000000000e-01	4.09627466505470e+08
5.80000000000000e-01	3.80805413035697e+08
5.90000000000000e-01	3.54393966957200e+08
6.00000000000000e-01	3.30170039608682e+08
6.10000000000000e-01	3.07915249208033e+08
6.20000000000000e-01	2.87447519746296e+08
6.30000000000000e-01	2.68597641094165e+08
6.40000000000000e-01	2.51222003551306e+08
6.50000000000000e-01	2.35173694307695e+08
6.60000000000000e-01	2.20341272797520e+08
6.70000000000000e-01	2.06608291674706e+08
6.80000000000000e-01	1.93892525637375e+08
6.90000000000000e-01	1.82100734343957e+08
7.00000000000000e-01	1.71153105864528e+08
7.10000000000000e-01	1.60979477376952e+08
7.20000000000000e-01	1.51512189862100e+08
7.30000000000000e-01	1.42702040115220e+08
7.40000000000000e-01	1.34487691451785e+08
7.50000000000000e-01	1.26828690015049e+08
7.60000000000000e-01	1.19675067781918e+08
7.70000000000000e-01	1.12992363975421e+08
7.80000000000000e-01	1.06742095575469e+08
7.90000000000000e-01	1.00893055799107e+08
8.00000000000000e-01	9.54141428991562e+07
8.10000000000000e-01	9.02769804288099e+07
8.20000000000000e-01	8.54600377355013e+07
8.30000000000000e-01	8.09366589868873e+07
8.40000000000000e-01	7.66900420349939e+07
8.50000000000000e-01	7.26952504581268e+07
8.60000000000000e-01	6.89385148955054e+07
8.70000000000000e-01	6.54017889881470e+07
8.80000000000000e-01	6.20694914966814e+07
8.90000000000000e-01	5.89302516404252e+07
9.00000000000000e-01	5.59690581373815e+07
9.10000000000000e-01	5.31744201473186e+07
9.20000000000000e-01	5.05359245449383e+07
9.30000000000000e-01	4.80437534626523e+07
9.40000000000000e-01	4.56880840772752e+07
9.50000000000000e-01	4.34592343535867e+07
9.60000000000000e-01	4.13499091280934e+07
9.70000000000000e-01	3.93532169534208e+07
9.80000000000000e-01	3.74620429343953e+07
9.90000000000000e-01	3.56689523449657e+07
1.00000000000000e+00	3.39698357254785e+07
1.01000000000000e+00	3.23568324522158e+07
1.02000000000000e+00	3.08254670479873e+07
1.03000000000000e+00	2.93721915321959e+07
1.04000000000000e+00	2.79910542810253e+07
1.05000000000000e+00	2.66783240333610e+07
1.06000000000000e+00	2.54296777768712e+07
1.07000000000000e+00	2.42426140549088e+07
1.08000000000000e+00	2.31123068183842e+07
1.09000000000000e+00	2.20356769801073e+07
1.10000000000000e+00	2.10106217579635e+07
1.11000000000000e+00	2.00333329456662e+07
1.12000000000000e+00	1.91012504308861e+07
1.13000000000000e+00	1.82122541346375e+07
1.14000000000000e+00	1.73638252108868e+07
1.15000000000000e+00	1.65536114005891e+07
1.16000000000000e+00	1.57792958411731e+07
1.17000000000000e+00	1.50392890343702e+07
1.18000000000000e+00	1.43312783846835e+07
1.19000000000000e+00	1.36537106991011e+07
1.20000000000000e+00	1.30049142639656e+07
1.21000000000000e+00	1.23830504636853e+07
1.22000000000000e+00	1.17865732941868e+07
1.23000000000000e+00	1.12145559528439e+07
1.24000000000000e+00	1.06648251731255e+07
1.25000000000000e+00	1.01366852381676e+07
1.26000000000000e+00	9.62812735169433e+06
1.27000000000000e+00	9.13869429803672e+06
1.28000000000000e+00	8.66640615941177e+06
1.29000000000000e+00	8.21086073815882e+06
1.30000000000000e+00	7.77052330003732e+06
1.31000000000000e+00	7.34497209107261e+06
1.32000000000000e+00	6.93343489859944e+06
1.33000000000000e+00	6.53541759753461e+06
1.34000000000000e+00	6.15060415031485e+06
1.35000000000000e+00	5.77910376930717e+06
1.36000000000000e+00	5.42096991135206e+06
1.37000000000000e+00	5.07665009837001e+06
1.38000000000000e+00	4.74646112841038e+06
1.39000000000000e+00	4.43096581279484e+06
1.40000000000000e+00	4.13089412016636e+06
1.41000000000000e+00	3.84675361685360e+06
1.42000000000000e+00	3.57919734591984e+06
1.43000000000000e+00	3.32883536300348e+06
1.44000000000000e+00	3.09627663399056e+06
1.45000000000000e+00	2.88196737383616e+06
1.46000000000000e+00	2.68646054247083e+06
1.47000000000000e+00	2.51000331776097e+06
1.48000000000000e+00	2.35302861174549e+06
1.49000000000000e+00	2.21561581059717e+06
1.50000000000000e+00	2.09777284687667e+06
1.51000000000000e+00	1.99926951630811e+06
1.52000000000000e+00	1.91956721550909e+06
1.53000000000000e+00	1.85790614637992e+06
1.54000000000000e+00	1.81306179272087e+06
1.55000000000000e+00	1.78352722225833e+06
1.56000000000000e+00	1.76759309509173e+06
1.57000000000000e+00	1.76316192287872e+06
1.58000000000000e+00	1.76795494263442e+06
1.59000000000000e+00	1.77951664412094e+06
1.60000000000000e+00	1.79526222853538e+06
1.61000000000000e+00	1.81262546987050e+06
1.62000000000000e+00	1.82891146218420e+06
1.63000000000000e+00	1.84152883958121e+06
1.64000000000000e+00	1.84796363437536e+06
1.65000000000000e+00	1.84612161066205e+06
1.66000000000000e+00	1.83415543620261e+06
1.67000000000000e+00	1.81095805539592e+06
1.68000000000000e+00	1.77585527102762e+06
1.69000000000000e+00	1.72893257421315e+06
1.70000000000000e+00	1.67071746810149e+06
1.71000000000000e+00	1.60240950297983e+06
1.72000000000000e+00	1.52558678664844e+06
1.73000000000000e+00	1.44238523420257e+06
1.74000000000000e+00	1.35522794964219e+06
1.75000000000000e+00	1.26615824830029e+06
1.76000000000000e+00	1.17670224778656e+06
1.77000000000000e+00	1.08714348026058e+06
1.78000000000000e+00	9.96736264558845e+05
1.79000000000000e+00	9.03739512172403e+05
1.80000000000000e+00	8.06033525453800e+05
1.81000000000000e+00	7.01971937981839e+05
1.82000000000000e+00	5.91317199824509e+05
1.83000000000000e+00	4.75813019724739e+05
1.84000000000000e+00	3.59324989465840e+05
1.85000000000000e+00	2.47636198747666e+05
1.86000000000000e+00	1.47860041448993e+05
1.87000000000000e+00	6.81745738066810e+04
1.88000000000000e+00	1.75515244146320e+04
1.89000000000000e+00	5.60376419163971e+03
1.90000000000000e+00	4.23820644940814e+04
1.91000000000000e+00	1.38063248972862e+05
1.92000000000000e+00	3.02502406256732e+05
1.93000000000000e+00	5.44625404991684e+05
1.94000000000000e+00	8.71649817947975e+05
1.95000000000000e+00	1.28822900391477e+06
1.96000000000000e+00	1.79567119860811e+06
1.97000000000000e+00	2.39134834920499e+06
1.98000000000000e+00	3.06843737144470e+06
1.99000000000000e+00	3.81622298910638e+06
2.00000000000000e+00	4.62025573655063e+06
2.01000000000000e+00	5.46321699746751e+06
2.02000000000000e+00	6.32562438312219e+06
2.03000000000000e+00	7.18661213988969e+06
2.04000000000000e+00	8.02457759395582e+06
2.05000000000000e+00	8.81857655637397e+06
2.06000000000000e+00	9.54845664354863e+06
2.07000000000000e+00	1.01955915031588e+07
2.08000000000000e+00	1.07432413494424e+07
2.09000000000000e+00	1.11755957320425e+07
2.10000000000000e+00	1.14787043907166e+07
2.11000000000000e+00	1.16413513680739e+07
2.12000000000000e+00	1.16571899083055e+07
2.13000000000000e+00	1.15283702795602e+07
2.14000000000000e+00	1.12685019302840e+07
2.15000000000000e+00	1.09008209887729e+07
2.16000000000000e+00	1.04558015078895e+07
2.17000000000000e+00	9.96309200965491e+06
2.18000000000000e+00	9.44738235960876e+06
2.19000000000000e+00	8.92339725161023e+06
2.20000000000000e+00	8.39778432639887e+06
2.21000000000000e+00	7.87064634489548e+06
2.22000000000000e+00	7.34009244203012e+06
2.23000000000000e+00	6.80718367094320e+06
2.24000000000000e+00	6.27771425095064e+06
2.25000000000000e+00	5.76388705010311e+06
2.26000000000000e+00	5.28095066175955e+06
2.27000000000000e+00	4.84352369369879e+06
2.28000000000000e+00	4.46252210678842e+06
2.29000000000000e+00	4.14315757013039e+06
2.30000000000000e+00	3.88496346594676e+06
2.31000000000000e+00	3.68267737282428e+06
2.32000000000000e+00	3.52758038746637e+06
2.33000000000000e+00	3.40870540511965e+06
2.34000000000000e+00	3.31374667696743e+06
2.35000000000000e+00	3.23076366467754e+06
2.36000000000000e+00	3.14887689828429e+06
2.37000000000000e+00	3.05950144457588e+06
2.38000000000000e+00	2.95690781178123e+06
2.39000000000000e+00	2.83796664926660e+06
2.40000000000000e+00	2.70204920628726e+06
2.41000000000000e+00	2.55059086758111e+06
2.42000000000000e+00	2.38703360673162e+06
2.43000000000000e+00	2.21627743601307e+06
2.44000000000000e+00	2.04411306238397e+06
2.45000000000000e+00	1.87673416661046e+06
2.46000000000000e+00	1.71971763599700e+06
2.47000000000000e+00	1.57800256133609e+06
2.48000000000000e+00	1.45515368201394e+06
2.49000000000000e+00	1.35346607076009e+06
2.50000000000000e+00	1.27362556088731e+06
2.51000000000000e+00	1.21480490423547e+06
2.52000000000000e+00	1.17462102813923e+06
2.53000000000000e+00	1.14946474669955e+06
2.54000000000000e+00	1.13487561383849e+06
2.55000000000000e+00	1.12616992074924e+06
2.56000000000000e+00	1.11895625224149e+06
2.57000000000000e+00	1.10960795652635e+06
2.58000000000000e+00	1.09556980681869e+06
2.59000000000000e+00	1.07541225691088e+06
2.60000000000000e+00	1.04859318302622e+06
2.61000000000000e+00	1.01532475815172e+06
2.62000000000000e+00	9.76199911632155e+05
2.63000000000000e+00	9.32236696258789e+05
2.64000000000000e+00	8.85251907863865e+05
2.65000000000000e+00	8.38239952349339e+05
2.66000000000000e+00	7.95556675258684e+05
2.67000000000000e+00	7.62322076985247e+05
2.68000000000000e+00	7.43447207030869e+05
2.69000000000000e+00	7.42721700821281e+05
2.70000000000000e+00	7.62332348416040e+05
2.71000000000000e+00	8.02735735545216e+05
2.72000000000000e+00	8.62611428928790e+05
2.73000000000000e+00	9.38919222884351e+05
2.74000000000000e+00	1.02700783112156e+06
2.75000000000000e+00	1.12107990700287e+06
2.76000000000000e+00	1.21482601308592e+06
2.77000000000000e+00	1.30219907641561e+06
2.78000000000000e+00	1.37787773552749e+06
2.79000000000000e+00	1.43764449625645e+06
2.80000000000000e+00	1.47841192499918e+06
2.81000000000000e+00	1.49829576649187e+06
2.82000000000000e+00	1.49668698933751e+06
2.83000000000000e+00	1.47431131758393e+06
2.84000000000000e+00	1.43323342725439e+06
2.85000000000000e+00	1.37689623719201e+06
2.86000000000000e+00	1.30986982234436e+06
2.87000000000000e+00	1.23760884934654e+06
2.88000000000000e+00	1.16594207263434e+06
2.89000000000000e+00	1.10060448466947e+06
2.90000000000000e+00	1.04671143597918e+06
2.91000000000000e+00	1.00850696305882e+06
2.92000000000000e+00	9.88998860514532e+05
2.93000000000000e+00	9.89951306032242e+05
2.94000000000000e+00	1.01171803645742e+06
2.95000000000000e+00	1.05321025537031e+06
2.96000000000000e+00	1.11203824734104e+06
2.97000000000000e+00	1.18461989065032e+06
2.98000000000000e+00	1.26687526012570e+06
2.99000000000000e+00	1.35452116002818e+06
3.00000000000000e+00	1.44369858056762e+06
3.01000000000000e+00	1.53113697057314e+06
3.02000000000000e+00	1.61415842170196e+06
3.03000000000000e+00	1.69071710501832e+06
3.04000000000000e+00	1.75925699388524e+06
3.05000000000000e+00	1.81878641827583e+06
3.06000000000000e+00	1.86881280154035e+06
3.07000000000000e+00	1.90953118546918e+06
3.08000000000000e+00	1.94165896898968e+06
3.09000000000000e+00	1.96627249330840e+06
3.10000000000000e+00	1.98469283968287e+06
3.11000000000000e+00	1.99819993832278e+06
3.12000000000000e+00	2.00778284053809e+06
3.13000000000000e+00	2.01400341640074e+06
3.14000000000000e+00	2.01689180936112e+06
3.15000000000000e+00	2.01591831822811e+06
3.16000000000000e+00	2.01041690839608e+06
3.17000000000000e+00	1.99974881480468e+06
3.18000000000000e+00	1.98368869689201e+06
3.19000000000000e+00	1.96282671720683e+06
3.20000000000000e+00	1.93831028048196e+06
3.21000000000000e+00	1.91173947761064e+06
3.22000000000000e+00	1.88461907593776e+06
3.23000000000000e+00	1.85807021144120e+06
3.24000000000000e+00	1.83258422135544e+06
3.25000000000000e+00	1.80797358713736e+06
3.26000000000000e+00	1.78357185386920e+06
3.27000000000000e+00	1.75844333596482e+06
3.28000000000000e+00	1.73149716352560e+06
3.29000000000000e+00	1.70180878974833e+06
3.30000000000000e+00	1.66867496534862e+06
3.31000000000000e+00	1.63170781585155e+06
3.32000000000000e+00	1.59100416721282e+06
3.33000000000000e+00	1.54698025564175e+06
3.34000000000000e+00	1.50043261125754e+06
3.35000000000000e+00	1.45232759230788e+06
3.36000000000000e+00	1.40379336250284e+06
3.37000000000000e+00	1.35606676904484e+06
3.38000000000000e+00	1.31042767494228e+06
3.39000000000000e+00	1.26826289896289e+06
3.40000000000000e+00	1.23098980651604e+06
3.41000000000000e+00	1.19993691384242e+06
3.42000000000000e+00	1.17632539786417e+06
3.43000000000000e+00	1.16120074350947e+06
3.44000000000000e+00	1.15539195007281e+06
3.45000000000000e+00	1.15954690348671e+06
3.46000000000000e+00	1.17421883385865e+06
3.47000000000000e+00	1.19994566086068e+06
3.48000000000000e+00	1.23739915486651e+06
3.49000000000000e+00	1.28748090286806e+06
3.50000000000000e+00	1.35144221298388e+06
3.51000000000000e+00	1.43098224885501e+06
3.52000000000000e+00	1.52836070357341e+06
3.53000000000000e+00	1.64634590476354e+06
3.54000000000000e+00	1.78823784277472e+06
3.55000000000000e+00	1.95774172476864e+06
3.56000000000000e+00	2.15895727851183e+06
3.57000000000000e+00	2.39591036446241e+06
3.58000000000000e+00	2.67264790276069e+06
3.59000000000000e+00	2.99268763322381e+06
3.60000000000000e+00	3.35893540722041e+06
3.61000000000000e+00	3.77306995678720e+06
3.62000000000000e+00	4.23508483907757e+06
3.63000000000000e+00	4.74284551810429e+06
3.64000000000000e+00	5.29164935473006e+06
3.65000000000000e+00	5.87357520007343e+06
3.66000000000000e+00	6.47770529278648e+06
3.67000000000000e+00	7.08983937936658e+06
3.68000000000000e+00	7.69313783124493e+06
3.69000000000000e+00	8.26793893368226e+06
3.70000000000000e+00	8.79287745503314e+06
3.71000000000000e+00	9.24544203746930e+06
3.72000000000000e+00	9.60406599292779e+06
3.73000000000000e+00	9.84941752050577e+06
3.74000000000000e+00	9.96756661597941e+06
3.75000000000000e+00	9.95150264048761e+06
3.76000000000000e+00	9.80310731471542e+06
3.77000000000000e+00	9.53190732269217e+06
3.78000000000000e+00	9.15509646978195e+06
3.79000000000000e+00	8.69458846928830e+06
3.80000000000000e+00	8.17477724233791e+06
3.81000000000000e+00	7.62051579855000e+06
3.82000000000000e+00	7.05523367719486e+06
3.83000000000000e+00	6.49958988007233e+06
3.84000000000000e+00	5.97046367110256e+06
3.85000000000000e+00	5.48100616775767e+06
3.86000000000000e+00	5.03999615242783e+06
3.87000000000000e+00	4.65232035187743e+06
3.88000000000000e+00	4.31907018087153e+06
3.89000000000000e+00	4.03839694154685e+06
3.90000000000000e+00	3.80582879041522e+06
3.91000000000000e+00	3.61511347583942e+06
3.92000000000000e+00	3.45887224565381e+06
3.93000000000000e+00	3.32939801353851e+06
3.94000000000000e+00	3.21915477051948e+06
3.95000000000000e+00	3.12128679223397e+06
3.96000000000000e+00	3.03018578739859e+06
3.97000000000000e+00	2.94156590635275e+06
3.98000000000000e+00	2.85259783471249e+06
3.99000000000000e+00	2.76204667334721e+06
4.00000000000000e+00	2.66976414170178e+06
4.01000000000000e+00	2.57656642536233e+06
4.02000000000000e+00	2.48381570660313e+06
4.03000000000000e+00	2.39303464885451e+06
4.04000000000000e+00	2.30581596683511e+06
4.05000000000000e+00	2.22366480634320e+06
4.06000000000000e+00	2.14785713077975e+06
4.07000000000000e+00	2.07945455492431e+06
4.08000000000000e+00	2.01915583579397e+06
4.09000000000000e+00	1.96730019001926e+06
4.10000000000000e+00	1.92372508710611e+06
4.11000000000000e+00	1.88770781875966e+06
4.12000000000000e+00	1.85799953595888e+06
4.13000000000000e+00	1.83283136043793e+06
4.14000000000000e+00	1.81005653266045e+06
4.15000000000000e+00	1.78729053521997e+06
4.16000000000000e+00	1.76212776470450e+06
4.17000000000000e+00	1.73231428069962e+06
4.18000000000000e+00	1.69599200449285e+06
4.19000000000000e+00	1.65174542214703e+06
4.20000000000000e+00	1.59870284240127e+06
4.21000000000000e+00	1.53651595931562e+06
4.22000000000000e+00	1.46536262529620e+06
4.23000000000000e+00	1.38590902929191e+06
4.24000000000000e+00	1.29931840739124e+06
4.25000000000000e+00	1.20721501091598e+06
4.26000000000000e+00	1.11162191182818e+06
4.27000000000000e+00	1.01484267627779e+06
4.28000000000000e+00	9.19284759254783e+05
4.29000000000000e+00	8.27198235584816e+05
4.30000000000000e+00	7.40468054952504e+05
4.31000000000000e+00	6.60455535527796e+05
4.32000000000000e+00	5.87946845627466e+05
4.33000000000000e+00	5.23175157303956e+05
4.34000000000000e+00	4.65938490931913e+05
4.35000000000000e+00	4.15737845616193e+05
4.36000000000000e+00	3.71893290620952e+05
4.37000000000000e+00	3.33638715691409e+05
4.38000000000000e+00	3.00220602800862e+05
4.39000000000000e+00	2.70911355405650e+05
4.40000000000000e+00	2.45051794675198e+05
4.41000000000000e+00	2.22057307276291e+05
4.42000000000000e+00	2.01424635631165e+05
4.43000000000000e+00	1.82732092556756e+05
4.44000000000000e+00	1.65649346197675e+05
4.45000000000000e+00	1.49926674288437e+05
4.46000000000000e+00	1.35387226785023e+05
4.47000000000000e+00	1.21916554296922e+05
4.48000000000000e+00	1.09448441275226e+05
4.49000000000000e+00	9.79436851392147e+04
4.50000000000000e+00	8.73812098534235e+04
4.51000000000000e+00	7.77440193506826e+04
4.52000000000000e+00	6.90105463161958e+04
4.53000000000000e+00	6.11560144297592e+04
4.54000000000000e+00	5.41423282559795e+04
4.55000000000000e+00	4.79253882632553e+04
4.56000000000000e+00	4.24521083558358e+04
4.57000000000000e+00	3.76661998078049e+04
4.58000000000000e+00	3.35087311781908e+04
4.59000000000000e+00	2.99220347287543e+04
4.60000000000000e+00	2.68504814205786e+04
4.61000000000000e+00	2.42428364305230e+04
4.62000000000000e+00	2.20522330579978e+04
4.63000000000000e+00	2.02373374956549e+04
4.64000000000000e+00	1.87617320080052e+04
4.65000000000000e+00	1.75937478679058e+04
4.66000000000000e+00	1.67058419493123e+04
4.67000000000000e+00	1.60732184780222e+04
4.68000000000000e+00	1.56725500022572e+04
4.69000000000000e+00	1.54802129082935e+04
4.70000000000000e+00	1.54717343777166e+04
4.71000000000000e+00	1.56197579422982e+04
4.72000000000000e+00	1.58947148336238e+04
4.73000000000000e+00	1.62649583101332e+04
4.74000000000000e+00	1.66989458626049e+04
4.75000000000000e+00	1.71653635037051e+04
4.76000000000000e+00	1.76370529854959e+04
4.77000000000000e+00	1.80929904717384e+04
4.78000000000000e+00	1.85203399842613e+04
4.79000000000000e+00	1.89181916674359e+04
4.80000000000000e+00	1.92998732266241e+04
4.81000000000000e+00	1.96964985263029e+04
4.82000000000000e+00	2.01595499664869e+04
4.83000000000000e+00	2.07618963349291e+04
4.84000000000000e+00	2.15986521236404e+04
4.85000000000000e+00	2.27847913354141e+04
4.86000000000000e+00	2.44492533680279e+04
4.87000000000000e+00	2.67249256920899e+04
4.88000000000000e+00	2.97427482759391e+04
4.89000000000000e+00	3.36183273204385e+04
4.90000000000000e+00	3.84448561804137e+04
4.91000000000000e+00	4.42843864946824e+04
4.92000000000000e+00	5.11649450031493e+04
4.93000000000000e+00	5.90819710093895e+04
4.94000000000000e+00	6.79963569182553e+04
4.95000000000000e+00	7.78464677322777e+04
4.96000000000000e+00	8.85506550571265e+04
4.97000000000000e+00	1.00017978537118e+05
4.98000000000000e+00	1.12149756609572e+05
4.99000000000000e+00	1.24840630304251e+05
5.00000000000000e+00	1.37983531287238e+05
5.01000000000000e+00	1.51463007918034e+05
5.02000000000000e+00	1.65166427394877e+05
5.03000000000000e+00	1.78972247976376e+05
5.04000000000000e+00	1.92772981495120e+05
5.05000000000000e+00	2.06466831611539e+05
5.06000000000000e+00	2.19965259334917e+05
5.07000000000000e+00	2.33192742011564e+05
5.08000000000000e+00	2.46069490518124e+05
5.09000000000000e+00	2.58511472282922e+05
5.10000000000000e+00	2.70425286300239e+05
5.11000000000000e+00	2.81702430345196e+05
5.12000000000000e+00	2.92222197726316e+05
5.13000000000000e+00	3.01868588643214e+05
5.14000000000000e+00	3.10529212683617e+05
5.15000000000000e+00	3.18094797969275e+05
5.16000000000000e+00	3.24469075758712e+05
5.17000000000000e+00	3.29558031998058e+05
5.18000000000000e+00	3.33273527004288e+05
5.19000000000000e+00	3.35528273824735e+05
5.20000000000000e+00	3.36242980767178e+05
5.21000000000000e+00	3.35333135191725e+05
5.22000000000000e+00	3.32735273227217e+05
5.23000000000000e+00	3.28415648205986e+05
5.24000000000000e+00	3.22365221473181e+05
5.25000000000000e+00	3.14598428233399e+05
5.26000000000000e+00	3.05189525819272e+05
5.27000000000000e+00	2.94239783381469e+05
5.28000000000000e+00	2.81918093388354e+05
5.29000000000000e+00	2.68407493862326e+05
5.30000000000000e+00	2.53944578079523e+05
5.31000000000000e+00	2.38773255158481e+05
5.32000000000000e+00	2.23138733552297e+05
5.33000000000000e+00	2.07271779820978e+05
5.34000000000000e+00	1.91364025626971e+05
5.35000000000000e+00	1.75566530283973e+05
5.36000000000000e+00	1.59992003896718e+05
5.37000000000000e+00	1.44715710843663e+05
5.38000000000000e+00	1.29778464798808e+05
5.39000000000000e+00	1.15210427515781e+05
5.40000000000000e+00	1.01039900419672e+05
5.41000000000000e+00	8.72958190545516e+04
5.42000000000000e+00	7.40392914322759e+04
5.43000000000000e+00	6.13554342467711e+04
5.44000000000000e+00	4.93715478179524e+04
5.45000000000000e+00	3.82514573989682e+04
5.46000000000000e+00	2.81943039417395e+04
5.47000000000000e+00	1.94171762615260e+04
5.48000000000000e+00	1.21364873224936e+04
5.49000000000000e+00	6.54580510580849e+03
5.50000000000000e+00	2.78981322384359e+03
5.51000000000000e+00	9.45997195457697e+02
5.52000000000000e+00	1.01039522280881e+03
5.53000000000000e+00	2.89515384004767e+03
5.54000000000000e+00	6.43557499955248e+03
5.55000000000000e+00	1.14053887792146e+04
5.56000000000000e+00	1.75356494408622e+04
5.57000000000000e+00	2.45346336922547e+04
5.58000000000000e+00	3.21047140844037e+04
5.59000000000000e+00	3.99618626854091e+04
5.60000000000000e+00	4.78444720107732e+04
5.61000000000000e+00	5.55275675051144e+04
5.62000000000000e+00	6.28252131649005e+04
5.63000000000000e+00	6.96023113037272e+04
5.64000000000000e+00	7.57625036843633e+04
5.65000000000000e+00	8.12552055689815e+04
5.66000000000000e+00	8.60639824265066e+04
5.67000000000000e+00	9.02062785998588e+04
5.68000000000000e+00	9.37212897851177e+04
5.69000000000000e+00	9.66652990626186e+04
5.70000000000000e+00	9.91125371950725e+04
5.71000000000000e+00	1.01146046576005e+05
5.72000000000000e+00	1.02855628545944e+05
5.73000000000000e+00	1.04340151241799e+05
5.74000000000000e+00	1.05691707396152e+05
5.75000000000000e+00	1.07006638041725e+05
5.76000000000000e+00	1.08376037111958e+05
5.77000000000000e+00	1.09890530914059e+05
5.78000000000000e+00	1.11637014983352e+05
5.79000000000000e+00	1.13698864511499e+05
5.80000000000000e+00	1.16157663046581e+05
5.81000000000000e+00	1.19085117849225e+05
5.82000000000000e+00	1.22534091570850e+05
5.83000000000000e+00	1.26538829536477e+05
5.84000000000000e+00	1.31099232644206e+05
5.85000000000000e+00	1.36185505590822e+05
5.86000000000000e+00	1.41729276783208e+05
5.87000000000000e+00	1.47629446673608e+05
5.88000000000000e+00	1.53758320194850e+05
5.89000000000000e+00	1.59962329379152e+05
5.90000000000000e+00	1.66087059930342e+05
5.91000000000000e+00	1.71971854371706e+05
5.92000000000000e+00	1.77467878777522e+05
5.93000000000000e+00	1.82434021325540e+05
5.94000000000000e+00	1.86758073816049e+05
5.95000000000000e+00	1.90344887534056e+05
5.96000000000000e+00	1.93134092330794e+05
5.97000000000000e+00	1.95100668263959e+05
5.98000000000000e+00	1.96252029104261e+05
5.99000000000000e+00	1.96629517409307e+05
6.00000000000000e+00	1.96297571766585e+05
6.01000000000000e+00	1.95341533040922e+05
6.02000000000000e+00	1.93864246853564e+05
6.03000000000000e+00	1.91970604339726e+05
6.04000000000000e+00	1.89768362832045e+05
6.05000000000000e+00	1.87361087418223e+05
6.06000000000000e+00	1.84838006319060e+05
6.07000000000000e+00	1.82276574513537e+05
6.08000000000000e+00	1.79731989367151e+05
6.09000000000000e+00	1.77247893401235e+05
6.10000000000000e+00	1.74852306348001e+05
6.11000000000000e+00	1.72565108878188e+05
6.12000000000000e+00	1.70399469010086e+05
6.13000000000000e+00	1.68364977300670e+05
6.14000000000000e+00	1.66462182107873e+05
6.15000000000000e+00	1.64693647784494e+05
6.16000000000000e+00	1.63049188386912e+05
6.17000000000000e+00	1.61512544388769e+05
6.18000000000000e+00	1.60072423221016e+05
6.19000000000000e+00	1.58706381510239e+05
6.20000000000000e+00	1.57401255211327e+05
6.21000000000000e+00	1.56133697612935e+05
6.22000000000000e+00	1.54885348387811e+05
6.23000000000000e+00	1.53628458567843e+05
6.24000000000000e+00	1.52333310085788e+05
6.25000000000000e+00	1.50964255870667e+05
6.26000000000000e+00	1.49484641721986e+05
6.27000000000000e+00	1.47857526718670e+05
6.28000000000000e+00	1.46042996627026e+05
6.29000000000000e+00	1.44007457024276e+05
6.30000000000000e+00	1.41720256418891e+05
6.31000000000000e+00	1.39155370441490e+05
6.32000000000000e+00	1.36299506721619e+05
6.33000000000000e+00	1.33162255858434e+05
6.34000000000000e+00	1.29770151635996e+05
6.35000000000000e+00	1.26191483429363e+05
6.36000000000000e+00	1.22522510343557e+05
6.37000000000000e+00	1.18890773512585e+05
6.38000000000000e+00	1.15459699676594e+05
6.39000000000000e+00	1.12415970236970e+05
6.40000000000000e+00	1.09968103441404e+05
6.41000000000000e+00	1.08340546221803e+05
6.42000000000000e+00	1.07764314069489e+05
6.43000000000000e+00	1.08468704159853e+05
6.44000000000000e+00	1.10668740561737e+05
6.45000000000000e+00	1.14553368204803e+05
6.46000000000000e+00	1.20274083566867e+05
6.47000000000000e+00	1.27934324079571e+05
6.48000000000000e+00	1.37578873765075e+05
6.49000000000000e+00	1.49187801549255e+05
6.50000000000000e+00	1.62674579801699e+05
6.51000000000000e+00	1.77885065695292e+05
6.52000000000000e+00	1.94603755013915e+05
6.53000000000000e+00	2.12557258069592e+05
6.54000000000000e+00	2.31420184343601e+05
6.55000000000000e+00	2.50830976365995e+05
6.56000000000000e+00	2.70402971189912e+05
6.57000000000000e+00	2.89740228504729e+05
6.58000000000000e+00	3.08468163944189e+05
6.59000000000000e+00	3.26238754235535e+05
6.60000000000000e+00	3.42758182750622e+05
6.61000000000000e+00	3.57776671293745e+05
6.62000000000000e+00	3.71101774371658e+05
6.63000000000000e+00	3.82583856931386e+05
6.64000000000000e+00	3.92138308997488e+05
6.65000000000000e+00	3.99730078853555e+05
6.66000000000000e+00	4.05396132944083e+05
6.67000000000000e+00	4.09234441885550e+05
6.68000000000000e+00	4.11402279456057e+05
6.69000000000000e+00	4.12091189639650e+05
6.70000000000000e+00	4.11521795094960e+05
6.71000000000000e+00	4.09923968620710e+05
6.72000000000000e+00	4.07523691011614e+05
6.73000000000000e+00	4.04548558508507e+05
6.74000000000000e+00	4.01202132455655e+05
6.75000000000000e+00	3.97670258223456e+05
6.76000000000000e+00	3.94113143582346e+05
6.77000000000000e+00	3.90661186340742e+05
6.78000000000000e+00	3.87405908929754e+05
6.79000000000000e+00	3.84411396913771e+05
6.80000000000000e+00	3.81706604993216e+05
6.81000000000000e+00	3.79303130702044e+05
6.82000000000000e+00	3.77187772423008e+05
6.83000000000000e+00	3.75344909117377e+05
6.84000000000000e+00	3.73752414733512e+05
6.85000000000000e+00	3.72386013285678e+05
6.86000000000000e+00	3.71228848972132e+05
6.87000000000000e+00	3.70276262135504e+05
6.88000000000000e+00	3.69528006748927e+05
6.89000000000000e+00	3.68978251568308e+05
6.90000000000000e+00	3.68632532831969e+05
6.91000000000000e+00	3.68485010493880e+05
6.92000000000000e+00	3.68532751097786e+05
6.93000000000000e+00	3.68775205830733e+05
6.94000000000000e+00	3.69204734020425e+05
6.95000000000000e+00	3.69813880534316e+05
6.96000000000000e+00	3.70596449479602e+05
6.97000000000000e+00	3.71535491127217e+05
6.98000000000000e+00	3.72612504728398e+05
6.99000000000000e+00	3.73807848030591e+05
7.00000000000000e+00	3.75099453770443e+05
7.01000000000000e+00	3.76470156969433e+05
7.02000000000000e+00	3.77913427618805e+05
7.03000000000000e+00	3.79425037155672e+05
7.04000000000000e+00	3.81013415542878e+05
7.05000000000000e+00	3.82688128531043e+05
7.06000000000000e+00	3.84463808143876e+05
7.07000000000000e+00	3.86361808018552e+05
7.08000000000000e+00	3.88398005553572e+05
7.09000000000000e+00	3.90599305944281e+05
7.10000000000000e+00	3.93006296902828e+05
7.11000000000000e+00	3.95674006530927e+05
7.12000000000000e+00	3.98666741960521e+05
7.13000000000000e+00	4.02063794088484e+05
7.14000000000000e+00	4.05946409506566e+05
7.15000000000000e+00	4.10388760473214e+05
7.16000000000000e+00	4.15455313148556e+05
7.17000000000000e+00	4.21191358416114e+05
7.18000000000000e+00	4.27632689236656e+05
7.19000000000000e+00	4.34789521199461e+05
7.20000000000000e+00	4.42669791230748e+05
7.21000000000000e+00	4.51250031484631e+05
7.22000000000000e+00	4.60502626670903e+05
7.23000000000000e+00	4.70377608161110e+05
7.24000000000000e+00	4.80814781803335e+05
7.25000000000000e+00	4.91744590615645e+05
7.26000000000000e+00	5.03098898371275e+05
7.27000000000000e+00	5.14807258442994e+05
7.28000000000000e+00	5.26809831271555e+05
7.29000000000000e+00	5.39067994459682e+05
7.30000000000000e+00	5.51564085640450e+05
7.31000000000000e+00	5.64288035569289e+05
7.32000000000000e+00	5.77262031990359e+05
7.33000000000000e+00	5.90539670268027e+05
7.34000000000000e+00	6.04184385905131e+05
7.35000000000000e+00	6.18281767935850e+05
7.36000000000000e+00	6.32927835458263e+05
7.37000000000000e+00	6.48233864743005e+05
7.38000000000000e+00	6.64303637879325e+05
7.39000000000000e+00	6.81254380807786e+05
7.40000000000000e+00	6.99193620088110e+05
7.41000000000000e+00	7.18241860146378e+05
7.42000000000000e+00	7.38527987134340e+05
7.43000000000000e+00	7.60207893216335e+05
7.44000000000000e+00	7.83448601204448e+05
7.45000000000000e+00	8.08460997059648e+05
7.46000000000000e+00	8.35480527752465e+05
7.47000000000000e+00	8.64818396286767e+05
7.48000000000000e+00	8.96834679394859e+05
7.49000000000000e+00	9.31919665489278e+05
7.50000000000000e+00	9.70592724402709e+05
7.51000000000000e+00	1.01339358183924e+06
7.52000000000000e+00	1.06098691068114e+06
7.53000000000000e+00	1.11408457027499e+06
7.54000000000000e+00	1.17349563146251e+06
7.55000000000000e+00	1.24014380031546e+06
7.56000000000000e+00	1.31500106521011e+06
7.57000000000000e+00	1.39917380177160e+06
7.58000000000000e+00	1.49382201550859e+06
7.59000000000000e+00	1.60024393966043e+06
7.60000000000000e+00	1.71974320586350e+06
7.61000000000000e+00	1.85377406342530e+06
7.62000000000000e+00	2.00375473705164e+06
7.63000000000000e+00	2.17117183182594e+06
7.64000000000000e+00	2.35747279045484e+06
7.65000000000000e+00	2.56413347201551e+06
7.66000000000000e+00	2.79261942461001e+06
7.67000000000000e+00	3.04449455221066e+06
7.68000000000000e+00	3.32136605618172e+06
7.69000000000000e+00	3.62499190688182e+06
7.70000000000000e+00	3.95727210500853e+06
7.71000000000000e+00	4.32026930726201e+06
7.72000000000000e+00	4.71598056712069e+06
7.73000000000000e+00	5.14629170493781e+06
7.74000000000000e+00	5.61278594236601e+06
7.75000000000000e+00	6.11615174788601e+06
7.76000000000000e+00	6.65571381386191e+06
7.77000000000000e+00	7.22869853387411e+06
7.78000000000000e+00	7.82922443325817e+06
7.79000000000000e+00	8.44764198186398e+06
7.80000000000000e+00	9.06955010048215e+06
7.81000000000000e+00	9.67565523733588e+06
7.82000000000000e+00	1.02416989317710e+07
7.83000000000000e+00	1.07393296497244e+07
7.84000000000000e+00	1.11380163126098e+07
7.85000000000000e+00	1.14075468141192e+07
7.86000000000000e+00	1.15216351404147e+07
7.87000000000000e+00	1.14618862511863e+07
7.88000000000000e+00	1.12207377277355e+07
7.89000000000000e+00	1.08032973724792e+07
7.90000000000000e+00	1.02279596221272e+07
7.91000000000000e+00	9.52367093027989e+06
7.92000000000000e+00	8.72665725690308e+06
7.93000000000000e+00	7.87591082582300e+06
7.94000000000000e+00	7.00873316695754e+06
7.95000000000000e+00	6.15748891624715e+06
7.96000000000000e+00	5.34747231318320e+06
7.97000000000000e+00	4.59641300642411e+06
7.98000000000000e+00	3.91503625231805e+06
7.99000000000000e+00	3.30831532678322e+06
8.00000000000000e+00	2.77669806971902e+06
8.01000000000000e+00	2.31748244017433e+06
8.02000000000000e+00	1.92588041433321e+06
8.03000000000000e+00	1.59576598366177e+06
8.04000000000000e+00	1.32031540736454e+06
8.05000000000000e+00	1.09252170091676e+06
8.06000000000000e+00	9.05483483575798e+05
8.07000000000000e+00	7.52709883456367e+05
8.08000000000000e+00	6.28342458804344e+05
8.09000000000000e+00	5.27182172981998e+05
8.10000000000000e+00	4.44808664169778e+05
8.11000000000000e+00	3.77512647826243e+05
8.12000000000000e+00	3.22265037309729e+05
8.13000000000000e+00	2.76628742669116e+05
8.14000000000000e+00	2.38660482218517e+05
8.15000000000000e+00	2.06835733158839e+05
8.16000000000000e+00	1.79955276718602e+05
8.17000000000000e+00	1.57083480349964e+05
8.18000000000000e+00	1.37489293531907e+05
8.19000000000000e+00	1.20594414704597e+05
8.20000000000000e+00	1.05943564874961e+05
8.21000000000000e+00	9.31751036316496e+04
8.22000000000000e+00	8.19972075497120e+04
8.23000000000000e+00	7.21756167121817e+04
8.24000000000000e+00	6.35183252225323e+04
8.25000000000000e+00	5.58673490862478e+04
8.26000000000000e+00	4.90904885514089e+04
8.27000000000000e+00	4.30793633940708e+04
8.28000000000000e+00	3.77419616845078e+04
8.29000000000000e+00	3.30026046848471e+04
8.30000000000000e+00	2.87975871271262e+04
8.31000000000000e+00	2.50723566530765e+04
8.32000000000000e+00	2.17794202025795e+04
8.33000000000000e+00	1.88761683219268e+04
8.34000000000000e+00	1.63227625564601e+04
8.35000000000000e+00	1.40833627055663e+04
8.36000000000000e+00	1.21234394866399e+04
8.37000000000000e+00	1.04102177544119e+04
8.38000000000000e+00	8.91427465041433e+03
8.39000000000000e+00	7.60844119608926e+03
8.40000000000000e+00	6.46831395656180e+03
8.41000000000000e+00	5.47315710573371e+03
8.42000000000000e+00	4.60435524340146e+03
8.43000000000000e+00	3.84692928608720e+03
8.44000000000000e+00	3.18811381197031e+03
8.45000000000000e+00	2.61744279128475e+03
8.46000000000000e+00	2.12644624712986e+03
8.47000000000000e+00	1.70793402620005e+03
8.48000000000000e+00	1.35603649502595e+03
8.49000000000000e+00	1.06543349636944e+03
8.50000000000000e+00	8.31618018530345e+02
8.51000000000000e+00	6.50147849186294e+02
8.52000000000000e+00	5.17113039014477e+02
8.53000000000000e+00	4.28749763521865e+02
8.54000000000000e+00	3.81602415052798e+02
8.55000000000000e+00	3.72481153510653e+02
8.56000000000000e+00	3.98357872429711e+02
8.57000000000000e+00	4.56454286150033e+02
8.58000000000000e+00	5.44018678172392e+02
8.59000000000000e+00	6.58499114799265e+02
8.60000000000000e+00	7.97390207086015e+02
8.61000000000000e+00	9.58462736462664e+02
8.62000000000000e+00	1.13960755383726e+03
8.63000000000000e+00	1.33878773369516e+03
8.64000000000000e+00	1.55431269803197e+03
8.65000000000000e+00	1.78479623841727e+03
8.66000000000000e+00	2.02895217577812e+03
8.67000000000000e+00	2.28560063233834e+03
8.68000000000000e+00	2.55396903822536e+03
8.69000000000000e+00	2.83322566777072e+03
8.70000000000000e+00	3.12255090029085e+03
8.71000000000000e+00	3.42106402888153e+03
8.72000000000000e+00	3.72805968451392e+03
8.73000000000000e+00	4.04222783959378e+03
8.74000000000000e+00	4.36250747141609e+03
8.75000000000000e+00	4.68758248321882e+03
8.76000000000000e+00	5.01631451271471e+03
8.77000000000000e+00	5.34703502301240e+03
8.78000000000000e+00	5.67931212723033e+03
8.79000000000000e+00	6.01234593104536e+03
8.80000000000000e+00	6.34566701396668e+03
8.81000000000000e+00	6.68008186637580e+03
8.82000000000000e+00	7.01633183144719e+03
8.83000000000000e+00	7.35510172435691e+03
8.84000000000000e+00	7.69757860732394e+03
8.85000000000000e+00	8.04464049576617e+03
8.86000000000000e+00	8.39683208777607e+03
8.87000000000000e+00	8.75410785414862e+03
8.88000000000000e+00	9.11584567366963e+03
8.89000000000000e+00	9.48143384330930e+03
8.90000000000000e+00	9.84934366575467e+03
8.91000000000000e+00	1.02187947615454e+04
8.92000000000000e+00	1.05874750793895e+04
8.93000000000000e+00	1.09545375207700e+04
8.94000000000000e+00	1.13184388712948e+04
8.95000000000000e+00	1.16781474521640e+04
8.96000000000000e+00	1.20326258063147e+04
8.97000000000000e+00	1.23812985254551e+04
8.98000000000000e+00	1.27237500135686e+04
8.99000000000000e+00	1.30602129594759e+04
9.00000000000000e+00	1.33915617067525e+04
9.01000000000000e+00	1.37197006057169e+04
9.02000000000000e+00	1.40468572186637e+04
9.03000000000000e+00	1.43761588189525e+04
9.04000000000000e+00	1.47102421583232e+04
9.05000000000000e+00	1.50508616407872e+04
9.06000000000000e+00	1.53990529033730e+04
9.07000000000000e+00	1.57542364363444e+04
9.08000000000000e+00	1.61154893093606e+04
9.09000000000000e+00	1.64809310827772e+04
9.10000000000000e+00	1.68494555945522e+04
9.11000000000000e+00	1.72181665659548e+04
9.12000000000000e+00	1.75866753596790e+04
9.13000000000000e+00	1.79524404394091e+04
9.14000000000000e+00	1.83144261331977e+04
9.15000000000000e+00	1.86711564296931e+04
9.16000000000000e+00	1.90213538301909e+04
9.17000000000000e+00	1.93639236659230e+04
9.18000000000000e+00	1.96982213495082e+04
9.19000000000000e+00	2.00229290973736e+04
9.20000000000000e+00	2.03372511521989e+04
9.21000000000000e+00	2.06409247077129e+04
9.22000000000000e+00	2.09319486452432e+04
9.23000000000000e+00	2.12094960648414e+04
9.24000000000000e+00	2.14715010279800e+04
9.25000000000000e+00	2.17161190570383e+04
9.26000000000000e+00	2.19414713710027e+04
9.27000000000000e+00	2.21465285242474e+04
9.28000000000000e+00	2.23311150144954e+04
9.29000000000000e+00	2.24963869382665e+04
9.30000000000000e+00	2.26446687584793e+04
9.31000000000000e+00	2.27797706399651e+04
9.32000000000000e+00	2.29060552563953e+04
9.33000000000000e+00	2.30284877333203e+04
9.34000000000000e+00	2.31520525326471e+04
9.35000000000000e+00	2.32808067959143e+04
9.36000000000000e+00	2.34181899513703e+04
9.37000000000000e+00	2.35662534976057e+04
9.38000000000000e+00	2.37256705669504e+04
9.39000000000000e+00	2.38963155860106e+04
9.40000000000000e+00	2.40766568995529e+04
9.41000000000000e+00	2.42651365311889e+04
9.42000000000000e+00	2.44593069972098e+04
9.43000000000000e+00	2.46572394050356e+04
9.44000000000000e+00	2.48570934504996e+04
9.45000000000000e+00	2.50573045504832e+04
9.46000000000000e+00	2.52575095114690e+04
9.47000000000000e+00	2.54578155947528e+04
9.48000000000000e+00	2.56595411889481e+04
9.49000000000000e+00	2.58640411664517e+04
9.50000000000000e+00	2.60739422436855e+04
9.51000000000000e+00	2.62906125541449e+04
9.52000000000000e+00	2.65150858774358e+04
9.53000000000000e+00	2.67470772445993e+04
9.54000000000000e+00	2.69846834410876e+04
9.55000000000000e+00	2.72256298336309e+04
9.56000000000000e+00	2.74684346771124e+04
9.57000000000000e+00	2.77135993091047e+04
9.58000000000000e+00	2.79640685019313e+04
9.59000000000000e+00	2.82241531499388e+04
9.60000000000000e+00	2.84976397605032e+04
9.61000000000000e+00	2.87865546513463e+04
9.62000000000000e+00	2.90897333010305e+04
9.63000000000000e+00	2.94036587718005e+04
9.64000000000000e+00	2.97229578572687e+04
9.65000000000000e+00	3.00424239090397e+04
9.66000000000000e+00	3.03578993711302e+04
9.67000000000000e+00	3.06668042278050e+04
9.68000000000000e+00	3.09679539025753e+04
9.69000000000000e+00	3.12606190624301e+04
9.70000000000000e+00	3.15449411008602e+04
9.71000000000000e+00	3.18215279736106e+04
9.72000000000000e+00	3.20900863996582e+04
9.73000000000000e+00	3.23512079120402e+04
9.74000000000000e+00	3.26051438902274e+04
9.75000000000000e+00	3.28520716754377e+04
9.76000000000000e+00	3.30923490546776e+04
9.77000000000000e+00	3.33257200807729e+04
9.78000000000000e+00	3.35522986671126e+04
9.79000000000000e+00	3.37727320750618e+04
9.80000000000000e+00	3.39869844942136e+04
9.81000000000000e+00	3.41956743548712e+04
9.82000000000000e+00	3.43997408375348e+04
9.83000000000000e+00	3.45990747430740e+04
9.84000000000000e+00	3.47941033814310e+04
9.85000000000000e+00	3.49850013153711e+04
9.86000000000000e+00	3.51717533432111e+04
9.87000000000000e+00	3.53559178441142e+04
9.88000000000000e+00	3.55415752119526e+04
9.89000000000000e+00	3.57426291507196e+04
9.90000000000000e+00	3.59927983440463e+04
9.91000000000000e+00	3.63671191070482e+04
9.92000000000000e+00	3.70153043205677e+04
9.93000000000000e+00	3.82078141034719e+04
9.94000000000000e+00	4.04005153182795e+04
9.95000000000000e+00	4.43528496033925e+04
9.96000000000000e+00	5.13723875406508e+04
9.97000000000000e+00	6.38848304338245e+04
9.98000000000000e+00	8.67928433163541e+04
9.99000000000000e+00	1.30882762678722e+05
1.00000000000000e+01	2.22026515690407e+05
1.00100000000000e+01	4.24552364427151e+05
1.00200000000000e+01	8.28462957899013e+05
1.00300000000000e+01	1.00621859740728e+06
1.00400000000000e+01	5.22422887177203e+05
1.00500000000000e+01	2.10264436391742e+05
1.00600000000000e+01	9.05503770122898e+04
1.00700000000000e+01	4.37042676195957e+04
1.00800000000000e+01	2.34312730450315e+04
1.00900000000000e+01	1.37077690520329e+04
1.01000000000000e+01	8.60559712606775e+03
1.01100000000000e+01	5.71902353506771e+03
1.01200000000000e+01	3.98069449179851e+03
1.01300000000000e+01	2.87812805726325e+03
1.01400000000000e+01	2.14771206980399e+03
1.01500000000000e+01	1.64576150644702e+03
1.01600000000000e+01	1.28984889155907e+03
1.01700000000000e+01	1.03060125731663e+03
1.01800000000000e+01	8.37307260747051e+02
1.01900000000000e+01	6.90215613189729e+02
1.02000000000000e+01	5.76268863014413e+02
1.02100000000000e+01	4.86573692116246e+02
1.02200000000000e+01	4.14971118319113e+02
1.02300000000000e+01	3.57077621162993e+02
1.02400000000000e+01	3.09736012763126e+02
1.02500000000000e+01	2.70625267731023e+02
1.02600000000000e+01	2.38010843160289e+02
1.02700000000000e+01	2.10581551714136e+02
1.02800000000000e+01	1.87337630826206e+02
1.02900000000000e+01	1.67500060758133e+02
1.03000000000000e+01	1.50459069680024e+02
1.03100000000000e+01	1.35732411990525e+02
1.03200000000000e+01	1.22935150453638e+02
1.03300000000000e+01	1.11757518938516e+02
1.03400000000000e+01	1.01946247144058e+02
1.03500000000000e+01	9.32952777124427e+01
1.03600000000000e+01	8.56343705687114e+01
1.03700000000000e+01	7.88232918983143e+01
1.03800000000000e+01	7.27439610007299e+01
1.03900000000000e+01	6.72986329320556e+01
1.04000000000000e+01	6.24040018788627e+01
1.04100000000000e+01	5.79896914701453e+01
1.04200000000000e+01	5.39974163311311e+01
1.04300000000000e+01	5.03755795102214e+01
1.04400000000000e+01	4.70816127035501e+01
1.04500000000000e+01	4.40784498052670e+01
1.04600000000000e+01	4.13334714384468e+01
1.04700000000000e+01	3.88192517630518e+01
1.04800000000000e+01	3.65114121261154e+01
1.04900000000000e+01	3.43895100394356e+01
1.05000000000000e+01	3.24343572312601e+01
1.05100000000000e+01	3.06302958754249e+01
1.05200000000000e+01	2.89626592701265e+01
1.05300000000000e+01	2.74184453545753e+01
1.05400000000000e+01	2.59866321694886e+01
1.05500000000000e+01	2.46569892757704e+01
1.05600000000000e+01	2.34204313962585e+01
1.05700000000000e+01	2.22685506879100e+01
1.05800000000000e+01	2.11941411255787e+01
1.05900000000000e+01	2.01907037755206e+01
1.06000000000000e+01	1.92521606843932e+01
1.06100000000000e+01	1.83732977721575e+01
1.06200000000000e+01	1.75492092732705e+01
1.06300000000000e+01	1.67754947718577e+01
1.06400000000000e+01	1.60482025872408e+01
1.06500000000000e+01	1.53636738990603e+01
1.06600000000000e+01	1.47187381476734e+01
1.06700000000000e+01	1.41103325498861e+01
1.06800000000000e+01	1.35357676159235e+01
1.06900000000000e+01	1.29926444891662e+01
1.07000000000000e+01	1.24786316522913e+01
1.07100000000000e+01	1.19917351042874e+01
1.07200000000000e+01	1.15301591609601e+01
1.07300000000000e+01	1.10922579401811e+01
1.07400000000000e+01	1.06764549405460e+01
1.07500000000000e+01	1.02813531425472e+01
1.07600000000000e+01	9.90592539413287e+00
1.07700000000000e+01	9.54877239556698e+00
1.07800000000000e+01	9.20901077411551e+00
1.07900000000000e+01	8.88563813751546e+00
1.08000000000000e+01	8.57775736411951e+00
1.08100000000000e+01	8.28445548795391e+00
1.08200000000000e+01	8.00494451414754e+00
1.08300000000000e+01	7.73845624132328e+00
1.08400000000000e+01	7.48418075419248e+00
1.08500000000000e+01	7.24141763216975e+00
1.08600000000000e+01	7.00950617495537e+00
1.08700000000000e+01	6.78780010443581e+00
1.08800000000000e+01	6.57567140851417e+00
1.08900000000000e+01	6.37249284460035e+00
1.09000000000000e+01	6.17777803943768e+00
1.09100000000000e+01	5.99103632279535e+00
1.09200000000000e+01	5.81174349819370e+00
1.09300000000000e+01	5.63945627973602e+00
1.09400000000000e+01	5.47371087469455e+00
1.09500000000000e+01	5.31422706077013e+00
1.09600000000000e+01	5.16057995163422e+00
1.09700000000000e+01	5.01250417941213e+00
1.09800000000000e+01	4.86962378510161e+00
1.09900000000000e+01	4.73172456042095e+00
1.10000000000000e+01	4.59860353720497e+00
1.10100000000000e+01	4.47001690535549e+00
1.10200000000000e+01	4.34586024159702e+00
1.10300000000000e+01	4.22598488984287e+00
1.10400000000000e+01	4.11025767189772e+00
1.10500000000000e+01	3.99862336594148e+00
1.10600000000000e+01	3.89104224526781e+00
1.10700000000000e+01	3.78737722030608e+00
1.10800000000000e+01	3.68756531981309e+00
1.10900000000000e+01	3.59158395371314e+00
1.11000000000000e+01	3.49927061493349e+00
1.11100000000000e+01	3.41057431791381e+00
1.11200000000000e+01	3.32529436896055e+00
1.11300000000000e+01	3.24333925969985e+00
1.11400000000000e+01	3.16456994551083e+00
1.11500000000000e+01	3.08878004121294e+00
1.11600000000000e+01	3.01580872333658e+00
1.11700000000000e+01	2.94553818006791e+00
1.11800000000000e+01	2.87775697485883e+00
1.11900000000000e+01	2.81231624534084e+00
1.12000000000000e+01	2.74904652533881e+00
1.12100000000000e+01	2.68786792495731e+00
1.12200000000000e+01	2.62862420818106e+00
1.12300000000000e+01	2.57118932171259e+00
1.12400000000000e+01	2.51546371545095e+00
1.12500000000000e+01	2.46139233842891e+00
1.12600000000000e+01	2.40885802109539e+00
1.12700000000000e+01	2.35781686324299e+00
1.12800000000000e+01	2.30821081445013e+00
1.12900000000000e+01	2.25995244448753e+00
1.13000000000000e+01	2.21301701701520e+00
1.13100000000000e+01	2.16734488513048e+00
1.13200000000000e+01	2.12287109120244e+00
1.13300000000000e+01	2.07959513204983e+00
1.13400000000000e+01	2.03742453904818e+00
1.13500000000000e+01	1.99635510891660e+00
1.13600000000000e+01	1.95631087188138e+00
1.13700000000000e+01	1.91724607267475e+00
1.13800000000000e+01	1.87916805844626e+00
1.13900000000000e+01	1.84200261287218e+00
1.14000000000000e+01	1.80572659733357e+00
1.14100000000000e+01	1.77033112366711e+00
1.14200000000000e+01	1.73575293967585e+00
1.14300000000000e+01	1.70200152804358e+00
1.14400000000000e+01	1.66904719885951e+00
1.14500000000000e+01	1.63687407214869e+00
1.14600000000000e+01	1.60545506984164e+00
1.14700000000000e+01	1.57475899925776e+00
1.14800000000000e+01	1.54477204814659e+00
1.14900000000000e+01	1.51547542097121e+00
1.15000000000000e+01	1.48686203197782e+00
1.15100000000000e+01	1.45888253349980e+00
1.15200000000000e+01	1.43153533953334e+00
1.15300000000000e+01	1.40480872340072e+00
1.15400000000000e+01	1.37867737412476e+00
1.15500000000000e+01	1.35316343176242e+00
1.15600000000000e+01	1.32824578057015e+00
1.15700000000000e+01	1.30392723105673e+00
1.15800000000000e+01	1.28023031207984e+00
1.15900000000000e+01	1.25714419726726e+00
1.16000000000000e+01	1.23467072433978e+00
1.16100000000000e+01	1.21283626637958e+00
1.16200000000000e+01	1.19161126434791e+00
1.16300000000000e+01	1.17100516526626e+00
1.16400000000000e+01	1.15098462529985e+00
1.16500000000000e+01	1.13153768371533e+00
1.16600000000000e+01	1.11263408373442e+00
1.16700000000000e+01	1.09423905198676e+00
1.16800000000000e+01	1.07631078711407e+00
1.16900000000000e+01	1.05880538907623e+00
1.17000000000000e+01	1.04168897414954e+00
1.17100000000000e+01	1.02491744599337e+00
1.17200000000000e+01	1.00845343856110e+00
1.17300000000000e+01	9.92264766951319e-01
1.17400000000000e+01	9.76324711265079e-01
1.17500000000000e+01	9.60622029767627e-01
1.17600000000000e+01	9.45140569216809e-01
1.17700000000000e+01	9.29869064605919e-01
1.17800000000000e+01	9.14835384527774e-01
1.17900000000000e+01	9.00030769065759e-01
1.18000000000000e+01	8.85476377722929e-01
1.18100000000000e+01	8.71186627910085e-01
1.18200000000000e+01	8.57176120092477e-01
1.18300000000000e+01	8.43462783267401e-01
1.18400000000000e+01	8.30052079389860e-01
1.18500000000000e+01	8.16956128834001e-01
1.18600000000000e+01	8.04174055036743e-01
1.18700000000000e+01	7.91714036573019e-01
1.18800000000000e+01	7.79559674948866e-01
1.18900000000000e+01	7.67709089881913e-01
1.19000000000000e+01	7.56150268548623e-01
1.19100000000000e+01	7.44869448667612e-01
1.19200000000000e+01	7.33851697872675e-01
1.19300000000000e+01	7.23086079879899e-01
1.19400000000000e+01	7.12546733265117e-01
1.19500000000000e+01	7.02223882531623e-01
1.19600000000000e+01	6.92100109525699e-01
1.19700000000000e+01	6.82166471104252e-01
1.19800000000000e+01	6.72402063458254e-01
1.19900000000000e+01	6.62796651436140e-01
1.20000000000000e+01	6.53334033812915e-01
1.20100000000000e+01	6.44014644590387e-01
1.20200000000000e+01	6.34831561920774e-01
1.20300000000000e+01	6.25782444603085e-01
1.20400000000000e+01	6.16866772340562e-01
1.20500000000000e+01	6.08080171687110e-01
1.20600000000000e+01	5.99440312625157e-01
1.20700000000000e+01	5.90937397762980e-01
1.20800000000000e+01	5.82591425215533e-01
1.20900000000000e+01	5.74401049666137e-01
1.21000000000000e+01	5.66380165143155e-01
1.21100000000000e+01	5.58536609124656e-01
1.21200000000000e+01	5.50869155165004e-01
1.21300000000000e+01	5.43376090982605e-01
1.21400000000000e+01	5.36069004643901e-01
1.21500000000000e+01	5.28944608369518e-01
1.21600000000000e+01	5.21985362446241e-01
1.21700000000000e+01	5.15195255327763e-01
1.21800000000000e+01	5.08558586136324e-01
1.21900000000000e+01	5.02070670813883e-01
1.22000000000000e+01	4.95714655090659e-01
1.22100000000000e+01	4.89482724399526e-01
1.22200000000000e+01	4.83357323379972e-01
1.22300000000000e+01	4.77329738194050e-01
1.22400000000000e+01	4.71385980462067e-01
1.22500000000000e+01	4.65517260170097e-01
1.22600000000000e+01	4.59717002685723e-01
1.22700000000000e+01	4.53972099750236e-01
1.22800000000000e+01	4.48270677429602e-01
1.22900000000000e+01	4.42613918511009e-01
1.23000000000000e+01	4.36985915498510e-01
1.23100000000000e+01	4.31390108631328e-01
1.23200000000000e+01	4.25815707520336e-01
1.23300000000000e+01	4.20259080258844e-01
1.23400000000000e+01	4.14725756715203e-01
1.23500000000000e+01	4.09212743802717e-01
1.23600000000000e+01	4.03721956447873e-01
1.23700000000000e+01	3.98260479720056e-01
1.23800000000000e+01	3.92827272079614e-01
1.23900000000000e+01	3.87438102129929e-01
1.24000000000000e+01	3.82091669992961e-01
1.24100000000000e+01	3.76806006802580e-01
1.24200000000000e+01	3.71580456623208e-01
1.24300000000000e+01	3.66420976179521e-01
1.24400000000000e+01	3.61342267086670e-01
1.24500000000000e+01	3.56337507067625e-01
1.24600000000000e+01	3.51413333958464e-01
1.24700000000000e+01	3.46572379714907e-01
1.24800000000000e+01	3.41815511488672e-01
1.24900000000000e+01	3.37136615843770e-01
1.25000000000000e+01	3.32544811261837e-01
1.25100000000000e+01	3.28035700464068e-01
1.25200000000000e+01	3.23607800723244e-01
1.25300000000000e+01	3.19260346229054e-01
1.25400000000000e+01	3.15001424019188e-01
1.25500000000000e+01	3.10821523860726e-01
1.25600000000000e+01	3.06727962265526e-01
1.25700000000000e+01	3.02714826375282e-01
1.25800000000000e+01	2.98787420402602e-01
1.25900000000000e+01	2.94941041779751e-01
1.26000000000000e+01	2.91174280487737e-01
1.26100000000000e+01	2.87482526781827e-01
1.26200000000000e+01	2.83867723717027e-01
1.26300000000000e+01	2.80322574896367e-01
1.26400000000000e+01	2.76843048741718e-01
1.26500000000000e+01	2.73430569653496e-01
1.26600000000000e+01	2.70082705230158e-01
1.26700000000000e+01	2.66792818761477e-01
1.26800000000000e+01	2.63562821739828e-01
1.26900000000000e+01	2.60392543545589e-01
1.27000000000000e+01	2.57281964862169e-01
1.27100000000000e+01	2.54231770107359e-01
1.27200000000000e+01	2.51242605781460e-01
1.27300000000000e+01	2.48312379911368e-01
1.27400000000000e+01	2.45445133324635e-01
1.27500000000000e+01	2.42639474363530e-01
1.27600000000000e+01	2.39896255874913e-01
1.27700000000000e+01	2.37211993020828e-01
1.27800000000000e+01	2.34589222126231e-01
1.27900000000000e+01	2.32021018959187e-01
1.28000000000000e+01	2.29508512219480e-01
1.28100000000000e+01	2.27046180891818e-01
1.28200000000000e+01	2.24636102963243e-01
1.28300000000000e+01	2.22271657363442e-01
1.28400000000000e+01	2.19953075418444e-01
1.28500000000000e+01	2.17678781248507e-01
1.28600000000000e+01	2.15444556848072e-01
1.28700000000000e+01	2.13253366240576e-01
1.28800000000000e+01	2.11098772972530e-01
1.28900000000000e+01	2.08983111458211e-01
1.29000000000000e+01	2.06903060871263e-01
1.29100000000000e+01	2.04860674326093e-01
1.29200000000000e+01	2.02850545017750e-01
1.29300000000000e+01	2.00876394014444e-01
1.29400000000000e+01	1.98931738033544e-01
1.29500000000000e+01	1.97020597376515e-01
1.29600000000000e+01	1.95134606541143e-01
1.29700000000000e+01	1.93281593040638e-01
1.29800000000000e+01	1.91453259457434e-01
1.29900000000000e+01	1.89653524548765e-01
1.30000000000000e+01	1.87878460705397e-01
1.30100000000000e+01	1.86130601807484e-01
1.30200000000000e+01	1.84409093448091e-01
1.30300000000000e+01	1.82713436787704e-01
1.30400000000000e+01	1.81042261960724e-01
1.30500000000000e+01	1.79395844650884e-01
1.30600000000000e+01	1.77770285937349e-01
1.30700000000000e+01	1.76165566694468e-01
1.30800000000000e+01	1.74577909341199e-01
1.30900000000000e+01	1.73005846314386e-01
1.31000000000000e+01	1.71445668990611e-01
1.31100000000000e+01	1.69898536386963e-01
1.31200000000000e+01	1.68356176657408e-01
1.31300000000000e+01	1.66821178718364e-01
1.31400000000000e+01	1.65290059829592e-01
1.31500000000000e+01	1.63764768144267e-01
1.31600000000000e+01	1.62244732972967e-01
1.31700000000000e+01	1.60730660812628e-01
1.31800000000000e+01	1.59222130308898e-01
1.31900000000000e+01	1.57725391842787e-01
1.32000000000000e+01	1.56237902793644e-01
1.32100000000000e+01	1.54761950548350e-01
1.32200000000000e+01	1.53299922294599e-01
1.32300000000000e+01	1.51850342779504e-01
1.32400000000000e+01	1.50415812715326e-01
1.32500000000000e+01	1.48993150156791e-01
1.32600000000000e+01	1.47580409555740e-01
1.32700000000000e+01	1.46180873817537e-01
1.32800000000000e+01	1.44790783657401e-01
1.32900000000000e+01	1.43411015645170e-01
1.33000000000000e+01	1.42041230324840e-01
1.33100000000000e+01	1.40680108530248e-01
1.33200000000000e+01	1.39330166677911e-01
1.33300000000000e+01	1.37990620745596e-01
1.33400000000000e+01	1.36664461654886e-01
1.33500000000000e+01	1.35353209309494e-01
1.33600000000000e+01	1.34056304673382e-01
1.33700000000000e+01	1.32776053350725e-01
1.33800000000000e+01	1.31515006935493e-01
1.33900000000000e+01	1.30272589641120e-01
1.34000000000000e+01	1.29048164554048e-01
1.34100000000000e+01	1.27843077989631e-01
1.34200000000000e+01	1.26657242286244e-01
1.34300000000000e+01	1.25489499662267e-01
1.34400000000000e+01	1.24339187850738e-01
1.34500000000000e+01	1.23206508687769e-01
1.34600000000000e+01	1.22088708861074e-01
1.34700000000000e+01	1.20985006612536e-01
1.34800000000000e+01	1.19897063395801e-01
1.34900000000000e+01	1.18820378983223e-01
1.35000000000000e+01	1.17756598076956e-01
1.35100000000000e+01	1.16702157254046e-01
1.35200000000000e+01	1.15658148958454e-01
1.35300000000000e+01	1.14622567731157e-01
1.35400000000000e+01	1.13595766523732e-01
1.35500000000000e+01	1.12573832377030e-01
1.35600000000000e+01	1.11558615131946e-01
1.35700000000000e+01	1.10547385573207e-01
1.35800000000000e+01	1.09541549123771e-01
1.35900000000000e+01	1.08536844585461e-01
1.36000000000000e+01	1.07537022577992e-01
1.36100000000000e+01	1.06539229722888e-01
1.36200000000000e+01	1.05544626713593e-01
1.36300000000000e+01	1.04551732694879e-01
1.36400000000000e+01	1.03562753821110e-01
1.36500000000000e+01	1.02578726310073e-01
1.36600000000000e+01	1.01598542389829e-01
1.36700000000000e+01	1.00624124108156e-01
1.36800000000000e+01	9.96579648082134e-02
1.36900000000000e+01	9.87006290803864e-02
1.37000000000000e+01	9.77515984179285e-02
1.37100000000000e+01	9.68147373286264e-02
1.37200000000000e+01	9.58900703551818e-02
1.37300000000000e+01	9.49812037398781e-02
1.37400000000000e+01	9.40865686924620e-02
1.37500000000000e+01	9.32099973850517e-02
1.37600000000000e+01	9.23503074156127e-02
1.37700000000000e+01	9.15083141375184e-02
1.37800000000000e+01	9.06842026962877e-02
1.37900000000000e+01	8.98772083941828e-02
1.38000000000000e+01	8.90885234154002e-02
1.38100000000000e+01	8.83146030795118e-02
1.38200000000000e+01	8.75561352894252e-02
1.38300000000000e+01	8.68106935242684e-02
1.38400000000000e+01	8.60781491044190e-02
1.38500000000000e+01	8.53573326517890e-02
1.38600000000000e+01	8.46460265507560e-02
1.38700000000000e+01	8.39433248071861e-02
1.38800000000000e+01	8.32505546150947e-02
1.38900000000000e+01	8.25637527893686e-02
1.39000000000000e+01	8.18831924397307e-02
1.39100000000000e+01	8.12095094956817e-02
1.39200000000000e+01	8.05404453117316e-02
1.39300000000000e+01	7.98764592146087e-02
1.39400000000000e+01	7.92176076665081e-02
1.39500000000000e+01	7.85634733737471e-02
1.39600000000000e+01	7.79121314247177e-02
1.39700000000000e+01	7.72651442412016e-02
1.39800000000000e+01	7.66226804729347e-02
1.39900000000000e+01	7.59835030066824e-02
1.40000000000000e+01	7.53489809426501e-02
1.40100000000000e+01	7.47184498718520e-02
1.40200000000000e+01	7.40923284240601e-02
1.40300000000000e+01	7.34713366965044e-02
1.40400000000000e+01	7.28567956703429e-02
1.40500000000000e+01	7.22480257350339e-02
1.40600000000000e+01	7.16459467122927e-02
1.40700000000000e+01	7.10512681486727e-02
1.40800000000000e+01	7.04637343966400e-02
1.40900000000000e+01	6.98834487778222e-02
1.41000000000000e+01	6.93109086470407e-02
1.41100000000000e+01	6.87455835486977e-02
1.41200000000000e+01	6.81871075915959e-02
1.41300000000000e+01	6.76350624772010e-02
1.41400000000000e+01	6.70888223810021e-02
1.41500000000000e+01	6.65467786750955e-02
1.41600000000000e+01	6.60089200457756e-02
1.41700000000000e+01	6.54736827159311e-02
1.41800000000000e+01	6.49411790155358e-02
1.41900000000000e+01	6.44107166417781e-02
1.42000000000000e+01	6.38809359464834e-02
1.42100000000000e+01	6.33530876836481e-02
1.42200000000000e+01	6.28279086378209e-02
1.42300000000000e+01	6.23039525370660e-02
1.42400000000000e+01	6.17829615023368e-02
1.42500000000000e+01	6.12659110399038e-02
1.42600000000000e+01	6.07519641720355e-02
1.42700000000000e+01	6.02433412370806e-02
1.42800000000000e+01	5.97406760774493e-02
1.42900000000000e+01	5.92431708460281e-02
1.43000000000000e+01	5.87521794572857e-02
1.43100000000000e+01	5.82678674949764e-02
1.43200000000000e+01	5.77886533971250e-02
1.43300000000000e+01	5.73164525722177e-02
1.43400000000000e+01	5.68500970324674e-02
1.43500000000000e+01	5.63899770947701e-02
1.43600000000000e+01	5.59353938119605e-02
1.43700000000000e+01	5.54851431833198e-02
1.43800000000000e+01	5.50410725700712e-02
1.43900000000000e+01	5.46021069273794e-02
1.44000000000000e+01	5.41692130505661e-02
1.44100000000000e+01	5.37407896461837e-02
1.44200000000000e+01	5.33181404544636e-02
1.44300000000000e+01	5.29003283660585e-02
1.44400000000000e+01	5.24891803454153e-02
1.44500000000000e+01	5.20829073462540e-02
1.44600000000000e+01	5.16828839057655e-02
1.44700000000000e+01	5.12880721665389e-02
1.44800000000000e+01	5.08980549721971e-02
1.44900000000000e+01	5.05139072812458e-02
1.45000000000000e+01	5.01346250333446e-02
1.45100000000000e+01	4.97604903658108e-02
1.45200000000000e+01	4.93908843400451e-02
1.45300000000000e+01	4.90254170019834e-02
1.45400000000000e+01	4.86649607488565e-02
1.45500000000000e+01	4.83079107906998e-02
1.45600000000000e+01	4.79546428093935e-02
1.45700000000000e+01	4.76053959177307e-02
1.45800000000000e+01	4.72583495102452e-02
1.45900000000000e+01	4.69158757211677e-02
1.46000000000000e+01	4.65755502780481e-02
1.46100000000000e+01	4.62375485508562e-02
1.46200000000000e+01	4.59034027976370e-02
1.46300000000000e+01	4.55707184850803e-02
1.46400000000000e+01	4.52412641394618e-02
1.46500000000000e+01	4.49147815934109e-02
1.46600000000000e+01	4.45901922262457e-02
1.46700000000000e+01	4.42689402121933e-02
1.46800000000000e+01	4.39507767502231e-02
1.46900000000000e+01	4.36359183335653e-02
1.47000000000000e+01	4.33241643738053e-02
1.47100000000000e+01	4.30156952497517e-02
1.47200000000000e+01	4.27103730345200e-02
1.47300000000000e+01	4.24085308301297e-02
1.47400000000000e+01	4.21101191738517e-02
1.47500000000000e+01	4.18153666524424e-02
1.47600000000000e+01	4.15237073887225e-02
1.47700000000000e+01	4.12349914586644e-02
1.47800000000000e+01	4.09485882567541e-02
1.47900000000000e+01	4.06651602623276e-02
1.48000000000000e+01	4.03836293302120e-02
1.48100000000000e+01	4.01035263654814e-02
1.48200000000000e+01	3.98261624861454e-02
1.48300000000000e+01	3.95493324425179e-02
1.48400000000000e+01	3.92736675161473e-02
1.48500000000000e+01	3.89996928283990e-02
1.48600000000000e+01	3.87262261226659e-02
1.48700000000000e+01	3.84539392541901e-02
1.48800000000000e+01	3.81824549283540e-02
1.48900000000000e+01	3.79115462416857e-02
1.49000000000000e+01	3.76423449758702e-02
1.49100000000000e+01	3.73737988139245e-02
1.49200000000000e+01	3.71065409377400e-02
1.49300000000000e+01	3.68407710698286e-02
1.49400000000000e+01	3.65765574609295e-02
1.49500000000000e+01	3.63137980617925e-02
1.49600000000000e+01	3.60533024586247e-02
1.49700000000000e+01	3.57950344670561e-02
1.49800000000000e+01	3.55388472339824e-02
1.49900000000000e+01	3.52852668476186e-02
1.50000000000000e+01	3.50340593459261e-02
1.50100000000000e+01	3.47857676809231e-02
1.50200000000000e+01	3.45395566875689e-02
1.50300000000000e+01	3.42963064423213e-02
1.50400000000000e+01	3.40559168989403e-02
1.50500000000000e+01	3.38175872531899e-02
1.50600000000000e+01	3.35818937219002e-02
1.50700000000000e+01	3.33480629224335e-02
1.50800000000000e+01	3.31160450125722e-02
1.50900000000000e+01	3.28864359794916e-02
1.51000000000000e+01	3.26578156264015e-02
1.51100000000000e+01	3.24308736865234e-02
1.51200000000000e+01	3.22056030451104e-02
1.51300000000000e+01	3.19807140310233e-02
1.51400000000000e+01	3.17573504731192e-02
1.51500000000000e+01	3.15348045133579e-02
1.51600000000000e+01	3.13126122909290e-02
1.51700000000000e+01	3.10918042603339e-02
1.51800000000000e+01	3.08721964318525e-02
1.51900000000000e+01	3.06533757855087e-02
1.52000000000000e+01	3.04357541277345e-02
1.52100000000000e+01	3.02194430383396e-02
1.52200000000000e+01	3.00047428210393e-02
1.52300000000000e+01	2.97912142044517e-02
1.52400000000000e+01	2.95787369091432e-02
1.52500000000000e+01	2.93674419176950e-02
1.52600000000000e+01	2.91569121160693e-02
1.52700000000000e+01	2.89469700586532e-02
1.52800000000000e+01	2.87372415060411e-02
1.52900000000000e+01	2.85268773734501e-02
1.53000000000000e+01	2.83155426898940e-02
1.53100000000000e+01	2.81024552762222e-02
1.53200000000000e+01	2.78875288741120e-02
1.53300000000000e+01	2.76704895084796e-02
1.53400000000000e+01	2.74501488135924e-02
1.53500000000000e+01	2.72266568288759e-02
1.53600000000000e+01	2.70004307474273e-02
1.53700000000000e+01	2.67705231945010e-02
1.53800000000000e+01	2.65372372609500e-02
1.53900000000000e+01	2.63011144481885e-02
1.54000000000000e+01	2.60625085426236e-02
1.54100000000000e+01	2.58220924949708e-02
1.54200000000000e+01	2.55800415997115e-02
1.54300000000000e+01	2.53378972085470e-02
1.54400000000000e+01	2.50961708407630e-02
1.54500000000000e+01	2.48560334675910e-02
1.54600000000000e+01	2.46183902000469e-02
1.54700000000000e+01	2.43851152905453e-02
1.54800000000000e+01	2.41564323873467e-02
1.54900000000000e+01	2.39340702936847e-02
1.55000000000000e+01	2.37185420825963e-02
1.55100000000000e+01	2.35113186715413e-02
1.55200000000000e+01	2.33126656538772e-02
1.55300000000000e+01	2.31233591831194e-02
1.55400000000000e+01	2.29427495558948e-02
1.55500000000000e+01	2.27715886420439e-02
1.55600000000000e+01	2.26088634180836e-02
1.55700000000000e+01	2.24540730277076e-02
1.55800000000000e+01	2.23070889738178e-02
1.55900000000000e+01	2.21664653791135e-02
1.56000000000000e+01	2.20307900119802e-02
1.56100000000000e+01	2.19001064974307e-02
1.56200000000000e+01	2.17724321644235e-02
1.56300000000000e+01	2.16476131252303e-02
1.56400000000000e+01	2.15244067907639e-02
1.56500000000000e+01	2.14018117117474e-02
1.56600000000000e+01	2.12791922056560e-02
1.56700000000000e+01	2.11561559171823e-02
1.56800000000000e+01	2.10321493978799e-02
1.56900000000000e+01	2.09068662362982e-02
1.57000000000000e+01	2.07798724391596e-02
1.57100000000000e+01	2.06510315599626e-02
1.57200000000000e+01	2.05204823102326e-02
1.57300000000000e+01	2.03882528781248e-02
1.57400000000000e+01	2.02541564716426e-02
1.57500000000000e+01	2.01189347544959e-02
1.57600000000000e+01	1.99825365151848e-02
1.57700000000000e+01	1.98451563162772e-02
1.57800000000000e+01	1.97074621992102e-02
1.57900000000000e+01	1.95703166113542e-02
1.58000000000000e+01	1.94336361211814e-02
1.58100000000000e+01	1.92981434157583e-02
1.58200000000000e+01	1.91643727323265e-02
1.58300000000000e+01	1.90330530874052e-02
1.58400000000000e+01	1.89044170766429e-02
1.58500000000000e+01	1.87787388478813e-02
1.58600000000000e+01	1.86565463960522e-02
1.58700000000000e+01	1.85376583291896e-02
1.58800000000000e+01	1.84222407223413e-02
1.58900000000000e+01	1.83105960287110e-02
1.59000000000000e+01	1.82022457362686e-02
1.59100000000000e+01	1.80971146126365e-02
1.59200000000000e+01	1.79947676004468e-02
1.59300000000000e+01	1.78948876024465e-02
1.59400000000000e+01	1.77973845984802e-02
1.59500000000000e+01	1.77014664368051e-02
1.59600000000000e+01	1.76066130600943e-02
1.59700000000000e+01	1.75130959747177e-02
1.59800000000000e+01	1.74204097311248e-02
1.59900000000000e+01	1.73277604325475e-02
1.60000000000000e+01	1.72358031166252e-02
1.60100000000000e+01	1.71437252969608e-02
1.60200000000000e+01	1.70519472195876e-02
1.60300000000000e+01	1.69600490122721e-02
1.60400000000000e+01	1.68681654558595e-02
1.60500000000000e+01	1.67764682763939e-02
1.60600000000000e+01	1.66849031743820e-02
1.60700000000000e+01	1.65931744303401e-02
1.60800000000000e+01	1.65014028867410e-02
1.60900000000000e+01	1.64099072697231e-02
1.61000000000000e+01	1.63188649979210e-02
1.61100000000000e+01	1.62276893302671e-02
1.61200000000000e+01	1.61370073669636e-02
1.61300000000000e+01	1.60464380641978e-02
1.61400000000000e+01	1.59566668923918e-02
1.61500000000000e+01	1.58673114500175e-02
1.61600000000000e+01	1.57781352154638e-02
1.61700000000000e+01	1.56898036432374e-02
1.61800000000000e+01	1.56020757521873e-02
1.61900000000000e+01	1.55154670514871e-02
1.62000000000000e+01	1.54294880527942e-02
1.62100000000000e+01	1.53449277433186e-02
1.62200000000000e+01	1.52612733759335e-02
1.62300000000000e+01	1.51789415000460e-02
1.62400000000000e+01	1.50980268271767e-02
1.62500000000000e+01	1.50186729659392e-02
1.62600000000000e+01	1.49404193741229e-02
1.62700000000000e+01	1.48634477547560e-02
1.62800000000000e+01	1.47877694798577e-02
1.62900000000000e+01	1.47132449689177e-02
1.63000000000000e+01	1.46396665511852e-02
1.63100000000000e+01	1.45664425901492e-02
1.63200000000000e+01	1.44940848166234e-02
1.63300000000000e+01	1.44215375822788e-02
1.63400000000000e+01	1.43487587922647e-02
1.63500000000000e+01	1.42757966169853e-02
1.63600000000000e+01	1.42020728074568e-02
1.63700000000000e+01	1.41272248619695e-02
1.63800000000000e+01	1.40513994767055e-02
1.63900000000000e+01	1.39737352147341e-02
1.64000000000000e+01	1.38947008947145e-02
1.64100000000000e+01	1.38138172893369e-02
1.64200000000000e+01	1.37313176209387e-02
1.64300000000000e+01	1.36470385331544e-02
1.64400000000000e+01	1.35613098123526e-02
1.64500000000000e+01	1.34740130308332e-02
1.64600000000000e+01	1.33855980200381e-02
1.64700000000000e+01	1.32965060675910e-02
1.64800000000000e+01	1.32067246063415e-02
1.64900000000000e+01	1.31171726218529e-02
1.65000000000000e+01	1.30281680989902e-02
1.65100000000000e+01	1.29395755874164e-02
1.65200000000000e+01	1.28520986180140e-02
1.65300000000000e+01	1.27660841937858e-02
1.65400000000000e+01	1.26817081360228e-02
1.65500000000000e+01	1.25990282676389e-02
1.65600000000000e+01	1.25184460308590e-02
1.65700000000000e+01	1.24396456162251e-02
1.65800000000000e+01	1.23628302698720e-02
1.65900000000000e+01	1.22881850717875e-02
1.66000000000000e+01	1.22158379460674e-02
1.66100000000000e+01	1.21451225046011e-02
1.66200000000000e+01	1.20765092029694e-02
1.66300000000000e+01	1.20095561577600e-02
1.66400000000000e+01	1.19445084180530e-02
1.66500000000000e+01	1.18809679698337e-02
1.66600000000000e+01	1.18191579995934e-02
1.66700000000000e+01	1.17586976482423e-02
1.66800000000000e+01	1.16998247271935e-02
1.66900000000000e+01	1.16419346222568e-02
1.67000000000000e+01	1.15852502706464e-02
1.67100000000000e+01	1.15294319254856e-02
1.67200000000000e+01	1.14747132743134e-02
1.67300000000000e+01	1.14205624164565e-02
1.67400000000000e+01	1.13668856230765e-02
1.67500000000000e+01	1.13136647906251e-02
1.67600000000000e+01	1.12606869574228e-02
1.67700000000000e+01	1.12077179711268e-02
1.67800000000000e+01	1.11547020635338e-02
1.67900000000000e+01	1.11016612692631e-02
1.68000000000000e+01	1.10482311578899e-02
1.68100000000000e+01	1.09944506957468e-02
1.68200000000000e+01	1.09405430308871e-02
1.68300000000000e+01	1.08861886616521e-02
1.68400000000000e+01	1.08313607833802e-02
1.68500000000000e+01	1.07763229293130e-02
1.68600000000000e+01	1.07210777534552e-02
1.68700000000000e+01	1.06654528808459e-02
1.68800000000000e+01	1.06098476628767e-02
1.68900000000000e+01	1.05540727537351e-02
1.69000000000000e+01	1.04985168641259e-02
1.69100000000000e+01	1.04428275842153e-02
1.69200000000000e+01	1.03871799547979e-02
1.69300000000000e+01	1.03316588843436e-02
1.69400000000000e+01	1.02764286958786e-02
1.69500000000000e+01	1.02211859755365e-02
1.69600000000000e+01	1.01663019292233e-02
1.69700000000000e+01	1.01116433470838e-02
1.69800000000000e+01	1.00575131357722e-02
1.69900000000000e+01	1.00037854479008e-02
1.70000000000000e+01	9.95067435423891e-03
1.70100000000000e+01	9.89841291957119e-03
1.70200000000000e+01	9.84721435473969e-03
1.70300000000000e+01	9.79691757389990e-03
1.70400000000000e+01	9.74768123182861e-03
1.70500000000000e+01	9.69973439260839e-03
1.70600000000000e+01	9.65296929249630e-03
1.70700000000000e+01	9.60755901132958e-03
1.70800000000000e+01	9.56315950480949e-03
1.70900000000000e+01	9.51996753080344e-03
1.71000000000000e+01	9.47785796324479e-03
1.71100000000000e+01	9.43680821524322e-03
1.71200000000000e+01	9.39629811345937e-03
1.71300000000000e+01	9.35657561622810e-03
1.71400000000000e+01	9.31753144091079e-03
1.71500000000000e+01	9.27901127932426e-03
1.71600000000000e+01	9.24073426351010e-03
1.71700000000000e+01	9.20298304274263e-03
1.71800000000000e+01	9.16527035293337e-03
1.71900000000000e+01	9.12809469819725e-03
1.72000000000000e+01	9.09097174335582e-03
1.72100000000000e+01	9.05420991193029e-03
1.72200000000000e+01	9.01771893493753e-03
1.72300000000000e+01	8.98116776385239e-03
1.72400000000000e+01	8.94509788454505e-03
1.72500000000000e+01	8.90898202030068e-03
1.72600000000000e+01	8.87313753033856e-03
1.72700000000000e+01	8.83744525625929e-03
1.72800000000000e+01	8.80181148174050e-03
1.72900000000000e+01	8.76626696373961e-03
1.73000000000000e+01	8.73089052554850e-03
1.73100000000000e+01	8.69552668930432e-03
1.73200000000000e+01	8.66030696698491e-03
1.73300000000000e+01	8.62500201442596e-03
1.73400000000000e+01	8.58960577911030e-03
1.73500000000000e+01	8.55428117300333e-03
1.73600000000000e+01	8.51892039227535e-03
1.73700000000000e+01	8.48351737487290e-03
1.73800000000000e+01	8.44802515589487e-03
1.73900000000000e+01	8.41246788170641e-03
1.74000000000000e+01	8.37709100528525e-03
1.74100000000000e+01	8.34146802385871e-03
1.74200000000000e+01	8.30584241752215e-03
1.74300000000000e+01	8.27017877142498e-03
1.74400000000000e+01	8.23471272901910e-03
1.74500000000000e+01	8.19900299814862e-03
1.74600000000000e+01	8.16350388918114e-03
1.74700000000000e+01	8.12794833140563e-03
1.74800000000000e+01	8.09238555642647e-03
1.74900000000000e+01	8.05659494344330e-03
1.75000000000000e+01	8.02096184467867e-03
1.75100000000000e+01	7.98526694734705e-03
1.75200000000000e+01	7.94930752019366e-03
1.75300000000000e+01	7.91316836865923e-03
1.75400000000000e+01	7.87683310184421e-03
1.75500000000000e+01	7.84041291460438e-03
1.75600000000000e+01	7.80371415177276e-03
1.75700000000000e+01	7.76684504070125e-03
1.75800000000000e+01	7.72965012958449e-03
1.75900000000000e+01	7.69241693699095e-03
1.76000000000000e+01	7.65491072559211e-03
1.76100000000000e+01	7.61759645530406e-03
1.76200000000000e+01	7.58007817021297e-03
1.76300000000000e+01	7.54274093364406e-03
1.76400000000000e+01	7.50545030514125e-03
1.76500000000000e+01	7.46840480035807e-03
1.76600000000000e+01	7.43171344074060e-03
1.76700000000000e+01	7.39518677750870e-03
1.76800000000000e+01	7.35903621086222e-03
1.76900000000000e+01	7.32342089053168e-03
1.77000000000000e+01	7.28787480786951e-03
1.77100000000000e+01	7.25285189063604e-03
1.77200000000000e+01	7.21800379247683e-03
1.77300000000000e+01	7.18343591334512e-03
1.77400000000000e+01	7.14928825461939e-03
1.77500000000000e+01	7.11514725836925e-03
1.77600000000000e+01	7.08138243806057e-03
1.77700000000000e+01	7.04756487272786e-03
1.77800000000000e+01	7.01399508264129e-03
1.77900000000000e+01	6.98057264712126e-03
1.78000000000000e+01	6.94696739812130e-03
1.78100000000000e+01	6.91354913553012e-03
1.78200000000000e+01	6.88014572573712e-03
1.78300000000000e+01	6.84657055014847e-03
1.78400000000000e+01	6.81309809893869e-03
1.78500000000000e+01	6.77961063137858e-03
1.78600000000000e+01	6.74619707696879e-03
1.78700000000000e+01	6.71267552487796e-03
1.78800000000000e+01	6.67907420463389e-03
1.78900000000000e+01	6.64551416390253e-03
1.79000000000000e+01	6.61205597734946e-03
1.79100000000000e+01	6.57848729221608e-03
1.79200000000000e+01	6.54485749842358e-03
1.79300000000000e+01	6.51127745689677e-03
1.79400000000000e+01	6.47744371525981e-03
1.79500000000000e+01	6.44359739532258e-03
1.79600000000000e+01	6.40957772384167e-03
1.79700000000000e+01	6.37551692035315e-03
1.79800000000000e+01	6.34125932093803e-03
1.79900000000000e+01	6.30704116254594e-03
1.80000000000000e+01	6.27284013090464e-03
1.80100000000000e+01	6.23901971382903e-03
1.80200000000000e+01	6.20526018948476e-03
1.80300000000000e+01	6.17204877509947e-03
1.80400000000000e+01	6.13943895591129e-03
1.80500000000000e+01	6.10753560959969e-03
1.80600000000000e+01	6.07634713418575e-03
1.80700000000000e+01	6.04624904275456e-03
1.80800000000000e+01	6.01701795964405e-03
1.80900000000000e+01	5.98879259723620e-03
1.81000000000000e+01	5.96143408437496e-03
1.81100000000000e+01	5.93508351279087e-03
1.81200000000000e+01	5.90960293217215e-03
1.81300000000000e+01	5.88484032176376e-03
1.81400000000000e+01	5.86053685264925e-03
1.81500000000000e+01	5.83681029493707e-03
1.81600000000000e+01	5.81337048008077e-03
1.81700000000000e+01	5.79033264137264e-03
1.81800000000000e+01	5.76719167507628e-03
1.81900000000000e+01	5.74429104690212e-03
1.82000000000000e+01	5.72137189804538e-03
1.82100000000000e+01	5.69824480043468e-03
1.82200000000000e+01	5.67507401021547e-03
1.82300000000000e+01	5.65177027191052e-03
1.82400000000000e+01	5.62819198726540e-03
1.82500000000000e+01	5.60438198252947e-03
1.82600000000000e+01	5.58033945642606e-03
1.82700000000000e+01	5.55609396254050e-03
1.82800000000000e+01	5.53157129058986e-03
1.82900000000000e+01	5.50681622139845e-03
1.83000000000000e+01	5.48204652444106e-03
1.83100000000000e+01	5.45695580297064e-03
1.83200000000000e+01	5.43197089155510e-03
1.83300000000000e+01	5.40689444600348e-03
1.83400000000000e+01	5.38186234222326e-03
1.83500000000000e+01	5.35699106076359e-03
1.83600000000000e+01	5.33229243076203e-03
1.83700000000000e+01	5.30790428651557e-03
1.83800000000000e+01	5.28387103464298e-03
1.83900000000000e+01	5.26025699414200e-03
1.84000000000000e+01	5.23716801761521e-03
1.84100000000000e+01	5.21464739175887e-03
1.84200000000000e+01	5.19273600008819e-03
1.84300000000000e+01	5.17153586043842e-03
1.84400000000000e+01	5.15103041951730e-03
1.84500000000000e+01	5.13122326486517e-03
1.84600000000000e+01	5.11205796519133e-03
1.84700000000000e+01	5.09352840925556e-03
1.84800000000000e+01	5.07561424837944e-03
1.84900000000000e+01	5.05822858650450e-03
1.85000000000000e+01	5.04123650785343e-03
1.85100000000000e+01	5.02465388282591e-03
1.85200000000000e+01	5.00826924196900e-03
1.85300000000000e+01	4.99209599528310e-03
1.85400000000000e+01	4.97602908116383e-03
1.85500000000000e+01	4.95991749674877e-03
1.85600000000000e+01	4.94375436421154e-03
1.85700000000000e+01	4.92751655253113e-03
1.85800000000000e+01	4.91110738114189e-03
1.85900000000000e+01	4.89447137279846e-03
1.86000000000000e+01	4.87764512945967e-03
1.86100000000000e+01	4.86058155665882e-03
1.86200000000000e+01	4.84332014434565e-03
1.86300000000000e+01	4.82578925368926e-03
1.86400000000000e+01	4.80811934306201e-03
1.86500000000000e+01	4.79022987676454e-03
1.86600000000000e+01	4.77222961960860e-03
1.86700000000000e+01	4.75413129558058e-03
1.86800000000000e+01	4.73592842932248e-03
1.86900000000000e+01	4.71763647781867e-03
1.87000000000000e+01	4.69934491570401e-03
1.87100000000000e+01	4.68098144429325e-03
1.87200000000000e+01	4.66265134427394e-03
1.87300000000000e+01	4.64430949065214e-03
1.87400000000000e+01	4.62594217620255e-03
1.87500000000000e+01	4.60756400190298e-03
1.87600000000000e+01	4.58918582198374e-03
1.87700000000000e+01	4.57077847552787e-03
1.87800000000000e+01	4.55236268634611e-03
1.87900000000000e+01	4.53388136901671e-03
1.88000000000000e+01	4.51534222168218e-03
1.88100000000000e+01	4.49675853792079e-03
1.88200000000000e+01	4.47806662749656e-03
1.88300000000000e+01	4.45930062773655e-03
1.88400000000000e+01	4.44039863503139e-03
1.88500000000000e+01	4.42136420127710e-03
1.88600000000000e+01	4.40220566739680e-03
1.88700000000000e+01	4.38285814990456e-03
1.88800000000000e+01	4.36333819658848e-03
1.88900000000000e+01	4.34366261826565e-03
1.89000000000000e+01	4.32378211960988e-03
1.89100000000000e+01	4.30372660010526e-03
1.89200000000000e+01	4.28348962116306e-03
1.89300000000000e+01	4.26307269384057e-03
1.89400000000000e+01	4.24253797225361e-03
1.89500000000000e+01	4.22188202517608e-03
1.89600000000000e+01	4.20114324523246e-03
1.89700000000000e+01	4.18037903641157e-03
1.89800000000000e+01	4.15961623860629e-03
1.89900000000000e+01	4.13891578852266e-03
1.90000000000000e+01	4.11831980629206e-03
1.90100000000000e+01	4.09784516328328e-03
1.90200000000000e+01	4.07753841896307e-03
1.90300000000000e+01	4.05735871224750e-03
1.90400000000000e+01	4.03730509652886e-03
1.90500000000000e+01	4.01736177076500e-03
1.90600000000000e+01	3.99745573522138e-03
1.90700000000000e+01	3.97752606612545e-03
1.90800000000000e+01	3.95757228594520e-03
1.90900000000000e+01	3.93749256843843e-03
1.91000000000000e+01	3.91730548200104e-03
1.91100000000000e+01	3.89696763022664e-03
1.91200000000000e+01	3.87659977297926e-03
1.91300000000000e+01	3.85621187593873e-03
1.91400000000000e+01	3.83597340330514e-03
1.91500000000000e+01	3.81599580315183e-03
1.91600000000000e+01	3.79649422387584e-03
1.91700000000000e+01	3.77758511108895e-03
1.91800000000000e+01	3.75940799246673e-03
1.91900000000000e+01	3.74214924097131e-03
1.92000000000000e+01	3.72584607238241e-03
1.92100000000000e+01	3.71051637319483e-03
1.92200000000000e+01	3.69621165447677e-03
1.92300000000000e+01	3.68282223491686e-03
1.92400000000000e+01	3.67030153545807e-03
1.92500000000000e+01	3.65844083529277e-03
1.92600000000000e+01	3.64718646840052e-03
1.92700000000000e+01	3.63637676592110e-03
1.92800000000000e+01	3.62585376192184e-03
1.92900000000000e+01	3.61547880176473e-03
1.93000000000000e+01	3.60518139623855e-03
1.93100000000000e+01	3.59481263770265e-03
1.93200000000000e+01	3.58440127912925e-03
1.93300000000000e+01	3.57382282068981e-03
1.93400000000000e+01	3.56309954687201e-03
1.93500000000000e+01	3.55219836517747e-03
1.93600000000000e+01	3.54112726375652e-03
1.93700000000000e+01	3.52985913154353e-03
1.93800000000000e+01	3.51841758077131e-03
1.93900000000000e+01	3.50682746065648e-03
1.94000000000000e+01	3.49505604801529e-03
1.94100000000000e+01	3.48313745968323e-03
1.94200000000000e+01	3.47108435888992e-03
1.94300000000000e+01	3.45888510657797e-03
1.94400000000000e+01	3.44653809823577e-03
1.94500000000000e+01	3.43408645875188e-03
1.94600000000000e+01	3.42149305673118e-03
1.94700000000000e+01	3.40878667314075e-03
1.94800000000000e+01	3.39597718526822e-03
1.94900000000000e+01	3.38304173873781e-03
1.95000000000000e+01	3.37000117054783e-03
1.95100000000000e+01	3.35687305989845e-03
1.95200000000000e+01	3.34365039381929e-03
1.95300000000000e+01	3.33034342070737e-03
1.95400000000000e+01	3.31690385769141e-03
1.95500000000000e+01	3.30340113927818e-03
1.95600000000000e+01	3.28985838892823e-03
1.95700000000000e+01	3.27619723339518e-03
1.95800000000000e+01	3.26253369302390e-03
1.95900000000000e+01	3.24883503705239e-03
1.96000000000000e+01	3.23508410670570e-03
1.96100000000000e+01	3.22136187381281e-03
1.96200000000000e+01	3.20767006990314e-03
1.96300000000000e+01	3.19401315547378e-03
1.96400000000000e+01	3.18037489008204e-03
1.96500000000000e+01	3.16679096401411e-03
1.96600000000000e+01	3.15327607094262e-03
1.96700000000000e+01	3.13981478542615e-03
1.96800000000000e+01	3.12640835117066e-03
1.96900000000000e+01	3.11307128586713e-03
1.97000000000000e+01	3.09975614914059e-03
1.97100000000000e+01	3.08647453020969e-03
1.97200000000000e+01	3.07323912117362e-03
1.97300000000000e+01	3.05997736396041e-03
1.97400000000000e+01	3.04669391023145e-03
1.97500000000000e+01	3.03333596286576e-03
1.97600000000000e+01	3.01984098958718e-03
1.97700000000000e+01	3.00618341088378e-03
1.97800000000000e+01	2.99219834501176e-03
1.97900000000000e+01	2.97773942905642e-03
1.98000000000000e+01	2.96264458153611e-03
1.98100000000000e+01	2.94661697245860e-03
1.98200000000000e+01	2.92929294831816e-03
1.98300000000000e+01	2.91020514771555e-03
1.98400000000000e+01	2.88879110534153e-03
1.98500000000000e+01	2.86435498963380e-03
1.98600000000000e+01	2.83602768401539e-03
1.98700000000000e+01	2.80262908315987e-03
1.98800000000000e+01	2.76276751259460e-03
1.98900000000000e+01	2.71453051182560e-03
1.99000000000000e+01	2.65525630282256e-03
1.99100000000000e+01	2.58134575968676e-03
1.99200000000000e+01	2.48787434922297e-03
1.99300000000000e+01	2.36817909823140e-03
1.99400000000000e+01	2.21377330557811e-03
1.99500000000000e+01	2.01434889925896e-03
1.99600000000000e+01	1.75904035083502e-03
1.99700000000000e+01	1.43939947749491e-03
1.99800000000000e+01	1.05630867130504e-03
1.99900000000000e+01	6.32881540246745e-04
2.00000000000000e+01	2.36009175119087e-04
