1.00000000000000e-02	8.50472396863670e+09
2.00000000000000e-02	5.22878929267572e+08
3.00000000000000e-02	1.00558953027762e+08
4.00000000000000e-02	3.06119558703825e+07
5.00000000000000e-02	1.19113847759502e+07
6.00000000000000e-02	5.38435222140224e+06
7.00000000000000e-02	2.68608570127469e+06
8.00000000000000e-02	1.43298075311756e+06
9.00000000000000e-02	7.98310687574748e+05
1.00000000000000e-01	4.57856417010230e+05
1.10000000000000e-01	2.66344230664631e+05
1.20000000000000e-01	1.55138135937039e+05
1.30000000000000e-01	8.92638241928939e+04
1.40000000000000e-01	4.99365564601819e+04
1.50000000000000e-01	2.64049840469475e+04
1.60000000000000e-01	1.26930278976387e+04
1.70000000000000e-01	5.08199496112780e+03
1.80000000000000e-01	1.34708287361870e+03
1.90000000000000e-01	5.38095610539925e+01
2.00000000000000e-01	3.15359259547119e+02
2.10000000000000e-01	1.54829236791028e+03
2.20000000000000e-01	3.36692620953606e+03
2.30000000000000e-01	5.53901404815596e+03
2.40000000000000e-01	7.89183901470463e+03
2.50000000000000e-01	1.03036779797445e+04
2.60000000000000e-01	1.27276244059885e+04
2.70000000000000e-01	1.51026686472241e+04
2.80000000000000e-01	1.74047494768184e+04
2.90000000000000e-01	1.96108542919214e+04
3.00000000000000e-01	2.17330044417450e+04
3.10000000000000e-01	2.37481643771855e+04
3.20000000000000e-01	2.56566430581697e+04
3.30000000000000e-01	2.74609344873445e+04
3.40000000000000e-01	2.91806176230431e+04
3.50000000000000e-01	3.08033106855283e+04
3.60000000000000e-01	3.23370445152466e+04
3.70000000000000e-01	3.37884899186458e+04
3.80000000000000e-01	3.51695837052488e+04
3.90000000000000e-01	3.64711599736711e+04
4.00000000000000e-01	3.76994067167673e+04
4.10000000000000e-01	3.88757525458685e+04
4.20000000000000e-01	3.99856149388728e+04
4.30000000000000e-01	4.10448921585915e+04
4.40000000000000e-01	4.20627408115016e+04
4.50000000000000e-01	4.30257545884606e+04
4.60000000000000e-01	4.39457470976864e+04
4.70000000000000e-01	4.48197358688693e+04
4.80000000000000e-01	4.56689281401201e+04
4.90000000000000e-01	4.64775601649006e+04
5.00000000000000e-01	4.72550334586807e+04
5.10000000000000e-01	4.79991245773418e+04
5.20000000000000e-01	4.87267755829727e+04
5.30000000000000e-01	4.94190551069898e+04
5.40000000000000e-01	5.00910411176316e+04
5.50000000000000e-01	5.07432127977969e+04
5.60000000000000e-01	5.13758233477074e+04
5.70000000000000e-01	5.19872988705067e+04
5.80000000000000e-01	5.25867893325903e+04
5.90000000000000e-01	5.31675808499801e+04
6.00000000000000e-01	5.37318960033369e+04
6.10000000000000e-01	5.42881269239964e+04
6.20000000000000e-01	5.48276173759546e+04
6.30000000000000e-01	5.53600078060995e+04
6.40000000000000e-01	5.58856357259883e+04
6.50000000000000e-01	5.63956528317539e+04
6.60000000000000e-01	5.69002445339534e+04
6.70000000000000e-01	5.73954970640819e+04
6.80000000000000e-01	5.78875200461483e+04
6.90000000000000e-01	5.83737133560267e+04
7.00000000000000e-01	5.88561840413899e+04
7.10000000000000e-01	5.93345503349404e+04
7.20000000000000e-01	5.98070947911496e+04
7.30000000000000e-01	6.02794886204091e+04
7.40000000000000e-01	6.07471547737691e+04
7.50000000000000e-01	6.12177186564726e+04
7.60000000000000e-01	6.16850358750407e+04
7.70000000000000e-01	6.21514387460392e+04
7.80000000000000e-01	6.26192434455208e+04
7.90000000000000e-01	6.30882139224335e+04
8.00000000000000e-01	6.35598416697497e+04
8.10000000000000e-01	6.40305823142763e+04
8.20000000000000e-01	6.45072568284719e+04
8.30000000000000e-01	6.49857517438202e+04
8.40000000000000e-01	6.54704538154781e+04
8.50000000000000e-01	6.59578488270595e+04
8.60000000000000e-01	6.64512239149548e+04
8.70000000000000e-01	6.69505899845852e+04
8.80000000000000e-01	6.74537628715630e+04
8.90000000000000e-01	6.79673850677218e+04
9.00000000000000e-01	6.84868843392773e+04
9.10000000000000e-01	6.90150618805675e+04
9.20000000000000e-01	6.95523944209730e+04
9.30000000000000e-01	7.01001668514780e+04
9.40000000000000e-01	7.06587426418750e+04
9.50000000000000e-01	7.12265413033613e+04
9.60000000000000e-01	7.18059956322052e+04
9.70000000000000e-01	7.23984082184547e+04
9.80000000000000e-01	7.30043590012046e+04
9.90000000000000e-01	7.36220647802063e+04
1.00000000000000e+00	7.42568972479715e+04
1.01000000000000e+00	7.49042707233270e+04
1.02000000000000e+00	7.55657263415265e+04
1.03000000000000e+00	7.62462032682536e+04
1.04000000000000e+00	7.69427858549019e+04
1.05000000000000e+00	7.76584489840859e+04
1.06000000000000e+00	7.83933992725247e+04
1.07000000000000e+00	7.91554187080497e+04
1.08000000000000e+00	7.99435842280575e+04
1.09000000000000e+00	8.07631502380807e+04
1.10000000000000e+00	8.16254578132028e+04
1.11000000000000e+00	8.25344742270797e+04
1.12000000000000e+00	8.35005247732256e+04
1.13000000000000e+00	8.45381281196902e+04
1.14000000000000e+00	8.56598499098923e+04
1.15000000000000e+00	8.68813046309540e+04
1.16000000000000e+00	8.82168348706279e+04
1.17000000000000e+00	8.96879989382132e+04
1.18000000000000e+00	9.13133706643057e+04
1.19000000000000e+00	9.31194558485914e+04
1.20000000000000e+00	9.51375985181095e+04
1.21000000000000e+00	9.74034805550310e+04
1.22000000000000e+00	9.99665722494582e+04
1.23000000000000e+00	1.02895027603663e+05
1.24000000000000e+00	1.06260978939305e+05
1.25000000000000e+00	1.10168388904656e+05
1.26000000000000e+00	1.14721942501969e+05
1.27000000000000e+00	1.20055808712383e+05
1.28000000000000e+00	1.26288007469713e+05
1.29000000000000e+00	1.33544909946117e+05
1.30000000000000e+00	1.41916392914252e+05
1.31000000000000e+00	1.51457334687843e+05
1.32000000000000e+00	1.62154655238618e+05
1.33000000000000e+00	1.73917567558023e+05
1.34000000000000e+00	1.86568774719319e+05
1.35000000000000e+00	1.99840573467771e+05
1.36000000000000e+00	2.13380432423299e+05
1.37000000000000e+00	2.26761481804116e+05
1.38000000000000e+00	2.39504437026911e+05
1.39000000000000e+00	2.51112197708071e+05
1.40000000000000e+00	2.61095394563766e+05
1.41000000000000e+00	2.68987554357255e+05
1.42000000000000e+00	2.74384988060745e+05
1.43000000000000e+00	2.76968453957015e+05
1.44000000000000e+00	2.76533619958559e+05
1.45000000000000e+00	2.72985079230498e+05
1.46000000000000e+00	2.66386109632679e+05
1.47000000000000e+00	2.56907886210519e+05
1.48000000000000e+00	2.44885966726426e+05
1.49000000000000e+00	2.30738219149179e+05
1.50000000000000e+00	2.14963196957652e+05
1.51000000000000e+00	1.98107520086047e+05
1.52000000000000e+00	1.80708389650662e+05
1.53000000000000e+00	1.63289198778282e+05
1.54000000000000e+00	1.46307051097869e+05
1.55000000000000e+00	1.30156097505522e+05
1.56000000000000e+00	1.15163254738161e+05
1.57000000000000e+00	1.01566566319319e+05
1.58000000000000e+00	8.95288577324472e+04
1.59000000000000e+00	7.91303553307523e+04
1.60000000000000e+00	7.03694752480419e+04
1.61000000000000e+00	6.31857715048669e+04
1.62000000000000e+00	5.74500141705478e+04
1.63000000000000e+00	5.29931162597117e+04
1.64000000000000e+00	4.96257111204356e+04
1.65000000000000e+00	4.71671034020098e+04
1.66000000000000e+00	4.54661319697275e+04
1.67000000000000e+00	4.44425386446197e+04
1.68000000000000e+00	4.41017762709855e+04
1.69000000000000e+00	4.45720333652603e+04
1.70000000000000e+00	4.61055491158433e+04
1.71000000000000e+00	4.90896132329795e+04
1.72000000000000e+00	5.40342032057873e+04
1.73000000000000e+00	6.15853889161823e+04
1.74000000000000e+00	7.25319785969442e+04
1.75000000000000e+00	8.78159793629068e+04
1.76000000000000e+00	1.08566621501694e+05
1.77000000000000e+00	1.36099801447431e+05
1.78000000000000e+00	1.71930436944278e+05
1.79000000000000e+00	2.17710451195335e+05
1.80000000000000e+00	2.75121009474149e+05
1.81000000000000e+00	3.45703886933153e+05
1.82000000000000e+00	4.30702603329562e+05
1.83000000000000e+00	5.30952787518195e+05
1.84000000000000e+00	6.46848045943378e+05
1.85000000000000e+00	7.78443429768276e+05
1.86000000000000e+00	9.25240211461551e+05
1.87000000000000e+00	1.08626602978027e+06
1.88000000000000e+00	1.25985299333266e+06
1.89000000000000e+00	1.44376811889233e+06
1.90000000000000e+00	1.63531512393742e+06
1.91000000000000e+00	1.83152372512458e+06
1.92000000000000e+00	2.02938853732527e+06
1.93000000000000e+00	2.22587212142113e+06
1.94000000000000e+00	2.41813507514790e+06
1.95000000000000e+00	2.60341733018193e+06
1.96000000000000e+00	2.77914551513605e+06
1.97000000000000e+00	2.94286513955720e+06
1.98000000000000e+00	3.09229458078499e+06
1.99000000000000e+00	3.22524051718577e+06
2.00000000000000e+00	3.33945042944362e+06
2.01000000000000e+00	3.43248489937313e+06
2.02000000000000e+00	3.50190121866969e+06
2.03000000000000e+00	3.54505160995741e+06
2.04000000000000e+00	3.55931843425463e+06
2.05000000000000e+00	3.54232996762499e+06
2.06000000000000e+00	3.49214275781673e+06
2.07000000000000e+00	3.40746951571721e+06
2.08000000000000e+00	3.28804861230266e+06
2.09000000000000e+00	3.13473180705579e+06
2.10000000000000e+00	2.95008587860281e+06
2.11000000000000e+00	2.73892023546131e+06
2.12000000000000e+00	2.50839501590670e+06
2.13000000000000e+00	2.26804182680736e+06
2.14000000000000e+00	2.02872432796709e+06
2.15000000000000e+00	1.80089146035208e+06
2.16000000000000e+00	1.59307202511873e+06
2.17000000000000e+00	1.41048829415319e+06
2.18000000000000e+00	1.25503302729531e+06
2.19000000000000e+00	1.12561667261209e+06
2.20000000000000e+00	1.01931894626555e+06
2.21000000000000e+00	9.32256693598506e+05
2.22000000000000e+00	8.60468484120744e+05
2.23000000000000e+00	8.00657764840940e+05
2.24000000000000e+00	7.50443753690052e+05
2.25000000000000e+00	7.08609218265560e+05
2.26000000000000e+00	6.74795190614910e+05
2.27000000000000e+00	6.49185080164704e+05
2.28000000000000e+00	6.32153840998682e+05
2.29000000000000e+00	6.24008856332926e+05
2.30000000000000e+00	6.24770914161288e+05
2.31000000000000e+00	6.34057115227367e+05
2.32000000000000e+00	6.50907254034563e+05
2.33000000000000e+00	6.73758328393627e+05
2.34000000000000e+00	7.00371322801998e+05
2.35000000000000e+00	7.28128600682558e+05
2.36000000000000e+00	7.54241945661520e+05
2.37000000000000e+00	7.76201986076375e+05
2.38000000000000e+00	7.92051056099244e+05
2.39000000000000e+00	8.00467211165262e+05
2.40000000000000e+00	8.00795879507920e+05
2.41000000000000e+00	7.93016703187026e+05
2.42000000000000e+00	7.77750256660944e+05
2.43000000000000e+00	7.56130392546207e+05
2.44000000000000e+00	7.29615327647889e+05
2.45000000000000e+00	6.99841074758455e+05
2.46000000000000e+00	6.68307648303449e+05
2.47000000000000e+00	6.36391640837590e+05
2.48000000000000e+00	6.05131769399225e+05
2.49000000000000e+00	5.75383771317866e+05
2.50000000000000e+00	5.47692348213519e+05
2.51000000000000e+00	5.22406996186996e+05
2.52000000000000e+00	4.99684275181137e+05
2.53000000000000e+00	4.79513025016250e+05
2.54000000000000e+00	4.61766995322613e+05
2.55000000000000e+00	4.46274744143260e+05
2.56000000000000e+00	4.32857810098422e+05
2.57000000000000e+00	4.21344634115179e+05
2.58000000000000e+00	4.11591199878987e+05
2.59000000000000e+00	4.03487895329959e+05
2.60000000000000e+00	3.96878753432903e+05
2.61000000000000e+00	3.91588069724317e+05
2.62000000000000e+00	3.87332299854443e+05
2.63000000000000e+00	3.83759724337350e+05
2.64000000000000e+00	3.80548891196861e+05
2.65000000000000e+00	3.77545137149845e+05
2.66000000000000e+00	3.74897312840348e+05
2.67000000000000e+00	3.73102138437171e+05
2.68000000000000e+00	3.72905575328520e+05
2.69000000000000e+00	3.75076246475789e+05
2.70000000000000e+00	3.80277066941127e+05
2.71000000000000e+00	3.88980355023024e+05
2.72000000000000e+00	4.01419384149604e+05
2.73000000000000e+00	4.17708876322543e+05
2.74000000000000e+00	4.37848369564448e+05
2.75000000000000e+00	4.61820107982833e+05
2.76000000000000e+00	4.89609313639812e+05
2.77000000000000e+00	5.21225527533135e+05
2.78000000000000e+00	5.56662182470887e+05
2.79000000000000e+00	5.95857233143520e+05
2.80000000000000e+00	6.38595382557561e+05
2.81000000000000e+00	6.84438012880548e+05
2.82000000000000e+00	7.32645892501041e+05
2.83000000000000e+00	7.82164636431261e+05
2.84000000000000e+00	8.31609704321262e+05
2.85000000000000e+00	8.79328449891162e+05
2.86000000000000e+00	9.23456636027772e+05
2.87000000000000e+00	9.62151112367256e+05
2.88000000000000e+00	9.93759902748910e+05
2.89000000000000e+00	1.01688609668458e+06
2.90000000000000e+00	1.03060165699107e+06
2.91000000000000e+00	1.03442680553565e+06
2.92000000000000e+00	1.02830747201377e+06
2.93000000000000e+00	1.01264395846963e+06
2.94000000000000e+00	9.88213491510363e+05
2.95000000000000e+00	9.56149259507230e+05
2.96000000000000e+00	9.17979445902988e+05
2.97000000000000e+00	8.75435841641435e+05
2.98000000000000e+00	8.30480109209570e+05
2.99000000000000e+00	7.84990205494967e+05
3.00000000000000e+00	7.40669541036361e+05
3.01000000000000e+00	6.98837056029358e+05
3.02000000000000e+00	6.60413065283204e+05
3.03000000000000e+00	6.25934585982966e+05
3.04000000000000e+00	5.95629114420798e+05
3.05000000000000e+00	5.69500500604241e+05
3.06000000000000e+00	5.47374298148166e+05
3.07000000000000e+00	5.28967019277439e+05
3.08000000000000e+00	5.13889992670372e+05
3.09000000000000e+00	5.01633333394707e+05
3.10000000000000e+00	4.91633478561371e+05
3.11000000000000e+00	4.83225102069678e+05
3.12000000000000e+00	4.75655545896060e+05
3.13000000000000e+00	4.68091560961295e+05
3.14000000000000e+00	4.59602760585557e+05
3.15000000000000e+00	4.49188243798300e+05
3.16000000000000e+00	4.35905807697016e+05
3.17000000000000e+00	4.18980541707058e+05
3.18000000000000e+00	3.97974818385589e+05
3.19000000000000e+00	3.72939322483813e+05
3.20000000000000e+00	3.44401618289399e+05
3.21000000000000e+00	3.13272935717455e+05
3.22000000000000e+00	2.80671995734158e+05
3.23000000000000e+00	2.47739938935921e+05
3.24000000000000e+00	2.15515224661220e+05
3.25000000000000e+00	1.84861830256909e+05
3.26000000000000e+00	1.56466960109545e+05
3.27000000000000e+00	1.30832116368278e+05
3.28000000000000e+00	1.08272091153140e+05
3.29000000000000e+00	8.89234998621993e+04
3.30000000000000e+00	7.27507851958796e+04
3.31000000000000e+00	5.95751074043019e+04
3.32000000000000e+00	4.91140234651477e+04
3.33000000000000e+00	4.10235419940711e+04
3.34000000000000e+00	3.49436127655937e+04
3.35000000000000e+00	3.05308833980295e+04
3.36000000000000e+00	2.74826888784533e+04
3.37000000000000e+00	2.55472912390766e+04
3.38000000000000e+00	2.45268530116254e+04
3.39000000000000e+00	2.42745105632585e+04
3.40000000000000e+00	2.46907922263817e+04
3.41000000000000e+00	2.57127503496635e+04
3.42000000000000e+00	2.73079185202633e+04
3.43000000000000e+00	2.94617571490757e+04
3.44000000000000e+00	3.21716903763328e+04
3.45000000000000e+00	3.54389086321109e+04
3.46000000000000e+00	3.92669623401706e+04
3.47000000000000e+00	4.36623649515514e+04
3.48000000000000e+00	4.86376133825351e+04
3.49000000000000e+00	5.42181973902754e+04
3.50000000000000e+00	6.04432178558654e+04
3.51000000000000e+00	6.73742103882257e+04
3.52000000000000e+00	7.50936097243885e+04
3.53000000000000e+00	8.37036186784535e+04
3.54000000000000e+00	9.33149759595814e+04
3.55000000000000e+00	1.04033686306479e+05
3.56000000000000e+00	1.15935111999493e+05
3.57000000000000e+00	1.29039353619115e+05
3.58000000000000e+00	1.43284474317971e+05
3.59000000000000e+00	1.58496451879014e+05
3.60000000000000e+00	1.74374020153849e+05
3.61000000000000e+00	1.90462587820236e+05
3.62000000000000e+00	2.06154453896613e+05
3.63000000000000e+00	2.20699138953289e+05
3.64000000000000e+00	2.33242054247875e+05
3.65000000000000e+00	2.42898234965326e+05
3.66000000000000e+00	2.48851105492875e+05
3.67000000000000e+00	2.50464797883765e+05
3.68000000000000e+00	2.47378549771803e+05
3.69000000000000e+00	2.39572549207248e+05
3.70000000000000e+00	2.27362931923560e+05
3.71000000000000e+00	2.11370155995072e+05
3.72000000000000e+00	1.92441070284587e+05
3.73000000000000e+00	1.71563114726972e+05
3.74000000000000e+00	1.49759329618544e+05
3.75000000000000e+00	1.27999299439632e+05
3.76000000000000e+00	1.07114102434732e+05
3.77000000000000e+00	8.77406875529448e+04
3.78000000000000e+00	7.03057678873664e+04
3.79000000000000e+00	5.50346563131036e+04
3.80000000000000e+00	4.19918626895624e+04
3.81000000000000e+00	3.11260507612683e+04
3.82000000000000e+00	2.23112644938819e+04
3.83000000000000e+00	1.53781126427104e+04
3.84000000000000e+00	1.01344148215229e+04
3.85000000000000e+00	6.37886527458962e+03
3.86000000000000e+00	3.90918048476318e+03
3.87000000000000e+00	2.52813165645161e+03
3.88000000000000e+00	2.04961233774003e+03
3.89000000000000e+00	2.30417953025560e+03
3.90000000000000e+00	3.14403990827897e+03
3.91000000000000e+00	4.44622493718586e+03
3.92000000000000e+00	6.11291724975846e+03
3.93000000000000e+00	8.06811902978751e+03
3.94000000000000e+00	1.02511499122911e+04
3.95000000000000e+00	1.26072822387831e+04
3.96000000000000e+00	1.50782179732495e+04
3.97000000000000e+00	1.75937386562472e+04
3.98000000000000e+00	2.00657987904486e+04
3.99000000000000e+00	2.23875647713281e+04
4.00000000000000e+00	2.44356238562374e+04
4.01000000000000e+00	2.60776017950717e+04
4.02000000000000e+00	2.71833969269844e+04
4.03000000000000e+00	2.76414312133254e+04
4.04000000000000e+00	2.73793734138698e+04
4.05000000000000e+00	2.63843978037416e+04
4.06000000000000e+00	2.47158437913250e+04
4.07000000000000e+00	2.25058909134332e+04
4.08000000000000e+00	1.99418264141741e+04
4.09000000000000e+00	1.72358169484604e+04
4.10000000000000e+00	1.45842316441296e+04
4.11000000000000e+00	1.21405115049749e+04
4.12000000000000e+00	9.99740002748546e+03
4.13000000000000e+00	8.19157603441188e+03
4.14000000000000e+00	6.71746093406323e+03
4.15000000000000e+00	5.54861618776351e+03
4.16000000000000e+00	4.65240029846817e+03
4.17000000000000e+00	3.99801754507456e+03
4.18000000000000e+00	3.55796538344846e+03
4.19000000000000e+00	3.30576074749134e+03
4.20000000000000e+00	3.21491198731022e+03
4.21000000000000e+00	3.26058178687916e+03
4.22000000000000e+00	3.42137666857927e+03
4.23000000000000e+00	3.68110182013537e+03
4.24000000000000e+00	4.02678504963544e+03
4.25000000000000e+00	4.44636432894130e+03
4.26000000000000e+00	4.92464232640267e+03
4.27000000000000e+00	5.44252532100802e+03
4.28000000000000e+00	5.97805707503083e+03
4.29000000000000e+00	6.51144627036829e+03
4.30000000000000e+00	7.02954984841422e+03
4.31000000000000e+00	7.53107805326921e+03
4.32000000000000e+00	8.03092519544198e+03
4.33000000000000e+00	8.56124031522078e+03
4.34000000000000e+00	9.17179277545009e+03
4.35000000000000e+00	9.92849901002019e+03
4.36000000000000e+00	1.09084943832011e+04
4.37000000000000e+00	1.21941951631230e+04
4.38000000000000e+00	1.38662664751929e+04
4.39000000000000e+00	1.59922624558986e+04
4.40000000000000e+00	1.86192863942461e+04
4.41000000000000e+00	2.17634912313872e+04
4.42000000000000e+00	2.54040133596906e+04
4.43000000000000e+00	2.94792583230608e+04
4.44000000000000e+00	3.38896501516629e+04
4.45000000000000e+00	3.85028691319027e+04
4.46000000000000e+00	4.31657727975100e+04
4.47000000000000e+00	4.77177984230029e+04
4.48000000000000e+00	5.20088908819169e+04
4.49000000000000e+00	5.59113062401704e+04
4.50000000000000e+00	5.93339859609615e+04
4.51000000000000e+00	6.22299959007665e+04
4.52000000000000e+00	6.46028303075338e+04
4.53000000000000e+00	6.65068685868943e+04
4.54000000000000e+00	6.80462799851037e+04
4.55000000000000e+00	6.93706108984868e+04
4.56000000000000e+00	7.06697998329748e+04
4.57000000000000e+00	7.21760984059254e+04
4.58000000000000e+00	7.41630586453452e+04
4.59000000000000e+00	7.69547715542563e+04
4.60000000000000e+00	8.09422953919211e+04
4.61000000000000e+00	8.66008903758363e+04
4.62000000000000e+00	9.45156002054328e+04
4.63000000000000e+00	1.05413353425126e+05
4.64000000000000e+00	1.20191365490575e+05
4.65000000000000e+00	1.39944579362194e+05
4.66000000000000e+00	1.65991234376613e+05
4.67000000000000e+00	1.99884010374531e+05
4.68000000000000e+00	2.43416717514022e+05
4.69000000000000e+00	2.98594524885839e+05
4.70000000000000e+00	3.67587981739838e+05
4.71000000000000e+00	4.52595840860352e+05
4.72000000000000e+00	5.55632749556397e+05
4.73000000000000e+00	6.78176711454006e+05
4.74000000000000e+00	8.20736577148093e+05
4.75000000000000e+00	9.82295196265034e+05
4.76000000000000e+00	1.15981069914895e+06
4.77000000000000e+00	1.34792918277259e+06
4.78000000000000e+00	1.53890866810304e+06
4.79000000000000e+00	1.72315535936408e+06
4.80000000000000e+00	1.89006295362591e+06
4.81000000000000e+00	2.02931248158363e+06
4.82000000000000e+00	2.13225997697465e+06
4.83000000000000e+00	2.19308324312652e+06
4.84000000000000e+00	2.20956930142918e+06
4.85000000000000e+00	2.18319843906170e+06
4.86000000000000e+00	2.11863534997312e+06
4.87000000000000e+00	2.02267455990840e+06
4.88000000000000e+00	1.90309603121268e+06
4.89000000000000e+00	1.76761533796005e+06
4.90000000000000e+00	1.62322981113072e+06
4.91000000000000e+00	1.47575674772414e+06
4.92000000000000e+00	1.32988665582884e+06
4.93000000000000e+00	1.18921267776691e+06
4.94000000000000e+00	1.05638120313035e+06
4.95000000000000e+00	9.33299378848328e+05
4.96000000000000e+00	8.21150947524087e+05
4.97000000000000e+00	7.20607283640094e+05
4.98000000000000e+00	6.31807262618731e+05
4.99000000000000e+00	5.54481221848795e+05
5.00000000000000e+00	4.88052858539977e+05
5.01000000000000e+00	4.31676372403494e+05
5.02000000000000e+00	3.84366677854197e+05
5.03000000000000e+00	3.45028596526977e+05
5.04000000000000e+00	3.12534110487502e+05
5.05000000000000e+00	2.85757998761665e+05
5.06000000000000e+00	2.63630374875760e+05
5.07000000000000e+00	2.45152791983601e+05
5.08000000000000e+00	2.29441457610777e+05
5.09000000000000e+00	2.15738688919881e+05
5.10000000000000e+00	2.03430449233871e+05
5.11000000000000e+00	1.92062874571527e+05
5.12000000000000e+00	1.81328140627797e+05
5.13000000000000e+00	1.71069516103556e+05
5.14000000000000e+00	1.61244505347347e+05
5.15000000000000e+00	1.51897195103790e+05
5.16000000000000e+00	1.43126704940416e+05
5.17000000000000e+00	1.35053317813052e+05
5.18000000000000e+00	1.27792211683248e+05
5.19000000000000e+00	1.21428385485652e+05
5.20000000000000e+00	1.16006451257736e+05
5.21000000000000e+00	1.11523640455492e+05
5.22000000000000e+00	1.07920991225559e+05
5.23000000000000e+00	1.05092347773016e+05
5.24000000000000e+00	1.02883538124054e+05
5.25000000000000e+00	1.01110098502139e+05
5.26000000000000e+00	9.95650052331110e+04
5.27000000000000e+00	9.80436899407871e+04
5.28000000000000e+00	9.63648234931474e+04
5.29000000000000e+00	9.43816861879655e+04
5.30000000000000e+00	9.20069166992086e+04
5.31000000000000e+00	8.92108651738297e+04
5.32000000000000e+00	8.60228766619908e+04
5.33000000000000e+00	8.25212768105743e+04
5.34000000000000e+00	7.88144813063656e+04
5.35000000000000e+00	7.50275850572903e+04
5.36000000000000e+00	7.12833527438838e+04
5.37000000000000e+00	6.76915547339971e+04
5.38000000000000e+00	6.43372016722475e+04
5.39000000000000e+00	6.12792016893075e+04
5.40000000000000e+00	5.85468385329876e+04
5.41000000000000e+00	5.61390156974137e+04
5.42000000000000e+00	5.40312977320554e+04
5.43000000000000e+00	5.21771676902636e+04
5.44000000000000e+00	5.05153187460509e+04
5.45000000000000e+00	4.89756659213373e+04
5.46000000000000e+00	4.74886840955113e+04
5.47000000000000e+00	4.59908742766913e+04
5.48000000000000e+00	4.44359551648992e+04
5.49000000000000e+00	4.28011252715241e+04
5.50000000000000e+00	4.10914191388191e+04
5.51000000000000e+00	3.93452531266775e+04
5.52000000000000e+00	3.76321067994261e+04
5.53000000000000e+00	3.60473067632846e+04
5.54000000000000e+00	3.47020012018986e+04
5.55000000000000e+00	3.37110868505486e+04
5.56000000000000e+00	3.31771234755903e+04
5.57000000000000e+00	3.31770866663105e+04
5.58000000000000e+00	3.37494444383716e+04
5.59000000000000e+00	3.48909585453525e+04
5.60000000000000e+00	3.65534492371841e+04
5.61000000000000e+00	3.86544951540229e+04
5.62000000000000e+00	4.10835002682476e+04
5.63000000000000e+00	4.37232394055296e+04
5.64000000000000e+00	4.64513154477205e+04
5.65000000000000e+00	4.91659207960734e+04
5.66000000000000e+00	5.17822786339756e+04
5.67000000000000e+00	5.42467538457013e+04
5.68000000000000e+00	5.65266803081749e+04
5.69000000000000e+00	5.86138981053955e+04
5.70000000000000e+00	6.05191768576867e+04
5.71000000000000e+00	6.22651639723816e+04
5.72000000000000e+00	6.38787942554651e+04
5.73000000000000e+00	6.53864232767895e+04
5.74000000000000e+00	6.68037445532594e+04
5.75000000000000e+00	6.81365819166397e+04
5.76000000000000e+00	6.93753649139087e+04
5.77000000000000e+00	7.04992366345345e+04
5.78000000000000e+00	7.14756675279317e+04
5.79000000000000e+00	7.22655388308870e+04
5.80000000000000e+00	7.28269253344117e+04
5.81000000000000e+00	7.31165392426399e+04
5.82000000000000e+00	7.30906053990235e+04
5.83000000000000e+00	7.27116014550527e+04
5.84000000000000e+00	7.19476639969523e+04
5.85000000000000e+00	7.07829153852405e+04
5.86000000000000e+00	6.92186075318684e+04
5.87000000000000e+00	6.72794219015525e+04
5.88000000000000e+00	6.50176726099936e+04
5.89000000000000e+00	6.25060852528082e+04
5.90000000000000e+00	5.98415857446772e+04
5.91000000000000e+00	5.71316947042113e+04
5.92000000000000e+00	5.44901633930653e+04
5.93000000000000e+00	5.20280061762655e+04
5.94000000000000e+00	4.98507255285308e+04
5.95000000000000e+00	4.80517997621561e+04
5.96000000000000e+00	4.67124666400221e+04
5.97000000000000e+00	4.59001896684496e+04
5.98000000000000e+00	4.56667528368899e+04
5.99000000000000e+00	4.60470416660064e+04
6.00000000000000e+00	4.70573382591194e+04
6.01000000000000e+00	4.86966416903351e+04
6.02000000000000e+00	5.09459841183831e+04
6.03000000000000e+00	5.37682857703339e+04
6.04000000000000e+00	5.71117383264397e+04
6.05000000000000e+00	6.09115064443492e+04
6.06000000000000e+00	6.50925277280706e+04
6.07000000000000e+00	6.95738327121551e+04
6.08000000000000e+00	7.42715756804949e+04
6.09000000000000e+00	7.91046287219493e+04
6.10000000000000e+00	8.39988680938972e+04
6.11000000000000e+00	8.88951063575278e+04
6.12000000000000e+00	9.37543532477202e+04
6.13000000000000e+00	9.85639809656130e+04
6.14000000000000e+00	1.03338458744545e+05
6.15000000000000e+00	1.08127416367057e+05
6.16000000000000e+00	1.13006368285912e+05
6.17000000000000e+00	1.18076265592868e+05
6.18000000000000e+00	1.23462767881882e+05
6.19000000000000e+00	1.29293370742981e+05
6.20000000000000e+00	1.35695674591763e+05
6.21000000000000e+00	1.42765488000501e+05
6.22000000000000e+00	1.50550968068412e+05
6.23000000000000e+00	1.59023988429641e+05
6.24000000000000e+00	1.68066846059138e+05
6.25000000000000e+00	1.77455521393309e+05
6.26000000000000e+00	1.86864206127968e+05
6.27000000000000e+00	1.95870801986546e+05
6.28000000000000e+00	2.03963394475017e+05
6.29000000000000e+00	2.10572929572727e+05
6.30000000000000e+00	2.15087206718487e+05
6.31000000000000e+00	2.16884024747060e+05
6.32000000000000e+00	2.15387822809032e+05
6.33000000000000e+00	2.10146383778818e+05
6.34000000000000e+00	2.00897423613832e+05
6.35000000000000e+00	1.87676666355041e+05
6.36000000000000e+00	1.70853932281964e+05
6.37000000000000e+00	1.51140774062946e+05
6.38000000000000e+00	1.29543887558410e+05
6.39000000000000e+00	1.07245547236731e+05
6.40000000000000e+00	8.54548772172728e+04
6.41000000000000e+00	6.52613440636133e+04
6.42000000000000e+00	4.75074862694789e+04
6.43000000000000e+00	3.27215715187976e+04
6.44000000000000e+00	2.11049511734965e+04
6.45000000000000e+00	1.25736374817447e+04
6.46000000000000e+00	6.83369615978788e+03
6.47000000000000e+00	3.46364651929830e+03
6.48000000000000e+00	1.99051475050215e+03
6.49000000000000e+00	1.94747598467155e+03
6.50000000000000e+00	2.91037560814721e+03
6.51000000000000e+00	4.51700716208141e+03
6.52000000000000e+00	6.47311624006638e+03
6.53000000000000e+00	8.55068681275231e+03
6.54000000000000e+00	1.05809039923064e+04
6.55000000000000e+00	1.24465709612903e+04
6.56000000000000e+00	1.40735964557123e+04
6.57000000000000e+00	1.54229155568590e+04
6.58000000000000e+00	1.64849189733201e+04
6.59000000000000e+00	1.72731207889802e+04
6.60000000000000e+00	1.78184998956239e+04
6.61000000000000e+00	1.81641256070821e+04
6.62000000000000e+00	1.83602489011662e+04
6.63000000000000e+00	1.84596587001921e+04
6.64000000000000e+00	1.85145629758088e+04
6.65000000000000e+00	1.85726476519325e+04
6.66000000000000e+00	1.86747450798101e+04
6.67000000000000e+00	1.88523117577715e+04
6.68000000000000e+00	1.91259060972920e+04
6.69000000000000e+00	1.95031799711136e+04
6.70000000000000e+00	1.99794136212983e+04
6.71000000000000e+00	2.05385062483174e+04
6.72000000000000e+00	2.11542409898152e+04
6.73000000000000e+00	2.17936382887927e+04
6.74000000000000e+00	2.24189738162004e+04
6.75000000000000e+00	2.29921299754198e+04
6.76000000000000e+00	2.34773359021382e+04
6.77000000000000e+00	2.38438932368185e+04
6.78000000000000e+00	2.40687321116375e+04
6.79000000000000e+00	2.41395859221864e+04
6.80000000000000e+00	2.40557143446795e+04
6.81000000000000e+00	2.38304809119037e+04
6.82000000000000e+00	2.34909719575591e+04
6.83000000000000e+00	2.30800292222751e+04
6.84000000000000e+00	2.26549057126723e+04
6.85000000000000e+00	2.22867042250775e+04
6.86000000000000e+00	2.20587812976345e+04
6.87000000000000e+00	2.20655893614844e+04
6.88000000000000e+00	2.24068340076721e+04
6.89000000000000e+00	2.31834689379528e+04
6.90000000000000e+00	2.44908260815806e+04
6.91000000000000e+00	2.64091313848913e+04
6.92000000000000e+00	2.89950639066553e+04
6.93000000000000e+00	3.22726960286483e+04
6.94000000000000e+00	3.62253795326244e+04
6.95000000000000e+00	4.07901243325273e+04
6.96000000000000e+00	4.58586772146243e+04
6.97000000000000e+00	5.12764287618998e+04
6.98000000000000e+00	5.68510923216489e+04
6.99000000000000e+00	6.23575615702048e+04
7.00000000000000e+00	6.75452240489812e+04
7.01000000000000e+00	7.21467838425841e+04
7.02000000000000e+00	7.58889935593165e+04
7.03000000000000e+00	7.85040336862534e+04
7.04000000000000e+00	7.97543780631525e+04
7.05000000000000e+00	7.94547553606767e+04
7.06000000000000e+00	7.75074987026267e+04
7.07000000000000e+00	7.39293094746386e+04
7.08000000000000e+00	6.88599476819433e+04
7.09000000000000e+00	6.25666553201951e+04
7.10000000000000e+00	5.54143811973186e+04
7.11000000000000e+00	4.78212313241065e+04
7.12000000000000e+00	4.02064753407325e+04
7.13000000000000e+00	3.29415239247459e+04
7.14000000000000e+00	2.63126853382140e+04
7.15000000000000e+00	2.05045798910297e+04
7.16000000000000e+00	1.56033307584938e+04
7.17000000000000e+00	1.16111911960931e+04
7.18000000000000e+00	8.47002692460204e+03
7.19000000000000e+00	6.08372021649207e+03
7.20000000000000e+00	4.33839739856876e+03
7.21000000000000e+00	3.11665009577001e+03
7.22000000000000e+00	2.30782246346367e+03
7.23000000000000e+00	1.81336221907815e+03
7.24000000000000e+00	1.54946253027906e+03
7.25000000000000e+00	1.44769108121022e+03
7.26000000000000e+00	1.45426370499904e+03
7.27000000000000e+00	1.52853849266842e+03
7.28000000000000e+00	1.64110152487719e+03
7.29000000000000e+00	1.77176214672173e+03
7.30000000000000e+00	1.90757104339042e+03
7.31000000000000e+00	2.04097879617954e+03
7.32000000000000e+00	2.16850303394582e+03
7.33000000000000e+00	2.28965468439767e+03
7.34000000000000e+00	2.40623807596372e+03
7.35000000000000e+00	2.52207274002374e+03
7.36000000000000e+00	2.64292712283567e+03
7.37000000000000e+00	2.77676513985285e+03
7.38000000000000e+00	2.93403315656038e+03
7.39000000000000e+00	3.12807326720709e+03
7.40000000000000e+00	3.37531227554746e+03
7.41000000000000e+00	3.69563688608363e+03
7.42000000000000e+00	4.11238145378547e+03
7.43000000000000e+00	4.65224607894427e+03
7.44000000000000e+00	5.34469099186411e+03
7.45000000000000e+00	6.22067205417731e+03
7.46000000000000e+00	7.31121278168725e+03
7.47000000000000e+00	8.64421134603491e+03
7.48000000000000e+00	1.02401318082076e+04
7.49000000000000e+00	1.21073641354567e+04
7.50000000000000e+00	1.42361653072177e+04
7.51000000000000e+00	1.65933194403690e+04
7.52000000000000e+00	1.91197847437696e+04
7.53000000000000e+00	2.17298102836060e+04
7.54000000000000e+00	2.43176509016106e+04
7.55000000000000e+00	2.67657328790949e+04
7.56000000000000e+00	2.89591255046098e+04
7.57000000000000e+00	3.07978038327605e+04
7.58000000000000e+00	3.22097629031585e+04
7.59000000000000e+00	3.31589403751162e+04
7.60000000000000e+00	3.36430159225475e+04
7.61000000000000e+00	3.36917636047489e+04
7.62000000000000e+00	3.33560471720726e+04
7.63000000000000e+00	3.26982693675407e+04
7.64000000000000e+00	3.17807123816748e+04
7.65000000000000e+00	3.06591802164916e+04
7.66000000000000e+00	2.93775947587659e+04
7.67000000000000e+00	2.79682919547628e+04
7.68000000000000e+00	2.64504749500546e+04
7.69000000000000e+00	2.48344394711655e+04
7.70000000000000e+00	2.31263717031854e+04
7.71000000000000e+00	2.13305046278743e+04
7.72000000000000e+00	1.94549742913486e+04
7.73000000000000e+00	1.75138391505199e+04
7.74000000000000e+00	1.55311235052586e+04
7.75000000000000e+00	1.35388772601661e+04
7.76000000000000e+00	1.15799563498968e+04
7.77000000000000e+00	9.70660238834685e+03
7.78000000000000e+00	7.98066786553232e+03
7.79000000000000e+00	6.47289802423960e+03
7.80000000000000e+00	5.26217736567600e+03
7.81000000000000e+00	4.43203023561669e+03
7.82000000000000e+00	4.06548703895850e+03
7.83000000000000e+00	4.23777517754017e+03
7.84000000000000e+00	5.00773356470210e+03
7.85000000000000e+00	6.40845811670360e+03
7.86000000000000e+00	8.43968661402241e+03
7.87000000000000e+00	1.10631265596870e+04
7.88000000000000e+00	1.42022116208380e+04
7.89000000000000e+00	1.77477191512684e+04
7.90000000000000e+00	2.15699247607109e+04
7.91000000000000e+00	2.55290966444819e+04
7.92000000000000e+00	2.94937434048857e+04
7.93000000000000e+00	3.33501961614417e+04
7.94000000000000e+00	3.70092473737078e+04
7.95000000000000e+00	4.04130065487181e+04
7.96000000000000e+00	4.35282616147323e+04
7.97000000000000e+00	4.63455285033012e+04
7.98000000000000e+00	4.88693157327074e+04
7.99000000000000e+00	5.11161754573971e+04
8.00000000000000e+00	5.31022861257816e+04
8.01000000000000e+00	5.48421575370790e+04
8.02000000000000e+00	5.63439834824254e+04
8.03000000000000e+00	5.76071630258611e+04
8.04000000000000e+00	5.86214964643069e+04
8.05000000000000e+00	5.93740914337915e+04
8.06000000000000e+00	5.98464664422298e+04
8.07000000000000e+00	6.00256829319961e+04
8.08000000000000e+00	5.99034027561819e+04
8.09000000000000e+00	5.94790942370254e+04
8.10000000000000e+00	5.87635139499333e+04
8.11000000000000e+00	5.77761314340926e+04
8.12000000000000e+00	5.65423809600194e+04
8.13000000000000e+00	5.50964395412608e+04
8.14000000000000e+00	5.34724582156962e+04
8.15000000000000e+00	5.17086096095038e+04
8.16000000000000e+00	4.98399890909178e+04
8.17000000000000e+00	4.79004836546062e+04
8.18000000000000e+00	4.59233991829657e+04
8.19000000000000e+00	4.39363578483500e+04
8.20000000000000e+00	4.19629783807882e+04
8.21000000000000e+00	4.00260657354415e+04
8.22000000000000e+00	3.81436779708247e+04
8.23000000000000e+00	3.63294198935753e+04
8.24000000000000e+00	3.45958042764380e+04
8.25000000000000e+00	3.29509158782808e+04
8.26000000000000e+00	3.13979645395903e+04
8.27000000000000e+00	2.99386105209978e+04
8.28000000000000e+00	2.85698734041817e+04
8.29000000000000e+00	2.72876066112099e+04
8.30000000000000e+00	2.60871468614515e+04
8.31000000000000e+00	2.49631306969783e+04
8.32000000000000e+00	2.39109308923312e+04
8.33000000000000e+00	2.29277226009809e+04
8.34000000000000e+00	2.20108734054911e+04
8.35000000000000e+00	2.11585310371286e+04
8.36000000000000e+00	2.03695298746984e+04
8.37000000000000e+00	1.96425071973963e+04
8.38000000000000e+00	1.89752151566428e+04
8.39000000000000e+00	1.83657330149037e+04
8.40000000000000e+00	1.78111646216839e+04
8.41000000000000e+00	1.73086378284462e+04
8.42000000000000e+00	1.68545610692159e+04
8.43000000000000e+00	1.64461822141340e+04
8.44000000000000e+00	1.60810617860964e+04
8.45000000000000e+00	1.57576003029962e+04
8.46000000000000e+00	1.54751019736612e+04
8.47000000000000e+00	1.52350819705864e+04
8.48000000000000e+00	1.50409554697181e+04
8.49000000000000e+00	1.48984851438051e+04
8.50000000000000e+00	1.48159183753637e+04
8.51000000000000e+00	1.48036707622722e+04
8.52000000000000e+00	1.48717005299282e+04
8.53000000000000e+00	1.50296111350929e+04
8.54000000000000e+00	1.52844849910853e+04
8.55000000000000e+00	1.56382617635411e+04
8.56000000000000e+00	1.60876551055045e+04
8.57000000000000e+00	1.66233393553754e+04
8.58000000000000e+00	1.72296206862596e+04
8.59000000000000e+00	1.78845945458212e+04
8.60000000000000e+00	1.85632949361210e+04
8.61000000000000e+00	1.92369369973813e+04
8.62000000000000e+00	1.98770655559212e+04
8.63000000000000e+00	2.04569823439772e+04
8.64000000000000e+00	2.09535575771584e+04
8.65000000000000e+00	2.13501361817811e+04
8.66000000000000e+00	2.16355596672554e+04
8.67000000000000e+00	2.18062964085734e+04
8.68000000000000e+00	2.18662288816555e+04
8.69000000000000e+00	2.18244940924261e+04
8.70000000000000e+00	2.16963542952374e+04
8.71000000000000e+00	2.14984619863161e+04
8.72000000000000e+00	2.12504114190211e+04
8.73000000000000e+00	2.09711381611418e+04
8.74000000000000e+00	2.06776722482708e+04
8.75000000000000e+00	2.03837949996585e+04
8.76000000000000e+00	2.01009561804006e+04
8.77000000000000e+00	1.98358100505616e+04
8.78000000000000e+00	1.95929842025189e+04
8.79000000000000e+00	1.93734342901006e+04
8.80000000000000e+00	1.91778379314868e+04
8.81000000000000e+00	1.90045342075102e+04
8.82000000000000e+00	1.88518713428764e+04
8.83000000000000e+00	1.87181425077289e+04
8.84000000000000e+00	1.86005714078464e+04
8.85000000000000e+00	1.84976476334659e+04
8.86000000000000e+00	1.84071824487013e+04
8.87000000000000e+00	1.83261909224312e+04
8.88000000000000e+00	1.82531890200932e+04
8.89000000000000e+00	1.81859819795170e+04
8.90000000000000e+00	1.81225745828971e+04
8.91000000000000e+00	1.80616163694637e+04
8.92000000000000e+00	1.80006291212037e+04
8.93000000000000e+00	1.79400484380733e+04
8.94000000000000e+00	1.78777973469437e+04
8.95000000000000e+00	1.78138185999089e+04
8.96000000000000e+00	1.77475241662472e+04
8.97000000000000e+00	1.76788157373065e+04
8.98000000000000e+00	1.76070498157260e+04
8.99000000000000e+00	1.75326260915746e+04
9.00000000000000e+00	1.74564670013483e+04
9.01000000000000e+00	1.73811607942606e+04
9.02000000000000e+00	1.73089980955583e+04
9.03000000000000e+00	1.72425291809187e+04
9.04000000000000e+00	1.71849503678434e+04
9.05000000000000e+00	1.71365327579890e+04
9.06000000000000e+00	1.70982037929482e+04
9.07000000000000e+00	1.70688980569019e+04
9.08000000000000e+00	1.70466857868411e+04
9.09000000000000e+00	1.70296075794446e+04
9.10000000000000e+00	1.70158765754420e+04
9.11000000000000e+00	1.70029653625698e+04
9.12000000000000e+00	1.69890812208115e+04
9.13000000000000e+00	1.69715111991572e+04
9.14000000000000e+00	1.69488827237194e+04
9.15000000000000e+00	1.69185938023474e+04
9.16000000000000e+00	1.68792189948919e+04
9.17000000000000e+00	1.68296085254040e+04
9.18000000000000e+00	1.67690092986314e+04
9.19000000000000e+00	1.66977621958192e+04
9.20000000000000e+00	1.66164708415667e+04
9.21000000000000e+00	1.65266735358348e+04
9.22000000000000e+00	1.64300324699666e+04
9.23000000000000e+00	1.63290125251027e+04
9.24000000000000e+00	1.62253767283427e+04
9.25000000000000e+00	1.61208253864585e+04
9.26000000000000e+00	1.60169108217077e+04
9.27000000000000e+00	1.59149175381881e+04
9.28000000000000e+00	1.58160443790199e+04
9.29000000000000e+00	1.57212148098762e+04
9.30000000000000e+00	1.56307719279274e+04
9.31000000000000e+00	1.55455504144519e+04
9.32000000000000e+00	1.54654547994527e+04
9.33000000000000e+00	1.53913908441433e+04
9.34000000000000e+00	1.53229876545033e+04
9.35000000000000e+00	1.52599816168830e+04
9.36000000000000e+00	1.52025966429139e+04
9.37000000000000e+00	1.51502813372392e+04
9.38000000000000e+00	1.51026980829870e+04
9.39000000000000e+00	1.50600374510932e+04
9.40000000000000e+00	1.50211458683958e+04
9.41000000000000e+00	1.49865187165186e+04
9.42000000000000e+00	1.49553522853107e+04
9.43000000000000e+00	1.49272234561527e+04
9.44000000000000e+00	1.49017583533669e+04
9.45000000000000e+00	1.48779013778192e+04
9.46000000000000e+00	1.48555072088783e+04
9.47000000000000e+00	1.48333414506484e+04
9.48000000000000e+00	1.48117742347750e+04
9.49000000000000e+00	1.47905971271637e+04
9.50000000000000e+00	1.47703000992560e+04
9.51000000000000e+00	1.47510957847212e+04
9.52000000000000e+00	1.47329364766091e+04
9.53000000000000e+00	1.47152862035192e+04
9.54000000000000e+00	1.46970668731685e+04
9.55000000000000e+00	1.46770641060864e+04
9.56000000000000e+00	1.46549552943674e+04
9.57000000000000e+00	1.46319117039629e+04
9.58000000000000e+00	1.46106333971788e+04
9.59000000000000e+00	1.45947744776688e+04
9.60000000000000e+00	1.45876260316055e+04
9.61000000000000e+00	1.45910206496599e+04
9.62000000000000e+00	1.46046705904185e+04
9.63000000000000e+00	1.46266414698516e+04
9.64000000000000e+00	1.46536718257331e+04
9.65000000000000e+00	1.46825337113277e+04
9.66000000000000e+00	1.47105142638382e+04
9.67000000000000e+00	1.47358757803565e+04
9.68000000000000e+00	1.47576754343071e+04
9.69000000000000e+00	1.47753674117106e+04
9.70000000000000e+00	1.47887687214678e+04
9.71000000000000e+00	1.47981261467529e+04
9.72000000000000e+00	1.48031695154528e+04
9.73000000000000e+00	1.48042331670788e+04
9.74000000000000e+00	1.48015022035610e+04
9.75000000000000e+00	1.47950768062343e+04
9.76000000000000e+00	1.47854359121583e+04
9.77000000000000e+00	1.47726596061300e+04
9.78000000000000e+00	1.47570725899725e+04
9.79000000000000e+00	1.47393190479017e+04
9.80000000000000e+00	1.47198072419810e+04
9.81000000000000e+00	1.46992464768492e+04
9.82000000000000e+00	1.46783740721537e+04
9.83000000000000e+00	1.46575453670947e+04
9.84000000000000e+00	1.46371560435614e+04
9.85000000000000e+00	1.46174203290702e+04
9.86000000000000e+00	1.45985026636660e+04
9.87000000000000e+00	1.45810599004061e+04
9.88000000000000e+00	1.45674549308431e+04
9.89000000000000e+00	1.45648200472158e+04
9.90000000000000e+00	1.45910969691018e+04
9.91000000000000e+00	1.46864706682590e+04
9.92000000000000e+00	1.49312696569325e+04
9.93000000000000e+00	1.54718683628198e+04
9.94000000000000e+00	1.65616444380806e+04
9.95000000000000e+00	1.86424021889732e+04
9.96000000000000e+00	2.25295062789738e+04
9.97000000000000e+00	2.98689984719619e+04
9.98000000000000e+00	4.43156946144961e+04
9.99000000000000e+00	7.47666612798374e+04
1.00000000000000e+01	1.45009723596008e+05
1.00100000000000e+01	3.21806394195875e+05
1.00200000000000e+01	7.20094871711504e+05
1.00300000000000e+01	9.02771202229150e+05
1.00400000000000e+01	4.08061548429116e+05
1.00500000000000e+01	1.32101614295021e+05
1.00600000000000e+01	4.47041515700579e+04
1.00700000000000e+01	1.68320087754633e+04
1.00800000000000e+01	7.02439221527285e+03
1.00900000000000e+01	3.19720602122758e+03
1.01000000000000e+01	1.56153769368099e+03
1.01100000000000e+01	8.07169318364796e+02
1.01200000000000e+01	4.36662359352750e+02
1.01300000000000e+01	2.45008476099954e+02
1.01400000000000e+01	1.41538067680370e+02
1.01500000000000e+01	8.36649734914963e+01
1.01600000000000e+01	5.03354948829000e+01
1.01700000000000e+01	3.06760015464230e+01
1.01800000000000e+01	1.88534098357471e+01
1.01900000000000e+01	1.16349559170826e+01
1.02000000000000e+01	7.17799244448567e+00
1.02100000000000e+01	4.40603690538534e+00
1.02200000000000e+01	2.67694931091144e+00
1.02300000000000e+01	1.60046677452126e+00
1.02400000000000e+01	9.35679763226448e-01
1.02500000000000e+01	5.31895295934951e-01
1.02600000000000e+01	2.93801258324113e-01
1.02700000000000e+01	1.60594473886225e-01
1.02800000000000e+01	9.32294375122228e-02
1.02900000000000e+01	6.65451363615342e-02
1.03000000000000e+01	6.43078103372150e-02
1.03100000000000e+01	7.60688013986469e-02
1.03200000000000e+01	9.51489990473161e-02
1.03300000000000e+01	1.17334260494494e-01
1.03400000000000e+01	1.40017534766389e-01
1.03500000000000e+01	1.61645846432208e-01
1.03600000000000e+01	1.81345845367802e-01
1.03700000000000e+01	1.98690027807167e-01
1.03800000000000e+01	2.13519464850630e-01
1.03900000000000e+01	2.25859338016179e-01
1.04000000000000e+01	2.35825255385502e-01
1.04100000000000e+01	2.43595338785749e-01
1.04200000000000e+01	2.49376963851296e-01
1.04300000000000e+01	2.53380864707392e-01
1.04400000000000e+01	2.55820095988363e-01
1.04500000000000e+01	2.56894981331603e-01
1.04600000000000e+01	2.56791676926272e-01
1.04700000000000e+01	2.55679884480931e-01
1.04800000000000e+01	2.53713685834961e-01
1.04900000000000e+01	2.51035821623314e-01
1.05000000000000e+01	2.47763261941435e-01
1.05100000000000e+01	2.44007281363059e-01
1.05200000000000e+01	2.39862559220993e-01
1.05300000000000e+01	2.35404520146441e-01
1.05400000000000e+01	2.30709634781122e-01
1.05500000000000e+01	2.25835669100059e-01
1.05600000000000e+01	2.20835010872517e-01
1.05700000000000e+01	2.15746976342551e-01
1.05800000000000e+01	2.10610831748625e-01
1.05900000000000e+01	2.05455399332320e-01
1.06000000000000e+01	2.00307444844025e-01
1.06100000000000e+01	1.95188437458003e-01
1.06200000000000e+01	1.90115811590214e-01
1.06300000000000e+01	1.85103209887295e-01
1.06400000000000e+01	1.80161796237267e-01
1.06500000000000e+01	1.75300993204261e-01
1.06600000000000e+01	1.70528837876651e-01
1.06700000000000e+01	1.65850012620092e-01
1.06800000000000e+01	1.61268941331960e-01
1.06900000000000e+01	1.56789091524484e-01
1.07000000000000e+01	1.52411699118309e-01
1.07100000000000e+01	1.48138813235837e-01
1.07200000000000e+01	1.43972560681342e-01
1.07300000000000e+01	1.39913316632179e-01
1.07400000000000e+01	1.35961308737705e-01
1.07500000000000e+01	1.32115723481046e-01
1.07600000000000e+01	1.28380285167806e-01
1.07700000000000e+01	1.24751017116894e-01
1.07800000000000e+01	1.21230677303898e-01
1.07900000000000e+01	1.17816963377438e-01
1.08000000000000e+01	1.14509556110284e-01
1.08100000000000e+01	1.11305951987146e-01
1.08200000000000e+01	1.08205402583343e-01
1.08300000000000e+01	1.05204868037958e-01
1.08400000000000e+01	1.02301409248661e-01
1.08500000000000e+01	9.94915822711846e-02
1.08600000000000e+01	9.67729075360891e-02
1.08700000000000e+01	9.41419754977175e-02
1.08800000000000e+01	9.15948756780950e-02
1.08900000000000e+01	8.91277369571059e-02
1.09000000000000e+01	8.67376420300161e-02
1.09100000000000e+01	8.44210577074958e-02
1.09200000000000e+01	8.21749013995610e-02
1.09300000000000e+01	7.99954601066426e-02
1.09400000000000e+01	7.78793019304953e-02
1.09500000000000e+01	7.58249937819229e-02
1.09600000000000e+01	7.38284432354945e-02
1.09700000000000e+01	7.18888051316328e-02
1.09800000000000e+01	7.00023135339458e-02
1.09900000000000e+01	6.81676637496526e-02
1.10000000000000e+01	6.63834748585995e-02
1.10100000000000e+01	6.46484979642442e-02
1.10200000000000e+01	6.29620907773528e-02
1.10300000000000e+01	6.13238472261245e-02
1.10400000000000e+01	5.97332725549202e-02
1.10500000000000e+01	5.81902491060699e-02
1.10600000000000e+01	5.66960283226391e-02
1.10700000000000e+01	5.52490028787887e-02
1.10800000000000e+01	5.38498958719272e-02
1.10900000000000e+01	5.24985375835263e-02
1.11000000000000e+01	5.11939525378170e-02
1.11100000000000e+01	4.99359623023281e-02
1.11200000000000e+01	4.87220723571703e-02
1.11300000000000e+01	4.75517656972980e-02
1.11400000000000e+01	4.64232473637477e-02
1.11500000000000e+01	4.53343356022975e-02
1.11600000000000e+01	4.42828502507668e-02
1.11700000000000e+01	4.32674008115229e-02
1.11800000000000e+01	4.22851171645255e-02
1.11900000000000e+01	4.13343370094330e-02
1.12000000000000e+01	4.04127267755476e-02
1.12100000000000e+01	3.95191171305626e-02
1.12200000000000e+01	3.86517139383718e-02
1.12300000000000e+01	3.78089693699014e-02
1.12400000000000e+01	3.69891263137101e-02
1.12500000000000e+01	3.61919962886091e-02
1.12600000000000e+01	3.54159486915566e-02
1.12700000000000e+01	3.46602124901704e-02
1.12800000000000e+01	3.39244349834975e-02
1.12900000000000e+01	3.32073350549950e-02
1.13000000000000e+01	3.25086241872263e-02
1.13100000000000e+01	3.18276283311801e-02
1.13200000000000e+01	3.11634142220041e-02
1.13300000000000e+01	3.05161043691609e-02
1.13400000000000e+01	2.98845046578109e-02
1.13500000000000e+01	2.92684955298395e-02
1.13600000000000e+01	2.86672143319736e-02
1.13700000000000e+01	2.80798798196852e-02
1.13800000000000e+01	2.75068672635991e-02
1.13900000000000e+01	2.69468609766638e-02
1.14000000000000e+01	2.63999545178044e-02
1.14100000000000e+01	2.58657422447865e-02
1.14200000000000e+01	2.53434127832176e-02
1.14300000000000e+01	2.48333349873298e-02
1.14400000000000e+01	2.43348726502685e-02
1.14500000000000e+01	2.38480072346989e-02
1.14600000000000e+01	2.33722826902828e-02
1.14700000000000e+01	2.29072985295064e-02
1.14800000000000e+01	2.24528632257068e-02
1.14900000000000e+01	2.20086767448029e-02
1.15000000000000e+01	2.15747237307841e-02
1.15100000000000e+01	2.11503759737857e-02
1.15200000000000e+01	2.07354166896169e-02
1.15300000000000e+01	2.03299118199483e-02
1.15400000000000e+01	1.99333487632554e-02
1.15500000000000e+01	1.95460409295801e-02
1.15600000000000e+01	1.91678600180633e-02
1.15700000000000e+01	1.87987455079247e-02
1.15800000000000e+01	1.84390387458510e-02
1.15900000000000e+01	1.80885790432332e-02
1.16000000000000e+01	1.77474101515150e-02
1.16100000000000e+01	1.74159238903313e-02
1.16200000000000e+01	1.70936895071886e-02
1.16300000000000e+01	1.67807921359447e-02
1.16400000000000e+01	1.64767923291546e-02
1.16500000000000e+01	1.61815223903947e-02
1.16600000000000e+01	1.58945328610960e-02
1.16700000000000e+01	1.56153164322373e-02
1.16800000000000e+01	1.53431545044805e-02
1.16900000000000e+01	1.50775108125639e-02
1.17000000000000e+01	1.48178292525604e-02
1.17100000000000e+01	1.45635289788617e-02
1.17200000000000e+01	1.43140128202268e-02
1.17300000000000e+01	1.40687652986880e-02
1.17400000000000e+01	1.38275356402103e-02
1.17500000000000e+01	1.35900217029998e-02
1.17600000000000e+01	1.33560425849306e-02
1.17700000000000e+01	1.31254295651865e-02
1.17800000000000e+01	1.28985874211124e-02
1.17900000000000e+01	1.26753816834259e-02
1.18000000000000e+01	1.24560837051510e-02
1.18100000000000e+01	1.22409276165653e-02
1.18200000000000e+01	1.20300910719352e-02
1.18300000000000e+01	1.18238554498427e-02
1.18400000000000e+01	1.16223030994422e-02
1.18500000000000e+01	1.14255561808540e-02
1.18600000000000e+01	1.12336378985054e-02
1.18700000000000e+01	1.10466161281985e-02
1.18800000000000e+01	1.08642197341010e-02
1.18900000000000e+01	1.06865184763679e-02
1.19000000000000e+01	1.05132610296250e-02
1.19100000000000e+01	1.03442466146092e-02
1.19200000000000e+01	1.01792240710453e-02
1.19300000000000e+01	1.00180942975185e-02
1.19400000000000e+01	9.86045507920792e-03
1.19500000000000e+01	9.70613135229379e-03
1.19600000000000e+01	9.55493897151103e-03
1.19700000000000e+01	9.40667391277930e-03
1.19800000000000e+01	9.26107213474433e-03
1.19900000000000e+01	9.11798673308814e-03
1.20000000000000e+01	8.97715675936699e-03
1.20100000000000e+01	8.83864096466747e-03
1.20200000000000e+01	8.70228276711547e-03
1.20300000000000e+01	8.56803922313201e-03
1.20400000000000e+01	8.43593239982748e-03
1.20500000000000e+01	8.30586866802560e-03
1.20600000000000e+01	8.17808691830636e-03
1.20700000000000e+01	8.05250431181379e-03
1.20800000000000e+01	7.92930466282415e-03
1.20900000000000e+01	7.80852789892661e-03
1.21000000000000e+01	7.69032536083310e-03
1.21100000000000e+01	7.57477694093629e-03
1.21200000000000e+01	7.46191031683603e-03
1.21300000000000e+01	7.35169740090800e-03
1.21400000000000e+01	7.24426077838835e-03
1.21500000000000e+01	7.13952756682605e-03
1.21600000000000e+01	7.03727668624242e-03
1.21700000000000e+01	6.93757579715111e-03
1.21800000000000e+01	6.84013816490398e-03
1.21900000000000e+01	6.74498549707655e-03
1.22000000000000e+01	6.65181338515062e-03
1.22100000000000e+01	6.56051004758395e-03
1.22200000000000e+01	6.47087975587964e-03
1.22300000000000e+01	6.38275295811964e-03
1.22400000000000e+01	6.29595766500318e-03
1.22500000000000e+01	6.21037182185812e-03
1.22600000000000e+01	6.12586407249239e-03
1.22700000000000e+01	6.04233586809183e-03
1.22800000000000e+01	5.95952258032517e-03
1.22900000000000e+01	5.87752116994750e-03
1.23000000000000e+01	5.79609436721237e-03
1.23100000000000e+01	5.71524544806169e-03
1.23200000000000e+01	5.63487274381765e-03
1.23300000000000e+01	5.55492413277177e-03
1.23400000000000e+01	5.47543238933869e-03
1.23500000000000e+01	5.39639920973482e-03
1.23600000000000e+01	5.31784652473748e-03
1.23700000000000e+01	5.23982888985761e-03
1.23800000000000e+01	5.16235302022160e-03
1.23900000000000e+01	5.08566242344778e-03
1.24000000000000e+01	5.00968311919223e-03
1.24100000000000e+01	4.93467194848385e-03
1.24200000000000e+01	4.86059825590177e-03
1.24300000000000e+01	4.78759307082012e-03
1.24400000000000e+01	4.71579467605362e-03
1.24500000000000e+01	4.64512778192167e-03
1.24600000000000e+01	4.57567794070607e-03
1.24700000000000e+01	4.50747262335348e-03
1.24800000000000e+01	4.44050875130904e-03
1.24900000000000e+01	4.37473138712072e-03
1.25000000000000e+01	4.31024185023112e-03
1.25100000000000e+01	4.24696232406629e-03
1.25200000000000e+01	4.18488431933470e-03
1.25300000000000e+01	4.12399895184518e-03
1.25400000000000e+01	4.06440349775950e-03
1.25500000000000e+01	4.00594293092943e-03
1.25600000000000e+01	3.94875264266302e-03
1.25700000000000e+01	3.89273704572946e-03
1.25800000000000e+01	3.83794765544667e-03
1.25900000000000e+01	3.78433483379123e-03
1.26000000000000e+01	3.73186111938699e-03
1.26100000000000e+01	3.68047903986587e-03
1.26200000000000e+01	3.63019622408845e-03
1.26300000000000e+01	3.58092834625176e-03
1.26400000000000e+01	3.53260719924388e-03
1.26500000000000e+01	3.48524862757116e-03
1.26600000000000e+01	3.43883154180799e-03
1.26700000000000e+01	3.39325414689590e-03
1.26800000000000e+01	3.34855177070148e-03
1.26900000000000e+01	3.30470669951474e-03
1.27000000000000e+01	3.26171617403592e-03
1.27100000000000e+01	3.21959889400341e-03
1.27200000000000e+01	3.17834759776274e-03
1.27300000000000e+01	3.13793347787461e-03
1.27400000000000e+01	3.09840690006307e-03
1.27500000000000e+01	3.05974649518400e-03
1.27600000000000e+01	3.02197082909962e-03
1.27700000000000e+01	2.98502375738744e-03
1.27800000000000e+01	2.94892286117236e-03
1.27900000000000e+01	2.91360018164000e-03
1.28000000000000e+01	2.87904715699392e-03
1.28100000000000e+01	2.84522211115336e-03
1.28200000000000e+01	2.81211875552643e-03
1.28300000000000e+01	2.77964974643006e-03
1.28400000000000e+01	2.74783831364592e-03
1.28500000000000e+01	2.71666273030775e-03
1.28600000000000e+01	2.68604624379148e-03
1.28700000000000e+01	2.65602582184149e-03
1.28800000000000e+01	2.62653909911473e-03
1.28900000000000e+01	2.59760292075524e-03
1.29000000000000e+01	2.56916547546802e-03
1.29100000000000e+01	2.54124929492859e-03
1.29200000000000e+01	2.51381661799610e-03
1.29300000000000e+01	2.48688150199977e-03
1.29400000000000e+01	2.46036289802070e-03
1.29500000000000e+01	2.43431927310120e-03
1.29600000000000e+01	2.40865406275677e-03
1.29700000000000e+01	2.38343598651475e-03
1.29800000000000e+01	2.35857862546777e-03
1.29900000000000e+01	2.33413936933690e-03
1.30000000000000e+01	2.31004090278191e-03
1.30100000000000e+01	2.28634091642709e-03
1.30200000000000e+01	2.26300062990058e-03
1.30300000000000e+01	2.24004002670188e-03
1.30400000000000e+01	2.21742244220166e-03
1.30500000000000e+01	2.19515144982384e-03
1.30600000000000e+01	2.17319536116794e-03
1.30700000000000e+01	2.15153493304938e-03
1.30800000000000e+01	2.13012410706265e-03
1.30900000000000e+01	2.10895295577717e-03
1.31000000000000e+01	2.08796550861278e-03
1.31100000000000e+01	2.06718458398876e-03
1.31200000000000e+01	2.04650003614368e-03
1.31300000000000e+01	2.02595110614095e-03
1.31400000000000e+01	2.00548727568873e-03
1.31500000000000e+01	1.98513129874815e-03
1.31600000000000e+01	1.96488486393795e-03
1.31700000000000e+01	1.94474732654874e-03
1.31800000000000e+01	1.92472179459899e-03
1.31900000000000e+01	1.90486845277648e-03
1.32000000000000e+01	1.88517813929751e-03
1.32100000000000e+01	1.86565668889168e-03
1.32200000000000e+01	1.84633929490012e-03
1.32300000000000e+01	1.82721586773719e-03
1.32400000000000e+01	1.80830909493714e-03
1.32500000000000e+01	1.78958071348378e-03
1.32600000000000e+01	1.77101323019646e-03
1.32700000000000e+01	1.75263956687846e-03
1.32800000000000e+01	1.73441365088125e-03
1.32900000000000e+01	1.71634503691796e-03
1.33000000000000e+01	1.69842975608331e-03
1.33100000000000e+01	1.68065816786013e-03
1.33200000000000e+01	1.66305341321426e-03
1.33300000000000e+01	1.64559898679294e-03
1.33400000000000e+01	1.62835032849841e-03
1.33500000000000e+01	1.61129880744451e-03
1.33600000000000e+01	1.59446281243098e-03
1.33700000000000e+01	1.57784421248045e-03
1.33800000000000e+01	1.56149183874793e-03
1.33900000000000e+01	1.54539195374628e-03
1.34000000000000e+01	1.52953658374507e-03
1.34100000000000e+01	1.51394050307975e-03
1.34200000000000e+01	1.49860895333819e-03
1.34300000000000e+01	1.48350848617076e-03
1.34400000000000e+01	1.46865534679095e-03
1.34500000000000e+01	1.45403317898745e-03
1.34600000000000e+01	1.43961470066815e-03
1.34700000000000e+01	1.42539027213115e-03
1.34800000000000e+01	1.41137322289439e-03
1.34900000000000e+01	1.39752113269356e-03
1.35000000000000e+01	1.38384739224245e-03
1.35100000000000e+01	1.37030379167735e-03
1.35200000000000e+01	1.35690874136564e-03
1.35300000000000e+01	1.34364355725329e-03
1.35400000000000e+01	1.33049554146898e-03
1.35500000000000e+01	1.31743467598201e-03
1.35600000000000e+01	1.30447733909164e-03
1.35700000000000e+01	1.29158545110577e-03
1.35800000000000e+01	1.27878604351456e-03
1.35900000000000e+01	1.26601863853857e-03
1.36000000000000e+01	1.25333188348087e-03
1.36100000000000e+01	1.24068734985121e-03
1.36200000000000e+01	1.22810328678437e-03
1.36300000000000e+01	1.21556245363822e-03
1.36400000000000e+01	1.20309049567471e-03
1.36500000000000e+01	1.19069419009340e-03
1.36600000000000e+01	1.17837024375007e-03
1.36700000000000e+01	1.16613135271511e-03
1.36800000000000e+01	1.15400602030489e-03
1.36900000000000e+01	1.14200521089962e-03
1.37000000000000e+01	1.13012338178596e-03
1.37100000000000e+01	1.11840426548327e-03
1.37200000000000e+01	1.10684324663558e-03
1.37300000000000e+01	1.09548233625280e-03
1.37400000000000e+01	1.08431162941920e-03
1.37500000000000e+01	1.07336588660996e-03
1.37600000000000e+01	1.06263563975254e-03
1.37700000000000e+01	1.05212096304354e-03
1.37800000000000e+01	1.04183669733661e-03
1.37900000000000e+01	1.03176458750759e-03
1.38000000000000e+01	1.02192259531062e-03
1.38100000000000e+01	1.01226919300241e-03
1.38200000000000e+01	1.00280742953062e-03
1.38300000000000e+01	9.93509366982186e-04
1.38400000000000e+01	9.84376895635323e-04
1.38500000000000e+01	9.75396455471541e-04
1.38600000000000e+01	9.66537957497977e-04
1.38700000000000e+01	9.57791014497699e-04
1.38800000000000e+01	9.49174323568030e-04
1.38900000000000e+01	9.40638439200339e-04
1.39000000000000e+01	9.32189933626021e-04
1.39100000000000e+01	9.23832337303776e-04
1.39200000000000e+01	9.15543383364921e-04
1.39300000000000e+01	9.07327846385995e-04
1.39400000000000e+01	8.99178701127423e-04
1.39500000000000e+01	8.91098797433006e-04
1.39600000000000e+01	8.83066040157352e-04
1.39700000000000e+01	8.75090394755075e-04
1.39800000000000e+01	8.67181032894111e-04
1.39900000000000e+01	8.59324011440125e-04
1.40000000000000e+01	8.51531095327199e-04
1.40100000000000e+01	8.43794257074729e-04
1.40200000000000e+01	8.36118308935200e-04
1.40300000000000e+01	8.28514874832073e-04
1.40400000000000e+01	8.20998890525276e-04
1.40500000000000e+01	8.13558532091493e-04
1.40600000000000e+01	8.06200748980775e-04
1.40700000000000e+01	7.98943941133300e-04
1.40800000000000e+01	7.91778049377832e-04
1.40900000000000e+01	7.84703913564885e-04
1.41000000000000e+01	7.77723590765322e-04
1.41100000000000e+01	7.70841138201229e-04
1.41200000000000e+01	7.64042115384863e-04
1.41300000000000e+01	7.57328455120782e-04
1.41400000000000e+01	7.50692847840951e-04
1.41500000000000e+01	7.44110214003766e-04
1.41600000000000e+01	7.37587336630369e-04
1.41700000000000e+01	7.31106076541768e-04
1.41800000000000e+01	7.24661372287123e-04
1.41900000000000e+01	7.18245290789097e-04
1.42000000000000e+01	7.11855532163330e-04
1.42100000000000e+01	7.05489754425825e-04
1.42200000000000e+01	6.99165943206157e-04
1.42300000000000e+01	6.92867674126922e-04
1.42400000000000e+01	6.86608083436683e-04
1.42500000000000e+01	6.80401080943263e-04
1.42600000000000e+01	6.74240353572976e-04
1.42700000000000e+01	6.68147340829424e-04
1.42800000000000e+01	6.62129182440459e-04
1.42900000000000e+01	6.56176641194487e-04
1.43000000000000e+01	6.50307743609541e-04
1.43100000000000e+01	6.44518236887886e-04
1.43200000000000e+01	6.38796246478726e-04
1.43300000000000e+01	6.33159931081065e-04
1.43400000000000e+01	6.27593376754305e-04
1.43500000000000e+01	6.22106487981585e-04
1.43600000000000e+01	6.16688410746152e-04
1.43700000000000e+01	6.11328636942171e-04
1.43800000000000e+01	6.06041799001948e-04
1.43900000000000e+01	6.00818746903942e-04
1.44000000000000e+01	5.95672606404921e-04
1.44100000000000e+01	5.90580186510880e-04
1.44200000000000e+01	5.85558594223242e-04
1.44300000000000e+01	5.80599931591771e-04
1.44400000000000e+01	5.75721468711052e-04
1.44500000000000e+01	5.70903307620046e-04
1.44600000000000e+01	5.66157939129150e-04
1.44700000000000e+01	5.61476535096921e-04
1.44800000000000e+01	5.56859445100885e-04
1.44900000000000e+01	5.52308052870344e-04
1.45000000000000e+01	5.47818822673542e-04
1.45100000000000e+01	5.43392299558778e-04
1.45200000000000e+01	5.39019062249925e-04
1.45300000000000e+01	5.34702169973797e-04
1.45400000000000e+01	5.30441146556824e-04
1.45500000000000e+01	5.26225712392708e-04
1.45600000000000e+01	5.22057505452531e-04
1.45700000000000e+01	5.17936576672907e-04
1.45800000000000e+01	5.13847809124358e-04
1.45900000000000e+01	5.09812206573161e-04
1.46000000000000e+01	5.05808039199020e-04
1.46100000000000e+01	5.01834688906748e-04
1.46200000000000e+01	4.97906476811175e-04
1.46300000000000e+01	4.94001940982635e-04
1.46400000000000e+01	4.90135602352254e-04
1.46500000000000e+01	4.86309249085735e-04
1.46600000000000e+01	4.82506403142124e-04
1.46700000000000e+01	4.78742767493784e-04
1.46800000000000e+01	4.75022370465660e-04
1.46900000000000e+01	4.71338465669030e-04
1.47000000000000e+01	4.67695560114279e-04
1.47100000000000e+01	4.64093187001912e-04
1.47200000000000e+01	4.60527641867261e-04
1.47300000000000e+01	4.57006892648873e-04
1.47400000000000e+01	4.53528140406659e-04
1.47500000000000e+01	4.50089327958295e-04
1.47600000000000e+01	4.46690875888792e-04
1.47700000000000e+01	4.43331061368894e-04
1.47800000000000e+01	4.39998705864740e-04
1.47900000000000e+01	4.36700940129805e-04
1.48000000000000e+01	4.33430293422170e-04
1.48100000000000e+01	4.30177495873031e-04
1.48200000000000e+01	4.26958640901805e-04
1.48300000000000e+01	4.23750045724964e-04
1.48400000000000e+01	4.20560456664840e-04
1.48500000000000e+01	4.17389329235398e-04
1.48600000000000e+01	4.14230142461573e-04
1.48700000000000e+01	4.11085904396906e-04
1.48800000000000e+01	4.07954634063008e-04
1.48900000000000e+01	4.04833814877070e-04
1.49000000000000e+01	4.01735612309277e-04
1.49100000000000e+01	3.98646688484141e-04
1.49200000000000e+01	3.95577769347341e-04
1.49300000000000e+01	3.92526991040807e-04
1.49400000000000e+01	3.89496989549452e-04
1.49500000000000e+01	3.86486718262397e-04
1.49600000000000e+01	3.83502799252841e-04
1.49700000000000e+01	3.80546681546344e-04
1.49800000000000e+01	3.77616849048479e-04
1.49900000000000e+01	3.74718833268010e-04
1.50000000000000e+01	3.71848115925083e-04
1.50100000000000e+01	3.69014302550789e-04
1.50200000000000e+01	3.66204582989918e-04
1.50300000000000e+01	3.63430229838350e-04
1.50400000000000e+01	3.60688283448345e-04
1.50500000000000e+01	3.57972025796007e-04
1.50600000000000e+01	3.55287466555945e-04
1.50700000000000e+01	3.52626399067476e-04
1.50800000000000e+01	3.49988191088318e-04
1.50900000000000e+01	3.47377371899860e-04
1.51000000000000e+01	3.44780679273018e-04
1.51100000000000e+01	3.42203588003547e-04
1.51200000000000e+01	3.39647738249464e-04
1.51300000000000e+01	3.37099458752926e-04
1.51400000000000e+01	3.34572524642775e-04
1.51500000000000e+01	3.32052603670477e-04
1.51600000000000e+01	3.29543271129179e-04
1.51700000000000e+01	3.27050259387381e-04
1.51800000000000e+01	3.24571709546078e-04
1.51900000000000e+01	3.22104833424028e-04
1.52000000000000e+01	3.19653986008288e-04
1.52100000000000e+01	3.17220262536938e-04
1.52200000000000e+01	3.14805244212394e-04
1.52300000000000e+01	3.12405829952791e-04
1.52400000000000e+01	3.10020725718655e-04
1.52500000000000e+01	3.07649745516881e-04
1.52600000000000e+01	3.05290044170619e-04
1.52700000000000e+01	3.02938177911963e-04
1.52800000000000e+01	3.00591797372298e-04
1.52900000000000e+01	2.98240402887597e-04
1.53000000000000e+01	2.95883596772636e-04
1.53100000000000e+01	2.93510097369397e-04
1.53200000000000e+01	2.91120565470683e-04
1.53300000000000e+01	2.88712092345794e-04
1.53400000000000e+01	2.86269342834262e-04
1.53500000000000e+01	2.83798374779753e-04
1.53600000000000e+01	2.81300595383469e-04
1.53700000000000e+01	2.78767618592433e-04
1.53800000000000e+01	2.76201231665754e-04
1.53900000000000e+01	2.73609958568842e-04
1.54000000000000e+01	2.70993217036780e-04
1.54100000000000e+01	2.68360936153817e-04
1.54200000000000e+01	2.65714937872051e-04
1.54300000000000e+01	2.63071237781623e-04
1.54400000000000e+01	2.60432407928396e-04
1.54500000000000e+01	2.57814756447158e-04
1.54600000000000e+01	2.55224898958097e-04
1.54700000000000e+01	2.52684964081035e-04
1.54800000000000e+01	2.50193193111013e-04
1.54900000000000e+01	2.47770113665210e-04
1.55000000000000e+01	2.45419678553111e-04
1.55100000000000e+01	2.43158329595009e-04
1.55200000000000e+01	2.40989951824880e-04
1.55300000000000e+01	2.38918640364508e-04
1.55400000000000e+01	2.36938824004974e-04
1.55500000000000e+01	2.35060705980960e-04
1.55600000000000e+01	2.33271118232811e-04
1.55700000000000e+01	2.31564826397038e-04
1.55800000000000e+01	2.29941580774377e-04
1.55900000000000e+01	2.28386345281995e-04
1.56000000000000e+01	2.26883239972687e-04
1.56100000000000e+01	2.25432637398441e-04
1.56200000000000e+01	2.24016414125678e-04
1.56300000000000e+01	2.22629347791373e-04
1.56400000000000e+01	2.21260978993144e-04
1.56500000000000e+01	2.19900948299487e-04
1.56600000000000e+01	2.18541507025975e-04
1.56700000000000e+01	2.17179803596318e-04
1.56800000000000e+01	2.15810124446102e-04
1.56900000000000e+01	2.14428156678577e-04
1.57000000000000e+01	2.13029460490476e-04
1.57100000000000e+01	2.11613789070252e-04
1.57200000000000e+01	2.10182594747605e-04
1.57300000000000e+01	2.08733892067612e-04
1.57400000000000e+01	2.07269195920725e-04
1.57500000000000e+01	2.05793850174322e-04
1.57600000000000e+01	2.04307346531485e-04
1.57700000000000e+01	2.02812825207980e-04
1.57800000000000e+01	2.01317091362794e-04
1.57900000000000e+01	1.99827906580447e-04
1.58000000000000e+01	1.98344386905015e-04
1.58100000000000e+01	1.96876093981980e-04
1.58200000000000e+01	1.95425212987284e-04
1.58300000000000e+01	1.94001328338285e-04
1.58400000000000e+01	1.92605733888004e-04
1.58500000000000e+01	1.91242223094215e-04
1.58600000000000e+01	1.89915121649722e-04
1.58700000000000e+01	1.88623559280821e-04
1.58800000000000e+01	1.87368144232603e-04
1.58900000000000e+01	1.86152966864173e-04
1.59000000000000e+01	1.84972056048808e-04
1.59100000000000e+01	1.83825653935848e-04
1.59200000000000e+01	1.82708237832561e-04
1.59300000000000e+01	1.81617590370185e-04
1.59400000000000e+01	1.80551733011901e-04
1.59500000000000e+01	1.79502586536275e-04
1.59600000000000e+01	1.78465864709702e-04
1.59700000000000e+01	1.77444286013789e-04
1.59800000000000e+01	1.76430712474895e-04
1.59900000000000e+01	1.75419068749000e-04
1.60000000000000e+01	1.74415991663401e-04
1.60100000000000e+01	1.73412235533561e-04
1.60200000000000e+01	1.72412065460724e-04
1.60300000000000e+01	1.71413174827539e-04
1.60400000000000e+01	1.70414964625799e-04
1.60500000000000e+01	1.69418219121346e-04
1.60600000000000e+01	1.68424324271739e-04
1.60700000000000e+01	1.67430260335140e-04
1.60800000000000e+01	1.66436296870041e-04
1.60900000000000e+01	1.65447554065537e-04
1.61000000000000e+01	1.64462032644906e-04
1.61100000000000e+01	1.63477577468381e-04
1.61200000000000e+01	1.62498636573626e-04
1.61300000000000e+01	1.61521347779311e-04
1.61400000000000e+01	1.60552642996240e-04
1.61500000000000e+01	1.59589570480455e-04
1.61600000000000e+01	1.58629731848662e-04
1.61700000000000e+01	1.57678916284819e-04
1.61800000000000e+01	1.56734673958685e-04
1.61900000000000e+01	1.55802210083845e-04
1.62000000000000e+01	1.54877470452190e-04
1.62100000000000e+01	1.53968384960001e-04
1.62200000000000e+01	1.53068869743691e-04
1.62300000000000e+01	1.52183122047169e-04
1.62400000000000e+01	1.51312948462542e-04
1.62500000000000e+01	1.50458895170846e-04
1.62600000000000e+01	1.49616333247911e-04
1.62700000000000e+01	1.48787937808915e-04
1.62800000000000e+01	1.47973799012329e-04
1.62900000000000e+01	1.47170777455606e-04
1.63000000000000e+01	1.46378514233818e-04
1.63100000000000e+01	1.45591048722673e-04
1.63200000000000e+01	1.44811811670727e-04
1.63300000000000e+01	1.44031931324050e-04
1.63400000000000e+01	1.43250967600607e-04
1.63500000000000e+01	1.42467733848075e-04
1.63600000000000e+01	1.41678125454052e-04
1.63700000000000e+01	1.40878520379198e-04
1.63800000000000e+01	1.40068739425361e-04
1.63900000000000e+01	1.39242666735515e-04
1.64000000000000e+01	1.38402522717553e-04
1.64100000000000e+01	1.37545999446222e-04
1.64200000000000e+01	1.36672990708713e-04
1.64300000000000e+01	1.35783507245029e-04
1.64400000000000e+01	1.34880040258889e-04
1.64500000000000e+01	1.33961431615529e-04
1.64600000000000e+01	1.33032961295289e-04
1.64700000000000e+01	1.32098251063705e-04
1.64800000000000e+01	1.31157951384205e-04
1.64900000000000e+01	1.30219653880263e-04
1.65000000000000e+01	1.29288847455282e-04
1.65100000000000e+01	1.28361859650036e-04
1.65200000000000e+01	1.27447210003530e-04
1.65300000000000e+01	1.26547573410027e-04
1.65400000000000e+01	1.25664680050211e-04
1.65500000000000e+01	1.24799843553895e-04
1.65600000000000e+01	1.23956267286089e-04
1.65700000000000e+01	1.23130807057362e-04
1.65800000000000e+01	1.22326944059657e-04
1.65900000000000e+01	1.21544253296696e-04
1.66000000000000e+01	1.20784738283480e-04
1.66100000000000e+01	1.20042504231904e-04
1.66200000000000e+01	1.19320723550411e-04
1.66300000000000e+01	1.18617191879257e-04
1.66400000000000e+01	1.17932136463425e-04
1.66500000000000e+01	1.17263766012732e-04
1.66600000000000e+01	1.16612111065217e-04
1.66700000000000e+01	1.15974820178784e-04
1.66800000000000e+01	1.15353518384147e-04
1.66900000000000e+01	1.14742219942192e-04
1.67000000000000e+01	1.14143820162689e-04
1.67100000000000e+01	1.13554248317084e-04
1.67200000000000e+01	1.12975802494512e-04
1.67300000000000e+01	1.12403227183558e-04
1.67400000000000e+01	1.11836282769878e-04
1.67500000000000e+01	1.11274094669921e-04
1.67600000000000e+01	1.10715248016797e-04
1.67700000000000e+01	1.10156064610026e-04
1.67800000000000e+01	1.09597358321706e-04
1.67900000000000e+01	1.09039339404488e-04
1.68000000000000e+01	1.08477743787187e-04
1.68100000000000e+01	1.07912290085120e-04
1.68200000000000e+01	1.07346522377065e-04
1.68300000000000e+01	1.06777290034846e-04
1.68400000000000e+01	1.06202998546263e-04
1.68500000000000e+01	1.05628239602347e-04
1.68600000000000e+01	1.05051046162898e-04
1.68700000000000e+01	1.04471045160992e-04
1.68800000000000e+01	1.03891507951355e-04
1.68900000000000e+01	1.03310569706684e-04
1.69000000000000e+01	1.02732700296153e-04
1.69100000000000e+01	1.02153138017766e-04
1.69200000000000e+01	1.01574897175871e-04
1.69300000000000e+01	1.00998163674634e-04
1.69400000000000e+01	1.00425182215400e-04
1.69500000000000e+01	9.98523396954683e-05
1.69600000000000e+01	9.92832632708252e-05
1.69700000000000e+01	9.87172869896467e-05
1.69800000000000e+01	9.81554809793951e-05
1.69900000000000e+01	9.75997311661209e-05
1.70000000000000e+01	9.70496421542207e-05
1.70100000000000e+01	9.65087115244751e-05
1.70200000000000e+01	9.59777879495530e-05
1.70300000000000e+01	9.54565177519740e-05
1.70400000000000e+01	9.49458249110846e-05
1.70500000000000e+01	9.44485419847924e-05
1.70600000000000e+01	9.39630011491194e-05
1.70700000000000e+01	9.34908754099224e-05
1.70800000000000e+01	9.30288018080628e-05
1.70900000000000e+01	9.25792960995250e-05
1.71000000000000e+01	9.21405120720872e-05
1.71100000000000e+01	9.17116457591577e-05
1.71200000000000e+01	9.12893907323635e-05
1.71300000000000e+01	9.08743874142447e-05
1.71400000000000e+01	9.04667418157929e-05
1.71500000000000e+01	9.00643568355626e-05
1.71600000000000e+01	8.96650847842597e-05
1.71700000000000e+01	8.92704980012061e-05
1.71800000000000e+01	8.88770251393897e-05
1.71900000000000e+01	8.84889309084137e-05
1.72000000000000e+01	8.81014976794608e-05
1.72100000000000e+01	8.77183023290290e-05
1.72200000000000e+01	8.73378829260510e-05
1.72300000000000e+01	8.69564592804475e-05
1.72400000000000e+01	8.65809918096033e-05
1.72500000000000e+01	8.62046606330025e-05
1.72600000000000e+01	8.58316729073388e-05
1.72700000000000e+01	8.54597395869959e-05
1.72800000000000e+01	8.50890853919572e-05
1.72900000000000e+01	8.47199936153577e-05
1.73000000000000e+01	8.43521258120365e-05
1.73100000000000e+01	8.39856304617189e-05
1.73200000000000e+01	8.36201153550677e-05
1.73300000000000e+01	8.32539217440129e-05
1.73400000000000e+01	8.28869872437286e-05
1.73500000000000e+01	8.25214352662978e-05
1.73600000000000e+01	8.21556820526314e-05
1.73700000000000e+01	8.17896670364945e-05
1.73800000000000e+01	8.14229316709164e-05
1.73900000000000e+01	8.10562515022305e-05
1.74000000000000e+01	8.06914577942133e-05
1.74100000000000e+01	8.03249691947609e-05
1.74200000000000e+01	7.99580644692971e-05
1.74300000000000e+01	7.95909287142543e-05
1.74400000000000e+01	7.92263877313001e-05
1.74500000000000e+01	7.88596320426102e-05
1.74600000000000e+01	7.84950586680521e-05
1.74700000000000e+01	7.81306062372816e-05
1.74800000000000e+01	7.77657046467089e-05
1.74900000000000e+01	7.73992788077608e-05
1.75000000000000e+01	7.70339932288604e-05
1.75100000000000e+01	7.66692987921881e-05
1.75200000000000e+01	7.63016796633948e-05
1.75300000000000e+01	7.59330055312690e-05
1.75400000000000e+01	7.55620798993461e-05
1.75500000000000e+01	7.51915027621281e-05
1.75600000000000e+01	7.48178983247723e-05
1.75700000000000e+01	7.44428029114581e-05
1.75800000000000e+01	7.40652370345509e-05
1.75900000000000e+01	7.36874577640980e-05
1.76000000000000e+01	7.33072037355225e-05
1.76100000000000e+01	7.29289521193247e-05
1.76200000000000e+01	7.25493879793431e-05
1.76300000000000e+01	7.21717053359927e-05
1.76400000000000e+01	7.17946250392365e-05
1.76500000000000e+01	7.14195517775340e-05
1.76600000000000e+01	7.10485122365731e-05
1.76700000000000e+01	7.06796817639410e-05
1.76800000000000e+01	7.03145991500571e-05
1.76900000000000e+01	6.99543012614746e-05
1.77000000000000e+01	6.95957664643530e-05
1.77100000000000e+01	6.92414215201484e-05
1.77200000000000e+01	6.88898370604038e-05
1.77300000000000e+01	6.85410742561832e-05
1.77400000000000e+01	6.81959890937300e-05
1.77500000000000e+01	6.78515776020838e-05
1.77600000000000e+01	6.75109003944785e-05
1.77700000000000e+01	6.71703088326260e-05
1.77800000000000e+01	6.68317585895794e-05
1.77900000000000e+01	6.64947450887638e-05
1.78000000000000e+01	6.61570482648616e-05
1.78100000000000e+01	6.58203411575265e-05
1.78200000000000e+01	6.54848324341694e-05
1.78300000000000e+01	6.51478091458851e-05
1.78400000000000e+01	6.48109918053395e-05
1.78500000000000e+01	6.44755253699502e-05
1.78600000000000e+01	6.41399837677626e-05
1.78700000000000e+01	6.38044514210356e-05
1.78800000000000e+01	6.34678431745407e-05
1.78900000000000e+01	6.31322041489630e-05
1.79000000000000e+01	6.27972204904794e-05
1.79100000000000e+01	6.24617612531529e-05
1.79200000000000e+01	6.21258586055995e-05
1.79300000000000e+01	6.17905545979838e-05
1.79400000000000e+01	6.14529658241765e-05
1.79500000000000e+01	6.11158363566074e-05
1.79600000000000e+01	6.07767611732532e-05
1.79700000000000e+01	6.04378482048240e-05
1.79800000000000e+01	6.00972166145174e-05
1.79900000000000e+01	5.97570748523768e-05
1.80000000000000e+01	5.94176616265844e-05
1.80100000000000e+01	5.90815689629300e-05
1.80200000000000e+01	5.87461759971642e-05
1.80300000000000e+01	5.84165302694113e-05
1.80400000000000e+01	5.80927127057259e-05
1.80500000000000e+01	5.77761278275367e-05
1.80600000000000e+01	5.74655993923583e-05
1.80700000000000e+01	5.71663419459365e-05
1.80800000000000e+01	5.68753974132472e-05
1.80900000000000e+01	5.65940821877917e-05
1.81000000000000e+01	5.63210675392123e-05
1.81100000000000e+01	5.60576937624804e-05
1.81200000000000e+01	5.58026374551677e-05
1.81300000000000e+01	5.55544669639777e-05
1.81400000000000e+01	5.53111298877662e-05
1.81500000000000e+01	5.50733228874734e-05
1.81600000000000e+01	5.48383159027496e-05
1.81700000000000e+01	5.46067941952662e-05
1.81800000000000e+01	5.43751676258253e-05
1.81900000000000e+01	5.41454976397959e-05
1.82000000000000e+01	5.39157416652909e-05
1.82100000000000e+01	5.36844972640808e-05
1.82200000000000e+01	5.34529157031310e-05
1.82300000000000e+01	5.32201687445706e-05
1.82400000000000e+01	5.29849113172315e-05
1.82500000000000e+01	5.27475584855692e-05
1.82600000000000e+01	5.25084855610509e-05
1.82700000000000e+01	5.22671885066573e-05
1.82800000000000e+01	5.20237622860517e-05
1.82900000000000e+01	5.17778521031330e-05
1.83000000000000e+01	5.15326480874272e-05
1.83100000000000e+01	5.12841299979627e-05
1.83200000000000e+01	5.10367008765458e-05
1.83300000000000e+01	5.07884924476577e-05
1.83400000000000e+01	5.05411643988687e-05
1.83500000000000e+01	5.02950628187378e-05
1.83600000000000e+01	5.00510422560204e-05
1.83700000000000e+01	4.98100305310289e-05
1.83800000000000e+01	4.95724319677725e-05
1.83900000000000e+01	4.93388466441057e-05
1.84000000000000e+01	4.91102774973378e-05
1.84100000000000e+01	4.88874896242230e-05
1.84200000000000e+01	4.86704861882485e-05
1.84300000000000e+01	4.84602370581728e-05
1.84400000000000e+01	4.82562116763327e-05
1.84500000000000e+01	4.80591670791614e-05
1.84600000000000e+01	4.78685637823837e-05
1.84700000000000e+01	4.76836113389592e-05
1.84800000000000e+01	4.75048573941973e-05
1.84900000000000e+01	4.73307543843923e-05
1.85000000000000e+01	4.71607411338482e-05
1.85100000000000e+01	4.69942730443241e-05
1.85200000000000e+01	4.68304131725638e-05
1.85300000000000e+01	4.66682309582907e-05
1.85400000000000e+01	4.65067451439808e-05
1.85500000000000e+01	4.63459453375936e-05
1.85600000000000e+01	4.61840074958297e-05
1.85700000000000e+01	4.60214283568335e-05
1.85800000000000e+01	4.58576482906977e-05
1.85900000000000e+01	4.56917945623846e-05
1.86000000000000e+01	4.55242207263560e-05
1.86100000000000e+01	4.53544779059184e-05
1.86200000000000e+01	4.51829465038824e-05
1.86300000000000e+01	4.50092865616126e-05
1.86400000000000e+01	4.48340528510084e-05
1.86500000000000e+01	4.46571562316338e-05
1.86600000000000e+01	4.44792884876578e-05
1.86700000000000e+01	4.43002222821148e-05
1.86800000000000e+01	4.41205796147413e-05
1.86900000000000e+01	4.39401577060502e-05
1.87000000000000e+01	4.37598061023115e-05
1.87100000000000e+01	4.35795059066092e-05
1.87200000000000e+01	4.33985712784905e-05
1.87300000000000e+01	4.32182605199656e-05
1.87400000000000e+01	4.30374260793024e-05
1.87500000000000e+01	4.28572198546740e-05
1.87600000000000e+01	4.26767407252561e-05
1.87700000000000e+01	4.24960426149032e-05
1.87800000000000e+01	4.23153317197843e-05
1.87900000000000e+01	4.21340656639908e-05
1.88000000000000e+01	4.19526471615057e-05
1.88100000000000e+01	4.17705489824378e-05
1.88200000000000e+01	4.15878286618128e-05
1.88300000000000e+01	4.14041573092519e-05
1.88400000000000e+01	4.12196066829352e-05
1.88500000000000e+01	4.10338799895507e-05
1.88600000000000e+01	4.08470686104895e-05
1.88700000000000e+01	4.06585580007647e-05
1.88800000000000e+01	4.04688286836058e-05
1.88900000000000e+01	4.02773986774380e-05
1.89000000000000e+01	4.00844482950235e-05
1.89100000000000e+01	3.98896219042194e-05
1.89200000000000e+01	3.96934931710903e-05
1.89300000000000e+01	3.94957541134680e-05
1.89400000000000e+01	3.92966793564246e-05
1.89500000000000e+01	3.90968579951769e-05
1.89600000000000e+01	3.88966438828312e-05
1.89700000000000e+01	3.86959536129955e-05
1.89800000000000e+01	3.84953381685116e-05
1.89900000000000e+01	3.82956724861264e-05
1.90000000000000e+01	3.80970461638637e-05
1.90100000000000e+01	3.78996027591877e-05
1.90200000000000e+01	3.77034796593654e-05
1.90300000000000e+01	3.75088979969936e-05
1.90400000000000e+01	3.73155431351451e-05
1.90500000000000e+01	3.71232799258786e-05
1.90600000000000e+01	3.69314203293735e-05
1.90700000000000e+01	3.67397015346380e-05
1.90800000000000e+01	3.65475308406704e-05
1.90900000000000e+01	3.63545522991003e-05
1.91000000000000e+01	3.61603554564038e-05
1.91100000000000e+01	3.59651099448503e-05
1.91200000000000e+01	3.57693745714538e-05
1.91300000000000e+01	3.55740877671957e-05
1.91400000000000e+01	3.53799563990756e-05
1.91500000000000e+01	3.51882911673412e-05
1.91600000000000e+01	3.50010874754883e-05
1.91700000000000e+01	3.48194049609054e-05
1.91800000000000e+01	3.46448144734695e-05
1.91900000000000e+01	3.44784701803694e-05
1.92000000000000e+01	3.43212687341953e-05
1.92100000000000e+01	3.41730857889283e-05
1.92200000000000e+01	3.40341199052878e-05
1.92300000000000e+01	3.39039106904215e-05
1.92400000000000e+01	3.37817500412478e-05
1.92500000000000e+01	3.36659715136261e-05
1.92600000000000e+01	3.35555376588602e-05
1.92700000000000e+01	3.34492382900320e-05
1.92800000000000e+01	3.33456046674791e-05
1.92900000000000e+01	3.32436386328858e-05
1.93000000000000e+01	3.31421432172395e-05
1.93100000000000e+01	3.30402831135516e-05
1.93200000000000e+01	3.29378010750416e-05
1.93300000000000e+01	3.28340711905175e-05
1.93400000000000e+01	3.27290467885969e-05
1.93500000000000e+01	3.26226855566969e-05
1.93600000000000e+01	3.25142515428970e-05
1.93700000000000e+01	3.24043067143448e-05
1.93800000000000e+01	3.22930681240819e-05
1.93900000000000e+01	3.21802311039287e-05
1.94000000000000e+01	3.20657567531265e-05
1.94100000000000e+01	3.19502304242882e-05
1.94200000000000e+01	3.18332393758571e-05
1.94300000000000e+01	3.17152052499459e-05
1.94400000000000e+01	3.15958448215989e-05
1.94500000000000e+01	3.14755648819900e-05
1.94600000000000e+01	3.13540160987296e-05
1.94700000000000e+01	3.12314614089254e-05
1.94800000000000e+01	3.11080033933303e-05
1.94900000000000e+01	3.09834237384914e-05
1.95000000000000e+01	3.08581760320516e-05
1.95100000000000e+01	3.07319051295158e-05
1.95200000000000e+01	3.06050644713664e-05
1.95300000000000e+01	3.04772330563006e-05
1.95400000000000e+01	3.03484701794041e-05
1.95500000000000e+01	3.02191733836318e-05
1.95600000000000e+01	3.00892962309713e-05
1.95700000000000e+01	2.99586176888065e-05
1.95800000000000e+01	2.98279618649047e-05
1.95900000000000e+01	2.96970312127510e-05
1.96000000000000e+01	2.95658996304005e-05
1.96100000000000e+01	2.94348213047236e-05
1.96200000000000e+01	2.93040664960413e-05
1.96300000000000e+01	2.91736649480719e-05
1.96400000000000e+01	2.90434698687734e-05
1.96500000000000e+01	2.89140567316343e-05
1.96600000000000e+01	2.87850687690374e-05
1.96700000000000e+01	2.86568540696641e-05
1.96800000000000e+01	2.85291738912941e-05
1.96900000000000e+01	2.84019239099993e-05
1.97000000000000e+01	2.82753809227598e-05
1.97100000000000e+01	2.81491757436739e-05
1.97200000000000e+01	2.80231693776338e-05
1.97300000000000e+01	2.78974022109674e-05
1.97400000000000e+01	2.77716498502373e-05
1.97500000000000e+01	2.76458501871680e-05
1.97600000000000e+01	2.75198176970509e-05
1.97700000000000e+01	2.73934165519318e-05
1.97800000000000e+01	2.72663269889711e-05
1.97900000000000e+01	2.71387512535321e-05
1.98000000000000e+01	2.70105972998859e-05
1.98100000000000e+01	2.68817336169058e-05
1.98200000000000e+01	2.67526044649241e-05
1.98300000000000e+01	2.66236717389566e-05
1.98400000000000e+01	2.64953778058997e-05
1.98500000000000e+01	2.63689767893784e-05
1.98600000000000e+01	2.62450253400995e-05
1.98700000000000e+01	2.61238234898627e-05
1.98800000000000e+01	2.60049118365306e-05
1.98900000000000e+01	2.58851622725011e-05
1.99000000000000e+01	2.57574321482592e-05
1.99100000000000e+01	2.56074399013715e-05
1.99200000000000e+01	2.54117797551493e-05
1.99300000000000e+01	2.51307768323692e-05
1.99400000000000e+01	2.47046036804716e-05
1.99500000000000e+01	2.40474873017295e-05
1.99600000000000e+01	2.30389096488802e-05
1.99700000000000e+01	2.15276209960202e-05
1.99800000000000e+01	1.93399588267172e-05
1.99900000000000e+01	1.63222719274413e-05
2.00000000000000e+01	1.24283551545956e-05
