1.00000000000000e-02	4.88763123351460e+14
2.00000000000000e-02	3.05490573048597e+13
3.00000000000000e-02	6.03490242800768e+12
4.00000000000000e-02	1.90968754667639e+12
5.00000000000000e-02	7.82325996954204e+11
6.00000000000000e-02	3.77346528208432e+11
7.00000000000000e-02	2.03725384218880e+11
8.00000000000000e-02	1.19449082482292e+11
9.00000000000000e-02	7.45919496965548e+10
1.00000000000000e-01	4.89549137868572e+10
1.10000000000000e-01	3.34484360055228e+10
1.20000000000000e-01	2.36256466490692e+10
1.30000000000000e-01	1.71597667849377e+10
1.40000000000000e-01	1.27633738602423e+10
1.50000000000000e-01	9.68988829366936e+09
1.60000000000000e-01	7.48895584714753e+09
1.70000000000000e-01	5.87953250213126e+09
1.80000000000000e-01	4.68054331098140e+09
1.90000000000000e-01	3.77254754515335e+09
2.00000000000000e-01	3.07472951491596e+09
2.10000000000000e-01	2.53129412324129e+09
2.20000000000000e-01	2.10300941813779e+09
2.30000000000000e-01	1.76172566470453e+09
2.40000000000000e-01	1.48710737207925e+09
2.50000000000000e-01	1.26408968909942e+09
2.60000000000000e-01	1.08146468554241e+09
2.70000000000000e-01	9.30737411377985e+08
2.80000000000000e-01	8.05482747577204e+08
2.90000000000000e-01	7.00654042090444e+08
3.00000000000000e-01	6.12408371558915e+08
3.10000000000000e-01	5.37676983076511e+08
3.20000000000000e-01	4.74049345373327e+08
3.30000000000000e-01	4.19608865174221e+08
3.40000000000000e-01	3.72796618481608e+08
3.50000000000000e-01	3.32369671670665e+08
3.60000000000000e-01	2.97306346262336e+08
3.70000000000000e-01	2.66774045092724e+08
3.80000000000000e-01	2.40089533422730e+08
3.90000000000000e-01	2.16678494771671e+08
4.00000000000000e-01	1.96075057593075e+08
4.10000000000000e-01	1.77878829984491e+08
4.20000000000000e-01	1.61763694350288e+08
4.30000000000000e-01	1.47447662354794e+08
4.40000000000000e-01	1.34697164499572e+08
4.50000000000000e-01	1.23306652614205e+08
4.60000000000000e-01	1.13106691738692e+08
4.70000000000000e-01	1.03952306164291e+08
4.80000000000000e-01	9.57162066751353e+07
4.90000000000000e-01	8.82886217009852e+07
5.00000000000000e-01	8.15764796418359e+07
5.10000000000000e-01	7.54977337713647e+07
5.20000000000000e-01	6.99846132180363e+07
5.30000000000000e-01	6.49709677917290e+07
5.40000000000000e-01	6.04059710949049e+07
5.50000000000000e-01	5.62419709792814e+07
5.60000000000000e-01	5.24352875346790e+07
5.70000000000000e-01	4.89509229892706e+07
5.80000000000000e-01	4.57578887705487e+07
5.90000000000000e-01	4.28246334124951e+07
6.00000000000000e-01	4.01279155179189e+07
6.10000000000000e-01	3.76439732476865e+07
6.20000000000000e-01	3.53537939750067e+07
6.30000000000000e-01	3.32391674704697e+07
6.40000000000000e-01	3.12848568992122e+07
6.50000000000000e-01	2.94750420312007e+07
6.60000000000000e-01	2.77979443491079e+07
6.70000000000000e-01	2.62407576210381e+07
6.80000000000000e-01	2.47949152979746e+07
6.90000000000000e-01	2.34504440378097e+07
7.00000000000000e-01	2.21986557698856e+07
7.10000000000000e-01	2.10320553318123e+07
7.20000000000000e-01	1.99432136767690e+07
7.30000000000000e-01	1.89271629546026e+07
7.40000000000000e-01	1.79768126066762e+07
7.50000000000000e-01	1.70881399569684e+07
7.60000000000000e-01	1.62555016319147e+07
7.70000000000000e-01	1.54754724330575e+07
7.80000000000000e-01	1.47435499882833e+07
7.90000000000000e-01	1.40564443724232e+07
8.00000000000000e-01	1.34108822727481e+07
8.10000000000000e-01	1.28036700525165e+07
8.20000000000000e-01	1.22324472318748e+07
8.30000000000000e-01	1.16943966897293e+07
8.40000000000000e-01	1.11877273157962e+07
8.50000000000000e-01	1.07094518747795e+07
8.60000000000000e-01	1.02582985523596e+07
8.70000000000000e-01	9.83215999897853e+06
8.80000000000000e-01	9.42933796222023e+06
8.90000000000000e-01	9.04867123726018e+06
9.00000000000000e-01	8.68846419052883e+06
9.10000000000000e-01	8.34734263796915e+06
9.20000000000000e-01	8.02432071112388e+06
9.30000000000000e-01	7.71822253457860e+06
9.40000000000000e-01	7.42800295361414e+06
9.50000000000000e-01	7.15254386422853e+06
9.60000000000000e-01	6.89106553934768e+06
9.70000000000000e-01	6.64279242481206e+06
9.80000000000000e-01	6.40694153073751e+06
9.90000000000000e-01	6.18264416295511e+06
1.00000000000000e+00	5.96957521778965e+06
1.01000000000000e+00	5.76666641385721e+06
1.02000000000000e+00	5.57352346685453e+06
1.03000000000000e+00	5.38981544778548e+06
1.04000000000000e+00	5.21476990939576e+06
1.05000000000000e+00	5.04800258926257e+06
1.06000000000000e+00	4.88904660477247e+06
1.07000000000000e+00	4.73769404501252e+06
1.08000000000000e+00	4.59332752207181e+06
1.09000000000000e+00	4.45565805337131e+06
1.10000000000000e+00	4.32451297333192e+06
1.11000000000000e+00	4.19948163152443e+06
1.12000000000000e+00	4.08028925517051e+06
1.13000000000000e+00	3.96682755747898e+06
1.14000000000000e+00	3.85883857919895e+06
1.15000000000000e+00	3.75611475448033e+06
1.16000000000000e+00	3.65849154301066e+06
1.17000000000000e+00	3.56590909275832e+06
1.18000000000000e+00	3.47816217887883e+06
1.19000000000000e+00	3.39521549812671e+06
1.20000000000000e+00	3.31703458513715e+06
1.21000000000000e+00	3.24349946698327e+06
1.22000000000000e+00	3.17467071012410e+06
1.23000000000000e+00	3.11070804556654e+06
1.24000000000000e+00	3.05152286526356e+06
1.25000000000000e+00	2.99740604820982e+06
1.26000000000000e+00	2.94832119145087e+06
1.27000000000000e+00	2.90464125030504e+06
1.28000000000000e+00	2.86622763412721e+06
1.29000000000000e+00	2.83334263822632e+06
1.30000000000000e+00	2.80577601870989e+06
1.31000000000000e+00	2.78339420850744e+06
1.32000000000000e+00	2.76574591015346e+06
1.33000000000000e+00	2.75214897067942e+06
1.34000000000000e+00	2.74169861412361e+06
1.35000000000000e+00	2.73331623983248e+06
1.36000000000000e+00	2.72566143830220e+06
1.37000000000000e+00	2.71734601635544e+06
1.38000000000000e+00	2.70679669564037e+06
1.39000000000000e+00	2.69256056273224e+06
1.40000000000000e+00	2.67341330637869e+06
1.41000000000000e+00	2.64813754738783e+06
1.42000000000000e+00	2.61591866510399e+06
1.43000000000000e+00	2.57622345084307e+06
1.44000000000000e+00	2.52884066417477e+06
1.45000000000000e+00	2.47373618714409e+06
1.46000000000000e+00	2.41120093508130e+06
1.47000000000000e+00	2.34148478649068e+06
1.48000000000000e+00	2.26514038480341e+06
1.49000000000000e+00	2.18255270559911e+06
1.50000000000000e+00	2.09415260483247e+06
1.51000000000000e+00	2.00035775947645e+06
1.52000000000000e+00	1.90157289537505e+06
1.53000000000000e+00	1.79831751320342e+06
1.54000000000000e+00	1.69115540302913e+06
1.55000000000000e+00	1.58087769272290e+06
1.56000000000000e+00	1.46864080155243e+06
1.57000000000000e+00	1.35581135572946e+06
1.58000000000000e+00	1.24403037742173e+06
1.59000000000000e+00	1.13516277146210e+06
1.60000000000000e+00	1.03112135885011e+06
1.61000000000000e+00	9.33784451388491e+05
1.62000000000000e+00	8.44673741504379e+05
1.63000000000000e+00	7.64910835366157e+05
1.64000000000000e+00	6.95013905812482e+05
1.65000000000000e+00	6.34948636520479e+05
1.66000000000000e+00	5.84027954720603e+05
1.67000000000000e+00	5.41223559943896e+05
1.68000000000000e+00	5.05200272053961e+05
1.69000000000000e+00	4.74590124154659e+05
1.70000000000000e+00	4.48084907713222e+05
1.71000000000000e+00	4.24676109019199e+05
1.72000000000000e+00	4.03771031439200e+05
1.73000000000000e+00	3.85434534369193e+05
1.74000000000000e+00	3.70411265285970e+05
1.75000000000000e+00	3.60001298204392e+05
1.76000000000000e+00	3.55883212832908e+05
1.77000000000000e+00	3.59826301435197e+05
1.78000000000000e+00	3.73475094343205e+05
1.79000000000000e+00	3.98106912195059e+05
1.80000000000000e+00	4.34326846052881e+05
1.81000000000000e+00	4.81788447622447e+05
1.82000000000000e+00	5.39079025602430e+05
1.83000000000000e+00	6.03870571351510e+05
1.84000000000000e+00	6.73371091804714e+05
1.85000000000000e+00	7.44860776607799e+05
1.86000000000000e+00	8.15758655798922e+05
1.87000000000000e+00	8.83678417385766e+05
1.88000000000000e+00	9.46106939664810e+05
1.89000000000000e+00	1.00034807784096e+06
1.90000000000000e+00	1.04350196534513e+06
1.91000000000000e+00	1.07249072412510e+06
1.92000000000000e+00	1.08434340827230e+06
1.93000000000000e+00	1.07633182066966e+06
1.94000000000000e+00	1.04650605732012e+06
1.95000000000000e+00	9.94129307176222e+05
1.96000000000000e+00	9.20283034498887e+05
1.97000000000000e+00	8.28249864389906e+05
1.98000000000000e+00	7.23569993595323e+05
1.99000000000000e+00	6.13647963524210e+05
2.00000000000000e+00	5.06875490468728e+05
2.01000000000000e+00	4.11474482318934e+05
2.02000000000000e+00	3.34294744656949e+05
2.03000000000000e+00	2.79853132742333e+05
2.04000000000000e+00	2.49799427208226e+05
2.05000000000000e+00	2.42918033060873e+05
2.06000000000000e+00	2.55576312816593e+05
2.07000000000000e+00	2.82452730684364e+05
2.08000000000000e+00	3.17391178193846e+05
2.09000000000000e+00	3.54180152609085e+05
2.10000000000000e+00	3.87250454709554e+05
2.11000000000000e+00	4.12279060175507e+05
2.12000000000000e+00	4.26633149505608e+05
2.13000000000000e+00	4.29671344806571e+05
2.14000000000000e+00	4.22620990503979e+05
2.15000000000000e+00	4.08076867557829e+05
2.16000000000000e+00	3.89241513322944e+05
2.17000000000000e+00	3.69144082459105e+05
2.18000000000000e+00	3.50178762288788e+05
2.19000000000000e+00	3.33953282905493e+05
2.20000000000000e+00	3.21395781283600e+05
2.21000000000000e+00	3.13031417050071e+05
2.22000000000000e+00	3.09162474458808e+05
2.23000000000000e+00	3.10068539242898e+05
2.24000000000000e+00	3.16034107572213e+05
2.25000000000000e+00	3.27366999691039e+05
2.26000000000000e+00	3.44403802016091e+05
2.27000000000000e+00	3.67540016122567e+05
2.28000000000000e+00	3.97339060875220e+05
2.29000000000000e+00	4.34542227121104e+05
2.30000000000000e+00	4.79996141884580e+05
2.31000000000000e+00	5.34389338392061e+05
2.32000000000000e+00	5.97906649164240e+05
2.33000000000000e+00	6.69867330602355e+05
2.34000000000000e+00	7.48332478424444e+05
2.35000000000000e+00	8.30152878096416e+05
2.36000000000000e+00	9.11118807970122e+05
2.37000000000000e+00	9.86486195205862e+05
2.38000000000000e+00	1.05154769450701e+06
2.39000000000000e+00	1.10206606667468e+06
2.40000000000000e+00	1.13463494425794e+06
2.41000000000000e+00	1.14707128890273e+06
2.42000000000000e+00	1.13865972771761e+06
2.43000000000000e+00	1.11022595825614e+06
2.44000000000000e+00	1.06389824261169e+06
2.45000000000000e+00	1.00288841582156e+06
2.46000000000000e+00	9.30783372052939e+05
2.47000000000000e+00	8.51393103896804e+05
2.48000000000000e+00	7.68224642228960e+05
2.49000000000000e+00	6.84435920419077e+05
2.50000000000000e+00	6.02593831951809e+05
2.51000000000000e+00	5.24678823049101e+05
2.52000000000000e+00	4.52042325767470e+05
2.53000000000000e+00	3.85478574815021e+05
2.54000000000000e+00	3.25324472630305e+05
2.55000000000000e+00	2.71590923037038e+05
2.56000000000000e+00	2.24058347923501e+05
2.57000000000000e+00	1.82354246234628e+05
2.58000000000000e+00	1.46026427863485e+05
2.59000000000000e+00	1.14580363664801e+05
2.60000000000000e+00	8.75320088409077e+04
2.61000000000000e+00	6.44921542685167e+04
2.62000000000000e+00	4.52601397140063e+04
2.63000000000000e+00	2.99468627733941e+04
2.64000000000000e+00	1.89906810742294e+04
2.65000000000000e+00	1.30114285166810e+04
2.66000000000000e+00	1.25079820114182e+04
2.67000000000000e+00	1.76028852273482e+04
2.68000000000000e+00	2.80201886605561e+04
2.69000000000000e+00	4.33021606672084e+04
2.70000000000000e+00	6.30754338281866e+04
2.71000000000000e+00	8.72279459914660e+04
2.72000000000000e+00	1.15933587579714e+05
2.73000000000000e+00	1.49638194779714e+05
2.74000000000000e+00	1.88946943062148e+05
2.75000000000000e+00	2.34503718800856e+05
2.76000000000000e+00	2.86861675423630e+05
2.77000000000000e+00	3.46335537439974e+05
2.78000000000000e+00	4.12808993270633e+05
2.79000000000000e+00	4.85662764248206e+05
2.80000000000000e+00	5.63631283969524e+05
2.81000000000000e+00	6.44805609545003e+05
2.82000000000000e+00	7.26669030599672e+05
2.83000000000000e+00	8.06253787413465e+05
2.84000000000000e+00	8.80289046941658e+05
2.85000000000000e+00	9.45540942469414e+05
2.86000000000000e+00	9.99061601457035e+05
2.87000000000000e+00	1.03852028034598e+06
2.88000000000000e+00	1.06240913748239e+06
2.89000000000000e+00	1.07015202993457e+06
2.90000000000000e+00	1.06209382805823e+06
2.91000000000000e+00	1.03945185733466e+06
2.92000000000000e+00	1.00409581630448e+06
2.93000000000000e+00	9.58463573674734e+05
2.94000000000000e+00	9.05383466157428e+05
2.95000000000000e+00	8.47847066104957e+05
2.96000000000000e+00	7.88875837215884e+05
2.97000000000000e+00	7.31112076630891e+05
2.98000000000000e+00	6.76778858711889e+05
2.99000000000000e+00	6.27334477185111e+05
3.00000000000000e+00	5.83559936829478e+05
3.01000000000000e+00	5.45571976502513e+05
3.02000000000000e+00	5.12987218034906e+05
3.03000000000000e+00	4.85110248689504e+05
3.04000000000000e+00	4.61109763565744e+05
3.05000000000000e+00	4.40165546987337e+05
3.06000000000000e+00	4.21540286525247e+05
3.07000000000000e+00	4.04680838576520e+05
3.08000000000000e+00	3.89199841537568e+05
3.09000000000000e+00	3.74843589658002e+05
3.10000000000000e+00	3.61474673111492e+05
3.11000000000000e+00	3.48998016071903e+05
3.12000000000000e+00	3.37290780408736e+05
3.13000000000000e+00	3.26174256971118e+05
3.14000000000000e+00	3.15363905837840e+05
3.15000000000000e+00	3.04455184196534e+05
3.16000000000000e+00	2.93007680479880e+05
3.17000000000000e+00	2.80562937245810e+05
3.18000000000000e+00	2.66768822118788e+05
3.19000000000000e+00	2.51451471442297e+05
3.20000000000000e+00	2.34655004941092e+05
3.21000000000000e+00	2.16624246973873e+05
3.22000000000000e+00	1.97736751200321e+05
3.23000000000000e+00	1.78432292505311e+05
3.24000000000000e+00	1.59152069767141e+05
3.25000000000000e+00	1.40313319665128e+05
3.26000000000000e+00	1.22303153127272e+05
3.27000000000000e+00	1.05473824778929e+05
3.28000000000000e+00	9.01275235554531e+04
3.29000000000000e+00	7.65021489777752e+04
3.30000000000000e+00	6.47476038382041e+04
3.31000000000000e+00	5.49108057845154e+04
3.32000000000000e+00	4.69349624599294e+04
3.33000000000000e+00	4.06622358294404e+04
3.34000000000000e+00	3.58576011486461e+04
3.35000000000000e+00	3.22345330518735e+04
3.36000000000000e+00	2.94891008345015e+04
3.37000000000000e+00	2.73329442819392e+04
3.38000000000000e+00	2.55200878968386e+04
3.39000000000000e+00	2.38674207733618e+04
3.40000000000000e+00	2.22621869610968e+04
3.41000000000000e+00	2.06584619804120e+04
3.42000000000000e+00	1.90659766271531e+04
3.43000000000000e+00	1.75331043669235e+04
3.44000000000000e+00	1.61279748838052e+04
3.45000000000000e+00	1.49212926610928e+04
3.46000000000000e+00	1.39731413180342e+04
3.47000000000000e+00	1.33234061633548e+04
3.48000000000000e+00	1.29866062030969e+04
3.49000000000000e+00	1.29517413266542e+04
3.50000000000000e+00	1.31847593036879e+04
3.51000000000000e+00	1.36343354651517e+04
3.52000000000000e+00	1.42381439760502e+04
3.53000000000000e+00	1.49276679720675e+04
3.54000000000000e+00	1.56325269258416e+04
3.55000000000000e+00	1.62810147925624e+04
3.56000000000000e+00	1.68006452823690e+04
3.57000000000000e+00	1.71187745844769e+04
3.58000000000000e+00	1.71640484678291e+04
3.59000000000000e+00	1.68712476785009e+04
3.60000000000000e+00	1.61890088991212e+04
3.61000000000000e+00	1.50875985203166e+04
3.62000000000000e+00	1.35683885407426e+04
3.63000000000000e+00	1.16726684842072e+04
3.64000000000000e+00	9.48742589101988e+03
3.65000000000000e+00	7.14753565248497e+03
3.66000000000000e+00	4.83274666225433e+03
3.67000000000000e+00	2.75853181296548e+03
3.68000000000000e+00	1.16215476867339e+03
3.69000000000000e+00	2.86040872121632e+02
3.70000000000000e+00	3.60966888591764e+02
3.71000000000000e+00	1.59131832772918e+03
3.72000000000000e+00	4.14378645745308e+03
3.73000000000000e+00	8.14063635701474e+03
3.74000000000000e+00	1.36577124766776e+04
3.75000000000000e+00	2.07279256481191e+04
3.76000000000000e+00	2.93466464232219e+04
3.77000000000000e+00	3.94698349653417e+04
3.78000000000000e+00	5.10070755983221e+04
3.79000000000000e+00	6.37991496553268e+04
3.80000000000000e+00	7.75845127665209e+04
3.81000000000000e+00	9.19735045634688e+04
3.82000000000000e+00	1.06432161009279e+05
3.83000000000000e+00	1.20296810501340e+05
3.84000000000000e+00	1.32822743370588e+05
3.85000000000000e+00	1.43262644938087e+05
3.86000000000000e+00	1.50965057282569e+05
3.87000000000000e+00	1.55461487999240e+05
3.88000000000000e+00	1.56536602715954e+05
3.89000000000000e+00	1.54256165296102e+05
3.90000000000000e+00	1.48937124994165e+05
3.91000000000000e+00	1.41089251851449e+05
3.92000000000000e+00	1.31325710327418e+05
3.93000000000000e+00	1.20278769340307e+05
3.94000000000000e+00	1.08532238916072e+05
3.95000000000000e+00	9.65743883107694e+04
3.96000000000000e+00	8.47921147912886e+04
3.97000000000000e+00	7.34711273613017e+04
3.98000000000000e+00	6.28170720269960e+04
3.99000000000000e+00	5.29687667846000e+04
4.00000000000000e+00	4.40101181328828e+04
4.01000000000000e+00	3.59851866999129e+04
4.02000000000000e+00	2.88987175472355e+04
4.03000000000000e+00	2.27298506387944e+04
4.04000000000000e+00	1.74411381001703e+04
4.05000000000000e+00	1.29854487504384e+04
4.06000000000000e+00	9.31034986965750e+03
4.07000000000000e+00	6.35952080084154e+03
4.08000000000000e+00	4.07122029201457e+03
4.09000000000000e+00	2.37700289657800e+03
4.10000000000000e+00	1.20193462678122e+03
4.11000000000000e+00	4.66785428042306e+02
4.12000000000000e+00	9.23862193896922e+01
4.13000000000000e+00	4.40221032235140e+00
4.14000000000000e+00	1.37786826418030e+02
4.15000000000000e+00	4.39908035930894e+02
4.16000000000000e+00	8.71920969174070e+02
4.17000000000000e+00	1.40837686049019e+03
4.18000000000000e+00	2.03521062445080e+03
4.19000000000000e+00	2.74679273107639e+03
4.20000000000000e+00	3.54209168970505e+03
4.21000000000000e+00	4.42097568115228e+03
4.22000000000000e+00	5.38090259760579e+03
4.23000000000000e+00	6.41449845674902e+03
4.24000000000000e+00	7.50839540443177e+03
4.25000000000000e+00	8.64388560330197e+03
4.26000000000000e+00	9.79883955127706e+03
4.27000000000000e+00	1.09505918048335e+04
4.28000000000000e+00	1.20808852875237e+04
4.29000000000000e+00	1.31767247605988e+04
4.30000000000000e+00	1.42335746182883e+04
4.31000000000000e+00	1.52531856466315e+04
4.32000000000000e+00	1.62428872864333e+04
4.33000000000000e+00	1.72112668408596e+04
4.34000000000000e+00	1.81671887968498e+04
4.35000000000000e+00	1.91153409110391e+04
4.36000000000000e+00	2.00570970071713e+04
4.37000000000000e+00	2.09875888222176e+04
4.38000000000000e+00	2.18960440718845e+04
4.39000000000000e+00	2.27661372993302e+04
4.40000000000000e+00	2.35748005269743e+04
4.41000000000000e+00	2.42941317748729e+04
4.42000000000000e+00	2.48916452867906e+04
4.43000000000000e+00	2.53349268380202e+04
4.44000000000000e+00	2.55954174814144e+04
4.45000000000000e+00	2.56531237348174e+04
4.46000000000000e+00	2.55009628294478e+04
4.47000000000000e+00	2.51463777374252e+04
4.48000000000000e+00	2.46109900982251e+04
4.49000000000000e+00	2.39271435130677e+04
4.50000000000000e+00	2.31309015187113e+04
4.51000000000000e+00	2.22598595604163e+04
4.52000000000000e+00	2.13450460035214e+04
4.53000000000000e+00	2.04109472288427e+04
4.54000000000000e+00	1.94743335026233e+04
4.55000000000000e+00	1.85459542923741e+04
4.56000000000000e+00	1.76343325721198e+04
4.57000000000000e+00	1.67531364876523e+04
4.58000000000000e+00	1.59254359352961e+04
4.59000000000000e+00	1.51935681153659e+04
4.60000000000000e+00	1.46259213757587e+04
4.61000000000000e+00	1.43255319822958e+04
4.62000000000000e+00	1.44375539834481e+04
4.63000000000000e+00	1.51575551393382e+04
4.64000000000000e+00	1.67347834626008e+04
4.65000000000000e+00	1.94760026504909e+04
4.66000000000000e+00	2.37411109626834e+04
4.67000000000000e+00	2.99271026167371e+04
4.68000000000000e+00	3.84453179969368e+04
4.69000000000000e+00	4.96780829155143e+04
4.70000000000000e+00	6.39264593122251e+04
4.71000000000000e+00	8.13424084687300e+04
4.72000000000000e+00	1.01866503913281e+05
4.73000000000000e+00	1.25171307465947e+05
4.74000000000000e+00	1.50655439680108e+05
4.75000000000000e+00	1.77463289642180e+05
4.76000000000000e+00	2.04572149570877e+05
4.77000000000000e+00	2.30913619444560e+05
4.78000000000000e+00	2.55483622773590e+05
4.79000000000000e+00	2.77456178686154e+05
4.80000000000000e+00	2.96228974870192e+05
4.81000000000000e+00	3.11435153196922e+05
4.82000000000000e+00	3.22929374976865e+05
4.83000000000000e+00	3.30734744892343e+05
4.84000000000000e+00	3.35023677005763e+05
4.85000000000000e+00	3.36067780077491e+05
4.86000000000000e+00	3.34221101913060e+05
4.87000000000000e+00	3.29897662904254e+05
4.88000000000000e+00	3.23532848031154e+05
4.89000000000000e+00	3.15570352162493e+05
4.90000000000000e+00	3.06472635477146e+05
4.91000000000000e+00	2.96683643680907e+05
4.92000000000000e+00	2.86659198349534e+05
4.93000000000000e+00	2.76866406889637e+05
4.94000000000000e+00	2.67771083104543e+05
4.95000000000000e+00	2.59865028302883e+05
4.96000000000000e+00	2.53617956491113e+05
4.97000000000000e+00	2.49508056083663e+05
4.98000000000000e+00	2.47981631558626e+05
4.99000000000000e+00	2.49458123755503e+05
5.00000000000000e+00	2.54320856562649e+05
5.01000000000000e+00	2.62923581498219e+05
5.02000000000000e+00	2.75610246615468e+05
5.03000000000000e+00	2.92726163211960e+05
5.04000000000000e+00	3.14651753131741e+05
5.05000000000000e+00	3.41827650544655e+05
5.06000000000000e+00	3.74780995734548e+05
5.07000000000000e+00	4.14134462560688e+05
5.08000000000000e+00	4.60616608713699e+05
5.09000000000000e+00	5.15046598849635e+05
5.10000000000000e+00	5.78289795717639e+05
5.11000000000000e+00	6.51238276985821e+05
5.12000000000000e+00	7.34695322327028e+05
5.13000000000000e+00	8.29350799819417e+05
5.14000000000000e+00	9.35639674798127e+05
5.15000000000000e+00	1.05363711166654e+06
5.16000000000000e+00	1.18287791421224e+06
5.17000000000000e+00	1.32228214328684e+06
5.18000000000000e+00	1.46989646973722e+06
5.19000000000000e+00	1.62279972295677e+06
5.20000000000000e+00	1.77698620996323e+06
5.21000000000000e+00	1.92721372620028e+06
5.22000000000000e+00	2.06717198901823e+06
5.23000000000000e+00	2.18977985866229e+06
5.24000000000000e+00	2.28755001136185e+06
5.25000000000000e+00	2.35340811017442e+06
5.26000000000000e+00	2.38166050561888e+06
5.27000000000000e+00	2.36877177469211e+06
5.28000000000000e+00	2.31430659786181e+06
5.29000000000000e+00	2.22099123777621e+06
5.30000000000000e+00	2.09479962595168e+06
5.31000000000000e+00	1.94394325129479e+06
5.32000000000000e+00	1.77784070790522e+06
5.33000000000000e+00	1.60596459563415e+06
5.34000000000000e+00	1.43663429099356e+06
5.35000000000000e+00	1.27646394111983e+06
5.36000000000000e+00	1.13003144259835e+06
5.37000000000000e+00	9.99962739146810e+05
5.38000000000000e+00	8.87187839634888e+05
5.39000000000000e+00	7.91419310715665e+05
5.40000000000000e+00	7.11490433585349e+05
5.41000000000000e+00	6.45706724915771e+05
5.42000000000000e+00	5.92165400115245e+05
5.43000000000000e+00	5.48930806297906e+05
5.44000000000000e+00	5.14186239638418e+05
5.45000000000000e+00	4.86291261069200e+05
5.46000000000000e+00	4.63863238427180e+05
5.47000000000000e+00	4.45731423120977e+05
5.48000000000000e+00	4.30970800817836e+05
5.49000000000000e+00	4.18829655758818e+05
5.50000000000000e+00	4.08710705531261e+05
5.51000000000000e+00	4.00136273922654e+05
5.52000000000000e+00	3.92722312913556e+05
5.53000000000000e+00	3.86148581228488e+05
5.54000000000000e+00	3.80138917727739e+05
5.55000000000000e+00	3.74439228206021e+05
5.56000000000000e+00	3.68826922664274e+05
5.57000000000000e+00	3.63086910876117e+05
5.58000000000000e+00	3.57022266147145e+05
5.59000000000000e+00	3.50475400447079e+05
5.60000000000000e+00	3.43316905228170e+05
5.61000000000000e+00	3.35467081958314e+05
5.62000000000000e+00	3.26868326294636e+05
5.63000000000000e+00	3.17520666914927e+05
5.64000000000000e+00	3.07435326443114e+05
5.65000000000000e+00	2.96656213910946e+05
5.66000000000000e+00	2.85249939598387e+05
5.67000000000000e+00	2.73302230681796e+05
5.68000000000000e+00	2.60910520239145e+05
5.69000000000000e+00	2.48191110756614e+05
5.70000000000000e+00	2.35284292330401e+05
5.71000000000000e+00	2.22335885549123e+05
5.72000000000000e+00	2.09508963025276e+05
5.73000000000000e+00	1.96966669053174e+05
5.74000000000000e+00	1.84858608912291e+05
5.75000000000000e+00	1.73322897105347e+05
5.76000000000000e+00	1.62472755577933e+05
5.77000000000000e+00	1.52401593218759e+05
5.78000000000000e+00	1.43170638184080e+05
5.79000000000000e+00	1.34819359901974e+05
5.80000000000000e+00	1.27352243799571e+05
5.81000000000000e+00	1.20747059017646e+05
5.82000000000000e+00	1.14946287312597e+05
5.83000000000000e+00	1.09871301960850e+05
5.84000000000000e+00	1.05415096505381e+05
5.85000000000000e+00	1.01460837268415e+05
5.86000000000000e+00	9.78850932214376e+04
5.87000000000000e+00	9.45688141504083e+04
5.88000000000000e+00	9.14082209489156e+04
5.89000000000000e+00	8.83132222615261e+04
5.90000000000000e+00	8.52217291300190e+04
5.91000000000000e+00	8.20891857459147e+04
5.92000000000000e+00	7.88918228262802e+04
5.93000000000000e+00	7.56188923062588e+04
5.94000000000000e+00	7.22762075005901e+04
5.95000000000000e+00	6.88774976952097e+04
5.96000000000000e+00	6.54465697400321e+04
5.97000000000000e+00	6.20159019004366e+04
5.98000000000000e+00	5.86231299838160e+04
5.99000000000000e+00	5.53086527933002e+04
6.00000000000000e+00	5.21132761607059e+04
6.01000000000000e+00	4.90770244793682e+04
6.02000000000000e+00	4.62376235282370e+04
6.03000000000000e+00	4.36264797560567e+04
6.04000000000000e+00	4.12690094451266e+04
6.05000000000000e+00	3.91826673135204e+04
6.06000000000000e+00	3.73732478487504e+04
6.07000000000000e+00	3.58354979130407e+04
6.08000000000000e+00	3.45509589563724e+04
6.09000000000000e+00	3.34892984336564e+04
6.10000000000000e+00	3.26088182503549e+04
6.11000000000000e+00	3.18588836077445e+04
6.12000000000000e+00	3.11830456052888e+04
6.13000000000000e+00	3.05227161332327e+04
6.14000000000000e+00	2.98199246622335e+04
6.15000000000000e+00	2.90237189772008e+04
6.16000000000000e+00	2.80914062682446e+04
6.17000000000000e+00	2.69926329546090e+04
6.18000000000000e+00	2.57139710890338e+04
6.19000000000000e+00	2.42569324699430e+04
6.20000000000000e+00	2.26398985463592e+04
6.21000000000000e+00	2.08948788202458e+04
6.22000000000000e+00	1.90647508159689e+04
6.23000000000000e+00	1.71992449692473e+04
6.24000000000000e+00	1.53511245160232e+04
6.25000000000000e+00	1.35718881962834e+04
6.26000000000000e+00	1.19089048026341e+04
6.27000000000000e+00	1.04014170760886e+04
6.28000000000000e+00	9.07772366087161e+03
6.29000000000000e+00	7.95451078299349e+03
6.30000000000000e+00	7.03609198145067e+03
6.31000000000000e+00	6.31533993148586e+03
6.32000000000000e+00	5.77659262150357e+03
6.33000000000000e+00	5.39814060140770e+03
6.34000000000000e+00	5.15521850250543e+03
6.35000000000000e+00	5.02280892242074e+03
6.36000000000000e+00	4.97799522545885e+03
6.37000000000000e+00	5.00049495797697e+03
6.38000000000000e+00	5.07445846275159e+03
6.39000000000000e+00	5.18754062062781e+03
6.40000000000000e+00	5.33057761541297e+03
6.41000000000000e+00	5.49726069811913e+03
6.42000000000000e+00	5.68312209626251e+03
6.43000000000000e+00	5.88473650253171e+03
6.44000000000000e+00	6.09942593049491e+03
6.45000000000000e+00	6.32452769019127e+03
6.46000000000000e+00	6.55721435452090e+03
6.47000000000000e+00	6.79451944247149e+03
6.48000000000000e+00	7.03301577060686e+03
6.49000000000000e+00	7.26904952192899e+03
6.50000000000000e+00	7.49906337870392e+03
6.51000000000000e+00	7.71912768512906e+03
6.52000000000000e+00	7.92564727233814e+03
6.53000000000000e+00	8.11456123391384e+03
6.54000000000000e+00	8.28209248483263e+03
6.55000000000000e+00	8.42447140003133e+03
6.56000000000000e+00	8.53883925646887e+03
6.57000000000000e+00	8.62279093733990e+03
6.58000000000000e+00	8.67559032957785e+03
6.59000000000000e+00	8.69796897647420e+03
6.60000000000000e+00	8.69204047244020e+03
6.61000000000000e+00	8.66105288288712e+03
6.62000000000000e+00	8.60924232614798e+03
6.63000000000000e+00	8.54154540603328e+03
6.64000000000000e+00	8.46366493330645e+03
6.65000000000000e+00	8.38197368210194e+03
6.66000000000000e+00	8.30421453982258e+03
6.67000000000000e+00	8.23932484049637e+03
6.68000000000000e+00	8.19840608766831e+03
6.69000000000000e+00	8.19452538031765e+03
6.70000000000000e+00	8.24349762318453e+03
6.71000000000000e+00	8.36501675398536e+03
6.72000000000000e+00	8.58242219865914e+03
6.73000000000000e+00	8.92406422074707e+03
6.74000000000000e+00	9.42242829867779e+03
6.75000000000000e+00	1.01136775827797e+04
6.76000000000000e+00	1.10360696357131e+04
6.77000000000000e+00	1.22273791837467e+04
6.78000000000000e+00	1.37209862196209e+04
6.79000000000000e+00	1.55422740943225e+04
6.80000000000000e+00	1.77034454802885e+04
6.81000000000000e+00	2.02001908394494e+04
6.82000000000000e+00	2.30068457922379e+04
6.83000000000000e+00	2.60761230877672e+04
6.84000000000000e+00	2.93391808444949e+04
6.85000000000000e+00	3.27090617377326e+04
6.86000000000000e+00	3.60859545749648e+04
6.87000000000000e+00	3.93650730216696e+04
6.88000000000000e+00	4.24450023906299e+04
6.89000000000000e+00	4.52319841043876e+04
6.90000000000000e+00	4.76498125018248e+04
6.91000000000000e+00	4.96407737663522e+04
6.92000000000000e+00	5.11693538221620e+04
6.93000000000000e+00	5.22239913721244e+04
6.94000000000000e+00	5.28133103058664e+04
6.95000000000000e+00	5.29652928288283e+04
6.96000000000000e+00	5.27247944535744e+04
6.97000000000000e+00	5.21456681807601e+04
6.98000000000000e+00	5.12898212374757e+04
6.99000000000000e+00	5.02209075711040e+04
7.00000000000000e+00	4.90003968772303e+04
7.01000000000000e+00	4.76836420733173e+04
7.02000000000000e+00	4.63192665517640e+04
7.03000000000000e+00	4.49431266122537e+04
7.04000000000000e+00	4.35814341018012e+04
7.05000000000000e+00	4.22472055530112e+04
7.06000000000000e+00	4.09433111926800e+04
7.07000000000000e+00	3.96649833898423e+04
7.08000000000000e+00	3.83992127152831e+04
7.09000000000000e+00	3.71306306311392e+04
7.10000000000000e+00	3.58439684396885e+04
7.11000000000000e+00	3.45251015528976e+04
7.12000000000000e+00	3.31626793700280e+04
7.13000000000000e+00	3.17489786484596e+04
7.14000000000000e+00	3.02794376368867e+04
7.15000000000000e+00	2.87523160557343e+04
7.16000000000000e+00	2.71684194804831e+04
7.17000000000000e+00	2.55323894656936e+04
7.18000000000000e+00	2.38516034089905e+04
7.19000000000000e+00	2.21366186084156e+04
7.20000000000000e+00	2.04028815993335e+04
7.21000000000000e+00	1.86669137983695e+04
7.22000000000000e+00	1.69482334938652e+04
7.23000000000000e+00	1.52667288781185e+04
7.24000000000000e+00	1.36418838980303e+04
7.25000000000000e+00	1.20919195829301e+04
7.26000000000000e+00	1.06326858836604e+04
7.27000000000000e+00	9.27689916985549e+03
7.28000000000000e+00	8.03359309090247e+03
7.29000000000000e+00	6.90805025981114e+03
7.30000000000000e+00	5.90155939319232e+03
7.31000000000000e+00	5.01135491821036e+03
7.32000000000000e+00	4.23167141546528e+03
7.33000000000000e+00	3.55425822870091e+03
7.34000000000000e+00	2.96899794995306e+03
7.35000000000000e+00	2.46501389923449e+03
7.36000000000000e+00	2.03139479544553e+03
7.37000000000000e+00	1.65809167044196e+03
7.38000000000000e+00	1.33636787768557e+03
7.39000000000000e+00	1.05923136130642e+03
7.40000000000000e+00	8.21608308167958e+02
7.41000000000000e+00	6.20243929184519e+02
7.42000000000000e+00	4.53456153775586e+02
7.43000000000000e+00	3.20768607843174e+02
7.44000000000000e+00	2.22383424499374e+02
7.45000000000000e+00	1.58757043722542e+02
7.46000000000000e+00	1.30137710490193e+02
7.47000000000000e+00	1.36222735419049e+02
7.48000000000000e+00	1.75926055619885e+02
7.49000000000000e+00	2.47239756774241e+02
7.50000000000000e+00	3.47218091237306e+02
7.51000000000000e+00	4.72043202791882e+02
7.52000000000000e+00	6.17192107288054e+02
7.53000000000000e+00	7.77608145886299e+02
7.54000000000000e+00	9.47991352110745e+02
7.55000000000000e+00	1.12310004354614e+03
7.56000000000000e+00	1.29801167692688e+03
7.57000000000000e+00	1.46835972860850e+03
7.58000000000000e+00	1.63058981372962e+03
7.59000000000000e+00	1.78216099996487e+03
7.60000000000000e+00	1.92145275135315e+03
7.61000000000000e+00	2.04792306683838e+03
7.62000000000000e+00	2.16177858599328e+03
7.63000000000000e+00	2.26398606577459e+03
7.64000000000000e+00	2.35594646952676e+03
7.65000000000000e+00	2.43936528370986e+03
7.66000000000000e+00	2.51611103453604e+03
7.67000000000000e+00	2.58815182308105e+03
7.68000000000000e+00	2.65731156263037e+03
7.69000000000000e+00	2.72522651532184e+03
7.70000000000000e+00	2.79328751047632e+03
7.71000000000000e+00	2.86243336494263e+03
7.72000000000000e+00	2.93308774405082e+03
7.73000000000000e+00	3.00514945126002e+03
7.74000000000000e+00	3.07787447131365e+03
7.75000000000000e+00	3.14968321544054e+03
7.76000000000000e+00	3.21865092936385e+03
7.77000000000000e+00	3.28185756232873e+03
7.78000000000000e+00	3.33568831800912e+03
7.79000000000000e+00	3.37595946270165e+03
7.80000000000000e+00	3.39867932892353e+03
7.81000000000000e+00	3.39998786662442e+03
7.82000000000000e+00	3.37715236476792e+03
7.83000000000000e+00	3.32858957153959e+03
7.84000000000000e+00	3.25452173106968e+03
7.85000000000000e+00	3.15681210519389e+03
7.86000000000000e+00	3.03886834553786e+03
7.87000000000000e+00	2.90556796011429e+03
7.88000000000000e+00	2.76274809839238e+03
7.89000000000000e+00	2.61659807170027e+03
7.90000000000000e+00	2.47344704763358e+03
7.91000000000000e+00	2.33876818451646e+03
7.92000000000000e+00	2.21708513699486e+03
7.93000000000000e+00	2.11140240127757e+03
7.94000000000000e+00	2.02310650356476e+03
7.95000000000000e+00	1.95218836680031e+03
7.96000000000000e+00	1.89719283046194e+03
7.97000000000000e+00	1.85575094826519e+03
7.98000000000000e+00	1.82488932504105e+03
7.99000000000000e+00	1.80165382918505e+03
8.00000000000000e+00	1.78320367398444e+03
8.01000000000000e+00	1.76740987409283e+03
8.02000000000000e+00	1.75298363620730e+03
8.03000000000000e+00	1.73959972115841e+03
8.04000000000000e+00	1.72788840676203e+03
8.05000000000000e+00	1.71955813977410e+03
8.06000000000000e+00	1.71706679739483e+03
8.07000000000000e+00	1.72360338754407e+03
8.08000000000000e+00	1.74275933416783e+03
8.09000000000000e+00	1.77819932775123e+03
8.10000000000000e+00	1.83337932139679e+03
8.11000000000000e+00	1.91109755500883e+03
8.12000000000000e+00	2.01304839963458e+03
8.13000000000000e+00	2.13956552814176e+03
8.14000000000000e+00	2.28919403876173e+03
8.15000000000000e+00	2.45868981794937e+03
8.16000000000000e+00	2.64289078920311e+03
8.17000000000000e+00	2.83510547564662e+03
8.18000000000000e+00	3.02754872357506e+03
8.19000000000000e+00	3.21181523140677e+03
8.20000000000000e+00	3.37961504556501e+03
8.21000000000000e+00	3.52370840368457e+03
8.22000000000000e+00	3.63824950174789e+03
8.23000000000000e+00	3.71938126793370e+03
8.24000000000000e+00	3.76558791497916e+03
8.25000000000000e+00	3.77762247640188e+03
8.26000000000000e+00	3.75805300134103e+03
8.27000000000000e+00	3.71147782064406e+03
8.28000000000000e+00	3.64371801539716e+03
8.29000000000000e+00	3.56156100577949e+03
8.30000000000000e+00	3.47262997126155e+03
8.31000000000000e+00	3.38456151463851e+03
8.32000000000000e+00	3.30503744051584e+03
8.33000000000000e+00	3.24121408518249e+03
8.34000000000000e+00	3.19941457395355e+03
8.35000000000000e+00	3.18487880179064e+03
8.36000000000000e+00	3.20158930740417e+03
8.37000000000000e+00	3.25197641202847e+03
8.38000000000000e+00	3.33700201789389e+03
8.39000000000000e+00	3.45570917786029e+03
8.40000000000000e+00	3.60547718157907e+03
8.41000000000000e+00	3.78160618099292e+03
8.42000000000000e+00	3.97747014212907e+03
8.43000000000000e+00	4.18446212759274e+03
8.44000000000000e+00	4.39215314063494e+03
8.45000000000000e+00	4.58857459026585e+03
8.46000000000000e+00	4.76062524539675e+03
8.47000000000000e+00	4.89500514443480e+03
8.48000000000000e+00	4.97872192646016e+03
8.49000000000000e+00	5.00044647515213e+03
8.50000000000000e+00	4.95127791533883e+03
8.51000000000000e+00	4.82575531839571e+03
8.52000000000000e+00	4.62225280075987e+03
8.53000000000000e+00	4.34400187927516e+03
8.54000000000000e+00	3.99902887746946e+03
8.55000000000000e+00	3.60032024026778e+03
8.56000000000000e+00	3.16534947196734e+03
8.57000000000000e+00	2.71477644607145e+03
8.58000000000000e+00	2.27072805123365e+03
8.59000000000000e+00	1.85456255232508e+03
8.60000000000000e+00	1.48469718354980e+03
8.61000000000000e+00	1.17474509151212e+03
8.62000000000000e+00	9.32583122202598e+02
8.63000000000000e+00	7.60297044717531e+02
8.64000000000000e+00	6.54839472217496e+02
8.65000000000000e+00	6.09211450858682e+02
8.66000000000000e+00	6.13928382091853e+02
8.67000000000000e+00	6.58291637765479e+02
8.68000000000000e+00	7.31616585051655e+02
8.69000000000000e+00	8.23926611655044e+02
8.70000000000000e+00	9.26497825925049e+02
8.71000000000000e+00	1.03199778268354e+03
8.72000000000000e+00	1.13462381058237e+03
8.73000000000000e+00	1.22990742295710e+03
8.74000000000000e+00	1.31467466077484e+03
8.75000000000000e+00	1.38681756197637e+03
8.76000000000000e+00	1.44529983447095e+03
8.77000000000000e+00	1.48982583930476e+03
8.78000000000000e+00	1.52102848302533e+03
8.79000000000000e+00	1.54006357646988e+03
8.80000000000000e+00	1.54870471615341e+03
8.81000000000000e+00	1.54913827430143e+03
8.82000000000000e+00	1.54369859876940e+03
8.83000000000000e+00	1.53480347752912e+03
8.84000000000000e+00	1.52468362745968e+03
8.85000000000000e+00	1.51533937301494e+03
8.86000000000000e+00	1.50828271865424e+03
8.87000000000000e+00	1.50458647275088e+03
8.88000000000000e+00	1.50483432025360e+03
8.89000000000000e+00	1.50918063994631e+03
8.90000000000000e+00	1.51740506427534e+03
8.91000000000000e+00	1.52900951591428e+03
8.92000000000000e+00	1.54322006258823e+03
8.93000000000000e+00	1.55933529216325e+03
8.94000000000000e+00	1.57646140458102e+03
8.95000000000000e+00	1.59390941926600e+03
8.96000000000000e+00	1.61099228993966e+03
8.97000000000000e+00	1.62716198168901e+03
8.98000000000000e+00	1.64200614669846e+03
8.99000000000000e+00	1.65530361427690e+03
9.00000000000000e+00	1.66705631299550e+03
9.01000000000000e+00	1.67753221093461e+03
9.02000000000000e+00	1.68717756995851e+03
9.03000000000000e+00	1.69653289291275e+03
9.04000000000000e+00	1.70632448226744e+03
9.05000000000000e+00	1.71701788993059e+03
9.06000000000000e+00	1.72909766500451e+03
9.07000000000000e+00	1.74263147839010e+03
9.08000000000000e+00	1.75755295004016e+03
9.09000000000000e+00	1.77341238249007e+03
9.10000000000000e+00	1.78945890159420e+03
9.11000000000000e+00	1.80448688322059e+03
9.12000000000000e+00	1.81704996004898e+03
9.13000000000000e+00	1.82524802441644e+03
9.14000000000000e+00	1.82707770067309e+03
9.15000000000000e+00	1.82041269453473e+03
9.16000000000000e+00	1.80324786920645e+03
9.17000000000000e+00	1.77392291726177e+03
9.18000000000000e+00	1.73131817781913e+03
9.19000000000000e+00	1.67493234386242e+03
9.20000000000000e+00	1.60512678565770e+03
9.21000000000000e+00	1.52310367549728e+03
9.22000000000000e+00	1.43090426852378e+03
9.23000000000000e+00	1.33132747025889e+03
9.24000000000000e+00	1.22772215254663e+03
9.25000000000000e+00	1.12379913099136e+03
9.26000000000000e+00	1.02338212691599e+03
9.27000000000000e+00	9.30065623018178e+02
9.28000000000000e+00	8.46982660882563e+02
9.29000000000000e+00	7.76577725836540e+02
9.30000000000000e+00	7.20396844425605e+02
9.31000000000000e+00	6.79101702856407e+02
9.32000000000000e+00	6.52448558100585e+02
9.33000000000000e+00	6.39437761480123e+02
9.34000000000000e+00	6.38481068000510e+02
9.35000000000000e+00	6.47600942366341e+02
9.36000000000000e+00	6.64623249750193e+02
9.37000000000000e+00	6.87347674862965e+02
9.38000000000000e+00	7.13700325276701e+02
9.39000000000000e+00	7.41814296078559e+02
9.40000000000000e+00	7.70037870338818e+02
9.41000000000000e+00	7.97031936406994e+02
9.42000000000000e+00	8.21679278742679e+02
9.43000000000000e+00	8.43117439665039e+02
9.44000000000000e+00	8.60672830682873e+02
9.45000000000000e+00	8.73878297931960e+02
9.46000000000000e+00	8.82467475549342e+02
9.47000000000000e+00	8.86311093737074e+02
9.48000000000000e+00	8.85531195419217e+02
9.49000000000000e+00	8.80397427229964e+02
9.50000000000000e+00	8.71387930522351e+02
9.51000000000000e+00	8.59098719556901e+02
9.52000000000000e+00	8.44252219528224e+02
9.53000000000000e+00	8.27590678720099e+02
9.54000000000000e+00	8.09875416486368e+02
9.55000000000000e+00	7.91865295854224e+02
9.56000000000000e+00	7.74310534643965e+02
9.57000000000000e+00	7.57983326286072e+02
9.58000000000000e+00	7.43631452196268e+02
9.59000000000000e+00	7.31943585603863e+02
9.60000000000000e+00	7.23404279566435e+02
9.61000000000000e+00	7.18274887735337e+02
9.62000000000000e+00	7.16526453491940e+02
9.63000000000000e+00	7.17893950569211e+02
9.64000000000000e+00	7.21970674448547e+02
9.65000000000000e+00	7.28227749784837e+02
9.66000000000000e+00	7.36159546898575e+02
9.67000000000000e+00	7.45322825390180e+02
9.68000000000000e+00	7.55305107851624e+02
9.69000000000000e+00	7.65747600199899e+02
9.70000000000000e+00	7.76360534949600e+02
9.71000000000000e+00	7.86876072971604e+02
9.72000000000000e+00	7.97079402091369e+02
9.73000000000000e+00	8.06801565012666e+02
9.74000000000000e+00	8.15912301169824e+02
9.75000000000000e+00	8.24333939436571e+02
9.76000000000000e+00	8.32002289401245e+02
9.77000000000000e+00	8.38906705106383e+02
9.78000000000000e+00	8.45035805205807e+02
9.79000000000000e+00	8.50433764195773e+02
9.80000000000000e+00	8.55157443402194e+02
9.81000000000000e+00	8.59253958319251e+02
9.82000000000000e+00	8.62820606750926e+02
9.83000000000000e+00	8.65906116702074e+02
9.84000000000000e+00	8.68568057258149e+02
9.85000000000000e+00	8.70853932576313e+02
9.86000000000000e+00	8.72792050137060e+02
9.87000000000000e+00	8.74489282992458e+02
9.88000000000000e+00	8.76131517830782e+02
9.89000000000000e+00	8.78349244732410e+02
9.90000000000000e+00	8.82610527309959e+02
9.91000000000000e+00	8.92232970134357e+02
9.92000000000000e+00	9.13820889951976e+02
9.93000000000000e+00	9.59633038435618e+02
9.94000000000000e+00	1.05155760727649e+03
9.95000000000000e+00	1.22964453633893e+03
9.96000000000000e+00	1.57266847343100e+03
9.97000000000000e+00	2.25126611467854e+03
9.98000000000000e+00	3.67209079359831e+03
9.99000000000000e+00	6.89760965751525e+03
1.00000000000000e+01	1.49742902502982e+04
1.00100000000000e+01	3.70782172270898e+04
1.00200000000000e+01	9.06794353003853e+04
1.00300000000000e+01	1.16030573629192e+05
1.00400000000000e+01	4.82884245628030e+04
1.00500000000000e+01	1.34553301325747e+04
1.00600000000000e+01	3.72479742985604e+03
1.00700000000000e+01	1.08333142591975e+03
1.00800000000000e+01	3.23414707991704e+02
1.00900000000000e+01	9.41487876477901e+01
1.01000000000000e+01	2.48582764744915e+01
1.01100000000000e+01	5.83952346836879e+00
1.01200000000000e+01	2.54216681289600e+00
1.01300000000000e+01	3.69022331851502e+00
1.01400000000000e+01	5.62332508888140e+00
1.01500000000000e+01	7.25187822395759e+00
1.01600000000000e+01	8.34967069005500e+00
1.01700000000000e+01	8.96164169820683e+00
1.01800000000000e+01	9.19772522112971e+00
1.01900000000000e+01	9.16615291630906e+00
1.02000000000000e+01	8.95436207204514e+00
1.02100000000000e+01	8.62743790809222e+00
1.02200000000000e+01	8.23227444594662e+00
1.02300000000000e+01	7.80182093115965e+00
1.02400000000000e+01	7.35841475641062e+00
1.02500000000000e+01	6.91691519520983e+00
1.02600000000000e+01	6.48706060163855e+00
1.02700000000000e+01	6.07473418152417e+00
1.02800000000000e+01	5.68354133945595e+00
1.02900000000000e+01	5.31537447008970e+00
1.03000000000000e+01	4.97047393908515e+00
1.03100000000000e+01	4.64880101727350e+00
1.03200000000000e+01	4.34963664685293e+00
1.03300000000000e+01	4.07189848504193e+00
1.03400000000000e+01	3.81431010393712e+00
1.03500000000000e+01	3.57560702860901e+00
1.03600000000000e+01	3.35449260105033e+00
1.03700000000000e+01	3.14964252193528e+00
1.03800000000000e+01	2.95980670419667e+00
1.03900000000000e+01	2.78379865993977e+00
1.04000000000000e+01	2.62046245575683e+00
1.04100000000000e+01	2.46878288805248e+00
1.04200000000000e+01	2.32783701169211e+00
1.04300000000000e+01	2.19676580431788e+00
1.04400000000000e+01	2.07474089820303e+00
1.04500000000000e+01	1.96110616310211e+00
1.04600000000000e+01	1.85516341818711e+00
1.04700000000000e+01	1.75632255715554e+00
1.04800000000000e+01	1.66403240515852e+00
1.04900000000000e+01	1.57782131471953e+00
1.05000000000000e+01	1.49721189776957e+00
1.05100000000000e+01	1.42180261631132e+00
1.05200000000000e+01	1.35120717775855e+00
1.05300000000000e+01	1.28505425991574e+00
1.05400000000000e+01	1.22303876456452e+00
1.05500000000000e+01	1.16485329329741e+00
1.05600000000000e+01	1.11022100658302e+00
1.05700000000000e+01	1.05887295707644e+00
1.05800000000000e+01	1.01056269766769e+00
1.05900000000000e+01	9.65102546073183e-01
1.06000000000000e+01	9.22260123425275e-01
1.06100000000000e+01	8.81866530147075e-01
1.06200000000000e+01	8.43750908130320e-01
1.06300000000000e+01	8.07751744186301e-01
1.06400000000000e+01	7.73724681506745e-01
1.06500000000000e+01	7.41521257335533e-01
1.06600000000000e+01	7.11033485786520e-01
1.06700000000000e+01	6.82154963109241e-01
1.06800000000000e+01	6.54748238793394e-01
1.06900000000000e+01	6.28750882420517e-01
1.07000000000000e+01	6.04047420184569e-01
1.07100000000000e+01	5.80570084127838e-01
1.07200000000000e+01	5.58246970791965e-01
1.07300000000000e+01	5.37006602915230e-01
1.07400000000000e+01	5.16779713572882e-01
1.07500000000000e+01	4.97512836505284e-01
1.07600000000000e+01	4.79165071431662e-01
1.07700000000000e+01	4.61669886528631e-01
1.07800000000000e+01	4.44998217836487e-01
1.07900000000000e+01	4.29104019066302e-01
1.08000000000000e+01	4.13943200201059e-01
1.08100000000000e+01	3.99481065852898e-01
1.08200000000000e+01	3.85683803076393e-01
1.08300000000000e+01	3.72510025212037e-01
1.08400000000000e+01	3.59929967634758e-01
1.08500000000000e+01	3.47909366844759e-01
1.08600000000000e+01	3.36413832219452e-01
1.08700000000000e+01	3.25418686209520e-01
1.08800000000000e+01	3.14893744799681e-01
1.08900000000000e+01	3.04805599125010e-01
1.09000000000000e+01	2.95135525510523e-01
1.09100000000000e+01	2.85859454250935e-01
1.09200000000000e+01	2.76950005699873e-01
1.09300000000000e+01	2.68388751213213e-01
1.09400000000000e+01	2.60150453648683e-01
1.09500000000000e+01	2.52226063613407e-01
1.09600000000000e+01	2.44589487562930e-01
1.09700000000000e+01	2.37233949195437e-01
1.09800000000000e+01	2.30140300410631e-01
1.09900000000000e+01	2.23294757746501e-01
1.10000000000000e+01	2.16690272877075e-01
1.10100000000000e+01	2.10316606725456e-01
1.10200000000000e+01	2.04163076164351e-01
1.10300000000000e+01	1.98224004211043e-01
1.10400000000000e+01	1.92499045700430e-01
1.10500000000000e+01	1.86974737016793e-01
1.10600000000000e+01	1.81659269721860e-01
1.10700000000000e+01	1.76535793613177e-01
1.10800000000000e+01	1.71610596078988e-01
1.10900000000000e+01	1.66874952599791e-01
1.11000000000000e+01	1.62322552508890e-01
1.11100000000000e+01	1.57952094683043e-01
1.11200000000000e+01	1.53753551165119e-01
1.11300000000000e+01	1.49720270300071e-01
1.11400000000000e+01	1.45846617568704e-01
1.11500000000000e+01	1.42121249008241e-01
1.11600000000000e+01	1.38537971932442e-01
1.11700000000000e+01	1.35088173709664e-01
1.11800000000000e+01	1.31764286487310e-01
1.11900000000000e+01	1.28556872150502e-01
1.12000000000000e+01	1.25459819414815e-01
1.12100000000000e+01	1.22466141224198e-01
1.12200000000000e+01	1.19571175449499e-01
1.12300000000000e+01	1.16768728900465e-01
1.12400000000000e+01	1.14051206067800e-01
1.12500000000000e+01	1.11416638508398e-01
1.12600000000000e+01	1.08860834059142e-01
1.12700000000000e+01	1.06381070194262e-01
1.12800000000000e+01	1.03973089568586e-01
1.12900000000000e+01	1.01632729380468e-01
1.13000000000000e+01	9.93602391069427e-02
1.13100000000000e+01	9.71523151571662e-02
1.13200000000000e+01	9.50045207070827e-02
1.13300000000000e+01	9.29163332864907e-02
1.13400000000000e+01	9.08848793100137e-02
1.13500000000000e+01	8.89097384481049e-02
1.13600000000000e+01	8.69861356164356e-02
1.13700000000000e+01	8.51115240288925e-02
1.13800000000000e+01	8.32874831886823e-02
1.13900000000000e+01	8.15101597455586e-02
1.14000000000000e+01	7.97775783022486e-02
1.14100000000000e+01	7.80886208524319e-02
1.14200000000000e+01	7.64418914050637e-02
1.14300000000000e+01	7.48363694394604e-02
1.14400000000000e+01	7.32715619596175e-02
1.14500000000000e+01	7.17468089588228e-02
1.14600000000000e+01	7.02581635310481e-02
1.14700000000000e+01	6.88078572733760e-02
1.14800000000000e+01	6.73914291905520e-02
1.14900000000000e+01	6.60113184165009e-02
1.15000000000000e+01	6.46637338495515e-02
1.15100000000000e+01	6.33498595723054e-02
1.15200000000000e+01	6.20658550021118e-02
1.15300000000000e+01	6.08136215638698e-02
1.15400000000000e+01	5.95914898721971e-02
1.15500000000000e+01	5.83994802817091e-02
1.15600000000000e+01	5.72375529535847e-02
1.15700000000000e+01	5.61047209893995e-02
1.15800000000000e+01	5.50018602498293e-02
1.15900000000000e+01	5.39291206188527e-02
1.16000000000000e+01	5.28857255037391e-02
1.16100000000000e+01	5.18734085184624e-02
1.16200000000000e+01	5.08909131667400e-02
1.16300000000000e+01	4.99366450518734e-02
1.16400000000000e+01	4.90107638162895e-02
1.16500000000000e+01	4.81128070033456e-02
1.16600000000000e+01	4.72403620274191e-02
1.16700000000000e+01	4.63928038008809e-02
1.16800000000000e+01	4.55671286641581e-02
1.16900000000000e+01	4.47617189344023e-02
1.17000000000000e+01	4.39754955702976e-02
1.17100000000000e+01	4.32060573862090e-02
1.17200000000000e+01	4.24523448599235e-02
1.17300000000000e+01	4.17120377498855e-02
1.17400000000000e+01	4.09849725092212e-02
1.17500000000000e+01	4.02696072568355e-02
1.17600000000000e+01	3.95653751187006e-02
1.17700000000000e+01	3.88724359647799e-02
1.17800000000000e+01	3.81918949450906e-02
1.17900000000000e+01	3.75225311661356e-02
1.18000000000000e+01	3.68653350160505e-02
1.18100000000000e+01	3.62213618869665e-02
1.18200000000000e+01	3.55906757822429e-02
1.18300000000000e+01	3.49738454118338e-02
1.18400000000000e+01	3.43717836701398e-02
1.18500000000000e+01	3.37848001221307e-02
1.18600000000000e+01	3.32117353824637e-02
1.18700000000000e+01	3.26545161167367e-02
1.18800000000000e+01	3.21106660530261e-02
1.18900000000000e+01	3.15813150434256e-02
1.19000000000000e+01	3.10657813075388e-02
1.19100000000000e+01	3.05628924145466e-02
1.19200000000000e+01	3.00719943429002e-02
1.19300000000000e+01	2.95931217808967e-02
1.19400000000000e+01	2.91246369660707e-02
1.19500000000000e+01	2.86666151944756e-02
1.19600000000000e+01	2.82178915564534e-02
1.19700000000000e+01	2.77778628160829e-02
1.19800000000000e+01	2.73462425902278e-02
1.19900000000000e+01	2.69220856563667e-02
1.20000000000000e+01	2.65051827446428e-02
1.20100000000000e+01	2.60950416472650e-02
1.20200000000000e+01	2.56918290474571e-02
1.20300000000000e+01	2.52948574270546e-02
1.20400000000000e+01	2.49041820660814e-02
1.20500000000000e+01	2.45200546898502e-02
1.20600000000000e+01	2.41426223866486e-02
1.20700000000000e+01	2.37716521730625e-02
1.20800000000000e+01	2.34080930078651e-02
1.20900000000000e+01	2.30516943711881e-02
1.21000000000000e+01	2.27032369302232e-02
1.21100000000000e+01	2.23625931085170e-02
1.21200000000000e+01	2.20301761313116e-02
1.21300000000000e+01	2.17054784598803e-02
1.21400000000000e+01	2.13888642058192e-02
1.21500000000000e+01	2.10805674859100e-02
1.21600000000000e+01	2.07795427352255e-02
1.21700000000000e+01	2.04858531634700e-02
1.21800000000000e+01	2.01992253349188e-02
1.21900000000000e+01	1.99191448471539e-02
1.22000000000000e+01	1.96452135341230e-02
1.22100000000000e+01	1.93767325347515e-02
1.22200000000000e+01	1.91134164551761e-02
1.22300000000000e+01	1.88541198746968e-02
1.22400000000000e+01	1.85993303084174e-02
1.22500000000000e+01	1.83476400109332e-02
1.22600000000000e+01	1.80994677770115e-02
1.22700000000000e+01	1.78540102165820e-02
1.22800000000000e+01	1.76109898695231e-02
1.22900000000000e+01	1.73702436247365e-02
1.23000000000000e+01	1.71313946147531e-02
1.23100000000000e+01	1.68941848475888e-02
1.23200000000000e+01	1.66583142412064e-02
1.23300000000000e+01	1.64238852969794e-02
1.23400000000000e+01	1.61907349864358e-02
1.23500000000000e+01	1.59588651898802e-02
1.23600000000000e+01	1.57285873970178e-02
1.23700000000000e+01	1.54998127127231e-02
1.23800000000000e+01	1.52725561975616e-02
1.23900000000000e+01	1.50477765286166e-02
1.24000000000000e+01	1.48252903133827e-02
1.24100000000000e+01	1.46052850752837e-02
1.24200000000000e+01	1.43882362783795e-02
1.24300000000000e+01	1.41744666087697e-02
1.24400000000000e+01	1.39638875497543e-02
1.24500000000000e+01	1.37568174576548e-02
1.24600000000000e+01	1.35534970729088e-02
1.24700000000000e+01	1.33537006134408e-02
1.24800000000000e+01	1.31575056170660e-02
1.24900000000000e+01	1.29646662499283e-02
1.25000000000000e+01	1.27757752732821e-02
1.25100000000000e+01	1.25905946653579e-02
1.25200000000000e+01	1.24085700302654e-02
1.25300000000000e+01	1.22302440748182e-02
1.25400000000000e+01	1.20555808313686e-02
1.25500000000000e+01	1.18844398947292e-02
1.25600000000000e+01	1.17169016258869e-02
1.25700000000000e+01	1.15529586287665e-02
1.25800000000000e+01	1.13923049695130e-02
1.25900000000000e+01	1.12352483554525e-02
1.26000000000000e+01	1.10816739794896e-02
1.26100000000000e+01	1.09312193916674e-02
1.26200000000000e+01	1.07839094882090e-02
1.26300000000000e+01	1.06395013064829e-02
1.26400000000000e+01	1.04980005469638e-02
1.26500000000000e+01	1.03594505757702e-02
1.26600000000000e+01	1.02233795317541e-02
1.26700000000000e+01	1.00898973883995e-02
1.26800000000000e+01	9.95890713182550e-03
1.26900000000000e+01	9.83055249511668e-03
1.27000000000000e+01	9.70462839405574e-03
1.27100000000000e+01	9.58119445097367e-03
1.27200000000000e+01	9.46041999684565e-03
1.27300000000000e+01	9.34202842593226e-03
1.27400000000000e+01	9.22620388891593e-03
1.27500000000000e+01	9.11303550328514e-03
1.27600000000000e+01	9.00227277277959e-03
1.27700000000000e+01	8.89405070175315e-03
1.27800000000000e+01	8.78831464309792e-03
1.27900000000000e+01	8.68483170534294e-03
1.28000000000000e+01	8.58363932309614e-03
1.28100000000000e+01	8.48455737335704e-03
1.28200000000000e+01	8.38760683793215e-03
1.28300000000000e+01	8.29250146339089e-03
1.28400000000000e+01	8.19931179651673e-03
1.28500000000000e+01	8.10798929285000e-03
1.28600000000000e+01	8.01829046328848e-03
1.28700000000000e+01	7.93035427346711e-03
1.28800000000000e+01	7.84398334854374e-03
1.28900000000000e+01	7.75921230021749e-03
1.29000000000000e+01	7.67591453524831e-03
1.29100000000000e+01	7.59413191865898e-03
1.29200000000000e+01	7.51376603721968e-03
1.29300000000000e+01	7.43484508828824e-03
1.29400000000000e+01	7.35715519428847e-03
1.29500000000000e+01	7.28084232109920e-03
1.29600000000000e+01	7.20563686236371e-03
1.29700000000000e+01	7.13173808992608e-03
1.29800000000000e+01	7.05889447535638e-03
1.29900000000000e+01	6.98726147337738e-03
1.30000000000000e+01	6.91664946996228e-03
1.30100000000000e+01	6.84717545283046e-03
1.30200000000000e+01	6.77877897909129e-03
1.30300000000000e+01	6.71146567587787e-03
1.30400000000000e+01	6.64515576695869e-03
1.30500000000000e+01	6.57987074519243e-03
1.30600000000000e+01	6.51549031661909e-03
1.30700000000000e+01	6.45197325438463e-03
1.30800000000000e+01	6.38917749639227e-03
1.30900000000000e+01	6.32708655719847e-03
1.31000000000000e+01	6.26552511918371e-03
1.31100000000000e+01	6.20454636681296e-03
1.31200000000000e+01	6.14383318753913e-03
1.31300000000000e+01	6.08350491991595e-03
1.31400000000000e+01	6.02342042455819e-03
1.31500000000000e+01	5.96362580866214e-03
1.31600000000000e+01	5.90414752862735e-03
1.31700000000000e+01	5.84496258944932e-03
1.31800000000000e+01	5.78610188846641e-03
1.31900000000000e+01	5.72774516731215e-03
1.32000000000000e+01	5.66982195510892e-03
1.32100000000000e+01	5.61241456102668e-03
1.32200000000000e+01	5.55558493861059e-03
1.32300000000000e+01	5.49932416013660e-03
1.32400000000000e+01	5.44367990778028e-03
1.32500000000000e+01	5.38855758130945e-03
1.32600000000000e+01	5.33388583335396e-03
1.32700000000000e+01	5.27978203615401e-03
1.32800000000000e+01	5.22610865914270e-03
1.32900000000000e+01	5.17287474517928e-03
1.33000000000000e+01	5.12008890709902e-03
1.33100000000000e+01	5.06769050978691e-03
1.33200000000000e+01	5.01579209070439e-03
1.33300000000000e+01	4.96432091586126e-03
1.33400000000000e+01	4.91344701896401e-03
1.33500000000000e+01	4.86316076853628e-03
1.33600000000000e+01	4.81348288511621e-03
1.33700000000000e+01	4.76445310803761e-03
1.33800000000000e+01	4.71619291553638e-03
1.33900000000000e+01	4.66867965801118e-03
1.34000000000000e+01	4.62187844391350e-03
1.34100000000000e+01	4.57583720918915e-03
1.34200000000000e+01	4.53056955711826e-03
1.34300000000000e+01	4.48599500851702e-03
1.34400000000000e+01	4.44212518482125e-03
1.34500000000000e+01	4.39893875233743e-03
1.34600000000000e+01	4.35635384772331e-03
1.34700000000000e+01	4.31433169503044e-03
1.34800000000000e+01	4.27293178797223e-03
1.34900000000000e+01	4.23199095285918e-03
1.35000000000000e+01	4.19157633496116e-03
1.35100000000000e+01	4.15154217102642e-03
1.35200000000000e+01	4.11193466318614e-03
1.35300000000000e+01	4.07269107263124e-03
1.35400000000000e+01	4.03380557056657e-03
1.35500000000000e+01	3.99515552718573e-03
1.35600000000000e+01	3.95680610083330e-03
1.35700000000000e+01	3.91863341097430e-03
1.35800000000000e+01	3.88071314250410e-03
1.35900000000000e+01	3.84289333341692e-03
1.36000000000000e+01	3.80528102683182e-03
1.36100000000000e+01	3.76780874298068e-03
1.36200000000000e+01	3.73047499386373e-03
1.36300000000000e+01	3.69326879566831e-03
1.36400000000000e+01	3.65625067749513e-03
1.36500000000000e+01	3.61944955409792e-03
1.36600000000000e+01	3.58284131766622e-03
1.36700000000000e+01	3.54648497686121e-03
1.36800000000000e+01	3.51046094085342e-03
1.36900000000000e+01	3.47478841445331e-03
1.37000000000000e+01	3.43947050808113e-03
1.37100000000000e+01	3.40462048527003e-03
1.37200000000000e+01	3.37023861321219e-03
1.37300000000000e+01	3.33645774023301e-03
1.37400000000000e+01	3.30322919183636e-03
1.37500000000000e+01	3.27066459215234e-03
1.37600000000000e+01	3.23874337338318e-03
1.37700000000000e+01	3.20747862459687e-03
1.37800000000000e+01	3.17688235186206e-03
1.37900000000000e+01	3.14692020781146e-03
1.38000000000000e+01	3.11763929265405e-03
1.38100000000000e+01	3.08892141069896e-03
1.38200000000000e+01	3.06077617411652e-03
1.38300000000000e+01	3.03312369158605e-03
1.38400000000000e+01	3.00595268558112e-03
1.38500000000000e+01	2.97922762740053e-03
1.38600000000000e+01	2.95285698070219e-03
1.38700000000000e+01	2.92683558618536e-03
1.38800000000000e+01	2.90118211312010e-03
1.38900000000000e+01	2.87577077870612e-03
1.39000000000000e+01	2.85060458493744e-03
1.39100000000000e+01	2.82571114095032e-03
1.39200000000000e+01	2.80101799774022e-03
1.39300000000000e+01	2.77652145213852e-03
1.39400000000000e+01	2.75222988068458e-03
1.39500000000000e+01	2.72813420167688e-03
1.39600000000000e+01	2.70417341631573e-03
1.39700000000000e+01	2.68038937488543e-03
1.39800000000000e+01	2.65677492005991e-03
1.39900000000000e+01	2.63331155832211e-03
1.40000000000000e+01	2.61004623295298e-03
1.40100000000000e+01	2.58693760629939e-03
1.40200000000000e+01	2.56400611400176e-03
1.40300000000000e+01	2.54128173998054e-03
1.40400000000000e+01	2.51880991105278e-03
1.40500000000000e+01	2.49656125792005e-03
1.40600000000000e+01	2.47456132988963e-03
1.40700000000000e+01	2.45285142220549e-03
1.40800000000000e+01	2.43141608117465e-03
1.40900000000000e+01	2.41024752568197e-03
1.41000000000000e+01	2.38936840443192e-03
1.41100000000000e+01	2.36876496145584e-03
1.41200000000000e+01	2.34841923372886e-03
1.41300000000000e+01	2.32832121793222e-03
1.41400000000000e+01	2.30844890297574e-03
1.41500000000000e+01	2.28873121958163e-03
1.41600000000000e+01	2.26919324387729e-03
1.41700000000000e+01	2.24976003002938e-03
1.41800000000000e+01	2.23044080982619e-03
1.41900000000000e+01	2.21120609096918e-03
1.42000000000000e+01	2.19202938367606e-03
1.42100000000000e+01	2.17292849143516e-03
1.42200000000000e+01	2.15394336456498e-03
1.42300000000000e+01	2.13502398870834e-03
1.42400000000000e+01	2.11622537276785e-03
1.42500000000000e+01	2.09757562431758e-03
1.42600000000000e+01	2.07905547750724e-03
1.42700000000000e+01	2.06073113024299e-03
1.42800000000000e+01	2.04263878034336e-03
1.42900000000000e+01	2.02473608389862e-03
1.43000000000000e+01	2.00708350894833e-03
1.43100000000000e+01	1.98966684858216e-03
1.43200000000000e+01	1.97245108194516e-03
1.43300000000000e+01	1.95548717530303e-03
1.43400000000000e+01	1.93873497673740e-03
1.43500000000000e+01	1.92222139315501e-03
1.43600000000000e+01	1.90590828770589e-03
1.43700000000000e+01	1.88976332726119e-03
1.43800000000000e+01	1.87384031303224e-03
1.43900000000000e+01	1.85811589744818e-03
1.44000000000000e+01	1.84260441544083e-03
1.44100000000000e+01	1.82726055321126e-03
1.44200000000000e+01	1.81213241752978e-03
1.44300000000000e+01	1.79719228157614e-03
1.44400000000000e+01	1.78248433255248e-03
1.44500000000000e+01	1.76795661983272e-03
1.44600000000000e+01	1.75365113896365e-03
1.44700000000000e+01	1.73954062365300e-03
1.44800000000000e+01	1.72561056500871e-03
1.44900000000000e+01	1.71188903043930e-03
1.45000000000000e+01	1.69834614474440e-03
1.45100000000000e+01	1.68499046864397e-03
1.45200000000000e+01	1.67180146322739e-03
1.45300000000000e+01	1.65876937207865e-03
1.45400000000000e+01	1.64591550922560e-03
1.45500000000000e+01	1.63318542436836e-03
1.45600000000000e+01	1.62060368957157e-03
1.45700000000000e+01	1.60816195516659e-03
1.45800000000000e+01	1.59581458088640e-03
1.45900000000000e+01	1.58362554483231e-03
1.46000000000000e+01	1.57152872066134e-03
1.46100000000000e+01	1.55951815164237e-03
1.46200000000000e+01	1.54764542656252e-03
1.46300000000000e+01	1.53583705195759e-03
1.46400000000000e+01	1.52414518190602e-03
1.46500000000000e+01	1.51256834519041e-03
1.46600000000000e+01	1.50106657443340e-03
1.46700000000000e+01	1.48968051679660e-03
1.46800000000000e+01	1.47841294456022e-03
1.46900000000000e+01	1.46726758628008e-03
1.47000000000000e+01	1.45623694464627e-03
1.47100000000000e+01	1.44532751069077e-03
1.47200000000000e+01	1.43452688648143e-03
1.47300000000000e+01	1.42386080957153e-03
1.47400000000000e+01	1.41332342917420e-03
1.47500000000000e+01	1.40290484421462e-03
1.47600000000000e+01	1.39260710910515e-03
1.47700000000000e+01	1.38242136236659e-03
1.47800000000000e+01	1.37231568091283e-03
1.47900000000000e+01	1.36231962636405e-03
1.48000000000000e+01	1.35239997283395e-03
1.48100000000000e+01	1.34253052970904e-03
1.48200000000000e+01	1.33276249521243e-03
1.48300000000000e+01	1.32302480527791e-03
1.48400000000000e+01	1.31333495747911e-03
1.48500000000000e+01	1.30370452301186e-03
1.48600000000000e+01	1.29410628013178e-03
1.48700000000000e+01	1.28455027818222e-03
1.48800000000000e+01	1.27502974254476e-03
1.48900000000000e+01	1.26553761520900e-03
1.49000000000000e+01	1.25611099684565e-03
1.49100000000000e+01	1.24671523402699e-03
1.49200000000000e+01	1.23737085510398e-03
1.49300000000000e+01	1.22808165332636e-03
1.49400000000000e+01	1.21884983045374e-03
1.49500000000000e+01	1.20967801565696e-03
1.49600000000000e+01	1.20058705581040e-03
1.49700000000000e+01	1.19157568224652e-03
1.49800000000000e+01	1.18264485800816e-03
1.49900000000000e+01	1.17381196856191e-03
1.50000000000000e+01	1.16505403090797e-03
1.50100000000000e+01	1.15641315331072e-03
1.50200000000000e+01	1.14783747475969e-03
1.50300000000000e+01	1.13937100412697e-03
1.50400000000000e+01	1.13100764786365e-03
1.50500000000000e+01	1.12272013257147e-03
1.50600000000000e+01	1.11452490121476e-03
1.50700000000000e+01	1.10639878605453e-03
1.50800000000000e+01	1.09834057417935e-03
1.50900000000000e+01	1.09036380261833e-03
1.51000000000000e+01	1.08243297997651e-03
1.51100000000000e+01	1.07455924356218e-03
1.51200000000000e+01	1.06674536275615e-03
1.51300000000000e+01	1.05895404789883e-03
1.51400000000000e+01	1.05122302838227e-03
1.51500000000000e+01	1.04351505572824e-03
1.51600000000000e+01	1.03583383521735e-03
1.51700000000000e+01	1.02820032111253e-03
1.51800000000000e+01	1.02061313721609e-03
1.51900000000000e+01	1.01305332057855e-03
1.52000000000000e+01	1.00554546231149e-03
1.52100000000000e+01	9.98082239947664e-04
1.52200000000000e+01	9.90684369797100e-04
1.52300000000000e+01	9.83326417933561e-04
1.52400000000000e+01	9.76004441670067e-04
1.52500000000000e+01	9.68733397996087e-04
1.52600000000000e+01	9.61488843758223e-04
1.52700000000000e+01	9.54270403744191e-04
1.52800000000000e+01	9.47062491746214e-04
1.52900000000000e+01	9.39840289201941e-04
1.53000000000000e+01	9.32594940341523e-04
1.53100000000000e+01	9.25293113308317e-04
1.53200000000000e+01	9.17939495781209e-04
1.53300000000000e+01	9.10517635214057e-04
1.53400000000000e+01	9.02993793467614e-04
1.53500000000000e+01	8.95372393962727e-04
1.53600000000000e+01	8.87665207687046e-04
1.53700000000000e+01	8.79841090856733e-04
1.53800000000000e+01	8.71912187218846e-04
1.53900000000000e+01	8.63898920508606e-04
1.54000000000000e+01	8.55803757392850e-04
1.54100000000000e+01	8.47655573694417e-04
1.54200000000000e+01	8.39464985752721e-04
1.54300000000000e+01	8.31273201167259e-04
1.54400000000000e+01	8.23097134401814e-04
1.54500000000000e+01	8.14984302167374e-04
1.54600000000000e+01	8.06955215866329e-04
1.54700000000000e+01	7.99075562183633e-04
1.54800000000000e+01	7.91352942502932e-04
1.54900000000000e+01	7.83839241527684e-04
1.55000000000000e+01	7.76557606106747e-04
1.55100000000000e+01	7.69549555113306e-04
1.55200000000000e+01	7.62829931568793e-04
1.55300000000000e+01	7.56419784146699e-04
1.55400000000000e+01	7.50295392170801e-04
1.55500000000000e+01	7.44487393373509e-04
1.55600000000000e+01	7.38958344655057e-04
1.55700000000000e+01	7.33695582173776e-04
1.55800000000000e+01	7.28688533414559e-04
1.55900000000000e+01	7.23889808553953e-04
1.56000000000000e+01	7.19261264891867e-04
1.56100000000000e+01	7.14796020572357e-04
1.56200000000000e+01	7.10433035463073e-04
1.56300000000000e+01	7.06165493876004e-04
1.56400000000000e+01	7.01952746335933e-04
1.56500000000000e+01	6.97765881082887e-04
1.56600000000000e+01	6.93578232374068e-04
1.56700000000000e+01	6.89380769360254e-04
1.56800000000000e+01	6.85155852083264e-04
1.56900000000000e+01	6.80893069095240e-04
1.57000000000000e+01	6.76574606041540e-04
1.57100000000000e+01	6.72198123345233e-04
1.57200000000000e+01	6.67771852667886e-04
1.57300000000000e+01	6.63291016262250e-04
1.57400000000000e+01	6.58755231890193e-04
1.57500000000000e+01	6.54183047482835e-04
1.57600000000000e+01	6.49574842785353e-04
1.57700000000000e+01	6.44940523143198e-04
1.57800000000000e+01	6.40296268466440e-04
1.57900000000000e+01	6.35673684610401e-04
1.58000000000000e+01	6.31070381811388e-04
1.58100000000000e+01	6.26507505120345e-04
1.58200000000000e+01	6.22004680465725e-04
1.58300000000000e+01	6.17581702432023e-04
1.58400000000000e+01	6.13249486929664e-04
1.58500000000000e+01	6.09015334632460e-04
1.58600000000000e+01	6.04899713510169e-04
1.58700000000000e+01	6.00891354031786e-04
1.58800000000000e+01	5.96995602441049e-04
1.58900000000000e+01	5.93227384962923e-04
1.59000000000000e+01	5.89567747720556e-04
1.59100000000000e+01	5.86015642989043e-04
1.59200000000000e+01	5.82555409250502e-04
1.59300000000000e+01	5.79178173026913e-04
1.59400000000000e+01	5.75877692911094e-04
1.59500000000000e+01	5.72630114579954e-04
1.59600000000000e+01	5.69421727825936e-04
1.59700000000000e+01	5.66259523503408e-04
1.59800000000000e+01	5.63122479946891e-04
1.59900000000000e+01	5.59989527022677e-04
1.60000000000000e+01	5.56883565606618e-04
1.60100000000000e+01	5.53773403881827e-04
1.60200000000000e+01	5.50672652425276e-04
1.60300000000000e+01	5.47572591722244e-04
1.60400000000000e+01	5.44477526444256e-04
1.60500000000000e+01	5.41385100138111e-04
1.60600000000000e+01	5.38299737670605e-04
1.60700000000000e+01	5.35213584600556e-04
1.60800000000000e+01	5.32127463901241e-04
1.60900000000000e+01	5.29051304208967e-04
1.61000000000000e+01	5.25989846774479e-04
1.61100000000000e+01	5.22928165123833e-04
1.61200000000000e+01	5.19883796956483e-04
1.61300000000000e+01	5.16844436538717e-04
1.61400000000000e+01	5.13830543266777e-04
1.61500000000000e+01	5.10834358911834e-04
1.61600000000000e+01	5.07844974027565e-04
1.61700000000000e+01	5.04885772235440e-04
1.61800000000000e+01	5.01944107114923e-04
1.61900000000000e+01	4.99044298455198e-04
1.62000000000000e+01	4.96162851961457e-04
1.62100000000000e+01	4.93331206349916e-04
1.62200000000000e+01	4.90529983920350e-04
1.62300000000000e+01	4.87772210291640e-04
1.62400000000000e+01	4.85062800962235e-04
1.62500000000000e+01	4.82401644094455e-04
1.62600000000000e+01	4.79779854913295e-04
1.62700000000000e+01	4.77201661593570e-04
1.62800000000000e+01	4.74666153172417e-04
1.62900000000000e+01	4.72167303845238e-04
1.63000000000000e+01	4.69702687566810e-04
1.63100000000000e+01	4.67249034623463e-04
1.63200000000000e+01	4.64822753529570e-04
1.63300000000000e+01	4.62394220238653e-04
1.63400000000000e+01	4.59960530540176e-04
1.63500000000000e+01	4.57520544214855e-04
1.63600000000000e+01	4.55057237138784e-04
1.63700000000000e+01	4.52560183370042e-04
1.63800000000000e+01	4.50031426992791e-04
1.63900000000000e+01	4.47447533638680e-04
1.64000000000000e+01	4.44819424070588e-04
1.64100000000000e+01	4.42135864548233e-04
1.64200000000000e+01	4.39400270740834e-04
1.64300000000000e+01	4.36610057042303e-04
1.64400000000000e+01	4.33774647877754e-04
1.64500000000000e+01	4.30887435468478e-04
1.64600000000000e+01	4.27969688214956e-04
1.64700000000000e+01	4.25031228325722e-04
1.64800000000000e+01	4.22071974749861e-04
1.64900000000000e+01	4.19119925538437e-04
1.65000000000000e+01	4.16189142067466e-04
1.65100000000000e+01	4.13269997899776e-04
1.65200000000000e+01	4.10391588035456e-04
1.65300000000000e+01	4.07558370216275e-04
1.65400000000000e+01	4.04778700336235e-04
1.65500000000000e+01	4.02057868346740e-04
1.65600000000000e+01	3.99401391184207e-04
1.65700000000000e+01	3.96805329284904e-04
1.65800000000000e+01	3.94274760868365e-04
1.65900000000000e+01	3.91813173897708e-04
1.66000000000000e+01	3.89424626994579e-04
1.66100000000000e+01	3.87091495971236e-04
1.66200000000000e+01	3.84825077106787e-04
1.66300000000000e+01	3.82613584330771e-04
1.66400000000000e+01	3.80463765619691e-04
1.66500000000000e+01	3.78363913088914e-04
1.66600000000000e+01	3.76318803008110e-04
1.66700000000000e+01	3.74319846285092e-04
1.66800000000000e+01	3.72369748274255e-04
1.66900000000000e+01	3.70454052598746e-04
1.67000000000000e+01	3.68576295142804e-04
1.67100000000000e+01	3.66729158777237e-04
1.67200000000000e+01	3.64916546731552e-04
1.67300000000000e+01	3.63120281869325e-04
1.67400000000000e+01	3.61343351214506e-04
1.67500000000000e+01	3.59581413092953e-04
1.67600000000000e+01	3.57827955279140e-04
1.67700000000000e+01	3.56074303223618e-04
1.67800000000000e+01	3.54320880262768e-04
1.67900000000000e+01	3.52568375541989e-04
1.68000000000000e+01	3.50804245632903e-04
1.68100000000000e+01	3.49028522858844e-04
1.68200000000000e+01	3.47250467297056e-04
1.68300000000000e+01	3.45457779734750e-04
1.68400000000000e+01	3.43652958347013e-04
1.68500000000000e+01	3.41841969605300e-04
1.68600000000000e+01	3.40023041075051e-04
1.68700000000000e+01	3.38195873931315e-04
1.68800000000000e+01	3.36370084110776e-04
1.68900000000000e+01	3.34537321592192e-04
1.69000000000000e+01	3.32714355869573e-04
1.69100000000000e+01	3.30886752571668e-04
1.69200000000000e+01	3.29062136438178e-04
1.69300000000000e+01	3.27241131494747e-04
1.69400000000000e+01	3.25432149373499e-04
1.69500000000000e+01	3.23622366351876e-04
1.69600000000000e+01	3.21824440734984e-04
1.69700000000000e+01	3.20034401943694e-04
1.69800000000000e+01	3.18261831007200e-04
1.69900000000000e+01	3.16504487154463e-04
1.70000000000000e+01	3.14765380536921e-04
1.70100000000000e+01	3.13056729544416e-04
1.70200000000000e+01	3.11378205394878e-04
1.70300000000000e+01	3.09731982250892e-04
1.70400000000000e+01	3.08119728171058e-04
1.70500000000000e+01	3.06547815804891e-04
1.70600000000000e+01	3.05015860816168e-04
1.70700000000000e+01	3.03525185805440e-04
1.70800000000000e+01	3.02069008214795e-04
1.70900000000000e+01	3.00650513239547e-04
1.71000000000000e+01	2.99268721879695e-04
1.71100000000000e+01	2.97918836122213e-04
1.71200000000000e+01	2.96587399026073e-04
1.71300000000000e+01	2.95281394086453e-04
1.71400000000000e+01	2.93998181029430e-04
1.71500000000000e+01	2.92730992950639e-04
1.71600000000000e+01	2.91472835838699e-04
1.71700000000000e+01	2.90230751342754e-04
1.71800000000000e+01	2.88991228150627e-04
1.71900000000000e+01	2.87768125325634e-04
1.72000000000000e+01	2.86549060207760e-04
1.72100000000000e+01	2.85339817368393e-04
1.72200000000000e+01	2.84141471312611e-04
1.72300000000000e+01	2.82940703011684e-04
1.72400000000000e+01	2.81756412942829e-04
1.72500000000000e+01	2.80570148548591e-04
1.72600000000000e+01	2.79393733526327e-04
1.72700000000000e+01	2.78221593509332e-04
1.72800000000000e+01	2.77053602239097e-04
1.72900000000000e+01	2.75888684188016e-04
1.73000000000000e+01	2.74727755169609e-04
1.73100000000000e+01	2.73569282033636e-04
1.73200000000000e+01	2.72415832387213e-04
1.73300000000000e+01	2.71259186962784e-04
1.73400000000000e+01	2.70100934187665e-04
1.73500000000000e+01	2.68946192277724e-04
1.73600000000000e+01	2.67789802235123e-04
1.73700000000000e+01	2.66631583683895e-04
1.73800000000000e+01	2.65471814905577e-04
1.73900000000000e+01	2.64311249396174e-04
1.74000000000000e+01	2.63156836472631e-04
1.74100000000000e+01	2.61994947960585e-04
1.74200000000000e+01	2.60833462446679e-04
1.74300000000000e+01	2.59671042688395e-04
1.74400000000000e+01	2.58515313213272e-04
1.74500000000000e+01	2.57353156451728e-04
1.74600000000000e+01	2.56196170926044e-04
1.74700000000000e+01	2.55039595843373e-04
1.74800000000000e+01	2.53882316752531e-04
1.74900000000000e+01	2.52719101111367e-04
1.75000000000000e+01	2.51560361774062e-04
1.75100000000000e+01	2.50400891824366e-04
1.75200000000000e+01	2.49234326361970e-04
1.75300000000000e+01	2.48061661462776e-04
1.75400000000000e+01	2.46882393622151e-04
1.75500000000000e+01	2.45703315508554e-04
1.75600000000000e+01	2.44513408581387e-04
1.75700000000000e+01	2.43320287542181e-04
1.75800000000000e+01	2.42117224406459e-04
1.75900000000000e+01	2.40912528576649e-04
1.76000000000000e+01	2.39700470715019e-04
1.76100000000000e+01	2.38494909390685e-04
1.76200000000000e+01	2.37283231264248e-04
1.76300000000000e+01	2.36078400270800e-04
1.76400000000000e+01	2.34875503655675e-04
1.76500000000000e+01	2.33678964082689e-04
1.76600000000000e+01	2.32494679866451e-04
1.76700000000000e+01	2.31317592868139e-04
1.76800000000000e+01	2.30150965667659e-04
1.76900000000000e+01	2.29000671943357e-04
1.77000000000000e+01	2.27856116988173e-04
1.77100000000000e+01	2.26725074880370e-04
1.77200000000000e+01	2.25603041038552e-04
1.77300000000000e+01	2.24488473141602e-04
1.77400000000000e+01	2.23386624127507e-04
1.77500000000000e+01	2.22286953990532e-04
1.77600000000000e+01	2.21197761979034e-04
1.77700000000000e+01	2.20109532181185e-04
1.77800000000000e+01	2.19027967502152e-04
1.77900000000000e+01	2.17951244922965e-04
1.78000000000000e+01	2.16869895483577e-04
1.78100000000000e+01	2.15793973894980e-04
1.78200000000000e+01	2.14720431153473e-04
1.78300000000000e+01	2.13641752880690e-04
1.78400000000000e+01	2.12564404115877e-04
1.78500000000000e+01	2.11489122421138e-04
1.78600000000000e+01	2.10415744324437e-04
1.78700000000000e+01	2.09340051920361e-04
1.78800000000000e+01	2.08261473045078e-04
1.78900000000000e+01	2.07185233332769e-04
1.79000000000000e+01	2.06111778454055e-04
1.79100000000000e+01	2.05035921500978e-04
1.79200000000000e+01	2.03957772936606e-04
1.79300000000000e+01	2.02882214730985e-04
1.79400000000000e+01	2.01799778095475e-04
1.79500000000000e+01	2.00715774061489e-04
1.79600000000000e+01	1.99626794206385e-04
1.79700000000000e+01	1.98538952039319e-04
1.79800000000000e+01	1.97442433635116e-04
1.79900000000000e+01	1.96350332524283e-04
1.80000000000000e+01	1.95257616538337e-04
1.80100000000000e+01	1.94176396007081e-04
1.80200000000000e+01	1.93098849859900e-04
1.80300000000000e+01	1.92038589912234e-04
1.80400000000000e+01	1.90996690969684e-04
1.80500000000000e+01	1.89977758686636e-04
1.80600000000000e+01	1.88980700234096e-04
1.80700000000000e+01	1.88018528326876e-04
1.80800000000000e+01	1.87084273076466e-04
1.80900000000000e+01	1.86180160326763e-04
1.81000000000000e+01	1.85304683140616e-04
1.81100000000000e+01	1.84460147539176e-04
1.81200000000000e+01	1.83642826334984e-04
1.81300000000000e+01	1.82847419981802e-04
1.81400000000000e+01	1.82067914854131e-04
1.81500000000000e+01	1.81306484865849e-04
1.81600000000000e+01	1.80553549291722e-04
1.81700000000000e+01	1.79812690905692e-04
1.81800000000000e+01	1.79070784363645e-04
1.81900000000000e+01	1.78335924047846e-04
1.82000000000000e+01	1.77599351186230e-04
1.82100000000000e+01	1.76857908047026e-04
1.82200000000000e+01	1.76115965507251e-04
1.82300000000000e+01	1.75368768924666e-04
1.82400000000000e+01	1.74613908945583e-04
1.82500000000000e+01	1.73851458596504e-04
1.82600000000000e+01	1.73082650152657e-04
1.82700000000000e+01	1.72308397096542e-04
1.82800000000000e+01	1.71525152044732e-04
1.82900000000000e+01	1.70734313389109e-04
1.83000000000000e+01	1.69944407911486e-04
1.83100000000000e+01	1.69144861026041e-04
1.83200000000000e+01	1.68347520896829e-04
1.83300000000000e+01	1.67548191751868e-04
1.83400000000000e+01	1.66751079018225e-04
1.83500000000000e+01	1.65958576612397e-04
1.83600000000000e+01	1.65172259071335e-04
1.83700000000000e+01	1.64395188316743e-04
1.83800000000000e+01	1.63629259509612e-04
1.83900000000000e+01	1.62877814265246e-04
1.84000000000000e+01	1.62141576180222e-04
1.84100000000000e+01	1.61423748309534e-04
1.84200000000000e+01	1.60725584074916e-04
1.84300000000000e+01	1.60049052916936e-04
1.84400000000000e+01	1.59392974392673e-04
1.84500000000000e+01	1.58759958926959e-04
1.84600000000000e+01	1.58146916615469e-04
1.84700000000000e+01	1.57554312240373e-04
1.84800000000000e+01	1.56980345090651e-04
1.84900000000000e+01	1.56422325050545e-04
1.85000000000000e+01	1.55878383525732e-04
1.85100000000000e+01	1.55345542715880e-04
1.85200000000000e+01	1.54820061779694e-04
1.85300000000000e+01	1.54300705563257e-04
1.85400000000000e+01	1.53784228939316e-04
1.85500000000000e+01	1.53268244000875e-04
1.85600000000000e+01	1.52750254416572e-04
1.85700000000000e+01	1.52228903493739e-04
1.85800000000000e+01	1.51703631255607e-04
1.85900000000000e+01	1.51171433315689e-04
1.86000000000000e+01	1.50632957520465e-04
1.86100000000000e+01	1.50087878025197e-04
1.86200000000000e+01	1.49536292443088e-04
1.86300000000000e+01	1.48977593055194e-04
1.86400000000000e+01	1.48413094576910e-04
1.86500000000000e+01	1.47843657552159e-04
1.86600000000000e+01	1.47270413346485e-04
1.86700000000000e+01	1.46693759952687e-04
1.86800000000000e+01	1.46114604200521e-04
1.86900000000000e+01	1.45532794069514e-04
1.87000000000000e+01	1.44950621194925e-04
1.87100000000000e+01	1.44368040575923e-04
1.87200000000000e+01	1.43785023866995e-04
1.87300000000000e+01	1.43201744280930e-04
1.87400000000000e+01	1.42619010687599e-04
1.87500000000000e+01	1.42036035318174e-04
1.87600000000000e+01	1.41452691414907e-04
1.87700000000000e+01	1.40869155517806e-04
1.87800000000000e+01	1.40284385810737e-04
1.87900000000000e+01	1.39698303805896e-04
1.88000000000000e+01	1.39111745964472e-04
1.88100000000000e+01	1.38522850651206e-04
1.88200000000000e+01	1.37930719014804e-04
1.88300000000000e+01	1.37336552091248e-04
1.88400000000000e+01	1.36738295969782e-04
1.88500000000000e+01	1.36136656919219e-04
1.88600000000000e+01	1.35530847168515e-04
1.88700000000000e+01	1.34919321311456e-04
1.88800000000000e+01	1.34303768016595e-04
1.88900000000000e+01	1.33682493156163e-04
1.89000000000000e+01	1.33055601240706e-04
1.89100000000000e+01	1.32422405430805e-04
1.89200000000000e+01	1.31784898910412e-04
1.89300000000000e+01	1.31141961192146e-04
1.89400000000000e+01	1.30495073102946e-04
1.89500000000000e+01	1.29845141552609e-04
1.89600000000000e+01	1.29192770875122e-04
1.89700000000000e+01	1.28539868098325e-04
1.89800000000000e+01	1.27887118587970e-04
1.89900000000000e+01	1.27236396306095e-04
1.90000000000000e+01	1.26589134406203e-04
1.90100000000000e+01	1.25945712247663e-04
1.90200000000000e+01	1.25307139857429e-04
1.90300000000000e+01	1.24673138418581e-04
1.90400000000000e+01	1.24043671749296e-04
1.90500000000000e+01	1.23416731269872e-04
1.90600000000000e+01	1.22791594336001e-04
1.90700000000000e+01	1.22166382368368e-04
1.90800000000000e+01	1.21539578024765e-04
1.90900000000000e+01	1.20909556358706e-04
1.91000000000000e+01	1.20275936814405e-04
1.91100000000000e+01	1.19639275808146e-04
1.91200000000000e+01	1.19000452843740e-04
1.91300000000000e+01	1.18362057583281e-04
1.91400000000000e+01	1.17727953430855e-04
1.91500000000000e+01	1.17102489927295e-04
1.91600000000000e+01	1.16490815070076e-04
1.91700000000000e+01	1.15897950321672e-04
1.91800000000000e+01	1.15328165354624e-04
1.91900000000000e+01	1.14786256858852e-04
1.92000000000000e+01	1.14273751093573e-04
1.92100000000000e+01	1.13791704138563e-04
1.92200000000000e+01	1.13340782401808e-04
1.92300000000000e+01	1.12918000702576e-04
1.92400000000000e+01	1.12521538541196e-04
1.92500000000000e+01	1.12146778946157e-04
1.92600000000000e+01	1.11790276460959e-04
1.92700000000000e+01	1.11446563656673e-04
1.92800000000000e+01	1.11112703453327e-04
1.92900000000000e+01	1.10782917678328e-04
1.93000000000000e+01	1.10455679383250e-04
1.93100000000000e+01	1.10127181750718e-04
1.93200000000000e+01	1.09796159244985e-04
1.93300000000000e+01	1.09461445894714e-04
1.93400000000000e+01	1.09121458952862e-04
1.93500000000000e+01	1.08776568973890e-04
1.93600000000000e+01	1.08426144837064e-04
1.93700000000000e+01	1.08069734213001e-04
1.93800000000000e+01	1.07708559029301e-04
1.93900000000000e+01	1.07342510933998e-04
1.94000000000000e+01	1.06971457957692e-04
1.94100000000000e+01	1.06595948821110e-04
1.94200000000000e+01	1.06216003905729e-04
1.94300000000000e+01	1.05831639523136e-04
1.94400000000000e+01	1.05443787627995e-04
1.94500000000000e+01	1.05051441172604e-04
1.94600000000000e+01	1.04655790221700e-04
1.94700000000000e+01	1.04257222529624e-04
1.94800000000000e+01	1.03854706070229e-04
1.94900000000000e+01	1.03448395119519e-04
1.95000000000000e+01	1.03039891330451e-04
1.95100000000000e+01	1.02627924716196e-04
1.95200000000000e+01	1.02213605651065e-04
1.95300000000000e+01	1.01795932342363e-04
1.95400000000000e+01	1.01375576993454e-04
1.95500000000000e+01	1.00952992280282e-04
1.95600000000000e+01	1.00528416794676e-04
1.95700000000000e+01	1.00101583118174e-04
1.95800000000000e+01	9.96743826134998e-05
1.95900000000000e+01	9.92458189617093e-05
1.96000000000000e+01	9.88165370012649e-05
1.96100000000000e+01	9.83878417666663e-05
1.96200000000000e+01	9.79593264660342e-05
1.96300000000000e+01	9.75324048143076e-05
1.96400000000000e+01	9.71065762003461e-05
1.96500000000000e+01	9.66829257572448e-05
1.96600000000000e+01	9.62606408189007e-05
1.96700000000000e+01	9.58400546607263e-05
1.96800000000000e+01	9.54221140750209e-05
1.96900000000000e+01	9.50055555285879e-05
1.97000000000000e+01	9.45904023240945e-05
1.97100000000000e+01	9.41758790209580e-05
1.97200000000000e+01	9.37627130127705e-05
1.97300000000000e+01	9.33487988807766e-05
1.97400000000000e+01	9.29340543296459e-05
1.97500000000000e+01	9.25161984173245e-05
1.97600000000000e+01	9.20936535751834e-05
1.97700000000000e+01	9.16637555863890e-05
1.97800000000000e+01	9.12214680308177e-05
1.97900000000000e+01	9.07610946503333e-05
1.98000000000000e+01	9.02736058076499e-05
1.98100000000000e+01	8.97471505232415e-05
1.98200000000000e+01	8.91669963256941e-05
1.98300000000000e+01	8.85129075537399e-05
1.98400000000000e+01	8.77590303390900e-05
1.98500000000000e+01	8.68754595099155e-05
1.98600000000000e+01	8.58239188541988e-05
1.98700000000000e+01	8.45568835797419e-05
1.98800000000000e+01	8.30157471738151e-05
1.98900000000000e+01	8.11253610050753e-05
1.99000000000000e+01	7.87875862026430e-05
1.99100000000000e+01	7.58736467596865e-05
1.99200000000000e+01	7.22159950544436e-05
1.99300000000000e+01	6.76009217402881e-05
1.99400000000000e+01	6.17710452008248e-05
1.99500000000000e+01	5.44475740387458e-05
1.99600000000000e+01	4.53900416190458e-05
1.99700000000000e+01	3.45487920984355e-05
1.99800000000000e+01	2.23497586901329e-05
1.99900000000000e+01	1.02182398034241e-05
2.00000000000000e+01	1.39725222723641e-06
