1.00000000000000e-02	3.21628050762446e+14
2.00000000000000e-02	2.01017614019303e+13
3.00000000000000e-02	3.97073408431606e+12
4.00000000000000e-02	1.25637506559204e+12
5.00000000000000e-02	5.14615052343029e+11
6.00000000000000e-02	2.48177414314235e+11
7.00000000000000e-02	1.33961289244768e+11
8.00000000000000e-02	7.85267734223494e+10
9.00000000000000e-02	4.90245581337438e+10
1.00000000000000e-01	3.21656657090128e+10
1.10000000000000e-01	2.19700060037523e+10
1.20000000000000e-01	1.55126076646414e+10
1.30000000000000e-01	1.12628143384909e+10
1.40000000000000e-01	8.37378238732712e+09
1.50000000000000e-01	6.35445942603052e+09
1.60000000000000e-01	4.90879920385381e+09
1.70000000000000e-01	3.85191498712202e+09
1.80000000000000e-01	3.06477338950325e+09
1.90000000000000e-01	2.46882384950207e+09
2.00000000000000e-01	2.01094742381434e+09
2.10000000000000e-01	1.65447851263979e+09
2.20000000000000e-01	1.37364087000409e+09
2.30000000000000e-01	1.14992929478395e+09
2.40000000000000e-01	9.69980256544175e+08
2.50000000000000e-01	8.23889661285151e+08
2.60000000000000e-01	7.04312979206654e+08
2.70000000000000e-01	6.05657306942837e+08
2.80000000000000e-01	5.23705463395714e+08
2.90000000000000e-01	4.55151900852814e+08
3.00000000000000e-01	3.97465050337799e+08
3.10000000000000e-01	3.48635668226629e+08
3.20000000000000e-01	3.07083391765940e+08
3.30000000000000e-01	2.71545006886654e+08
3.40000000000000e-01	2.41002212378449e+08
3.50000000000000e-01	2.14641369754272e+08
3.60000000000000e-01	1.91787952447836e+08
3.70000000000000e-01	1.71900051390290e+08
3.80000000000000e-01	1.54526360400184e+08
3.90000000000000e-01	1.39294640359859e+08
4.00000000000000e-01	1.25896220725720e+08
4.10000000000000e-01	1.14071328978645e+08
4.20000000000000e-01	1.03604823903281e+08
4.30000000000000e-01	9.43130609264489e+07
4.40000000000000e-01	8.60417080746291e+07
4.50000000000000e-01	7.86584519143866e+07
4.60000000000000e-01	7.20513127229997e+07
4.70000000000000e-01	6.61254880813162e+07
4.80000000000000e-01	6.07975988199645e+07
4.90000000000000e-01	5.59965330651870e+07
5.00000000000000e-01	5.16610390448068e+07
5.10000000000000e-01	4.77375195906439e+07
5.20000000000000e-01	4.41818127085012e+07
5.30000000000000e-01	4.09507696710706e+07
5.40000000000000e-01	3.80112216292240e+07
5.50000000000000e-01	3.53319616365491e+07
5.60000000000000e-01	3.28844409323185e+07
5.70000000000000e-01	3.06463647584860e+07
5.80000000000000e-01	2.85967757802936e+07
5.90000000000000e-01	2.67159130330640e+07
6.00000000000000e-01	2.49881561136152e+07
6.10000000000000e-01	2.33980604987373e+07
6.20000000000000e-01	2.19333797691770e+07
6.30000000000000e-01	2.05821467314181e+07
6.40000000000000e-01	1.93344134023832e+07
6.50000000000000e-01	1.81801554139395e+07
6.60000000000000e-01	1.71114884953286e+07
6.70000000000000e-01	1.61202792412408e+07
6.80000000000000e-01	1.52007578840509e+07
6.90000000000000e-01	1.43466068351600e+07
7.00000000000000e-01	1.35520740606606e+07
7.10000000000000e-01	1.28123178223190e+07
7.20000000000000e-01	1.21227075955848e+07
7.30000000000000e-01	1.14797140487856e+07
7.40000000000000e-01	1.08790525787549e+07
7.50000000000000e-01	1.03178741365308e+07
7.60000000000000e-01	9.79266194379561e+06
7.70000000000000e-01	9.30121012370725e+06
7.80000000000000e-01	8.84052001593984e+06
7.90000000000000e-01	8.40856479007541e+06
8.00000000000000e-01	8.00307917956209e+06
8.10000000000000e-01	7.62221592952480e+06
8.20000000000000e-01	7.26427519507171e+06
8.30000000000000e-01	6.92751259626044e+06
8.40000000000000e-01	6.61071025887468e+06
8.50000000000000e-01	6.31204207066364e+06
8.60000000000000e-01	6.03062271594273e+06
8.70000000000000e-01	5.76512248802437e+06
8.80000000000000e-01	5.51445615229992e+06
8.90000000000000e-01	5.27781720639893e+06
9.00000000000000e-01	5.05416550521991e+06
9.10000000000000e-01	4.84263141402443e+06
9.20000000000000e-01	4.64254236910317e+06
9.30000000000000e-01	4.45316565057150e+06
9.40000000000000e-01	4.27381574483982e+06
9.50000000000000e-01	4.10378954667327e+06
9.60000000000000e-01	3.94257348368575e+06
9.70000000000000e-01	3.78967206669479e+06
9.80000000000000e-01	3.64458829212890e+06
9.90000000000000e-01	3.50680620787729e+06
1.00000000000000e+00	3.37602563125699e+06
1.01000000000000e+00	3.25164059959256e+06
1.02000000000000e+00	3.13336930559814e+06
1.03000000000000e+00	3.02097373268451e+06
1.04000000000000e+00	2.91400685062445e+06
1.05000000000000e+00	2.81219481226140e+06
1.06000000000000e+00	2.71526406733132e+06
1.07000000000000e+00	2.62302945596421e+06
1.08000000000000e+00	2.53514137629932e+06
1.09000000000000e+00	2.45138610106510e+06
1.10000000000000e+00	2.37164924971021e+06
1.11000000000000e+00	2.29567063300226e+06
1.12000000000000e+00	2.22329440370062e+06
1.13000000000000e+00	2.15440594957757e+06
1.14000000000000e+00	2.08883185742428e+06
1.15000000000000e+00	2.02646569527650e+06
1.16000000000000e+00	1.96716412945550e+06
1.17000000000000e+00	1.91088627271864e+06
1.18000000000000e+00	1.85750642162408e+06
1.19000000000000e+00	1.80696666047010e+06
1.20000000000000e+00	1.75922917189030e+06
1.21000000000000e+00	1.71423101616925e+06
1.22000000000000e+00	1.67197438226281e+06
1.23000000000000e+00	1.63251119644173e+06
1.24000000000000e+00	1.59579604866444e+06
1.25000000000000e+00	1.56194678013726e+06
1.26000000000000e+00	1.53094583674225e+06
1.27000000000000e+00	1.50295854330336e+06
1.28000000000000e+00	1.47791898565224e+06
1.29000000000000e+00	1.45594224514804e+06
1.30000000000000e+00	1.43693527029695e+06
1.31000000000000e+00	1.42084328411412e+06
1.32000000000000e+00	1.40745484180128e+06
1.33000000000000e+00	1.39647387016219e+06
1.34000000000000e+00	1.38747844782143e+06
1.35000000000000e+00	1.37999003574895e+06
1.36000000000000e+00	1.37340432629711e+06
1.37000000000000e+00	1.36706190993724e+06
1.38000000000000e+00	1.36025672666277e+06
1.39000000000000e+00	1.35227429391913e+06
1.40000000000000e+00	1.34251723101673e+06
1.41000000000000e+00	1.33036123879758e+06
1.42000000000000e+00	1.31533973668277e+06
1.43000000000000e+00	1.29708856351853e+06
1.44000000000000e+00	1.27537670569112e+06
1.45000000000000e+00	1.25005088950796e+06
1.46000000000000e+00	1.22109097245198e+06
1.47000000000000e+00	1.18845771007157e+06
1.48000000000000e+00	1.15229327624072e+06
1.49000000000000e+00	1.11264141808798e+06
1.50000000000000e+00	1.06963154407635e+06
1.51000000000000e+00	1.02337599449168e+06
1.52000000000000e+00	9.73995813711888e+05
1.53000000000000e+00	9.21679161099171e+05
1.54000000000000e+00	8.66613447083836e+05
1.55000000000000e+00	8.09083210099444e+05
1.56000000000000e+00	7.49544847469156e+05
1.57000000000000e+00	6.88518954519685e+05
1.58000000000000e+00	6.26677275107566e+05
1.59000000000000e+00	5.64822495656645e+05
1.60000000000000e+00	5.03847339706766e+05
1.61000000000000e+00	4.44721272718024e+05
1.62000000000000e+00	3.88378971675542e+05
1.63000000000000e+00	3.35708053851631e+05
1.64000000000000e+00	2.87465712641301e+05
1.65000000000000e+00	2.44264896359583e+05
1.66000000000000e+00	2.06491905460083e+05
1.67000000000000e+00	1.74371884330147e+05
1.68000000000000e+00	1.47905218081962e+05
1.69000000000000e+00	1.26917194765489e+05
1.70000000000000e+00	1.11062229144721e+05
1.71000000000000e+00	9.98804782727978e+04
1.72000000000000e+00	9.29095293022310e+04
1.73000000000000e+00	8.98076956316924e+04
1.74000000000000e+00	9.04906628631598e+04
1.75000000000000e+00	9.51889114121634e+04
1.76000000000000e+00	1.04478791440908e+05
1.77000000000000e+00	1.19271198836097e+05
1.78000000000000e+00	1.40828465939898e+05
1.79000000000000e+00	1.70720183299216e+05
1.80000000000000e+00	2.10747340697377e+05
1.81000000000000e+00	2.62832439150746e+05
1.82000000000000e+00	3.28903959029489e+05
1.83000000000000e+00	4.10890083292244e+05
1.84000000000000e+00	5.10783014623964e+05
1.85000000000000e+00	6.30658602351904e+05
1.86000000000000e+00	7.72434184160124e+05
1.87000000000000e+00	9.37611924340716e+05
1.88000000000000e+00	1.12688441409955e+06
1.89000000000000e+00	1.33988754549209e+06
1.90000000000000e+00	1.57524123889377e+06
1.91000000000000e+00	1.83042789933038e+06
1.92000000000000e+00	2.10210258389317e+06
1.93000000000000e+00	2.38586571796034e+06
1.94000000000000e+00	2.67636551711407e+06
1.95000000000000e+00	2.96718405959552e+06
1.96000000000000e+00	3.25077258995305e+06
1.97000000000000e+00	3.51861183034002e+06
1.98000000000000e+00	3.76137110701328e+06
1.99000000000000e+00	3.96951957288137e+06
2.00000000000000e+00	4.13381028819090e+06
2.01000000000000e+00	4.24619647450843e+06
2.02000000000000e+00	4.30075810804259e+06
2.03000000000000e+00	4.29455981513510e+06
2.04000000000000e+00	4.22788249568138e+06
2.05000000000000e+00	4.10487083189549e+06
2.06000000000000e+00	3.93285863653122e+06
2.07000000000000e+00	3.72142240430244e+06
2.08000000000000e+00	3.48130614062390e+06
2.09000000000000e+00	3.22295181348856e+06
2.10000000000000e+00	2.95572567636129e+06
2.11000000000000e+00	2.68745634686472e+06
2.12000000000000e+00	2.42451035996740e+06
2.13000000000000e+00	2.17239210528812e+06
2.14000000000000e+00	1.93610719936706e+06
2.15000000000000e+00	1.71996498468527e+06
2.16000000000000e+00	1.52738591354657e+06
2.17000000000000e+00	1.36007435318615e+06
2.18000000000000e+00	1.21807958139086e+06
2.19000000000000e+00	1.09973394317121e+06
2.20000000000000e+00	1.00236642041888e+06
2.21000000000000e+00	9.22838612725842e+05
2.22000000000000e+00	8.58176283723174e+05
2.23000000000000e+00	8.06209445160335e+05
2.24000000000000e+00	7.65812953375423e+05
2.25000000000000e+00	7.37139096761197e+05
2.26000000000000e+00	7.21303654154631e+05
2.27000000000000e+00	7.20053571341349e+05
2.28000000000000e+00	7.35430591332778e+05
2.29000000000000e+00	7.69553092963477e+05
2.30000000000000e+00	8.24469820101346e+05
2.31000000000000e+00	9.02003294634514e+05
2.32000000000000e+00	1.00343898414502e+06
2.33000000000000e+00	1.12908642818277e+06
2.34000000000000e+00	1.27773873384675e+06
2.35000000000000e+00	1.44647173119641e+06
2.36000000000000e+00	1.63059590080392e+06
2.37000000000000e+00	1.82416683292552e+06
2.38000000000000e+00	2.02069255653348e+06
2.39000000000000e+00	2.21349675970843e+06
2.40000000000000e+00	2.39630072119159e+06
2.41000000000000e+00	2.56359466538610e+06
2.42000000000000e+00	2.71102879303884e+06
2.43000000000000e+00	2.83582797763294e+06
2.44000000000000e+00	2.93661035090610e+06
2.45000000000000e+00	3.01348109144176e+06
2.46000000000000e+00	3.06711925132738e+06
2.47000000000000e+00	3.09901600315838e+06
2.48000000000000e+00	3.11078512653633e+06
2.49000000000000e+00	3.10478232262543e+06
2.50000000000000e+00	3.08361141552393e+06
2.51000000000000e+00	3.05052023068674e+06
2.52000000000000e+00	3.00918744168084e+06
2.53000000000000e+00	2.96345262433087e+06
2.54000000000000e+00	2.91712846696391e+06
2.55000000000000e+00	2.87383349151030e+06
2.56000000000000e+00	2.83670558778302e+06
2.57000000000000e+00	2.80801436803927e+06
2.58000000000000e+00	2.78902424604752e+06
2.59000000000000e+00	2.77977323117513e+06
2.60000000000000e+00	2.77849731527317e+06
2.61000000000000e+00	2.78193221729993e+06
2.62000000000000e+00	2.78500172613997e+06
2.63000000000000e+00	2.78173290387140e+06
2.64000000000000e+00	2.76717643191422e+06
2.65000000000000e+00	2.73935801108196e+06
2.66000000000000e+00	2.70102986098994e+06
2.67000000000000e+00	2.65914030267741e+06
2.68000000000000e+00	2.62254986659714e+06
2.69000000000000e+00	2.59933074490523e+06
2.70000000000000e+00	2.59481205754119e+06
2.71000000000000e+00	2.61094839930077e+06
2.72000000000000e+00	2.64649223523387e+06
2.73000000000000e+00	2.69792946807553e+06
2.74000000000000e+00	2.76023326735378e+06
2.75000000000000e+00	2.82799693805714e+06
2.76000000000000e+00	2.89618171073071e+06
2.77000000000000e+00	2.96081154624661e+06
2.78000000000000e+00	3.01890961507844e+06
2.79000000000000e+00	3.06855235172252e+06
2.80000000000000e+00	3.10821719490015e+06
2.81000000000000e+00	3.13662834262257e+06
2.82000000000000e+00	3.15246163368358e+06
2.83000000000000e+00	3.15418326433265e+06
2.84000000000000e+00	3.14028632141645e+06
2.85000000000000e+00	3.10927250069573e+06
2.86000000000000e+00	3.05995652258485e+06
2.87000000000000e+00	2.99180318614452e+06
2.88000000000000e+00	2.90501314037686e+06
2.89000000000000e+00	2.80050863500895e+06
2.90000000000000e+00	2.67996745308011e+06
2.91000000000000e+00	2.54557915173046e+06
2.92000000000000e+00	2.39981573514051e+06
2.93000000000000e+00	2.24540364110152e+06
2.94000000000000e+00	2.08532401220576e+06
2.95000000000000e+00	1.92279230642566e+06
2.96000000000000e+00	1.76133104435229e+06
2.97000000000000e+00	1.60446681630227e+06
2.98000000000000e+00	1.45560140015671e+06
2.99000000000000e+00	1.31744625545519e+06
3.00000000000000e+00	1.19179507898008e+06
3.01000000000000e+00	1.07933528470657e+06
3.02000000000000e+00	9.79715755990085e+05
3.03000000000000e+00	8.91888726107839e+05
3.04000000000000e+00	8.14411212562614e+05
3.05000000000000e+00	7.45738576806016e+05
3.06000000000000e+00	6.84419286788381e+05
3.07000000000000e+00	6.29240813155601e+05
3.08000000000000e+00	5.79224733730648e+05
3.09000000000000e+00	5.33584015282698e+05
3.10000000000000e+00	4.91710622172638e+05
3.11000000000000e+00	4.53099412055418e+05
3.12000000000000e+00	4.17293102921347e+05
3.13000000000000e+00	3.83864464832983e+05
3.14000000000000e+00	3.52385879355155e+05
3.15000000000000e+00	3.22440895217957e+05
3.16000000000000e+00	2.93682452620134e+05
3.17000000000000e+00	2.65869900300699e+05
3.18000000000000e+00	2.38910971525498e+05
3.19000000000000e+00	2.12896331716041e+05
3.20000000000000e+00	1.88051915247356e+05
3.21000000000000e+00	1.64670803259050e+05
3.22000000000000e+00	1.43031069662330e+05
3.23000000000000e+00	1.23333899964319e+05
3.24000000000000e+00	1.05675411372346e+05
3.25000000000000e+00	9.00465473036890e+04
3.26000000000000e+00	7.63617206700634e+04
3.27000000000000e+00	6.44827340492008e+04
3.28000000000000e+00	5.42398949908792e+04
3.29000000000000e+00	4.54530225221691e+04
3.30000000000000e+00	3.79420436409568e+04
3.31000000000000e+00	3.15345106892739e+04
3.32000000000000e+00	2.60766037466811e+04
3.33000000000000e+00	2.14332520589652e+04
3.34000000000000e+00	1.74900492828528e+04
3.35000000000000e+00	1.41532912101971e+04
3.36000000000000e+00	1.13477738854972e+04
3.37000000000000e+00	9.01812229520989e+03
3.38000000000000e+00	7.12558366653651e+03
3.39000000000000e+00	5.64736161334577e+03
3.40000000000000e+00	4.57134962763103e+03
3.41000000000000e+00	3.89129744319910e+03
3.42000000000000e+00	3.60151168691007e+03
3.43000000000000e+00	3.69250530957053e+03
3.44000000000000e+00	4.14951215530802e+03
3.45000000000000e+00	4.95017151129581e+03
3.46000000000000e+00	6.06613000815082e+03
3.47000000000000e+00	7.46363444055940e+03
3.48000000000000e+00	9.10618321271741e+03
3.49000000000000e+00	1.09574871118688e+04
3.50000000000000e+00	1.29847591551302e+04
3.51000000000000e+00	1.51619045526643e+04
3.52000000000000e+00	1.74713707283927e+04
3.53000000000000e+00	1.99069151915434e+04
3.54000000000000e+00	2.24715664588724e+04
3.55000000000000e+00	2.51743653374399e+04
3.56000000000000e+00	2.80299083077800e+04
3.57000000000000e+00	3.10522715482128e+04
3.58000000000000e+00	3.42545998235323e+04
3.59000000000000e+00	3.76497346791654e+04
3.60000000000000e+00	4.12476141416794e+04
3.61000000000000e+00	4.50592907433054e+04
3.62000000000000e+00	4.90924083225224e+04
3.63000000000000e+00	5.33556246374780e+04
3.64000000000000e+00	5.78526912452586e+04
3.65000000000000e+00	6.25873417111867e+04
3.66000000000000e+00	6.75565344258164e+04
3.67000000000000e+00	7.27550486535974e+04
3.68000000000000e+00	7.81698052479096e+04
3.69000000000000e+00	8.37747184211029e+04
3.70000000000000e+00	8.95196866901602e+04
3.71000000000000e+00	9.53244805970242e+04
3.72000000000000e+00	1.01070807627824e+05
3.73000000000000e+00	1.06599978914119e+05
3.74000000000000e+00	1.11728949345022e+05
3.75000000000000e+00	1.16268777299225e+05
3.76000000000000e+00	1.20042754855403e+05
3.77000000000000e+00	1.22910276318091e+05
3.78000000000000e+00	1.24779431451070e+05
3.79000000000000e+00	1.25607260383005e+05
3.80000000000000e+00	1.25398315485511e+05
3.81000000000000e+00	1.24200875268255e+05
3.82000000000000e+00	1.22098023561547e+05
3.83000000000000e+00	1.19197853937668e+05
3.84000000000000e+00	1.15625601075810e+05
3.85000000000000e+00	1.11514856745896e+05
3.86000000000000e+00	1.06999654262601e+05
3.87000000000000e+00	1.02200328557820e+05
3.88000000000000e+00	9.72256946466166e+04
3.89000000000000e+00	9.21639190548452e+04
3.90000000000000e+00	8.70884219560288e+04
3.91000000000000e+00	8.20490490735820e+04
3.92000000000000e+00	7.70838122812194e+04
3.93000000000000e+00	7.22159383237876e+04
3.94000000000000e+00	6.74650767631544e+04
3.95000000000000e+00	6.28469562381974e+04
3.96000000000000e+00	5.83831901595236e+04
3.97000000000000e+00	5.41073896392067e+04
3.98000000000000e+00	5.00684859852901e+04
3.99000000000000e+00	4.63334828481385e+04
4.00000000000000e+00	4.29877628764333e+04
4.01000000000000e+00	4.01361166908040e+04
4.02000000000000e+00	3.79025763036327e+04
4.03000000000000e+00	3.64307667819964e+04
4.04000000000000e+00	3.58845725794143e+04
4.05000000000000e+00	3.64464538944036e+04
4.06000000000000e+00	3.83101728996477e+04
4.07000000000000e+00	4.16716452661369e+04
4.08000000000000e+00	4.67182892941354e+04
4.09000000000000e+00	5.36190548573043e+04
4.10000000000000e+00	6.25185821027511e+04
4.11000000000000e+00	7.35287942221452e+04
4.12000000000000e+00	8.67249549085283e+04
4.13000000000000e+00	1.02139207933100e+05
4.14000000000000e+00	1.19752340790094e+05
4.15000000000000e+00	1.39489852600135e+05
4.16000000000000e+00	1.61218543164933e+05
4.17000000000000e+00	1.84747993641076e+05
4.18000000000000e+00	2.09838000664372e+05
4.19000000000000e+00	2.36194403597158e+05
4.20000000000000e+00	2.63473403455841e+05
4.21000000000000e+00	2.91252689987426e+05
4.22000000000000e+00	3.19037660179934e+05
4.23000000000000e+00	3.46232416017520e+05
4.24000000000000e+00	3.72145545077981e+05
4.25000000000000e+00	3.96011125153965e+05
4.26000000000000e+00	4.17025263163952e+05
4.27000000000000e+00	4.34424021123735e+05
4.28000000000000e+00	4.47556518418708e+05
4.29000000000000e+00	4.55952735839056e+05
4.30000000000000e+00	4.59356836451926e+05
4.31000000000000e+00	4.57742392390383e+05
4.32000000000000e+00	4.51273382297221e+05
4.33000000000000e+00	4.40282117480292e+05
4.34000000000000e+00	4.25226727858869e+05
4.35000000000000e+00	4.06670715737007e+05
4.36000000000000e+00	3.85250718868387e+05
4.37000000000000e+00	3.61651591974255e+05
4.38000000000000e+00	3.36590863028945e+05
4.39000000000000e+00	3.10758662365967e+05
4.40000000000000e+00	2.84794457806304e+05
4.41000000000000e+00	2.59248901403455e+05
4.42000000000000e+00	2.34564054100597e+05
4.43000000000000e+00	2.11078058149534e+05
4.44000000000000e+00	1.89027773937339e+05
4.45000000000000e+00	1.68568648371680e+05
4.46000000000000e+00	1.49787919207202e+05
4.47000000000000e+00	1.32719923121293e+05
4.48000000000000e+00	1.17356276616175e+05
4.49000000000000e+00	1.03651810080121e+05
4.50000000000000e+00	9.15335085163981e+04
4.51000000000000e+00	8.09032860647786e+04
4.52000000000000e+00	7.16446760411811e+04
4.53000000000000e+00	6.36276292215545e+04
4.54000000000000e+00	5.67127773968039e+04
4.55000000000000e+00	5.07575626481081e+04
4.56000000000000e+00	4.56195712847916e+04
4.57000000000000e+00	4.11634154794585e+04
4.58000000000000e+00	3.72646550385028e+04
4.59000000000000e+00	3.38121348761891e+04
4.60000000000000e+00	3.07127574892162e+04
4.61000000000000e+00	2.78931453988973e+04
4.62000000000000e+00	2.53016929553697e+04
4.63000000000000e+00	2.29103004500829e+04
4.64000000000000e+00	2.07128189562407e+04
4.65000000000000e+00	1.87246006518989e+04
4.66000000000000e+00	1.69777514361391e+04
4.67000000000000e+00	1.55143297648551e+04
4.68000000000000e+00	1.43797019690122e+04
4.69000000000000e+00	1.36145895393976e+04
4.70000000000000e+00	1.32504406368244e+04
4.71000000000000e+00	1.33057928864948e+04
4.72000000000000e+00	1.37860461465977e+04
4.73000000000000e+00	1.46847679451714e+04
4.74000000000000e+00	1.59867258647809e+04
4.75000000000000e+00	1.76702791626989e+04
4.76000000000000e+00	1.97102353998329e+04
4.77000000000000e+00	2.20798133778022e+04
4.78000000000000e+00	2.47501662675030e+04
4.79000000000000e+00	2.76905420571946e+04
4.80000000000000e+00	3.08653487521373e+04
4.81000000000000e+00	3.42327860334944e+04
4.82000000000000e+00	3.77439403185333e+04
4.83000000000000e+00	4.13431152403002e+04
4.84000000000000e+00	4.49712415925549e+04
4.85000000000000e+00	4.85701834167342e+04
4.86000000000000e+00	5.20890924011907e+04
4.87000000000000e+00	5.54876665901156e+04
4.88000000000000e+00	5.87409546634903e+04
4.89000000000000e+00	6.18408087701249e+04
4.90000000000000e+00	6.48009095999535e+04
4.91000000000000e+00	6.76523372532819e+04
4.92000000000000e+00	7.04486285259170e+04
4.93000000000000e+00	7.32607876563669e+04
4.94000000000000e+00	7.61743359893773e+04
4.95000000000000e+00	7.92835087265806e+04
4.96000000000000e+00	8.26803926890700e+04
4.97000000000000e+00	8.64518335275602e+04
4.98000000000000e+00	9.06615402637666e+04
4.99000000000000e+00	9.53427986622573e+04
5.00000000000000e+00	1.00489087256207e+05
5.01000000000000e+00	1.06040946157375e+05
5.02000000000000e+00	1.11890182165179e+05
5.03000000000000e+00	1.17873107182970e+05
5.04000000000000e+00	1.23782122259042e+05
5.05000000000000e+00	1.29379990170966e+05
5.06000000000000e+00	1.34411090518723e+05
5.07000000000000e+00	1.38628137285886e+05
5.08000000000000e+00	1.41813008796225e+05
5.09000000000000e+00	1.43794841868862e+05
5.10000000000000e+00	1.44472486609629e+05
5.11000000000000e+00	1.43828783010871e+05
5.12000000000000e+00	1.41925679340677e+05
5.13000000000000e+00	1.38905715588141e+05
5.14000000000000e+00	1.34965829594482e+05
5.15000000000000e+00	1.30337537876798e+05
5.16000000000000e+00	1.25252738939309e+05
5.17000000000000e+00	1.19924468029313e+05
5.18000000000000e+00	1.14527722179081e+05
5.19000000000000e+00	1.09187830908759e+05
5.20000000000000e+00	1.03984733540681e+05
5.21000000000000e+00	9.89496857094749e+04
5.22000000000000e+00	9.40804277566252e+04
5.23000000000000e+00	8.93515791218542e+04
5.24000000000000e+00	8.47224145682323e+04
5.25000000000000e+00	8.01488511936783e+04
5.26000000000000e+00	7.55961796707582e+04
5.27000000000000e+00	7.10415538537238e+04
5.28000000000000e+00	6.64849358047639e+04
5.29000000000000e+00	6.19436805219613e+04
5.30000000000000e+00	5.74576406266189e+04
5.31000000000000e+00	5.30782815570225e+04
5.32000000000000e+00	4.88639820834620e+04
5.33000000000000e+00	4.48735672105041e+04
5.34000000000000e+00	4.11569940830081e+04
5.35000000000000e+00	3.77538145119312e+04
5.36000000000000e+00	3.46901396178787e+04
5.37000000000000e+00	3.19782685715919e+04
5.38000000000000e+00	2.96167889603435e+04
5.39000000000000e+00	2.75934375135367e+04
5.40000000000000e+00	2.58857342665910e+04
5.41000000000000e+00	2.44626853495015e+04
5.42000000000000e+00	2.32874870002851e+04
5.43000000000000e+00	2.23186070520535e+04
5.44000000000000e+00	2.15120935214827e+04
5.45000000000000e+00	2.08227508041957e+04
5.46000000000000e+00	2.02063161857974e+04
5.47000000000000e+00	1.96197699274663e+04
5.48000000000000e+00	1.90242206619163e+04
5.49000000000000e+00	1.83865255022273e+04
5.50000000000000e+00	1.76806341708710e+04
5.51000000000000e+00	1.68912500807960e+04
5.52000000000000e+00	1.60141359131169e+04
5.53000000000000e+00	1.50575461721641e+04
5.54000000000000e+00	1.40403179081311e+04
5.55000000000000e+00	1.29900740111144e+04
5.56000000000000e+00	1.19396256189694e+04
5.57000000000000e+00	1.09237592800051e+04
5.58000000000000e+00	9.97512320694774e+03
5.59000000000000e+00	9.12252819479657e+03
5.60000000000000e+00	8.38773749433422e+03
5.61000000000000e+00	7.78549938897625e+03
5.62000000000000e+00	7.32259264512995e+03
5.63000000000000e+00	6.99918183162845e+03
5.64000000000000e+00	6.80914657690725e+03
5.65000000000000e+00	6.74197681388975e+03
5.66000000000000e+00	6.78379750745671e+03
5.67000000000000e+00	6.91891504374328e+03
5.68000000000000e+00	7.13022850474015e+03
5.69000000000000e+00	7.40043321393131e+03
5.70000000000000e+00	7.71233324150293e+03
5.71000000000000e+00	8.04929877756335e+03
5.72000000000000e+00	8.39515537414172e+03
5.73000000000000e+00	8.73497649075518e+03
5.74000000000000e+00	9.05384490387068e+03
5.75000000000000e+00	9.33868256282345e+03
5.76000000000000e+00	9.57749213191593e+03
5.77000000000000e+00	9.76082319095726e+03
5.78000000000000e+00	9.88156687640599e+03
5.79000000000000e+00	9.93589122932094e+03
5.80000000000000e+00	9.92326914746343e+03
5.81000000000000e+00	9.84566809990368e+03
5.82000000000000e+00	9.70723978845854e+03
5.83000000000000e+00	9.51380622470444e+03
5.84000000000000e+00	9.27164717213999e+03
5.85000000000000e+00	8.98781263183085e+03
5.86000000000000e+00	8.66891989076700e+03
5.87000000000000e+00	8.32177421850429e+03
5.88000000000000e+00	7.95273479527010e+03
5.89000000000000e+00	7.56753320291902e+03
5.90000000000000e+00	7.17203215421125e+03
5.91000000000000e+00	6.77108799448831e+03
5.92000000000000e+00	6.36936648761788e+03
5.93000000000000e+00	5.97080147414599e+03
5.94000000000000e+00	5.57931555225539e+03
5.95000000000000e+00	5.19870851119548e+03
5.96000000000000e+00	4.83278571512998e+03
5.97000000000000e+00	4.48574228641138e+03
5.98000000000000e+00	4.16178202664172e+03
5.99000000000000e+00	3.86503414442880e+03
6.00000000000000e+00	3.59915799708839e+03
6.01000000000000e+00	3.36725728794949e+03
6.02000000000000e+00	3.17130252888791e+03
6.03000000000000e+00	3.01196494264408e+03
6.04000000000000e+00	2.88854345726700e+03
6.05000000000000e+00	2.79867148221499e+03
6.06000000000000e+00	2.73865068190846e+03
6.07000000000000e+00	2.70357422366170e+03
6.08000000000000e+00	2.68757074173520e+03
6.09000000000000e+00	2.68453913147649e+03
6.10000000000000e+00	2.68816783644594e+03
6.11000000000000e+00	2.69264635525120e+03
6.12000000000000e+00	2.69287653192752e+03
6.13000000000000e+00	2.68470399755857e+03
6.14000000000000e+00	2.66492652486973e+03
6.15000000000000e+00	2.63174005269924e+03
6.16000000000000e+00	2.58444888790185e+03
6.17000000000000e+00	2.52345311224845e+03
6.18000000000000e+00	2.45040602993108e+03
6.19000000000000e+00	2.36779751403157e+03
6.20000000000000e+00	2.27896290112922e+03
6.21000000000000e+00	2.18758334646311e+03
6.22000000000000e+00	2.09751506558860e+03
6.23000000000000e+00	2.01238373741750e+03
6.24000000000000e+00	1.93542362615132e+03
6.25000000000000e+00	1.86925410611015e+03
6.26000000000000e+00	1.81582875456108e+03
6.27000000000000e+00	1.77642914346359e+03
6.28000000000000e+00	1.75160862179870e+03
6.29000000000000e+00	1.74139670845727e+03
6.30000000000000e+00	1.74531323547931e+03
6.31000000000000e+00	1.76248543845275e+03
6.32000000000000e+00	1.79173897676992e+03
6.33000000000000e+00	1.83180573528471e+03
6.34000000000000e+00	1.88125660040935e+03
6.35000000000000e+00	1.93883863985101e+03
6.36000000000000e+00	2.00339637340916e+03
6.37000000000000e+00	2.07394656196713e+03
6.38000000000000e+00	2.14987910806602e+03
6.39000000000000e+00	2.23091056207983e+03
6.40000000000000e+00	2.31713114917306e+03
6.41000000000000e+00	2.40912465125906e+03
6.42000000000000e+00	2.50789755477607e+03
6.43000000000000e+00	2.61498919665385e+03
6.44000000000000e+00	2.73232945317258e+03
6.45000000000000e+00	2.86226617445674e+03
6.46000000000000e+00	3.00749102896506e+03
6.47000000000000e+00	3.17098579808682e+03
6.48000000000000e+00	3.35592093305117e+03
6.49000000000000e+00	3.56560086314281e+03
6.50000000000000e+00	3.80328984998775e+03
6.51000000000000e+00	4.07205821419844e+03
6.52000000000000e+00	4.37449669069498e+03
6.53000000000000e+00	4.71225549681653e+03
6.54000000000000e+00	5.08571539395252e+03
6.55000000000000e+00	5.49374199514657e+03
6.56000000000000e+00	5.93323261621209e+03
6.57000000000000e+00	6.39893364447777e+03
6.58000000000000e+00	6.88407675089820e+03
6.59000000000000e+00	7.38010191815158e+03
6.60000000000000e+00	7.87738602556441e+03
6.61000000000000e+00	8.36564460135821e+03
6.62000000000000e+00	8.83473735867720e+03
6.63000000000000e+00	9.27481532838395e+03
6.64000000000000e+00	9.67786176924336e+03
6.65000000000000e+00	1.00382051095019e+04
6.66000000000000e+00	1.03528894426559e+04
6.67000000000000e+00	1.06225794191225e+04
6.68000000000000e+00	1.08503466686526e+04
6.69000000000000e+00	1.10409454294171e+04
6.70000000000000e+00	1.11994786824356e+04
6.71000000000000e+00	1.13299194248305e+04
6.72000000000000e+00	1.14338770265273e+04
6.73000000000000e+00	1.15099783677526e+04
6.74000000000000e+00	1.15528990511898e+04
6.75000000000000e+00	1.15538845211446e+04
6.76000000000000e+00	1.15012710985417e+04
6.77000000000000e+00	1.13814640473145e+04
6.78000000000000e+00	1.11804237855536e+04
6.79000000000000e+00	1.08861121173934e+04
6.80000000000000e+00	1.04898464125922e+04
6.81000000000000e+00	9.98887954511570e+03
6.82000000000000e+00	9.38735726740350e+03
6.83000000000000e+00	8.69668172484299e+03
6.84000000000000e+00	7.93620144880841e+03
6.85000000000000e+00	7.13129102677504e+03
6.86000000000000e+00	6.31256858132703e+03
6.87000000000000e+00	5.51389984960428e+03
6.88000000000000e+00	4.76999797404907e+03
6.89000000000000e+00	4.11532170816199e+03
6.90000000000000e+00	3.58266296220484e+03
6.91000000000000e+00	3.20239807363301e+03
6.92000000000000e+00	3.00240721218150e+03
6.93000000000000e+00	3.00822555566959e+03
6.94000000000000e+00	3.24350622411310e+03
6.95000000000000e+00	3.73085341488741e+03
6.96000000000000e+00	4.49286093867175e+03
6.97000000000000e+00	5.55300983751698e+03
6.98000000000000e+00	6.93648942995186e+03
6.99000000000000e+00	8.67021675197577e+03
7.00000000000000e+00	1.07819662818716e+04
7.01000000000000e+00	1.32980430790707e+04
7.02000000000000e+00	1.62393906617082e+04
7.03000000000000e+00	1.96153975802156e+04
7.04000000000000e+00	2.34176846316160e+04
7.05000000000000e+00	2.76103916497633e+04
7.06000000000000e+00	3.21240121150206e+04
7.07000000000000e+00	3.68503132792213e+04
7.08000000000000e+00	4.16394693288016e+04
7.09000000000000e+00	4.63098949683131e+04
7.10000000000000e+00	5.06600457840896e+04
7.11000000000000e+00	5.44876900444399e+04
7.12000000000000e+00	5.76120305198453e+04
7.13000000000000e+00	5.98952326677141e+04
7.14000000000000e+00	6.12553524525191e+04
7.15000000000000e+00	6.16706143316119e+04
7.16000000000000e+00	6.11779382134444e+04
7.17000000000000e+00	5.98626341624340e+04
7.18000000000000e+00	5.78443255464004e+04
7.19000000000000e+00	5.52614687324043e+04
7.20000000000000e+00	5.22617851374523e+04
7.21000000000000e+00	4.89848988626882e+04
7.22000000000000e+00	4.55601013242088e+04
7.23000000000000e+00	4.20981399497641e+04
7.24000000000000e+00	3.86920571571643e+04
7.25000000000000e+00	3.54158030015870e+04
7.26000000000000e+00	3.23243302486330e+04
7.27000000000000e+00	2.94580609984441e+04
7.28000000000000e+00	2.68419150256271e+04
7.29000000000000e+00	2.44910719942424e+04
7.30000000000000e+00	2.24096806248369e+04
7.31000000000000e+00	2.05944386975291e+04
7.32000000000000e+00	1.90363617910980e+04
7.33000000000000e+00	1.77218817308846e+04
7.34000000000000e+00	1.66338831420713e+04
7.35000000000000e+00	1.57523382264490e+04
7.36000000000000e+00	1.50550140577193e+04
7.37000000000000e+00	1.45177570160737e+04
7.38000000000000e+00	1.41150645481591e+04
7.39000000000000e+00	1.38206248515049e+04
7.40000000000000e+00	1.36079312065945e+04
7.41000000000000e+00	1.34510417078574e+04
7.42000000000000e+00	1.33255135433054e+04
7.43000000000000e+00	1.32091790981560e+04
7.44000000000000e+00	1.30830662565310e+04
7.45000000000000e+00	1.29320559138717e+04
7.46000000000000e+00	1.27452460764403e+04
7.47000000000000e+00	1.25162467260935e+04
7.48000000000000e+00	1.22433104475988e+04
7.49000000000000e+00	1.19287457704147e+04
7.50000000000000e+00	1.15785224359964e+04
7.51000000000000e+00	1.12012284734133e+04
7.52000000000000e+00	1.08072815486000e+04
7.53000000000000e+00	1.04078353186967e+04
7.54000000000000e+00	1.00139433179329e+04
7.55000000000000e+00	9.63585099440081e+03
7.56000000000000e+00	9.28216525563025e+03
7.57000000000000e+00	8.95955222977791e+03
7.58000000000000e+00	8.67240132753507e+03
7.59000000000000e+00	8.42305813232409e+03
7.60000000000000e+00	8.21128919300148e+03
7.61000000000000e+00	8.03510783262870e+03
7.62000000000000e+00	7.89038174199054e+03
7.63000000000000e+00	7.77147998410187e+03
7.64000000000000e+00	7.67157374399307e+03
7.65000000000000e+00	7.58293566587087e+03
7.66000000000000e+00	7.49760252866950e+03
7.67000000000000e+00	7.40803844713444e+03
7.68000000000000e+00	7.30738329808123e+03
7.69000000000000e+00	7.19007046600273e+03
7.70000000000000e+00	7.05236217482520e+03
7.71000000000000e+00	6.89238567068497e+03
7.72000000000000e+00	6.71031795102436e+03
7.73000000000000e+00	6.50828559928165e+03
7.74000000000000e+00	6.29037418517291e+03
7.75000000000000e+00	6.06194583824183e+03
7.76000000000000e+00	5.82954769455072e+03
7.77000000000000e+00	5.60005618244049e+03
7.78000000000000e+00	5.38035828960431e+03
7.79000000000000e+00	5.17687808368335e+03
7.80000000000000e+00	4.99520605111281e+03
7.81000000000000e+00	4.83991125453329e+03
7.82000000000000e+00	4.71413770282125e+03
7.83000000000000e+00	4.61934459523640e+03
7.84000000000000e+00	4.55526301295712e+03
7.85000000000000e+00	4.51968910635336e+03
7.86000000000000e+00	4.50858602918896e+03
7.87000000000000e+00	4.51645866868145e+03
7.88000000000000e+00	4.53663624578614e+03
7.89000000000000e+00	4.56163097267302e+03
7.90000000000000e+00	4.58396625619802e+03
7.91000000000000e+00	4.59616885625221e+03
7.92000000000000e+00	4.59156995017859e+03
7.93000000000000e+00	4.56429101146379e+03
7.94000000000000e+00	4.50949201572679e+03
7.95000000000000e+00	4.42378166455552e+03
7.96000000000000e+00	4.30500347600071e+03
7.97000000000000e+00	4.15251373483728e+03
7.98000000000000e+00	3.96716240107831e+03
7.99000000000000e+00	3.75138694594933e+03
8.00000000000000e+00	3.50882694452136e+03
8.01000000000000e+00	3.24431155956463e+03
8.02000000000000e+00	2.96339253293239e+03
8.03000000000000e+00	2.67208726994090e+03
8.04000000000000e+00	2.37645078362290e+03
8.05000000000000e+00	2.08254530524123e+03
8.06000000000000e+00	1.79622741721854e+03
8.07000000000000e+00	1.52330879693066e+03
8.08000000000000e+00	1.26971430139108e+03
8.09000000000000e+00	1.04186965890168e+03
8.10000000000000e+00	8.47205335261177e+02
8.11000000000000e+00	6.94665206962702e+02
8.12000000000000e+00	5.95205543064641e+02
8.13000000000000e+00	5.62165538976888e+02
8.14000000000000e+00	6.11346798022332e+02
8.15000000000000e+00	7.60751770652349e+02
8.16000000000000e+00	1.02976520532973e+03
8.17000000000000e+00	1.43785308497043e+03
8.18000000000000e+00	2.00279524940522e+03
8.19000000000000e+00	2.73845196775001e+03
8.20000000000000e+00	3.65252574123461e+03
8.21000000000000e+00	4.74479869489158e+03
8.22000000000000e+00	6.00568269735217e+03
8.23000000000000e+00	7.41587890525571e+03
8.24000000000000e+00	8.94760325380587e+03
8.25000000000000e+00	1.05657404791214e+04
8.26000000000000e+00	1.22302487182941e+04
8.27000000000000e+00	1.38986139883663e+04
8.28000000000000e+00	1.55279180831589e+04
8.29000000000000e+00	1.70764531332687e+04
8.30000000000000e+00	1.85067601112517e+04
8.31000000000000e+00	1.97862527305600e+04
8.32000000000000e+00	2.08886987321979e+04
8.33000000000000e+00	2.17950620814536e+04
8.34000000000000e+00	2.24941036268089e+04
8.35000000000000e+00	2.29806253980939e+04
8.36000000000000e+00	2.32568636731060e+04
8.37000000000000e+00	2.33306474851220e+04
8.38000000000000e+00	2.32142096727693e+04
8.39000000000000e+00	2.29243877684263e+04
8.40000000000000e+00	2.24819518228224e+04
8.41000000000000e+00	2.19098268871637e+04
8.42000000000000e+00	2.12325856931305e+04
8.43000000000000e+00	2.04761468380425e+04
8.44000000000000e+00	1.96665869488733e+04
8.45000000000000e+00	1.88277218373605e+04
8.46000000000000e+00	1.79807846120572e+04
8.47000000000000e+00	1.71449713709884e+04
8.48000000000000e+00	1.63344307500868e+04
8.49000000000000e+00	1.55613080025663e+04
8.50000000000000e+00	1.48335637179271e+04
8.51000000000000e+00	1.41562308309945e+04
8.52000000000000e+00	1.35308822432848e+04
8.53000000000000e+00	1.29570250039104e+04
8.54000000000000e+00	1.24318576253478e+04
8.55000000000000e+00	1.19511697205009e+04
8.56000000000000e+00	1.15102820878680e+04
8.57000000000000e+00	1.11043683409379e+04
8.58000000000000e+00	1.07293546635291e+04
8.59000000000000e+00	1.03816368506788e+04
8.60000000000000e+00	1.00586944266594e+04
8.61000000000000e+00	9.75857377465501e+03
8.62000000000000e+00	9.47946717744586e+03
8.63000000000000e+00	9.22028312014797e+03
8.64000000000000e+00	8.98008912150884e+03
8.65000000000000e+00	8.75798268300309e+03
8.66000000000000e+00	8.55323044211637e+03
8.67000000000000e+00	8.36489721381024e+03
8.68000000000000e+00	8.19236885061209e+03
8.69000000000000e+00	8.03490794295296e+03
8.70000000000000e+00	7.89196504738125e+03
8.71000000000000e+00	7.76286051760503e+03
8.72000000000000e+00	7.64717223420945e+03
8.73000000000000e+00	7.54427762726104e+03
8.74000000000000e+00	7.45371888125831e+03
8.75000000000000e+00	7.37470278165035e+03
8.76000000000000e+00	7.30659284696248e+03
8.77000000000000e+00	7.24799151579633e+03
8.78000000000000e+00	7.19775685728951e+03
8.79000000000000e+00	7.15383698258540e+03
8.80000000000000e+00	7.11397921381772e+03
8.81000000000000e+00	7.07556804604884e+03
8.82000000000000e+00	7.03533679534708e+03
8.83000000000000e+00	6.98998957587301e+03
8.84000000000000e+00	6.93596297416560e+03
8.85000000000000e+00	6.87016961315301e+03
8.86000000000000e+00	6.78978289588337e+03
8.87000000000000e+00	6.69313159661033e+03
8.88000000000000e+00	6.57966914485597e+03
8.89000000000000e+00	6.45029339825521e+03
8.90000000000000e+00	6.30724120834054e+03
8.91000000000000e+00	6.15407210689497e+03
8.92000000000000e+00	5.99494359116827e+03
8.93000000000000e+00	5.83504705769418e+03
8.94000000000000e+00	5.67906540931211e+03
8.95000000000000e+00	5.53173397858816e+03
8.96000000000000e+00	5.39667247530698e+03
8.97000000000000e+00	5.27666465602429e+03
8.98000000000000e+00	5.17318611949059e+03
8.99000000000000e+00	5.08689137856726e+03
9.00000000000000e+00	5.01750796103794e+03
9.01000000000000e+00	4.96434925307334e+03
9.02000000000000e+00	4.92620632854712e+03
9.03000000000000e+00	4.90155492949658e+03
9.04000000000000e+00	4.88897549860518e+03
9.05000000000000e+00	4.88648924194330e+03
9.06000000000000e+00	4.89233875826910e+03
9.07000000000000e+00	4.90440060439880e+03
9.08000000000000e+00	4.92090790927808e+03
9.09000000000000e+00	4.94014350957256e+03
9.10000000000000e+00	4.96074812439117e+03
9.11000000000000e+00	4.98147915249474e+03
9.12000000000000e+00	5.00157217603187e+03
9.13000000000000e+00	5.02037704547445e+03
9.14000000000000e+00	5.03770433478444e+03
9.15000000000000e+00	5.05358741041381e+03
9.16000000000000e+00	5.06832057259503e+03
9.17000000000000e+00	5.08244391063621e+03
9.18000000000000e+00	5.09675082983607e+03
9.19000000000000e+00	5.11186492175787e+03
9.20000000000000e+00	5.12854390693866e+03
9.21000000000000e+00	5.14720185763351e+03
9.22000000000000e+00	5.16795523238609e+03
9.23000000000000e+00	5.19055420392540e+03
9.24000000000000e+00	5.21423678287656e+03
9.25000000000000e+00	5.23792600254663e+03
9.26000000000000e+00	5.26020153194895e+03
9.27000000000000e+00	5.27963348643699e+03
9.28000000000000e+00	5.29479597525562e+03
9.29000000000000e+00	5.30457749739343e+03
9.30000000000000e+00	5.30818912565001e+03
9.31000000000000e+00	5.30535505714564e+03
9.32000000000000e+00	5.29617170782718e+03
9.33000000000000e+00	5.28120263085263e+03
9.34000000000000e+00	5.26132494655381e+03
9.35000000000000e+00	5.23755036595353e+03
9.36000000000000e+00	5.21103823022632e+03
9.37000000000000e+00	5.18290783218245e+03
9.38000000000000e+00	5.15423815224445e+03
9.39000000000000e+00	5.12597839714635e+03
9.40000000000000e+00	5.09889160775153e+03
9.41000000000000e+00	5.07369905833416e+03
9.42000000000000e+00	5.05084241660170e+03
9.43000000000000e+00	5.03068839032455e+03
9.44000000000000e+00	5.01342836195337e+03
9.45000000000000e+00	4.99909370737206e+03
9.46000000000000e+00	4.98768081386866e+03
9.47000000000000e+00	4.97904532749344e+03
9.48000000000000e+00	4.97304651276035e+03
9.49000000000000e+00	4.96947079538633e+03
9.50000000000000e+00	4.96816219422476e+03
9.51000000000000e+00	4.96877193685026e+03
9.52000000000000e+00	4.97078757646939e+03
9.53000000000000e+00	4.97364440160208e+03
9.54000000000000e+00	4.97651431723137e+03
9.55000000000000e+00	4.97866254829513e+03
9.56000000000000e+00	4.97956940909237e+03
9.57000000000000e+00	4.97918787763496e+03
9.58000000000000e+00	4.97790708045438e+03
9.59000000000000e+00	4.97633964328464e+03
9.60000000000000e+00	4.97504232841540e+03
9.61000000000000e+00	4.97428842399384e+03
9.62000000000000e+00	4.97375188506102e+03
9.63000000000000e+00	4.97280863974338e+03
9.64000000000000e+00	4.97053107840795e+03
9.65000000000000e+00	4.96606752986587e+03
9.66000000000000e+00	4.95886405754354e+03
9.67000000000000e+00	4.94859800354225e+03
9.68000000000000e+00	4.93529413122144e+03
9.69000000000000e+00	4.91906755773066e+03
9.70000000000000e+00	4.90020050536995e+03
9.71000000000000e+00	4.87917735647817e+03
9.72000000000000e+00	4.85635927433120e+03
9.73000000000000e+00	4.83218743110709e+03
9.74000000000000e+00	4.80717157537187e+03
9.75000000000000e+00	4.78169049938997e+03
9.76000000000000e+00	4.75620342186646e+03
9.77000000000000e+00	4.73093748554567e+03
9.78000000000000e+00	4.70627332407696e+03
9.79000000000000e+00	4.68238266134679e+03
9.80000000000000e+00	4.65943489514186e+03
9.81000000000000e+00	4.63758036735278e+03
9.82000000000000e+00	4.61691229956539e+03
9.83000000000000e+00	4.59735745285312e+03
9.84000000000000e+00	4.57890715489658e+03
9.85000000000000e+00	4.56145546348965e+03
9.86000000000000e+00	4.54485771852350e+03
9.87000000000000e+00	4.52921871783997e+03
9.88000000000000e+00	4.51495290895096e+03
9.89000000000000e+00	4.50371453095540e+03
9.90000000000000e+00	4.49956147359966e+03
9.91000000000000e+00	4.51168831323067e+03
9.92000000000000e+00	4.55817551814358e+03
9.93000000000000e+00	4.67156881015732e+03
9.94000000000000e+00	4.90626969867790e+03
9.95000000000000e+00	5.35247357512703e+03
9.96000000000000e+00	6.16490870412369e+03
9.97000000000000e+00	7.63078200464248e+03
9.98000000000000e+00	1.03314593957769e+04
9.99000000000000e+00	1.55501180663101e+04
1.00000000000000e+01	2.63760755787880e+04
1.00100000000000e+01	5.05264802552324e+04
1.00200000000000e+01	9.88714919272675e+04
1.00300000000000e+01	1.19939479338741e+05
1.00400000000000e+01	6.16704147406209e+04
1.00500000000000e+01	2.44830607142716e+04
1.00600000000000e+01	1.03896467453335e+04
1.00700000000000e+01	4.94074798754037e+03
1.00800000000000e+01	2.61036477597884e+03
1.00900000000000e+01	1.50531577971089e+03
1.01000000000000e+01	9.31813885555083e+02
1.01100000000000e+01	6.10785808502754e+02
1.01200000000000e+01	4.19434403278801e+02
1.01300000000000e+01	2.99276860402292e+02
1.01400000000000e+01	2.20446316045038e+02
1.01500000000000e+01	1.66785605534266e+02
1.01600000000000e+01	1.29089850945175e+02
1.01700000000000e+01	1.01881310240907e+02
1.01800000000000e+01	8.17755157981053e+01
1.01900000000000e+01	6.66109036334554e+01
1.02000000000000e+01	5.49651304551197e+01
1.02100000000000e+01	4.58764838317467e+01
1.02200000000000e+01	3.86827147836523e+01
1.02300000000000e+01	3.29149335024024e+01
1.02400000000000e+01	2.82372504958544e+01
1.02500000000000e+01	2.44046446075124e+01
1.02600000000000e+01	2.12345891573186e+01
1.02700000000000e+01	1.85899638783868e+01
1.02800000000000e+01	1.63664345897228e+01
1.02900000000000e+01	1.44839001545775e+01
1.03000000000000e+01	1.28791868235505e+01
1.03100000000000e+01	1.15030628610781e+01
1.03200000000000e+01	1.03163082144750e+01
1.03300000000000e+01	9.28753089873699e+00
1.03400000000000e+01	8.39116482647208e+00
1.03500000000000e+01	7.60671705847544e+00
1.03600000000000e+01	6.91714602972600e+00
1.03700000000000e+01	6.30846612395425e+00
1.03800000000000e+01	5.76910035254675e+00
1.03900000000000e+01	5.28939030496472e+00
1.04000000000000e+01	4.86125915877061e+00
1.04100000000000e+01	4.47789412661511e+00
1.04200000000000e+01	4.13359688226661e+00
1.04300000000000e+01	3.82343007456326e+00
1.04400000000000e+01	3.54329647261264e+00
1.04500000000000e+01	3.28963008532461e+00
1.04600000000000e+01	3.05940083391121e+00
1.04700000000000e+01	2.84990648332239e+00
1.04800000000000e+01	2.65890435980807e+00
1.04900000000000e+01	2.48443809931473e+00
1.05000000000000e+01	2.32477664834375e+00
1.05100000000000e+01	2.17839364081826e+00
1.05200000000000e+01	2.04395216404725e+00
1.05300000000000e+01	1.92024515240611e+00
1.05400000000000e+01	1.80626313319824e+00
1.05500000000000e+01	1.70109096276847e+00
1.05600000000000e+01	1.60388172383197e+00
1.05700000000000e+01	1.51388295859169e+00
1.05800000000000e+01	1.43044773115625e+00
1.05900000000000e+01	1.35300216422816e+00
1.06000000000000e+01	1.28100191034237e+00
1.06100000000000e+01	1.21397473061224e+00
1.06200000000000e+01	1.15151174819026e+00
1.06300000000000e+01	1.09320865533650e+00
1.06400000000000e+01	1.03872259925132e+00
1.06500000000000e+01	9.87738387906006e-01
1.06600000000000e+01	9.39990382624052e-01
1.06700000000000e+01	8.95207903551210e-01
1.06800000000000e+01	8.53158746341469e-01
1.06900000000000e+01	8.13648314344644e-01
1.07000000000000e+01	7.76466791010330e-01
1.07100000000000e+01	7.41447770596960e-01
1.07200000000000e+01	7.08448117666716e-01
1.07300000000000e+01	6.77313638210158e-01
1.07400000000000e+01	6.47916991875832e-01
1.07500000000000e+01	6.20136970171714e-01
1.07600000000000e+01	5.93889610831107e-01
1.07700000000000e+01	5.69056061088338e-01
1.07800000000000e+01	5.45558139010184e-01
1.07900000000000e+01	5.23315560695130e-01
1.08000000000000e+01	5.02247297607128e-01
1.08100000000000e+01	4.82277706129147e-01
1.08200000000000e+01	4.63349305845966e-01
1.08300000000000e+01	4.45391245104346e-01
1.08400000000000e+01	4.28341538443643e-01
1.08500000000000e+01	4.12141959673663e-01
1.08600000000000e+01	3.96747301275748e-01
1.08700000000000e+01	3.82096172471527e-01
1.08800000000000e+01	3.68155830940544e-01
1.08900000000000e+01	3.54864401699347e-01
1.09000000000000e+01	3.42188412666783e-01
1.09100000000000e+01	3.30094283056514e-01
1.09200000000000e+01	3.18540953395091e-01
1.09300000000000e+01	3.07497818839893e-01
1.09400000000000e+01	2.96923611013849e-01
1.09500000000000e+01	2.86804270743443e-01
1.09600000000000e+01	2.77103455392817e-01
1.09700000000000e+01	2.67802413694567e-01
1.09800000000000e+01	2.58877730009615e-01
1.09900000000000e+01	2.50304540755760e-01
1.10000000000000e+01	2.42073302778455e-01
1.10100000000000e+01	2.34163989791065e-01
1.10200000000000e+01	2.26563849088411e-01
1.10300000000000e+01	2.19265242250531e-01
1.10400000000000e+01	2.12250259710228e-01
1.10500000000000e+01	2.05516777823266e-01
1.10600000000000e+01	1.99056767832625e-01
1.10700000000000e+01	1.92857896219416e-01
1.10800000000000e+01	1.86914477346874e-01
1.10900000000000e+01	1.81222577792322e-01
1.11000000000000e+01	1.75766766351098e-01
1.11100000000000e+01	1.70545300533505e-01
1.11200000000000e+01	1.65542230491114e-01
1.11300000000000e+01	1.60750585251568e-01
1.11400000000000e+01	1.56159467717830e-01
1.11500000000000e+01	1.51757084562863e-01
1.11600000000000e+01	1.47532482911669e-01
1.11700000000000e+01	1.43479238482762e-01
1.11800000000000e+01	1.39580909632912e-01
1.11900000000000e+01	1.35832517162059e-01
1.12000000000000e+01	1.32221816174405e-01
1.12100000000000e+01	1.28740236593604e-01
1.12200000000000e+01	1.25383590873249e-01
1.12300000000000e+01	1.22142217495529e-01
1.12400000000000e+01	1.19009078903621e-01
1.12500000000000e+01	1.15981052734871e-01
1.12600000000000e+01	1.13052666637836e-01
1.12700000000000e+01	1.10216629075674e-01
1.12800000000000e+01	1.07471265898260e-01
1.12900000000000e+01	1.04811390513973e-01
1.13000000000000e+01	1.02236411075233e-01
1.13100000000000e+01	9.97389054023771e-02
1.13200000000000e+01	9.73184838874064e-02
1.13300000000000e+01	9.49707358158716e-02
1.13400000000000e+01	9.26936310687923e-02
1.13500000000000e+01	9.04831160699590e-02
1.13600000000000e+01	8.83382219955408e-02
1.13700000000000e+01	8.62529234235983e-02
1.13800000000000e+01	8.42296486542303e-02
1.13900000000000e+01	8.22613213814961e-02
1.14000000000000e+01	8.03495283420079e-02
1.14100000000000e+01	7.84900040937353e-02
1.14200000000000e+01	7.66822212454890e-02
1.14300000000000e+01	7.49234649196401e-02
1.14400000000000e+01	7.32140893325120e-02
1.14500000000000e+01	7.15506629045652e-02
1.14600000000000e+01	6.99324466157799e-02
1.14700000000000e+01	6.83589682586968e-02
1.14800000000000e+01	6.68266004010445e-02
1.14900000000000e+01	6.53352199480258e-02
1.15000000000000e+01	6.38840755885871e-02
1.15100000000000e+01	6.24718846742310e-02
1.15200000000000e+01	6.10956077835978e-02
1.15300000000000e+01	5.97558306079743e-02
1.15400000000000e+01	5.84496895220242e-02
1.15500000000000e+01	5.71799377677665e-02
1.15600000000000e+01	5.59443121082082e-02
1.15700000000000e+01	5.47425625137435e-02
1.15800000000000e+01	5.35743459865540e-02
1.15900000000000e+01	5.24405189927373e-02
1.16000000000000e+01	5.13391846825777e-02
1.16100000000000e+01	5.02718140708103e-02
1.16200000000000e+01	4.92378732250010e-02
1.16300000000000e+01	4.82355249840568e-02
1.16400000000000e+01	4.72639499572382e-02
1.16500000000000e+01	4.63217058029275e-02
1.16600000000000e+01	4.54087199997726e-02
1.16700000000000e+01	4.45226340825119e-02
1.16800000000000e+01	4.36604190633368e-02
1.16900000000000e+01	4.28211575192046e-02
1.17000000000000e+01	4.20029525782100e-02
1.17100000000000e+01	4.12041223098277e-02
1.17200000000000e+01	4.04228394764905e-02
1.17300000000000e+01	3.96575012872581e-02
1.17400000000000e+01	3.89064817021997e-02
1.17500000000000e+01	3.81703010703597e-02
1.17600000000000e+01	3.74469405047103e-02
1.17700000000000e+01	3.67365205582806e-02
1.17800000000000e+01	3.60400062731883e-02
1.17900000000000e+01	3.53561537283253e-02
1.18000000000000e+01	3.46870665211604e-02
1.18100000000000e+01	3.40317953571415e-02
1.18200000000000e+01	3.33915222330706e-02
1.18300000000000e+01	3.27666857597882e-02
1.18400000000000e+01	3.21574675193972e-02
1.18500000000000e+01	3.15635021669891e-02
1.18600000000000e+01	3.09853204513425e-02
1.18700000000000e+01	3.04229767944896e-02
1.18800000000000e+01	2.98757040699495e-02
1.18900000000000e+01	2.93434045381608e-02
1.19000000000000e+01	2.88248499662926e-02
1.19100000000000e+01	2.83199376598665e-02
1.19200000000000e+01	2.78279865249605e-02
1.19300000000000e+01	2.73484669095638e-02
1.19400000000000e+01	2.68802959496180e-02
1.19500000000000e+01	2.64225203546650e-02
1.19600000000000e+01	2.59749848624075e-02
1.19700000000000e+01	2.55370838320622e-02
1.19800000000000e+01	2.51075780352785e-02
1.19900000000000e+01	2.46864861408216e-02
1.20000000000000e+01	2.42731393595498e-02
1.20100000000000e+01	2.38674810359872e-02
1.20200000000000e+01	2.34687486902888e-02
1.20300000000000e+01	2.30771572570361e-02
1.20400000000000e+01	2.26927149448445e-02
1.20500000000000e+01	2.23151955676505e-02
1.20600000000000e+01	2.19446882079406e-02
1.20700000000000e+01	2.15813618690934e-02
1.20800000000000e+01	2.12256428814670e-02
1.20900000000000e+01	2.08776557191490e-02
1.21000000000000e+01	2.05372903129454e-02
1.21100000000000e+01	2.02051702389313e-02
1.21200000000000e+01	1.98808753952438e-02
1.21300000000000e+01	1.95650500765798e-02
1.21400000000000e+01	1.92572104758261e-02
1.21500000000000e+01	1.89571877742343e-02
1.21600000000000e+01	1.86651042811235e-02
1.21700000000000e+01	1.83802413319251e-02
1.21800000000000e+01	1.81019987822298e-02
1.21900000000000e+01	1.78309288312893e-02
1.22000000000000e+01	1.75656167518553e-02
1.22100000000000e+01	1.73057536430985e-02
1.22200000000000e+01	1.70514207242175e-02
1.22300000000000e+01	1.68015311159019e-02
1.22400000000000e+01	1.65558984689023e-02
1.22500000000000e+01	1.63138575079542e-02
1.22600000000000e+01	1.60754774491813e-02
1.22700000000000e+01	1.58403301959260e-02
1.22800000000000e+01	1.56076116735592e-02
1.22900000000000e+01	1.53776461485186e-02
1.23000000000000e+01	1.51497438175769e-02
1.23100000000000e+01	1.49239842428353e-02
1.23200000000000e+01	1.47000573925998e-02
1.23300000000000e+01	1.44778008939353e-02
1.23400000000000e+01	1.42573061247421e-02
1.23500000000000e+01	1.40385665607944e-02
1.23600000000000e+01	1.38216062496098e-02
1.23700000000000e+01	1.36065492358732e-02
1.23800000000000e+01	1.33934518686660e-02
1.23900000000000e+01	1.31828558585065e-02
1.24000000000000e+01	1.29746289127536e-02
1.24100000000000e+01	1.27693589053091e-02
1.24200000000000e+01	1.25669846812976e-02
1.24300000000000e+01	1.23678060756658e-02
1.24400000000000e+01	1.21721756041114e-02
1.24500000000000e+01	1.19798644437553e-02
1.24600000000000e+01	1.17911217015735e-02
1.24700000000000e+01	1.16059174378039e-02
1.24800000000000e+01	1.14243525968247e-02
1.24900000000000e+01	1.12461502044049e-02
1.25000000000000e+01	1.10716397018391e-02
1.25100000000000e+01	1.09005621194607e-02
1.25200000000000e+01	1.07328717353058e-02
1.25300000000000e+01	1.05686038736387e-02
1.25400000000000e+01	1.04078990941914e-02
1.25500000000000e+01	1.02504677913203e-02
1.25600000000000e+01	1.00965260586117e-02
1.25700000000000e+01	9.94587969617128e-03
1.25800000000000e+01	9.79862320377256e-03
1.25900000000000e+01	9.65464116846790e-03
1.26000000000000e+01	9.51383049167130e-03
1.26100000000000e+01	9.37603788039522e-03
1.26200000000000e+01	9.24129383041952e-03
1.26300000000000e+01	9.10937753083325e-03
1.26400000000000e+01	8.98008830171031e-03
1.26500000000000e+01	8.85345629912591e-03
1.26600000000000e+01	8.72945995790999e-03
1.26700000000000e+01	8.60777989947906e-03
1.26800000000000e+01	8.48853477067337e-03
1.26900000000000e+01	8.37165346911425e-03
1.27000000000000e+01	8.25714031623238e-03
1.27100000000000e+01	8.14501722863266e-03
1.27200000000000e+01	8.03527814839553e-03
1.27300000000000e+01	7.92780716366833e-03
1.27400000000000e+01	7.82280348480047e-03
1.27500000000000e+01	7.72012701284152e-03
1.27600000000000e+01	7.61982613568110e-03
1.27700000000000e+01	7.52177304302435e-03
1.27800000000000e+01	7.42601135571759e-03
1.27900000000000e+01	7.33236689538438e-03
1.28000000000000e+01	7.24080319886347e-03
1.28100000000000e+01	7.15119542661925e-03
1.28200000000000e+01	7.06353834274940e-03
1.28300000000000e+01	6.97761775458774e-03
1.28400000000000e+01	6.89347182634229e-03
1.28500000000000e+01	6.81104040040088e-03
1.28600000000000e+01	6.73012953800205e-03
1.28700000000000e+01	6.65085076118310e-03
1.28800000000000e+01	6.57302074682578e-03
1.28900000000000e+01	6.49667906375299e-03
1.29000000000000e+01	6.42169970362825e-03
1.29100000000000e+01	6.34814335816557e-03
1.29200000000000e+01	6.27589611387595e-03
1.29300000000000e+01	6.20499157330723e-03
1.29400000000000e+01	6.13523344714488e-03
1.29500000000000e+01	6.06675399061576e-03
1.29600000000000e+01	5.99931360221050e-03
1.29700000000000e+01	5.93309913133157e-03
1.29800000000000e+01	5.86787380066290e-03
1.29900000000000e+01	5.80377604235454e-03
1.30000000000000e+01	5.74062046605949e-03
1.30100000000000e+01	5.67853889139737e-03
1.30200000000000e+01	5.61744098393654e-03
1.30300000000000e+01	5.55737798766422e-03
1.30400000000000e+01	5.49823282756482e-03
1.30500000000000e+01	5.44003182273807e-03
1.30600000000000e+01	5.38269876129062e-03
1.30700000000000e+01	5.32616065852400e-03
1.30800000000000e+01	5.27032145338302e-03
1.30900000000000e+01	5.21516693058339e-03
1.31000000000000e+01	5.16053932002161e-03
1.31100000000000e+01	5.10648027610869e-03
1.31200000000000e+01	5.05275077051115e-03
1.31300000000000e+01	4.99941435243389e-03
1.31400000000000e+01	4.94637695544187e-03
1.31500000000000e+01	4.89366336391588e-03
1.31600000000000e+01	4.84129460188769e-03
1.31700000000000e+01	4.78926236998192e-03
1.31800000000000e+01	4.73759063631231e-03
1.31900000000000e+01	4.68641305257610e-03
1.32000000000000e+01	4.63567178260241e-03
1.32100000000000e+01	4.58543185185775e-03
1.32200000000000e+01	4.53575368525302e-03
1.32300000000000e+01	4.48661789299734e-03
1.32400000000000e+01	4.43807163210982e-03
1.32500000000000e+01	4.39002630363228e-03
1.32600000000000e+01	4.34242279543341e-03
1.32700000000000e+01	4.29535480780322e-03
1.32800000000000e+01	4.24870985859439e-03
1.32900000000000e+01	4.20250409335627e-03
1.33000000000000e+01	4.15673309984928e-03
1.33100000000000e+01	4.11135618652916e-03
1.33200000000000e+01	4.06644464820034e-03
1.33300000000000e+01	4.02196669983523e-03
1.33400000000000e+01	3.97802119687703e-03
1.33500000000000e+01	3.93463582460703e-03
1.33600000000000e+01	3.89179891130915e-03
1.33700000000000e+01	3.84955871535527e-03
1.33800000000000e+01	3.80800235568867e-03
1.33900000000000e+01	3.76711045992086e-03
1.34000000000000e+01	3.72686144238935e-03
1.34100000000000e+01	3.68727623316562e-03
1.34200000000000e+01	3.64837973997358e-03
1.34300000000000e+01	3.61009043628030e-03
1.34400000000000e+01	3.57243206845895e-03
1.34500000000000e+01	3.53537749590388e-03
1.34600000000000e+01	3.49886073965212e-03
1.34700000000000e+01	3.46284802762792e-03
1.34800000000000e+01	3.42738745942103e-03
1.34900000000000e+01	3.39235441154123e-03
1.35000000000000e+01	3.35778538010904e-03
1.35100000000000e+01	3.32357951918553e-03
1.35200000000000e+01	3.28976395248116e-03
1.35300000000000e+01	3.25628833999868e-03
1.35400000000000e+01	3.22314721229878e-03
1.35500000000000e+01	3.19023425240597e-03
1.35600000000000e+01	3.15761660515764e-03
1.35700000000000e+01	3.12518653694422e-03
1.35800000000000e+01	3.09300427862114e-03
1.35900000000000e+01	3.06094837974380e-03
1.36000000000000e+01	3.02910287701701e-03
1.36100000000000e+01	2.99741547775890e-03
1.36200000000000e+01	2.96588169540888e-03
1.36300000000000e+01	2.93449545305574e-03
1.36400000000000e+01	2.90330227278671e-03
1.36500000000000e+01	2.87232528247439e-03
1.36600000000000e+01	2.84154533451507e-03
1.36700000000000e+01	2.81100732089453e-03
1.36800000000000e+01	2.78077534006372e-03
1.36900000000000e+01	2.75085643308644e-03
1.37000000000000e+01	2.72126632271570e-03
1.37100000000000e+01	2.69208692722406e-03
1.37200000000000e+01	2.66331051633033e-03
1.37300000000000e+01	2.63505428748436e-03
1.37400000000000e+01	2.60726582823192e-03
1.37500000000000e+01	2.58004475391626e-03
1.37600000000000e+01	2.55336095056020e-03
1.37700000000000e+01	2.52723039147782e-03
1.37800000000000e+01	2.50166075022542e-03
1.37900000000000e+01	2.47662444198148e-03
1.38000000000000e+01	2.45215681350805e-03
1.38100000000000e+01	2.42815838492859e-03
1.38200000000000e+01	2.40464838847268e-03
1.38300000000000e+01	2.38154996159073e-03
1.38400000000000e+01	2.35886049535117e-03
1.38500000000000e+01	2.33655064821970e-03
1.38600000000000e+01	2.31455426804816e-03
1.38700000000000e+01	2.29284957653602e-03
1.38800000000000e+01	2.27146177735227e-03
1.38900000000000e+01	2.25029766932995e-03
1.39000000000000e+01	2.22934802545874e-03
1.39100000000000e+01	2.20863928361723e-03
1.39200000000000e+01	2.18811499224686e-03
1.39300000000000e+01	2.16777136817462e-03
1.39400000000000e+01	2.14760930771427e-03
1.39500000000000e+01	2.12763234079258e-03
1.39600000000000e+01	2.10777601703089e-03
1.39700000000000e+01	2.08808427768337e-03
1.39800000000000e+01	2.06856093664204e-03
1.39900000000000e+01	2.04917019605545e-03
1.40000000000000e+01	2.02995941539400e-03
1.40100000000000e+01	2.01089550015162e-03
1.40200000000000e+01	1.99198915839604e-03
1.40300000000000e+01	1.97326824597543e-03
1.40400000000000e+01	1.95476737102434e-03
1.40500000000000e+01	1.93646419386025e-03
1.40600000000000e+01	1.91837724109167e-03
1.40700000000000e+01	1.90052828969437e-03
1.40800000000000e+01	1.88292007407728e-03
1.40900000000000e+01	1.86554082264732e-03
1.41000000000000e+01	1.84840303545579e-03
1.41100000000000e+01	1.83150538406629e-03
1.41200000000000e+01	1.81481870440151e-03
1.41300000000000e+01	1.79834457268474e-03
1.41400000000000e+01	1.78207067768108e-03
1.41500000000000e+01	1.76592748387385e-03
1.41600000000000e+01	1.74994340328529e-03
1.41700000000000e+01	1.73406528568195e-03
1.41800000000000e+01	1.71828610458496e-03
1.41900000000000e+01	1.70259699148555e-03
1.42000000000000e+01	1.68696761148308e-03
1.42100000000000e+01	1.67141696471776e-03
1.42200000000000e+01	1.65597022796988e-03
1.42300000000000e+01	1.64059358424763e-03
1.42400000000000e+01	1.62532967348402e-03
1.42500000000000e+01	1.61019446639751e-03
1.42600000000000e+01	1.59517767099561e-03
1.42700000000000e+01	1.58032975690839e-03
1.42800000000000e+01	1.56567409836838e-03
1.42900000000000e+01	1.55118186517671e-03
1.43000000000000e+01	1.53689071482089e-03
1.43100000000000e+01	1.52280608926722e-03
1.43200000000000e+01	1.50888431977401e-03
1.43300000000000e+01	1.49517223915652e-03
1.43400000000000e+01	1.48163877582122e-03
1.43500000000000e+01	1.46830050702303e-03
1.43600000000000e+01	1.45513171682997e-03
1.43700000000000e+01	1.44210747008284e-03
1.43800000000000e+01	1.42926420217642e-03
1.43900000000000e+01	1.41658457261691e-03
1.44000000000000e+01	1.40408632523942e-03
1.44100000000000e+01	1.39172752387266e-03
1.44200000000000e+01	1.37954394468154e-03
1.44300000000000e+01	1.36751493039454e-03
1.44400000000000e+01	1.35568068558110e-03
1.44500000000000e+01	1.34399448494170e-03
1.44600000000000e+01	1.33248740672599e-03
1.44700000000000e+01	1.32114254947019e-03
1.44800000000000e+01	1.30994856564550e-03
1.44900000000000e+01	1.29892258837422e-03
1.45000000000000e+01	1.28804604701825e-03
1.45100000000000e+01	1.27732039281493e-03
1.45200000000000e+01	1.26673471499112e-03
1.45300000000000e+01	1.25627703390081e-03
1.45400000000000e+01	1.24596710395949e-03
1.45500000000000e+01	1.23575974779225e-03
1.45600000000000e+01	1.22567390993931e-03
1.45700000000000e+01	1.21570946703150e-03
1.45800000000000e+01	1.20582183701244e-03
1.45900000000000e+01	1.19606896491166e-03
1.46000000000000e+01	1.18639100071697e-03
1.46100000000000e+01	1.17679005855415e-03
1.46200000000000e+01	1.16730481211217e-03
1.46300000000000e+01	1.15787623967450e-03
1.46400000000000e+01	1.14854699846847e-03
1.46500000000000e+01	1.13931228222644e-03
1.46600000000000e+01	1.13014244732374e-03
1.46700000000000e+01	1.12107048701294e-03
1.46800000000000e+01	1.11209867603377e-03
1.46900000000000e+01	1.10322341964730e-03
1.47000000000000e+01	1.09444809676619e-03
1.47100000000000e+01	1.08577161251373e-03
1.47200000000000e+01	1.07718365289536e-03
1.47300000000000e+01	1.06870753063658e-03
1.47400000000000e+01	1.06033179532203e-03
1.47500000000000e+01	1.05206136422825e-03
1.47600000000000e+01	1.04388232059673e-03
1.47700000000000e+01	1.03580035683450e-03
1.47800000000000e+01	1.02778459503692e-03
1.47900000000000e+01	1.01985791096664e-03
1.48000000000000e+01	1.01199809547859e-03
1.48100000000000e+01	1.00418189425511e-03
1.48200000000000e+01	9.96451439877729e-04
1.48300000000000e+01	9.88746942691700e-04
1.48400000000000e+01	9.81090237895281e-04
1.48500000000000e+01	9.73484602635637e-04
1.48600000000000e+01	9.65908783233261e-04
1.48700000000000e+01	9.58371105161430e-04
1.48800000000000e+01	9.50871647545553e-04
1.48900000000000e+01	9.43396874671513e-04
1.49000000000000e+01	9.35979572066148e-04
1.49100000000000e+01	9.28588761564831e-04
1.49200000000000e+01	9.21247642660630e-04
1.49300000000000e+01	9.13953480620745e-04
1.49400000000000e+01	9.06710805585346e-04
1.49500000000000e+01	8.99515728893217e-04
1.49600000000000e+01	8.92389313210804e-04
1.49700000000000e+01	8.85330556928307e-04
1.49800000000000e+01	8.78334450201034e-04
1.49900000000000e+01	8.71419347569596e-04
1.50000000000000e+01	8.64567779631651e-04
1.50100000000000e+01	8.57808826232155e-04
1.50200000000000e+01	8.51103123183802e-04
1.50300000000000e+01	8.44486340544928e-04
1.50400000000000e+01	8.37948782893720e-04
1.50500000000000e+01	8.31477546556093e-04
1.50600000000000e+01	8.25076972538268e-04
1.50700000000000e+01	8.18737473269668e-04
1.50800000000000e+01	8.12450848711525e-04
1.50900000000000e+01	8.06231574859893e-04
1.51000000000000e+01	8.00048868170332e-04
1.51100000000000e+01	7.93917978054090e-04
1.51200000000000e+01	7.87833441363261e-04
1.51300000000000e+01	7.81772848190771e-04
1.51400000000000e+01	7.75761433597389e-04
1.51500000000000e+01	7.69773875544143e-04
1.51600000000000e+01	7.63813171358660e-04
1.51700000000000e+01	7.57887537289053e-04
1.51800000000000e+01	7.52005247765136e-04
1.51900000000000e+01	7.46147292377735e-04
1.52000000000000e+01	7.40332408446639e-04
1.52100000000000e+01	7.34556895020090e-04
1.52200000000000e+01	7.28831749300149e-04
1.52300000000000e+01	7.23142410416808e-04
1.52400000000000e+01	7.17488290318314e-04
1.52500000000000e+01	7.11871409324060e-04
1.52600000000000e+01	7.06280273311381e-04
1.52700000000000e+01	7.00712887826618e-04
1.52800000000000e+01	6.95159093620711e-04
1.52900000000000e+01	6.89599368114125e-04
1.53000000000000e+01	6.84024574191080e-04
1.53100000000000e+01	6.78416887590306e-04
1.53200000000000e+01	6.72775507110935e-04
1.53300000000000e+01	6.67090362307202e-04
1.53400000000000e+01	6.61330700564910e-04
1.53500000000000e+01	6.55508212837794e-04
1.53600000000000e+01	6.49627351292248e-04
1.53700000000000e+01	6.43665476311579e-04
1.53800000000000e+01	6.37631237556843e-04
1.53900000000000e+01	6.31542062699914e-04
1.54000000000000e+01	6.25397699954229e-04
1.54100000000000e+01	6.19221027525172e-04
1.54200000000000e+01	6.13014155749853e-04
1.54300000000000e+01	6.06814958858050e-04
1.54400000000000e+01	6.00633574815267e-04
1.54500000000000e+01	5.94499087337978e-04
1.54600000000000e+01	5.88433930384246e-04
1.54700000000000e+01	5.82481775061561e-04
1.54800000000000e+01	5.76648631942124e-04
1.54900000000000e+01	5.70971507916130e-04
1.55000000000000e+01	5.65467360170703e-04
1.55100000000000e+01	5.60169775758672e-04
1.55200000000000e+01	5.55083757751904e-04
1.55300000000000e+01	5.50226313652341e-04
1.55400000000000e+01	5.45581569436485e-04
1.55500000000000e+01	5.41169887623169e-04
1.55600000000000e+01	5.36961967539757e-04
1.55700000000000e+01	5.32952170225450e-04
1.55800000000000e+01	5.29130445964237e-04
1.55900000000000e+01	5.25465890587713e-04
1.56000000000000e+01	5.21923903623631e-04
1.56100000000000e+01	5.18504292546799e-04
1.56200000000000e+01	5.15162726751222e-04
1.56300000000000e+01	5.11890814882041e-04
1.56400000000000e+01	5.08662694569937e-04
1.56500000000000e+01	5.05453791687795e-04
1.56600000000000e+01	5.02249897695056e-04
1.56700000000000e+01	4.99040904897355e-04
1.56800000000000e+01	4.95812835296444e-04
1.56900000000000e+01	4.92559449598117e-04
1.57000000000000e+01	4.89271383325420e-04
1.57100000000000e+01	4.85942004023862e-04
1.57200000000000e+01	4.82579047892986e-04
1.57300000000000e+01	4.79180573778288e-04
1.57400000000000e+01	4.75744880676253e-04
1.57500000000000e+01	4.72285110692064e-04
1.57600000000000e+01	4.68803510786743e-04
1.57700000000000e+01	4.65303866802863e-04
1.57800000000000e+01	4.61799312038133e-04
1.57900000000000e+01	4.58315906140896e-04
1.58000000000000e+01	4.54845798968677e-04
1.58100000000000e+01	4.51410020997046e-04
1.58200000000000e+01	4.48018481675796e-04
1.58300000000000e+01	4.44686517704073e-04
1.58400000000000e+01	4.41425140780868e-04
1.58500000000000e+01	4.38234934582359e-04
1.58600000000000e+01	4.35130534908138e-04
1.58700000000000e+01	4.32108295086450e-04
1.58800000000000e+01	4.29168790711691e-04
1.58900000000000e+01	4.26322877034834e-04
1.59000000000000e+01	4.23555306506058e-04
1.59100000000000e+01	4.20868120675278e-04
1.59200000000000e+01	4.18248698718519e-04
1.59300000000000e+01	4.15691891025158e-04
1.59400000000000e+01	4.13191633755018e-04
1.59500000000000e+01	4.10730993358613e-04
1.59600000000000e+01	4.08298637272525e-04
1.59700000000000e+01	4.05903798865856e-04
1.59800000000000e+01	4.03527130002436e-04
1.59900000000000e+01	4.01154803362929e-04
1.60000000000000e+01	3.98803438407670e-04
1.60100000000000e+01	3.96451945035909e-04
1.60200000000000e+01	3.94110041379088e-04
1.60300000000000e+01	3.91768770542888e-04
1.60400000000000e+01	3.89432693603240e-04
1.60500000000000e+01	3.87099887913470e-04
1.60600000000000e+01	3.84774964104454e-04
1.60700000000000e+01	3.82451070049506e-04
1.60800000000000e+01	3.80127362848989e-04
1.60900000000000e+01	3.77814776508436e-04
1.61000000000000e+01	3.75511640679345e-04
1.61100000000000e+01	3.73212312332909e-04
1.61200000000000e+01	3.70926889510542e-04
1.61300000000000e+01	3.68645205484088e-04
1.61400000000000e+01	3.66384396940968e-04
1.61500000000000e+01	3.64136366977178e-04
1.61600000000000e+01	3.61897040391154e-04
1.61700000000000e+01	3.59678186354555e-04
1.61800000000000e+01	3.57475629831886e-04
1.61900000000000e+01	3.55303200530721e-04
1.62000000000000e+01	3.53146236325264e-04
1.62100000000000e+01	3.51026141190740e-04
1.62200000000000e+01	3.48927759389277e-04
1.62300000000000e+01	3.46863927516820e-04
1.62400000000000e+01	3.44833402819790e-04
1.62500000000000e+01	3.42840746652533e-04
1.62600000000000e+01	3.40876063727552e-04
1.62700000000000e+01	3.38944751888307e-04
1.62800000000000e+01	3.37045028227683e-04
1.62900000000000e+01	3.35172371157676e-04
1.63000000000000e+01	3.33323970391923e-04
1.63100000000000e+01	3.31485670930707e-04
1.63200000000000e+01	3.29667808112121e-04
1.63300000000000e+01	3.27849577446763e-04
1.63400000000000e+01	3.26029994244736e-04
1.63500000000000e+01	3.24206967298164e-04
1.63600000000000e+01	3.22367393060061e-04
1.63700000000000e+01	3.20506231285140e-04
1.63800000000000e+01	3.18623691477763e-04
1.63900000000000e+01	3.16703415097423e-04
1.64000000000000e+01	3.14752956284175e-04
1.64100000000000e+01	3.12764610234585e-04
1.64200000000000e+01	3.10740619505290e-04
1.64300000000000e+01	3.08680409065328e-04
1.64400000000000e+01	3.06588430661581e-04
1.64500000000000e+01	3.04462072701496e-04
1.64600000000000e+01	3.02314557424611e-04
1.64700000000000e+01	3.00155846036513e-04
1.64800000000000e+01	2.97982680745546e-04
1.64900000000000e+01	2.95815821792931e-04
1.65000000000000e+01	2.93665365735752e-04
1.65100000000000e+01	2.91525300765552e-04
1.65200000000000e+01	2.89413201735302e-04
1.65300000000000e+01	2.87336247281044e-04
1.65400000000000e+01	2.85297199785378e-04
1.65500000000000e+01	2.83301857337255e-04
1.65600000000000e+01	2.81352915556805e-04
1.65700000000000e+01	2.79447745339372e-04
1.65800000000000e+01	2.77589699579242e-04
1.65900000000000e+01	2.75781189210136e-04
1.66000000000000e+01	2.74025027297201e-04
1.66100000000000e+01	2.72310059832842e-04
1.66200000000000e+01	2.70641807783465e-04
1.66300000000000e+01	2.69014145127565e-04
1.66400000000000e+01	2.67429769852196e-04
1.66500000000000e+01	2.65881343682392e-04
1.66600000000000e+01	2.64373263453884e-04
1.66700000000000e+01	2.62897489539553e-04
1.66800000000000e+01	2.61458754747630e-04
1.66900000000000e+01	2.60044028019069e-04
1.67000000000000e+01	2.58656665531599e-04
1.67100000000000e+01	2.57291686714459e-04
1.67200000000000e+01	2.55951635879474e-04
1.67300000000000e+01	2.54624633053873e-04
1.67400000000000e+01	2.53311178541171e-04
1.67500000000000e+01	2.52009794479561e-04
1.67600000000000e+01	2.50714175247058e-04
1.67700000000000e+01	2.49419114993370e-04
1.67800000000000e+01	2.48125936726099e-04
1.67900000000000e+01	2.46834088155874e-04
1.68000000000000e+01	2.45534964845710e-04
1.68100000000000e+01	2.44228429096397e-04
1.68200000000000e+01	2.42920957129564e-04
1.68300000000000e+01	2.41603958276258e-04
1.68400000000000e+01	2.40279351352099e-04
1.68500000000000e+01	2.38951975066809e-04
1.68600000000000e+01	2.37618928320084e-04
1.68700000000000e+01	2.36280841980631e-04
1.68800000000000e+01	2.34944595469821e-04
1.68900000000000e+01	2.33605013684668e-04
1.69000000000000e+01	2.32273134620858e-04
1.69100000000000e+01	2.30937753315960e-04
1.69200000000000e+01	2.29606133555832e-04
1.69300000000000e+01	2.28277734551156e-04
1.69400000000000e+01	2.26957613259162e-04
1.69500000000000e+01	2.25638592946206e-04
1.69600000000000e+01	2.24329317770047e-04
1.69700000000000e+01	2.23025429115048e-04
1.69800000000000e+01	2.21733604656641e-04
1.69900000000000e+01	2.20454784461951e-04
1.70000000000000e+01	2.19188544014074e-04
1.70100000000000e+01	2.17944156517853e-04
1.70200000000000e+01	2.16722147470308e-04
1.70300000000000e+01	2.15522621134907e-04
1.70400000000000e+01	2.14347185628081e-04
1.70500000000000e+01	2.13201317040903e-04
1.70600000000000e+01	2.12083958496352e-04
1.70700000000000e+01	2.10995701725126e-04
1.70800000000000e+01	2.09931216385227e-04
1.70900000000000e+01	2.08894349226066e-04
1.71000000000000e+01	2.07882749553764e-04
1.71100000000000e+01	2.06894563701498e-04
1.71200000000000e+01	2.05920578318834e-04
1.71300000000000e+01	2.04963107335682e-04
1.71400000000000e+01	2.04022825563234e-04
1.71500000000000e+01	2.03094140371351e-04
1.71600000000000e+01	2.02172196539955e-04
1.71700000000000e+01	2.01261867407701e-04
1.71800000000000e+01	2.00354658516138e-04
1.71900000000000e+01	1.99458418768011e-04
1.72000000000000e+01	1.98565586149416e-04
1.72100000000000e+01	1.97680735237760e-04
1.72200000000000e+01	1.96803165736147e-04
1.72300000000000e+01	1.95925234252021e-04
1.72400000000000e+01	1.95058297562126e-04
1.72500000000000e+01	1.94191299708933e-04
1.72600000000000e+01	1.93330707231271e-04
1.72700000000000e+01	1.92474364959448e-04
1.72800000000000e+01	1.91620627487901e-04
1.72900000000000e+01	1.90770156922132e-04
1.73000000000000e+01	1.89923020627651e-04
1.73100000000000e+01	1.89077873963697e-04
1.73200000000000e+01	1.88236770427084e-04
1.73300000000000e+01	1.87393060713563e-04
1.73400000000000e+01	1.86549508317099e-04
1.73500000000000e+01	1.85708810780992e-04
1.73600000000000e+01	1.84867406554884e-04
1.73700000000000e+01	1.84025172388592e-04
1.73800000000000e+01	1.83183119234732e-04
1.73900000000000e+01	1.82340127160152e-04
1.74000000000000e+01	1.81501944233033e-04
1.74100000000000e+01	1.80658901206085e-04
1.74200000000000e+01	1.79816703679037e-04
1.74300000000000e+01	1.78974959612921e-04
1.74400000000000e+01	1.78137582381915e-04
1.74500000000000e+01	1.77296206251334e-04
1.74600000000000e+01	1.76459478253579e-04
1.74700000000000e+01	1.75622795692044e-04
1.74800000000000e+01	1.74786053956875e-04
1.74900000000000e+01	1.73945654542069e-04
1.75000000000000e+01	1.73109543292780e-04
1.75100000000000e+01	1.72272566503524e-04
1.75200000000000e+01	1.71431915899270e-04
1.75300000000000e+01	1.70587493230759e-04
1.75400000000000e+01	1.69738182247243e-04
1.75500000000000e+01	1.68890200909560e-04
1.75600000000000e+01	1.68035204908287e-04
1.75700000000000e+01	1.67177794583847e-04
1.75800000000000e+01	1.66314621965050e-04
1.75900000000000e+01	1.65449998844180e-04
1.76000000000000e+01	1.64581515351240e-04
1.76100000000000e+01	1.63718048819501e-04
1.76200000000000e+01	1.62850686037507e-04
1.76300000000000e+01	1.61988448101133e-04
1.76400000000000e+01	1.61127348426100e-04
1.76500000000000e+01	1.60271649649515e-04
1.76600000000000e+01	1.59424771607925e-04
1.76700000000000e+01	1.58583370382250e-04
1.76800000000000e+01	1.57749422183018e-04
1.76900000000000e+01	1.56927070934311e-04
1.77000000000000e+01	1.56109179906651e-04
1.77100000000000e+01	1.55300816084167e-04
1.77200000000000e+01	1.54498420252186e-04
1.77300000000000e+01	1.53702842986039e-04
1.77400000000000e+01	1.52915638432477e-04
1.77500000000000e+01	1.52130434143427e-04
1.77600000000000e+01	1.51352657614270e-04
1.77700000000000e+01	1.50576626997586e-04
1.77800000000000e+01	1.49804242974023e-04
1.77900000000000e+01	1.49036130311421e-04
1.78000000000000e+01	1.48265931186819e-04
1.78100000000000e+01	1.47499116514255e-04
1.78200000000000e+01	1.46734421996478e-04
1.78300000000000e+01	1.45966474754395e-04
1.78400000000000e+01	1.45199810156427e-04
1.78500000000000e+01	1.44435614464719e-04
1.78600000000000e+01	1.43672403992612e-04
1.78700000000000e+01	1.42907987047430e-04
1.78800000000000e+01	1.42142648852172e-04
1.78900000000000e+01	1.41378598984654e-04
1.79000000000000e+01	1.40616819023886e-04
1.79100000000000e+01	1.39853770827575e-04
1.79200000000000e+01	1.39089530219319e-04
1.79300000000000e+01	1.38328085535108e-04
1.79400000000000e+01	1.37561658561733e-04
1.79500000000000e+01	1.36795074318638e-04
1.79600000000000e+01	1.36024927898453e-04
1.79700000000000e+01	1.35255926533091e-04
1.79800000000000e+01	1.34481276071141e-04
1.79900000000000e+01	1.33710117422765e-04
1.80000000000000e+01	1.32939439734163e-04
1.80100000000000e+01	1.32176947199187e-04
1.80200000000000e+01	1.31416156894475e-04
1.80300000000000e+01	1.30668646060889e-04
1.80400000000000e+01	1.29933972984006e-04
1.80500000000000e+01	1.29214633582486e-04
1.80600000000000e+01	1.28510506452421e-04
1.80700000000000e+01	1.27831045589806e-04
1.80800000000000e+01	1.27170253482449e-04
1.80900000000000e+01	1.26530762583286e-04
1.81000000000000e+01	1.25910517285731e-04
1.81100000000000e+01	1.25311580312995e-04
1.81200000000000e+01	1.24731910352885e-04
1.81300000000000e+01	1.24167392894948e-04
1.81400000000000e+01	1.23613438619855e-04
1.81500000000000e+01	1.23072514476398e-04
1.81600000000000e+01	1.22537011984035e-04
1.81700000000000e+01	1.22010563361779e-04
1.81800000000000e+01	1.21483060883617e-04
1.81900000000000e+01	1.20960594042483e-04
1.82000000000000e+01	1.20437713690390e-04
1.82100000000000e+01	1.19911299263630e-04
1.82200000000000e+01	1.19384804939951e-04
1.82300000000000e+01	1.18855494895488e-04
1.82400000000000e+01	1.18321251440422e-04
1.82500000000000e+01	1.17782126707585e-04
1.82600000000000e+01	1.17238373975057e-04
1.82700000000000e+01	1.16691782935726e-04
1.82800000000000e+01	1.16138789721053e-04
1.82900000000000e+01	1.15580927530904e-04
1.83000000000000e+01	1.15024439625569e-04
1.83100000000000e+01	1.14461226281298e-04
1.83200000000000e+01	1.13900246108978e-04
1.83300000000000e+01	1.13337619872992e-04
1.83400000000000e+01	1.12777330312793e-04
1.83500000000000e+01	1.12219858122935e-04
1.83600000000000e+01	1.11666834129200e-04
1.83700000000000e+01	1.11120883881363e-04
1.83800000000000e+01	1.10582619865856e-04
1.83900000000000e+01	1.10053380005176e-04
1.84000000000000e+01	1.09535677326058e-04
1.84100000000000e+01	1.09030098010991e-04
1.84200000000000e+01	1.08538587251070e-04
1.84300000000000e+01	1.08061362628701e-04
1.84400000000000e+01	1.07598620482511e-04
1.84500000000000e+01	1.07151212922415e-04
1.84600000000000e+01	1.06717943445502e-04
1.84700000000000e+01	1.06298125784455e-04
1.84800000000000e+01	1.05891624112453e-04
1.84900000000000e+01	1.05495533649113e-04
1.85000000000000e+01	1.05109130993764e-04
1.85100000000000e+01	1.04730403424003e-04
1.85200000000000e+01	1.04357266060056e-04
1.85300000000000e+01	1.03987908020509e-04
1.85400000000000e+01	1.03621210426078e-04
1.85500000000000e+01	1.03254497328678e-04
1.85600000000000e+01	1.02886621673311e-04
1.85700000000000e+01	1.02517105472013e-04
1.85800000000000e+01	1.02144175143100e-04
1.85900000000000e+01	1.01767735188412e-04
1.86000000000000e+01	1.01386735251005e-04
1.86100000000000e+01	1.01001485771841e-04
1.86200000000000e+01	1.00612055042012e-04
1.86300000000000e+01	1.00218463767472e-04
1.86400000000000e+01	9.98206487177794e-05
1.86500000000000e+01	9.94202311079601e-05
1.86600000000000e+01	9.90169345037782e-05
1.86700000000000e+01	9.86115468707517e-05
1.86800000000000e+01	9.82046784936287e-05
1.86900000000000e+01	9.77961352990245e-05
1.87000000000000e+01	9.73875495362734e-05
1.87100000000000e+01	9.69788904551087e-05
1.87200000000000e+01	9.65701387499417e-05
1.87300000000000e+01	9.61618247265453e-05
1.87400000000000e+01	9.57531565083010e-05
1.87500000000000e+01	9.53454421099140e-05
1.87600000000000e+01	9.49371747293502e-05
1.87700000000000e+01	9.45289766819719e-05
1.87800000000000e+01	9.41200587400160e-05
1.87900000000000e+01	9.37104589836981e-05
1.88000000000000e+01	9.33008277113266e-05
1.88100000000000e+01	9.28892440042235e-05
1.88200000000000e+01	9.24765858035907e-05
1.88300000000000e+01	9.20623581228321e-05
1.88400000000000e+01	9.16454999263849e-05
1.88500000000000e+01	9.12265742721226e-05
1.88600000000000e+01	9.08045696656173e-05
1.88700000000000e+01	9.03798192765471e-05
1.88800000000000e+01	8.99516945486777e-05
1.88900000000000e+01	8.95203367265902e-05
1.89000000000000e+01	8.90854218171620e-05
1.89100000000000e+01	8.86464050081371e-05
1.89200000000000e+01	8.82047952761101e-05
1.89300000000000e+01	8.77596707651706e-05
1.89400000000000e+01	8.73116394519255e-05
1.89500000000000e+01	8.68622516025255e-05
1.89600000000000e+01	8.64113541751603e-05
1.89700000000000e+01	8.59599275834896e-05
1.89800000000000e+01	8.55091912268318e-05
1.89900000000000e+01	8.50599309347642e-05
1.90000000000000e+01	8.46132712789825e-05
1.90100000000000e+01	8.41692957881226e-05
1.90200000000000e+01	8.37283057555628e-05
1.90300000000000e+01	8.32910252793222e-05
1.90400000000000e+01	8.28565186589807e-05
1.90500000000000e+01	8.24242659312481e-05
1.90600000000000e+01	8.19929645167640e-05
1.90700000000000e+01	8.15622575069513e-05
1.90800000000000e+01	8.11306005227371e-05
1.90900000000000e+01	8.06965495445318e-05
1.91000000000000e+01	8.02607377179042e-05
1.91100000000000e+01	7.98226542828524e-05
1.91200000000000e+01	7.93833289821271e-05
1.91300000000000e+01	7.89448435465451e-05
1.91400000000000e+01	7.85089814586076e-05
1.91500000000000e+01	7.80790768561320e-05
1.91600000000000e+01	7.76589065635503e-05
1.91700000000000e+01	7.72510304121422e-05
1.91800000000000e+01	7.68587166065744e-05
1.91900000000000e+01	7.64851509616998e-05
1.92000000000000e+01	7.61316847736095e-05
1.92100000000000e+01	7.57982420938598e-05
1.92200000000000e+01	7.54856795813983e-05
1.92300000000000e+01	7.51923408816915e-05
1.92400000000000e+01	7.49162430884671e-05
1.92500000000000e+01	7.46547249126427e-05
1.92600000000000e+01	7.44054866658817e-05
1.92700000000000e+01	7.41648083236763e-05
1.92800000000000e+01	7.39308853900385e-05
1.92900000000000e+01	7.36996431426795e-05
1.93000000000000e+01	7.34702941836660e-05
1.93100000000000e+01	7.32401543194453e-05
1.93200000000000e+01	7.30084594388588e-05
1.93300000000000e+01	7.27744351431317e-05
1.93400000000000e+01	7.25369551964233e-05
1.93500000000000e+01	7.22963436316912e-05
1.93600000000000e+01	7.20517751837943e-05
1.93700000000000e+01	7.18040973736857e-05
1.93800000000000e+01	7.15529774698120e-05
1.93900000000000e+01	7.12983473106737e-05
1.94000000000000e+01	7.10409303756114e-05
1.94100000000000e+01	7.07806121521795e-05
1.94200000000000e+01	7.05170810148279e-05
1.94300000000000e+01	7.02510780680032e-05
1.94400000000000e+01	6.99825698285881e-05
1.94500000000000e+01	6.97118639208131e-05
1.94600000000000e+01	6.94383792177431e-05
1.94700000000000e+01	6.91630971595546e-05
1.94800000000000e+01	6.88856554603195e-05
1.94900000000000e+01	6.86057607094672e-05
1.95000000000000e+01	6.83242299295110e-05
1.95100000000000e+01	6.80408606878701e-05
1.95200000000000e+01	6.77556797551271e-05
1.95300000000000e+01	6.74687319556467e-05
1.95400000000000e+01	6.71797575691556e-05
1.95500000000000e+01	6.68894468786483e-05
1.95600000000000e+01	6.65982708372035e-05
1.95700000000000e+01	6.63057375108033e-05
1.95800000000000e+01	6.60127170068547e-05
1.95900000000000e+01	6.57185534589053e-05
1.96000000000000e+01	6.54247453424754e-05
1.96100000000000e+01	6.51310843498127e-05
1.96200000000000e+01	6.48376114576718e-05
1.96300000000000e+01	6.45457079072626e-05
1.96400000000000e+01	6.42542885783373e-05
1.96500000000000e+01	6.39640740156723e-05
1.96600000000000e+01	6.36752042445041e-05
1.96700000000000e+01	6.33878951664531e-05
1.96800000000000e+01	6.31021680175711e-05
1.96900000000000e+01	6.28174197756095e-05
1.97000000000000e+01	6.25338943927563e-05
1.97100000000000e+01	6.22511457310360e-05
1.97200000000000e+01	6.19695822203079e-05
1.97300000000000e+01	6.16889220506109e-05
1.97400000000000e+01	6.14084625284768e-05
1.97500000000000e+01	6.11287613960847e-05
1.97600000000000e+01	6.08498906614562e-05
1.97700000000000e+01	6.05728902418765e-05
1.97800000000000e+01	6.02983357712070e-05
1.97900000000000e+01	6.00287776880382e-05
1.98000000000000e+01	5.97670825557298e-05
1.98100000000000e+01	5.95180618673901e-05
1.98200000000000e+01	5.92889775871481e-05
1.98300000000000e+01	5.90884303754433e-05
1.98400000000000e+01	5.89281611963190e-05
1.98500000000000e+01	5.88244007795511e-05
1.98600000000000e+01	5.87949549557410e-05
1.98700000000000e+01	5.88608514452989e-05
1.98800000000000e+01	5.90445346621076e-05
1.98900000000000e+01	5.93695512430055e-05
1.99000000000000e+01	5.98564308412535e-05
1.99100000000000e+01	6.05188581693695e-05
1.99200000000000e+01	6.13586831748201e-05
1.99300000000000e+01	6.23561009067844e-05
1.99400000000000e+01	6.34579972320382e-05
1.99500000000000e+01	6.45589310200905e-05
1.99600000000000e+01	6.54756132844280e-05
1.99700000000000e+01	6.59204731220390e-05
1.99800000000000e+01	6.54660794108602e-05
1.99900000000000e+01	6.35405531879389e-05
2.00000000000000e+01	5.94547568725531e-05
