1.00000000000000e-02	1.13304488841596e+14
2.00000000000000e-02	7.08212929437172e+12
3.00000000000000e-02	1.39913295560120e+12
4.00000000000000e-02	4.42780985177854e+11
5.00000000000000e-02	1.81408902954682e+11
6.00000000000000e-02	8.75118722402241e+10
7.00000000000000e-02	4.72540030074444e+10
8.00000000000000e-02	2.77110596425183e+10
9.00000000000000e-02	1.73080943854567e+10
1.00000000000000e-01	1.13619063784621e+10
1.10000000000000e-01	7.76491208426984e+09
1.20000000000000e-01	5.48608666256592e+09
1.30000000000000e-01	3.98583278706960e+09
1.40000000000000e-01	2.96559275712004e+09
1.50000000000000e-01	2.25223032997652e+09
1.60000000000000e-01	1.74131028576460e+09
1.70000000000000e-01	1.36762308976385e+09
1.80000000000000e-01	1.08918350919175e+09
1.90000000000000e-01	8.78275987919304e+08
2.00000000000000e-01	7.16150594678521e+08
2.10000000000000e-01	5.89863397662562e+08
2.20000000000000e-01	4.90308619464901e+08
2.30000000000000e-01	4.10961150177429e+08
2.40000000000000e-01	3.47096841249180e+08
2.50000000000000e-01	2.95217987012597e+08
2.60000000000000e-01	2.52721667602363e+08
2.70000000000000e-01	2.17637442747840e+08
2.80000000000000e-01	1.88472524029256e+08
2.90000000000000e-01	1.64057620878424e+08
3.00000000000000e-01	1.43497123079640e+08
3.10000000000000e-01	1.26080367619982e+08
3.20000000000000e-01	1.11245276119528e+08
3.30000000000000e-01	9.85474279030814e+07
3.40000000000000e-01	8.76246253148603e+07
3.50000000000000e-01	7.81895225079984e+07
3.60000000000000e-01	7.00011046869094e+07
3.70000000000000e-01	6.28687885608200e+07
3.80000000000000e-01	5.66326405106985e+07
3.90000000000000e-01	5.11593308160410e+07
4.00000000000000e-01	4.63395281422143e+07
4.10000000000000e-01	4.20821111318158e+07
4.20000000000000e-01	3.83088479650885e+07
4.30000000000000e-01	3.49558252905010e+07
4.40000000000000e-01	3.19681019346766e+07
4.50000000000000e-01	2.92973845611055e+07
4.60000000000000e-01	2.69049865360401e+07
4.70000000000000e-01	2.47565684335072e+07
4.80000000000000e-01	2.28227405083638e+07
4.90000000000000e-01	2.10776364490937e+07
5.00000000000000e-01	1.94999328097278e+07
5.10000000000000e-01	1.80704317691591e+07
5.20000000000000e-01	1.67731492622548e+07
5.30000000000000e-01	1.55929279519747e+07
5.40000000000000e-01	1.45175061398876e+07
5.50000000000000e-01	1.35360054818685e+07
5.60000000000000e-01	1.26382901095937e+07
5.70000000000000e-01	1.18160701119588e+07
5.80000000000000e-01	1.10620718229532e+07
5.90000000000000e-01	1.03691905352657e+07
6.00000000000000e-01	9.73168831744388e+06
6.10000000000000e-01	9.14411966423481e+06
6.20000000000000e-01	8.60214443063611e+06
6.30000000000000e-01	8.10134812999452e+06
6.40000000000000e-01	7.63825238176149e+06
6.50000000000000e-01	7.20907635336544e+06
6.60000000000000e-01	6.81120466505026e+06
6.70000000000000e-01	6.44150352167242e+06
6.80000000000000e-01	6.09807879227573e+06
6.90000000000000e-01	5.77847993009994e+06
7.00000000000000e-01	5.48078918136141e+06
7.10000000000000e-01	5.20312139445370e+06
7.20000000000000e-01	4.94387754717200e+06
7.30000000000000e-01	4.70170599365194e+06
7.40000000000000e-01	4.47512261901852e+06
7.50000000000000e-01	4.26314264652902e+06
7.60000000000000e-01	4.06437810891072e+06
7.70000000000000e-01	3.87806921788158e+06
7.80000000000000e-01	3.70316475823877e+06
7.90000000000000e-01	3.53888414557044e+06
8.00000000000000e-01	3.38440125936744e+06
8.10000000000000e-01	3.23908120749723e+06
8.20000000000000e-01	3.10228094309429e+06
8.30000000000000e-01	2.97334359577579e+06
8.40000000000000e-01	2.85185253739378e+06
8.50000000000000e-01	2.73714692761906e+06
8.60000000000000e-01	2.62890446080532e+06
8.70000000000000e-01	2.52659427967448e+06
8.80000000000000e-01	2.42986562436856e+06
8.90000000000000e-01	2.33843705406863e+06
9.00000000000000e-01	2.25187462222755e+06
9.10000000000000e-01	2.16987339052868e+06
9.20000000000000e-01	2.09223182306302e+06
9.30000000000000e-01	2.01862375437688e+06
9.40000000000000e-01	1.94885501784611e+06
9.50000000000000e-01	1.88260187948181e+06
9.60000000000000e-01	1.81970877088675e+06
9.70000000000000e-01	1.76001483023870e+06
9.80000000000000e-01	1.70330223681092e+06
9.90000000000000e-01	1.64939633282633e+06
1.00000000000000e+00	1.59819852204947e+06
1.01000000000000e+00	1.54945112886676e+06
1.02000000000000e+00	1.50309171734729e+06
1.03000000000000e+00	1.45901605850878e+06
1.04000000000000e+00	1.41704392429291e+06
1.05000000000000e+00	1.37708808711856e+06
1.06000000000000e+00	1.33905807535966e+06
1.07000000000000e+00	1.30289573309219e+06
1.08000000000000e+00	1.26843892991736e+06
1.09000000000000e+00	1.23564041937195e+06
1.10000000000000e+00	1.20447418296616e+06
1.11000000000000e+00	1.17481514744943e+06
1.12000000000000e+00	1.14663069757724e+06
1.13000000000000e+00	1.11988476037515e+06
1.14000000000000e+00	1.09455179794096e+06
1.15000000000000e+00	1.07057137616765e+06
1.16000000000000e+00	1.04791660643730e+06
1.17000000000000e+00	1.02659107843150e+06
1.18000000000000e+00	1.00657536784017e+06
1.19000000000000e+00	9.87856050664268e+05
1.20000000000000e+00	9.70465242940483e+05
1.21000000000000e+00	9.54396524852724e+05
1.22000000000000e+00	9.39703263690043e+05
1.23000000000000e+00	9.26455015908816e+05
1.24000000000000e+00	9.14687260216740e+05
1.25000000000000e+00	9.04523404059028e+05
1.26000000000000e+00	8.96020168880843e+05
1.27000000000000e+00	8.89326406877342e+05
1.28000000000000e+00	8.84481797838292e+05
1.29000000000000e+00	8.81628623685249e+05
1.30000000000000e+00	8.80752621257093e+05
1.31000000000000e+00	8.81877366110996e+05
1.32000000000000e+00	8.84910067921130e+05
1.33000000000000e+00	8.89682828249533e+05
1.34000000000000e+00	8.95927536221326e+05
1.35000000000000e+00	9.03325460297611e+05
1.36000000000000e+00	9.11427493737728e+05
1.37000000000000e+00	9.19757653962475e+05
1.38000000000000e+00	9.27769928460398e+05
1.39000000000000e+00	9.34899874308652e+05
1.40000000000000e+00	9.40647566548883e+05
1.41000000000000e+00	9.44492700616047e+05
1.42000000000000e+00	9.46013277999995e+05
1.43000000000000e+00	9.44875030676436e+05
1.44000000000000e+00	9.40821410247372e+05
1.45000000000000e+00	9.33659554044291e+05
1.46000000000000e+00	9.23316962205579e+05
1.47000000000000e+00	9.09677973749837e+05
1.48000000000000e+00	8.92782402598315e+05
1.49000000000000e+00	8.72597129362135e+05
1.50000000000000e+00	8.49127733614880e+05
1.51000000000000e+00	8.22378661086374e+05
1.52000000000000e+00	7.92340871252887e+05
1.53000000000000e+00	7.59065241052161e+05
1.54000000000000e+00	7.22588012380172e+05
1.55000000000000e+00	6.83023358408534e+05
1.56000000000000e+00	6.40638749582651e+05
1.57000000000000e+00	5.95762970006763e+05
1.58000000000000e+00	5.48889216163406e+05
1.59000000000000e+00	5.00642350231142e+05
1.60000000000000e+00	4.51772457792061e+05
1.61000000000000e+00	4.03151353592888e+05
1.62000000000000e+00	3.55666636887973e+05
1.63000000000000e+00	3.10224420533677e+05
1.64000000000000e+00	2.67661730404375e+05
1.65000000000000e+00	2.28723651700782e+05
1.66000000000000e+00	1.93975748965228e+05
1.67000000000000e+00	1.63830423598754e+05
1.68000000000000e+00	1.38483940793153e+05
1.69000000000000e+00	1.17947893326494e+05
1.70000000000000e+00	1.02038880813988e+05
1.71000000000000e+00	9.04237786225493e+04
1.72000000000000e+00	8.27057095961162e+04
1.73000000000000e+00	7.85262373797851e+04
1.74000000000000e+00	7.77024744040958e+04
1.75000000000000e+00	8.02960861563596e+04
1.76000000000000e+00	8.66791176719856e+04
1.77000000000000e+00	9.75440819129357e+04
1.78000000000000e+00	1.13932525398336e+05
1.79000000000000e+00	1.37232198618497e+05
1.80000000000000e+00	1.69131494335585e+05
1.81000000000000e+00	2.11560110230804e+05
1.82000000000000e+00	2.66612609375781e+05
1.83000000000000e+00	3.36549867861319e+05
1.84000000000000e+00	4.23821817467206e+05
1.85000000000000e+00	5.31096142955689e+05
1.86000000000000e+00	6.61026602580214e+05
1.87000000000000e+00	8.15974803456089e+05
1.88000000000000e+00	9.97622999080991e+05
1.89000000000000e+00	1.20669070517205e+06
1.90000000000000e+00	1.44286396026019e+06
1.91000000000000e+00	1.70460562253575e+06
1.92000000000000e+00	1.98936588770975e+06
1.93000000000000e+00	2.29327269110251e+06
1.94000000000000e+00	2.61118888208206e+06
1.95000000000000e+00	2.93650358175579e+06
1.96000000000000e+00	3.26105468718870e+06
1.97000000000000e+00	3.57520432892030e+06
1.98000000000000e+00	3.86811643710394e+06
1.99000000000000e+00	4.12837418985677e+06
2.00000000000000e+00	4.34460601649093e+06
2.01000000000000e+00	4.50650382008103e+06
2.02000000000000e+00	4.60603369571883e+06
2.03000000000000e+00	4.63822588869376e+06
2.04000000000000e+00	4.60195887143819e+06
2.05000000000000e+00	4.50035166053620e+06
2.06000000000000e+00	4.34036912174822e+06
2.07000000000000e+00	4.13173118533806e+06
2.08000000000000e+00	3.88594964591041e+06
2.09000000000000e+00	3.61454692337610e+06
2.10000000000000e+00	3.32812435868377e+06
2.11000000000000e+00	3.03596711715799e+06
2.12000000000000e+00	2.74587567471978e+06
2.13000000000000e+00	2.46484834304189e+06
2.14000000000000e+00	2.19934221974623e+06
2.15000000000000e+00	1.95494441561678e+06
2.16000000000000e+00	1.73609859809894e+06
2.17000000000000e+00	1.54515627712473e+06
2.18000000000000e+00	1.38241641748160e+06
2.19000000000000e+00	1.24610719108703e+06
2.20000000000000e+00	1.13322924915615e+06
2.21000000000000e+00	1.04020177982880e+06
2.22000000000000e+00	9.63620660253408e+05
2.23000000000000e+00	9.00977329478862e+05
2.24000000000000e+00	8.50928937561917e+05
2.25000000000000e+00	8.13525620240989e+05
2.26000000000000e+00	7.89826424726830e+05
2.27000000000000e+00	7.81460279048610e+05
2.28000000000000e+00	7.90247942900476e+05
2.29000000000000e+00	8.17929831888860e+05
2.30000000000000e+00	8.65992180979423e+05
2.31000000000000e+00	9.35507854074158e+05
2.32000000000000e+00	1.02682813888768e+06
2.33000000000000e+00	1.13921931483299e+06
2.34000000000000e+00	1.27038076770830e+06
2.35000000000000e+00	1.41645197016371e+06
2.36000000000000e+00	1.57214181704039e+06
2.37000000000000e+00	1.73137166801095e+06
2.38000000000000e+00	1.88804175243256e+06
2.39000000000000e+00	2.03647663043280e+06
2.40000000000000e+00	2.17181386282594e+06
2.41000000000000e+00	2.29019925328298e+06
2.42000000000000e+00	2.38912934169309e+06
2.43000000000000e+00	2.46752851392178e+06
2.44000000000000e+00	2.52544177996613e+06
2.45000000000000e+00	2.56412128405880e+06
2.46000000000000e+00	2.58494834716144e+06
2.47000000000000e+00	2.58977029210901e+06
2.48000000000000e+00	2.58017434860674e+06
2.49000000000000e+00	2.55800033117597e+06
2.50000000000000e+00	2.52506156003452e+06
2.51000000000000e+00	2.48345964527074e+06
2.52000000000000e+00	2.43544849158541e+06
2.53000000000000e+00	2.38335535309217e+06
2.54000000000000e+00	2.32954442822913e+06
2.55000000000000e+00	2.27631905953480e+06
2.56000000000000e+00	2.22575461750540e+06
2.57000000000000e+00	2.17942575490589e+06
2.58000000000000e+00	2.13831470657980e+06
2.59000000000000e+00	2.10259584460841e+06
2.60000000000000e+00	2.07130171371446e+06
2.61000000000000e+00	2.04248262432062e+06
2.62000000000000e+00	2.01309614347625e+06
2.63000000000000e+00	1.97963574653136e+06
2.64000000000000e+00	1.93931845413375e+06
2.65000000000000e+00	1.89119548774423e+06
2.66000000000000e+00	1.83708227201709e+06
2.67000000000000e+00	1.78090631702002e+06
2.68000000000000e+00	1.72746596545723e+06
2.69000000000000e+00	1.68060316662641e+06
2.70000000000000e+00	1.64236775498054e+06
2.71000000000000e+00	1.61276538603464e+06
2.72000000000000e+00	1.59011165196662e+06
2.73000000000000e+00	1.57200331370303e+06
2.74000000000000e+00	1.55580262624467e+06
2.75000000000000e+00	1.53953937455195e+06
2.76000000000000e+00	1.52217979349183e+06
2.77000000000000e+00	1.50390237455087e+06
2.78000000000000e+00	1.48576515152081e+06
2.79000000000000e+00	1.46945845810075e+06
2.80000000000000e+00	1.45681204508076e+06
2.81000000000000e+00	1.44942677200479e+06
2.82000000000000e+00	1.44842524932303e+06
2.83000000000000e+00	1.45411882421895e+06
2.84000000000000e+00	1.46594983688652e+06
2.85000000000000e+00	1.48246981591869e+06
2.86000000000000e+00	1.50137294888984e+06
2.87000000000000e+00	1.51983427089639e+06
2.88000000000000e+00	1.53473409724374e+06
2.89000000000000e+00	1.54303416895218e+06
2.90000000000000e+00	1.54205591756972e+06
2.91000000000000e+00	1.52979371522130e+06
2.92000000000000e+00	1.50490674999840e+06
2.93000000000000e+00	1.46692627478871e+06
2.94000000000000e+00	1.41627524471544e+06
2.95000000000000e+00	1.35425027981826e+06
2.96000000000000e+00	1.28312754337231e+06
2.97000000000000e+00	1.20576529484454e+06
2.98000000000000e+00	1.12550055471871e+06
2.99000000000000e+00	1.04546606973556e+06
3.00000000000000e+00	9.68368390011720e+05
3.01000000000000e+00	8.96030856991806e+05
3.02000000000000e+00	8.29365399955263e+05
3.03000000000000e+00	7.68563237755447e+05
3.04000000000000e+00	7.13288592819322e+05
3.05000000000000e+00	6.62935389761211e+05
3.06000000000000e+00	6.16829165221221e+05
3.07000000000000e+00	5.74403082627084e+05
3.08000000000000e+00	5.35198030545475e+05
3.09000000000000e+00	4.98865780427239e+05
3.10000000000000e+00	4.65179314246180e+05
3.11000000000000e+00	4.33946093097223e+05
3.12000000000000e+00	4.04978692757596e+05
3.13000000000000e+00	3.78059291382196e+05
3.14000000000000e+00	3.52908076701159e+05
3.15000000000000e+00	3.29196113155562e+05
3.16000000000000e+00	3.06607021966629e+05
3.17000000000000e+00	2.84862214613403e+05
3.18000000000000e+00	2.63798237416913e+05
3.19000000000000e+00	2.43397180976462e+05
3.20000000000000e+00	2.23764406820790e+05
3.21000000000000e+00	2.05081682713419e+05
3.22000000000000e+00	1.87513841329804e+05
3.23000000000000e+00	1.71160238880278e+05
3.24000000000000e+00	1.56019072932337e+05
3.25000000000000e+00	1.41990475958088e+05
3.26000000000000e+00	1.28918400339044e+05
3.27000000000000e+00	1.16619038006155e+05
3.28000000000000e+00	1.04921018312458e+05
3.29000000000000e+00	9.36903252392983e+04
3.30000000000000e+00	8.28471801526262e+04
3.31000000000000e+00	7.23691607597746e+04
3.32000000000000e+00	6.22953778569350e+04
3.33000000000000e+00	5.27038359752555e+04
3.34000000000000e+00	4.37029245971676e+04
3.35000000000000e+00	3.54081379569961e+04
3.36000000000000e+00	2.79330772242595e+04
3.37000000000000e+00	2.13810273874302e+04
3.38000000000000e+00	1.58387154133871e+04
3.39000000000000e+00	1.13727977059135e+04
3.40000000000000e+00	8.02397355256665e+03
3.41000000000000e+00	5.80069997539589e+03
3.42000000000000e+00	4.67521267352756e+03
3.43000000000000e+00	4.58522419967280e+03
3.44000000000000e+00	5.43589930518506e+03
3.45000000000000e+00	7.10783481441977e+03
3.46000000000000e+00	9.46605896945600e+03
3.47000000000000e+00	1.23677736447206e+04
3.48000000000000e+00	1.56734845719121e+04
3.49000000000000e+00	1.92553494382963e+04
3.50000000000000e+00	2.30046420013136e+04
3.51000000000000e+00	2.68365657071645e+04
3.52000000000000e+00	3.06951419165291e+04
3.53000000000000e+00	3.45490144909418e+04
3.54000000000000e+00	3.83906016851850e+04
3.55000000000000e+00	4.22258392536697e+04
3.56000000000000e+00	4.60683976497980e+04
3.57000000000000e+00	4.99337076335723e+04
3.58000000000000e+00	5.38360448352658e+04
3.59000000000000e+00	5.77886993854537e+04
3.60000000000000e+00	6.18090007078782e+04
3.61000000000000e+00	6.59149072631935e+04
3.62000000000000e+00	7.01296427508574e+04
3.63000000000000e+00	7.44749799436218e+04
3.64000000000000e+00	7.89738285203526e+04
3.65000000000000e+00	8.36383585010201e+04
3.66000000000000e+00	8.84735416484155e+04
3.67000000000000e+00	9.34657417855149e+04
3.68000000000000e+00	9.85781640726924e+04
3.69000000000000e+00	1.03750283182416e+05
3.70000000000000e+00	1.08879126222538e+05
3.71000000000000e+00	1.13822041485624e+05
3.72000000000000e+00	1.18396729501877e+05
3.73000000000000e+00	1.22385530002960e+05
3.74000000000000e+00	1.25563222834832e+05
3.75000000000000e+00	1.27715930198754e+05
3.76000000000000e+00	1.28667314774358e+05
3.77000000000000e+00	1.28290340199202e+05
3.78000000000000e+00	1.26516617278465e+05
3.79000000000000e+00	1.23330448009634e+05
3.80000000000000e+00	1.18766703335535e+05
3.81000000000000e+00	1.12910146512727e+05
3.82000000000000e+00	1.05890999569307e+05
3.83000000000000e+00	9.78917053828299e+04
3.84000000000000e+00	8.91309734995256e+04
3.85000000000000e+00	7.98661242369684e+04
3.86000000000000e+00	7.03711273562309e+04
3.87000000000000e+00	6.09191119885947e+04
3.88000000000000e+00	5.17672327458982e+04
3.89000000000000e+00	4.31397605826674e+04
3.90000000000000e+00	3.52152323805285e+04
3.91000000000000e+00	2.81212103736112e+04
3.92000000000000e+00	2.19352990366058e+04
3.93000000000000e+00	1.66887468232343e+04
3.94000000000000e+00	1.23755688543391e+04
3.95000000000000e+00	8.96118971139513e+03
3.96000000000000e+00	6.39117427244357e+03
3.97000000000000e+00	4.59797851626070e+03
3.98000000000000e+00	3.50653581671385e+03
3.99000000000000e+00	3.03831556844024e+03
4.00000000000000e+00	3.11442465152135e+03
4.01000000000000e+00	3.65747769304741e+03
4.02000000000000e+00	4.59101462456477e+03
4.03000000000000e+00	5.83716626330742e+03
4.04000000000000e+00	7.31313282937960e+03
4.05000000000000e+00	8.92892525802209e+03
4.06000000000000e+00	1.05876438899871e+04
4.07000000000000e+00	1.21910861117735e+04
4.08000000000000e+00	1.36487983845351e+04
4.09000000000000e+00	1.48896117787128e+04
4.10000000000000e+00	1.58714447161275e+04
4.11000000000000e+00	1.65875187520464e+04
4.12000000000000e+00	1.70670256202407e+04
4.13000000000000e+00	1.73699631145639e+04
4.14000000000000e+00	1.75787304130755e+04
4.15000000000000e+00	1.77845799753272e+04
4.16000000000000e+00	1.80758517724908e+04
4.17000000000000e+00	1.85271850971670e+04
4.18000000000000e+00	1.91899382335267e+04
4.19000000000000e+00	2.00899312375474e+04
4.20000000000000e+00	2.12241444591019e+04
4.21000000000000e+00	2.25623800061583e+04
4.22000000000000e+00	2.40497977934907e+04
4.23000000000000e+00	2.56095462143388e+04
4.24000000000000e+00	2.71482508089867e+04
4.25000000000000e+00	2.85635132085751e+04
4.26000000000000e+00	2.97546526154142e+04
4.27000000000000e+00	3.06333827072672e+04
4.28000000000000e+00	3.11356242045301e+04
4.29000000000000e+00	3.12282755569558e+04
4.30000000000000e+00	3.09081333525177e+04
4.31000000000000e+00	3.01972230679798e+04
4.32000000000000e+00	2.91359481725768e+04
4.33000000000000e+00	2.77723081419336e+04
4.34000000000000e+00	2.61574529437638e+04
4.35000000000000e+00	2.43430825077228e+04
4.36000000000000e+00	2.23778778164438e+04
4.37000000000000e+00	2.03105742101218e+04
4.38000000000000e+00	1.81886247764609e+04
4.39000000000000e+00	1.60581351893440e+04
4.40000000000000e+00	1.39626920117514e+04
4.41000000000000e+00	1.19419709210740e+04
4.42000000000000e+00	1.00305258344834e+04
4.43000000000000e+00	8.25679866105742e+03
4.44000000000000e+00	6.64334998609293e+03
4.45000000000000e+00	5.20640925000735e+03
4.46000000000000e+00	3.95572257498027e+03
4.47000000000000e+00	2.89497456398798e+03
4.48000000000000e+00	2.02183540702157e+03
4.49000000000000e+00	1.32839482350341e+03
4.50000000000000e+00	8.02054779981654e+02
4.51000000000000e+00	4.26529012036285e+02
4.52000000000000e+00	1.83150472001042e+02
4.53000000000000e+00	5.22423356132966e+01
4.54000000000000e+00	1.44386126842802e+01
4.55000000000000e+00	5.18194121920275e+01
4.56000000000000e+00	1.48745112829001e+02
4.57000000000000e+00	2.92334911678710e+02
4.58000000000000e+00	4.72604411663945e+02
4.59000000000000e+00	6.82344058293207e+02
4.60000000000000e+00	9.16725352973100e+02
4.61000000000000e+00	1.17288497677347e+03
4.62000000000000e+00	1.44930530392662e+03
4.63000000000000e+00	1.74528157176879e+03
4.64000000000000e+00	2.06034420236762e+03
4.65000000000000e+00	2.39375671062879e+03
4.66000000000000e+00	2.74411947899554e+03
4.67000000000000e+00	3.10890795601355e+03
4.68000000000000e+00	3.48430590883554e+03
4.69000000000000e+00	3.86463508477446e+03
4.70000000000000e+00	4.24227287908677e+03
4.71000000000000e+00	4.60714208494249e+03
4.72000000000000e+00	4.94695071971034e+03
4.73000000000000e+00	5.24752984882609e+03
4.74000000000000e+00	5.49415374786381e+03
4.75000000000000e+00	5.67281314387751e+03
4.76000000000000e+00	5.77214894881176e+03
4.77000000000000e+00	5.78497479734418e+03
4.78000000000000e+00	5.70885472492489e+03
4.79000000000000e+00	5.54650385174930e+03
4.80000000000000e+00	5.30482802250659e+03
4.81000000000000e+00	4.99375730367887e+03
4.82000000000000e+00	4.62506010467708e+03
4.83000000000000e+00	4.21108801006406e+03
4.84000000000000e+00	3.76388810810476e+03
4.85000000000000e+00	3.29486720757294e+03
4.86000000000000e+00	2.81479511531637e+03
4.87000000000000e+00	2.33384377223250e+03
4.88000000000000e+00	1.86232900762946e+03
4.89000000000000e+00	1.41143567122886e+03
4.90000000000000e+00	9.94060279273761e+02
4.91000000000000e+00	6.25486708951485e+02
4.92000000000000e+00	3.23809421475652e+02
4.93000000000000e+00	1.09927256054469e+02
4.94000000000000e+00	7.10221134176623e+00
4.95000000000000e+00	4.00172516126341e+01
4.96000000000000e+00	2.33209156600445e+02
4.97000000000000e+00	6.08790520590573e+02
4.98000000000000e+00	1.18342199551588e+03
4.99000000000000e+00	1.96467928805765e+03
5.00000000000000e+00	2.94729828776590e+03
5.01000000000000e+00	4.10988097993764e+03
5.02000000000000e+00	5.41366332349371e+03
5.03000000000000e+00	6.80345305518024e+03
5.04000000000000e+00	8.21171618109401e+03
5.05000000000000e+00	9.56539683688368e+03
5.06000000000000e+00	1.07937753134043e+04
5.07000000000000e+00	1.18364997739051e+04
5.08000000000000e+00	1.26494544994672e+04
5.09000000000000e+00	1.32085250243259e+04
5.10000000000000e+00	1.35101402095472e+04
5.11000000000000e+00	1.35698862083954e+04
5.12000000000000e+00	1.34183326347781e+04
5.13000000000000e+00	1.30970743556259e+04
5.14000000000000e+00	1.26531901005396e+04
5.15000000000000e+00	1.21345343672834e+04
5.16000000000000e+00	1.15854205471067e+04
5.17000000000000e+00	1.10443723961148e+04
5.18000000000000e+00	1.05410078553211e+04
5.19000000000000e+00	1.00958650037875e+04
5.20000000000000e+00	9.72006583315591e+03
5.21000000000000e+00	9.41503180578596e+03
5.22000000000000e+00	9.17421528939055e+03
5.23000000000000e+00	8.98434081706742e+03
5.24000000000000e+00	8.82719782650182e+03
5.25000000000000e+00	8.68195305621796e+03
5.26000000000000e+00	8.52773589916370e+03
5.27000000000000e+00	8.34564391753106e+03
5.28000000000000e+00	8.12110242595014e+03
5.29000000000000e+00	7.84488305761727e+03
5.30000000000000e+00	7.51402645123952e+03
5.31000000000000e+00	7.13149495020954e+03
5.32000000000000e+00	6.70496316483776e+03
5.33000000000000e+00	6.24561160831190e+03
5.34000000000000e+00	5.76593934763664e+03
5.35000000000000e+00	5.27841810085667e+03
5.36000000000000e+00	4.79427689994384e+03
5.37000000000000e+00	4.32263511281871e+03
5.38000000000000e+00	3.86989023819281e+03
5.39000000000000e+00	3.44006691837565e+03
5.40000000000000e+00	3.03480604606682e+03
5.41000000000000e+00	2.65391163120656e+03
5.42000000000000e+00	2.29613560954768e+03
5.43000000000000e+00	1.95983650079857e+03
5.44000000000000e+00	1.64371690693886e+03
5.45000000000000e+00	1.34744753474422e+03
5.46000000000000e+00	1.07216807825274e+03
5.47000000000000e+00	8.20674807698676e+02
5.48000000000000e+00	5.97417301666620e+02
5.49000000000000e+00	4.08176293145080e+02
5.50000000000000e+00	2.59369968816367e+02
5.51000000000000e+00	1.57265074410950e+02
5.52000000000000e+00	1.06998246432921e+02
5.53000000000000e+00	1.11608545257587e+02
5.54000000000000e+00	1.71355578363916e+02
5.55000000000000e+00	2.83326341174158e+02
5.56000000000000e+00	4.41408120847382e+02
5.57000000000000e+00	6.36627117140774e+02
5.58000000000000e+00	8.57935584628982e+02
5.59000000000000e+00	1.09313782060010e+03
5.60000000000000e+00	1.32981953419733e+03
5.61000000000000e+00	1.55656331630733e+03
5.62000000000000e+00	1.76360160090199e+03
5.63000000000000e+00	1.94362965084985e+03
5.64000000000000e+00	2.09191088284122e+03
5.65000000000000e+00	2.20658656082399e+03
5.66000000000000e+00	2.28850077852700e+03
5.67000000000000e+00	2.34093295274405e+03
5.68000000000000e+00	2.36949795016599e+03
5.69000000000000e+00	2.38156775827956e+03
5.70000000000000e+00	2.38614395938039e+03
5.71000000000000e+00	2.39324513859890e+03
5.72000000000000e+00	2.41320608876621e+03
5.73000000000000e+00	2.45617007684085e+03
5.74000000000000e+00	2.53114297354857e+03
5.75000000000000e+00	2.64526529628883e+03
5.76000000000000e+00	2.80305791218347e+03
5.77000000000000e+00	3.00589495533016e+03
5.78000000000000e+00	3.25149973188669e+03
5.79000000000000e+00	3.53390530385249e+03
5.80000000000000e+00	3.84358069598264e+03
5.81000000000000e+00	4.16806132881349e+03
5.82000000000000e+00	4.49287869715181e+03
5.83000000000000e+00	4.80292821313909e+03
5.84000000000000e+00	5.08363767564673e+03
5.85000000000000e+00	5.32282015302037e+03
5.86000000000000e+00	5.51154709214213e+03
5.87000000000000e+00	5.64524391172700e+03
5.88000000000000e+00	5.72389207520570e+03
5.89000000000000e+00	5.75129564340446e+03
5.90000000000000e+00	5.73479261839537e+03
5.91000000000000e+00	5.68322504967562e+03
5.92000000000000e+00	5.60579912314303e+03
5.93000000000000e+00	5.51056762156194e+03
5.94000000000000e+00	5.40360816405363e+03
5.95000000000000e+00	5.28826948516175e+03
5.96000000000000e+00	5.16534801649001e+03
5.97000000000000e+00	5.03328713913247e+03
5.98000000000000e+00	4.88897714262099e+03
5.99000000000000e+00	4.72850665913134e+03
6.00000000000000e+00	4.54818577182320e+03
6.01000000000000e+00	4.34546364642074e+03
6.02000000000000e+00	4.11971652976399e+03
6.03000000000000e+00	3.87252799210950e+03
6.04000000000000e+00	3.60783815862292e+03
6.05000000000000e+00	3.33189177265371e+03
6.06000000000000e+00	3.05266750651397e+03
6.07000000000000e+00	2.77936559524050e+03
6.08000000000000e+00	2.52167905506300e+03
6.09000000000000e+00	2.28930373441342e+03
6.10000000000000e+00	2.09129388836294e+03
6.11000000000000e+00	1.93507510437478e+03
6.12000000000000e+00	1.82635199954145e+03
6.13000000000000e+00	1.76811708667133e+03
6.14000000000000e+00	1.76057900736084e+03
6.15000000000000e+00	1.80100011732639e+03
6.16000000000000e+00	1.88386533266026e+03
6.17000000000000e+00	2.00135027969189e+03
6.18000000000000e+00	2.14447436583494e+03
6.19000000000000e+00	2.30352255922998e+03
6.20000000000000e+00	2.46937974583751e+03
6.21000000000000e+00	2.63407595257398e+03
6.22000000000000e+00	2.79158213367544e+03
6.23000000000000e+00	2.93785516468663e+03
6.24000000000000e+00	3.07120109152392e+03
6.25000000000000e+00	3.19196459934579e+03
6.26000000000000e+00	3.30249335283615e+03
6.27000000000000e+00	3.40663663037108e+03
6.28000000000000e+00	3.50899499370172e+03
6.29000000000000e+00	3.61480620143837e+03
6.30000000000000e+00	3.72874599498807e+03
6.31000000000000e+00	3.85477310291713e+03
6.32000000000000e+00	3.99556569044300e+03
6.33000000000000e+00	4.15229580633641e+03
6.34000000000000e+00	4.32436480828670e+03
6.35000000000000e+00	4.50972167363259e+03
6.36000000000000e+00	4.70485888195714e+03
6.37000000000000e+00	4.90480242342905e+03
6.38000000000000e+00	5.10375749127975e+03
6.39000000000000e+00	5.29536205368504e+03
6.40000000000000e+00	5.47315486279897e+03
6.41000000000000e+00	5.63093318334613e+03
6.42000000000000e+00	5.76353008015562e+03
6.43000000000000e+00	5.86695005257255e+03
6.44000000000000e+00	5.93889598976529e+03
6.45000000000000e+00	5.97825897440413e+03
6.46000000000000e+00	5.98596859520802e+03
6.47000000000000e+00	5.96390262878436e+03
6.48000000000000e+00	5.91541184910688e+03
6.49000000000000e+00	5.84430674494261e+03
6.50000000000000e+00	5.75508469968259e+03
6.51000000000000e+00	5.65212422696986e+03
6.52000000000000e+00	5.53974986594687e+03
6.53000000000000e+00	5.42127956604042e+03
6.54000000000000e+00	5.29907754299202e+03
6.55000000000000e+00	5.17481566156442e+03
6.56000000000000e+00	5.04933303291169e+03
6.57000000000000e+00	4.92300437448677e+03
6.58000000000000e+00	4.79643718690294e+03
6.59000000000000e+00	4.67062035830458e+03
6.60000000000000e+00	4.54707032377695e+03
6.61000000000000e+00	4.42793184188391e+03
6.62000000000000e+00	4.31577954863843e+03
6.63000000000000e+00	4.21308061621473e+03
6.64000000000000e+00	4.12219335358540e+03
6.65000000000000e+00	4.04495933361843e+03
6.66000000000000e+00	3.98266113076672e+03
6.67000000000000e+00	3.93542133628695e+03
6.68000000000000e+00	3.90220841735081e+03
6.69000000000000e+00	3.88063954551750e+03
6.70000000000000e+00	3.86687795605810e+03
6.71000000000000e+00	3.85602375128513e+03
6.72000000000000e+00	3.84217428745730e+03
6.73000000000000e+00	3.81917112863773e+03
6.74000000000000e+00	3.78076520947213e+03
6.75000000000000e+00	3.72133101532957e+03
6.76000000000000e+00	3.63634682007275e+03
6.77000000000000e+00	3.52260298139737e+03
6.78000000000000e+00	3.37866553280984e+03
6.79000000000000e+00	3.20489938825214e+03
6.80000000000000e+00	3.00366665240045e+03
6.81000000000000e+00	2.77932007525042e+03
6.82000000000000e+00	2.53757783558171e+03
6.83000000000000e+00	2.28549463215117e+03
6.84000000000000e+00	2.03077146455471e+03
6.85000000000000e+00	1.78112867834619e+03
6.86000000000000e+00	1.54380547383565e+03
6.87000000000000e+00	1.32519899852412e+03
6.88000000000000e+00	1.13043193674039e+03
6.89000000000000e+00	9.63187069014171e+02
6.90000000000000e+00	8.25808338345893e+02
6.91000000000000e+00	7.19326600817739e+02
6.92000000000000e+00	6.43718931177094e+02
6.93000000000000e+00	5.98121412891435e+02
6.94000000000000e+00	5.81049884932245e+02
6.95000000000000e+00	5.90566386875813e+02
6.96000000000000e+00	6.24456820110318e+02
6.97000000000000e+00	6.80251003392880e+02
6.98000000000000e+00	7.55322004602501e+02
6.99000000000000e+00	8.46872371942423e+02
7.00000000000000e+00	9.51973212962824e+02
7.01000000000000e+00	1.06754872192279e+03
7.02000000000000e+00	1.19046081083364e+03
7.03000000000000e+00	1.31747569204270e+03
7.04000000000000e+00	1.44534892837691e+03
7.05000000000000e+00	1.57083037358144e+03
7.06000000000000e+00	1.69073212724021e+03
7.07000000000000e+00	1.80199194712793e+03
7.08000000000000e+00	1.90167395430617e+03
7.09000000000000e+00	1.98715933915526e+03
7.10000000000000e+00	2.05624478248882e+03
7.11000000000000e+00	2.10730876134077e+03
7.12000000000000e+00	2.13928961418255e+03
7.13000000000000e+00	2.15187717581342e+03
7.14000000000000e+00	2.14542000996974e+03
7.15000000000000e+00	2.12081930045817e+03
7.16000000000000e+00	2.07953415567777e+03
7.17000000000000e+00	2.02342175251747e+03
7.18000000000000e+00	1.95466451894487e+03
7.19000000000000e+00	1.87552488508653e+03
7.20000000000000e+00	1.78846647594173e+03
7.21000000000000e+00	1.69571910119523e+03
7.22000000000000e+00	1.59944242363684e+03
7.23000000000000e+00	1.50149208385201e+03
7.24000000000000e+00	1.40346599934651e+03
7.25000000000000e+00	1.30670923784304e+03
7.26000000000000e+00	1.21236018568562e+03
7.27000000000000e+00	1.12138393470826e+03
7.28000000000000e+00	1.03460003303449e+03
7.29000000000000e+00	9.52752133504673e+02
7.30000000000000e+00	8.76476480380079e+02
7.31000000000000e+00	8.06249656549179e+02
7.32000000000000e+00	7.42450011129366e+02
7.33000000000000e+00	6.85299631720696e+02
7.34000000000000e+00	6.34815390239909e+02
7.35000000000000e+00	5.90841937699095e+02
7.36000000000000e+00	5.52983053299904e+02
7.37000000000000e+00	5.20673554959624e+02
7.38000000000000e+00	4.93162126671765e+02
7.39000000000000e+00	4.69547459347932e+02
7.40000000000000e+00	4.48862351327213e+02
7.41000000000000e+00	4.30145068496124e+02
7.42000000000000e+00	4.12525091596802e+02
7.43000000000000e+00	3.95325615023893e+02
7.44000000000000e+00	3.78111867839899e+02
7.45000000000000e+00	3.60759769004949e+02
7.46000000000000e+00	3.43460380013586e+02
7.47000000000000e+00	3.26680568840168e+02
7.48000000000000e+00	3.11094484491538e+02
7.49000000000000e+00	2.97482597791631e+02
7.50000000000000e+00	2.86583088845328e+02
7.51000000000000e+00	2.78981100705304e+02
7.52000000000000e+00	2.75005593083209e+02
7.53000000000000e+00	2.74647057202756e+02
7.54000000000000e+00	2.77531958271129e+02
7.55000000000000e+00	2.82988434494908e+02
7.56000000000000e+00	2.90052500103764e+02
7.57000000000000e+00	2.97579709108460e+02
7.58000000000000e+00	3.04351274934269e+02
7.59000000000000e+00	3.09183878782809e+02
7.60000000000000e+00	3.10997943547250e+02
7.61000000000000e+00	3.08933849770685e+02
7.62000000000000e+00	3.02359974483862e+02
7.63000000000000e+00	2.90972822443841e+02
7.64000000000000e+00	2.74797163801601e+02
7.65000000000000e+00	2.54182302504783e+02
7.66000000000000e+00	2.29820344047079e+02
7.67000000000000e+00	2.02694649696997e+02
7.68000000000000e+00	1.73989706484669e+02
7.69000000000000e+00	1.44998063077426e+02
7.70000000000000e+00	1.17012046613803e+02
7.71000000000000e+00	9.11770030363654e+01
7.72000000000000e+00	6.83880576598667e+01
7.73000000000000e+00	4.92157582596153e+01
7.74000000000000e+00	3.38907677173563e+01
7.75000000000000e+00	2.22974539252321e+01
7.76000000000000e+00	1.40573383354732e+01
7.77000000000000e+00	8.60241406218596e+00
7.78000000000000e+00	5.28302090902470e+00
7.79000000000000e+00	3.48149864600878e+00
7.80000000000000e+00	2.71360527099070e+00
7.81000000000000e+00	2.71616555963219e+00
7.82000000000000e+00	3.51161064858402e+00
7.83000000000000e+00	5.44875384326213e+00
7.84000000000000e+00	9.22607590209651e+00
7.85000000000000e+00	1.58942303595071e+01
7.86000000000000e+00	2.68566424984126e+01
7.87000000000000e+00	4.38589990604542e+01
7.88000000000000e+00	6.89768041520691e+01
7.89000000000000e+00	1.04608801821106e+02
7.90000000000000e+00	1.53427433358703e+02
7.91000000000000e+00	2.18362444049399e+02
7.92000000000000e+00	3.02483320405209e+02
7.93000000000000e+00	4.08898560987289e+02
7.94000000000000e+00	5.40543980062743e+02
7.95000000000000e+00	6.99864482517762e+02
7.96000000000000e+00	8.88475913432698e+02
7.97000000000000e+00	1.10667357820595e+03
7.98000000000000e+00	1.35297987453053e+03
7.99000000000000e+00	1.62375340002176e+03
8.00000000000000e+00	1.91295495194292e+03
8.01000000000000e+00	2.21219208505486e+03
8.02000000000000e+00	2.51113434354490e+03
8.03000000000000e+00	2.79829372029880e+03
8.04000000000000e+00	3.06198934552129e+03
8.05000000000000e+00	3.29158850740372e+03
8.06000000000000e+00	3.47849260351012e+03
8.07000000000000e+00	3.61699609566960e+03
8.08000000000000e+00	3.70463624256927e+03
8.09000000000000e+00	3.74195591705029e+03
8.10000000000000e+00	3.73213598926174e+03
8.11000000000000e+00	3.68019262179665e+03
8.12000000000000e+00	3.59208212336279e+03
8.13000000000000e+00	3.47408746388832e+03
8.14000000000000e+00	3.33216280240317e+03
8.15000000000000e+00	3.17176286415552e+03
8.16000000000000e+00	2.99755874060307e+03
8.17000000000000e+00	2.81359383762923e+03
8.18000000000000e+00	2.62330980850058e+03
8.19000000000000e+00	2.42962853782451e+03
8.20000000000000e+00	2.23501438597171e+03
8.21000000000000e+00	2.04179744178252e+03
8.22000000000000e+00	1.85203160909624e+03
8.23000000000000e+00	1.66760116505253e+03
8.24000000000000e+00	1.49031663650016e+03
8.25000000000000e+00	1.32185489723467e+03
8.26000000000000e+00	1.16359568699658e+03
8.27000000000000e+00	1.01679799786337e+03
8.28000000000000e+00	8.82425175922090e+02
8.29000000000000e+00	7.61156816945412e+02
8.30000000000000e+00	6.53487488196279e+02
8.31000000000000e+00	5.59575214844583e+02
8.32000000000000e+00	4.79387054422549e+02
8.33000000000000e+00	4.12635637393306e+02
8.34000000000000e+00	3.58824609928455e+02
8.35000000000000e+00	3.17241994334429e+02
8.36000000000000e+00	2.87047351341428e+02
8.37000000000000e+00	2.67250786484591e+02
8.38000000000000e+00	2.56791057192927e+02
8.39000000000000e+00	2.54560897282390e+02
8.40000000000000e+00	2.59431986253371e+02
8.41000000000000e+00	2.70284995134466e+02
8.42000000000000e+00	2.86031235107770e+02
8.43000000000000e+00	3.05638404349795e+02
8.44000000000000e+00	3.28094298208887e+02
8.45000000000000e+00	3.52461369233605e+02
8.46000000000000e+00	3.77830053463892e+02
8.47000000000000e+00	4.03362178865724e+02
8.48000000000000e+00	4.28272845516599e+02
8.49000000000000e+00	4.51871197859324e+02
8.50000000000000e+00	4.73576538500046e+02
8.51000000000000e+00	4.92941120301550e+02
8.52000000000000e+00	5.09603729133770e+02
8.53000000000000e+00	5.23338487080220e+02
8.54000000000000e+00	5.33985052536745e+02
8.55000000000000e+00	5.41473784403091e+02
8.56000000000000e+00	5.45779798543453e+02
8.57000000000000e+00	5.46968020691503e+02
8.58000000000000e+00	5.45152327195596e+02
8.59000000000000e+00	5.40498267281424e+02
8.60000000000000e+00	5.33231511669324e+02
8.61000000000000e+00	5.23582667757795e+02
8.62000000000000e+00	5.11770498797814e+02
8.63000000000000e+00	4.98042963998316e+02
8.64000000000000e+00	4.82616723254684e+02
8.65000000000000e+00	4.65702237044809e+02
8.66000000000000e+00	4.47523778165791e+02
8.67000000000000e+00	4.28257563921876e+02
8.68000000000000e+00	4.08140030041704e+02
8.69000000000000e+00	3.87378122815804e+02
8.70000000000000e+00	3.66205940968104e+02
8.71000000000000e+00	3.44837211783239e+02
8.72000000000000e+00	3.23526425480184e+02
8.73000000000000e+00	3.02480337293470e+02
8.74000000000000e+00	2.81920521101675e+02
8.75000000000000e+00	2.62052907487838e+02
8.76000000000000e+00	2.43080041383781e+02
8.77000000000000e+00	2.25186990226182e+02
8.78000000000000e+00	2.08587802338969e+02
8.79000000000000e+00	1.93479926853670e+02
8.80000000000000e+00	1.80098731072813e+02
8.81000000000000e+00	1.68687527281330e+02
8.82000000000000e+00	1.59507498406926e+02
8.83000000000000e+00	1.52804608736543e+02
8.84000000000000e+00	1.48798501176561e+02
8.85000000000000e+00	1.47666975648863e+02
8.86000000000000e+00	1.49490746834891e+02
8.87000000000000e+00	1.54269787010246e+02
8.88000000000000e+00	1.61862044762078e+02
8.89000000000000e+00	1.72027932629696e+02
8.90000000000000e+00	1.84398204260031e+02
8.91000000000000e+00	1.98517756313742e+02
8.92000000000000e+00	2.13849867118546e+02
8.93000000000000e+00	2.29863588773610e+02
8.94000000000000e+00	2.46022636278940e+02
8.95000000000000e+00	2.61849949142841e+02
8.96000000000000e+00	2.76947096728563e+02
8.97000000000000e+00	2.90999759537259e+02
8.98000000000000e+00	3.03800645225780e+02
8.99000000000000e+00	3.15272253409515e+02
9.00000000000000e+00	3.25441732320342e+02
9.01000000000000e+00	3.34469891384506e+02
9.02000000000000e+00	3.42605563899896e+02
9.03000000000000e+00	3.50154717022381e+02
9.04000000000000e+00	3.57498045965077e+02
9.05000000000000e+00	3.64961010533332e+02
9.06000000000000e+00	3.72898293599922e+02
9.07000000000000e+00	3.81555441498563e+02
9.08000000000000e+00	3.91165030418459e+02
9.09000000000000e+00	4.01838074856470e+02
9.10000000000000e+00	4.13617606100167e+02
9.11000000000000e+00	4.26376269428252e+02
9.12000000000000e+00	4.39873839001986e+02
9.13000000000000e+00	4.53668483257378e+02
9.14000000000000e+00	4.67193363642825e+02
9.15000000000000e+00	4.79711897343122e+02
9.16000000000000e+00	4.90422631239275e+02
9.17000000000000e+00	4.98468860015362e+02
9.18000000000000e+00	5.03063134236668e+02
9.19000000000000e+00	5.03507674723397e+02
9.20000000000000e+00	4.99296625882081e+02
9.21000000000000e+00	4.90163287881477e+02
9.22000000000000e+00	4.76104382236129e+02
9.23000000000000e+00	4.57407102169899e+02
9.24000000000000e+00	4.34642367324744e+02
9.25000000000000e+00	4.08621071919266e+02
9.26000000000000e+00	3.80355445533482e+02
9.27000000000000e+00	3.50977338673149e+02
9.28000000000000e+00	3.21645506573464e+02
9.29000000000000e+00	2.93459947299449e+02
9.30000000000000e+00	2.67330343955152e+02
9.31000000000000e+00	2.43961591126739e+02
9.32000000000000e+00	2.23756131475341e+02
9.33000000000000e+00	2.06874881139149e+02
9.34000000000000e+00	1.93232099586362e+02
9.35000000000000e+00	1.82556920504488e+02
9.36000000000000e+00	1.74486673994720e+02
9.37000000000000e+00	1.68585120901291e+02
9.38000000000000e+00	1.64427259678865e+02
9.39000000000000e+00	1.61624574756302e+02
9.40000000000000e+00	1.59845891718789e+02
9.41000000000000e+00	1.58825007335242e+02
9.42000000000000e+00	1.58350417532390e+02
9.43000000000000e+00	1.58274183516221e+02
9.44000000000000e+00	1.58482402307722e+02
9.45000000000000e+00	1.58895728695712e+02
9.46000000000000e+00	1.59464526578491e+02
9.47000000000000e+00	1.60166523918708e+02
9.48000000000000e+00	1.60993755153247e+02
9.49000000000000e+00	1.61961736035651e+02
9.50000000000000e+00	1.63099600666360e+02
9.51000000000000e+00	1.64442382722120e+02
9.52000000000000e+00	1.66016185950520e+02
9.53000000000000e+00	1.67830261595230e+02
9.54000000000000e+00	1.69873764130285e+02
9.55000000000000e+00	1.72125478166903e+02
9.56000000000000e+00	1.74560514215985e+02
9.57000000000000e+00	1.77174004430092e+02
9.58000000000000e+00	1.79982694737403e+02
9.59000000000000e+00	1.83015512961147e+02
9.60000000000000e+00	1.86285451834773e+02
9.61000000000000e+00	1.89770665964550e+02
9.62000000000000e+00	1.93396921053622e+02
9.63000000000000e+00	1.97057111316562e+02
9.64000000000000e+00	2.00601697104606e+02
9.65000000000000e+00	2.03896580762585e+02
9.66000000000000e+00	2.06826570418180e+02
9.67000000000000e+00	2.09320571336404e+02
9.68000000000000e+00	2.11328432367604e+02
9.69000000000000e+00	2.12833830449565e+02
9.70000000000000e+00	2.13852820726287e+02
9.71000000000000e+00	2.14410531859381e+02
9.72000000000000e+00	2.14557894653575e+02
9.73000000000000e+00	2.14353869604868e+02
9.74000000000000e+00	2.13866380797714e+02
9.75000000000000e+00	2.13172442341787e+02
9.76000000000000e+00	2.12345708557238e+02
9.77000000000000e+00	2.11450947904425e+02
9.78000000000000e+00	2.10548891747280e+02
9.79000000000000e+00	2.09697622108809e+02
9.80000000000000e+00	2.08936411985931e+02
9.81000000000000e+00	2.08294757486811e+02
9.82000000000000e+00	2.07798365828194e+02
9.83000000000000e+00	2.07452532481756e+02
9.84000000000000e+00	2.07253251180895e+02
9.85000000000000e+00	2.07187524664160e+02
9.86000000000000e+00	2.07243983392886e+02
9.87000000000000e+00	2.07413773161734e+02
9.88000000000000e+00	2.07751344599845e+02
9.89000000000000e+00	2.08419972382702e+02
9.90000000000000e+00	2.09884553803222e+02
9.91000000000000e+00	2.13202811095177e+02
9.92000000000000e+00	2.20531124968138e+02
9.93000000000000e+00	2.35947365724656e+02
9.94000000000000e+00	2.67055731726448e+02
9.95000000000000e+00	3.28544683016602e+02
9.96000000000000e+00	4.51307265827704e+02
9.97000000000000e+00	7.06778917798367e+02
9.98000000000000e+00	1.27599077111149e+03
9.99000000000000e+00	2.65951499685630e+03
1.00000000000000e+01	6.36990417139908e+03
1.00100000000000e+01	1.71930561775234e+04
1.00200000000000e+01	4.48339624895757e+04
1.00300000000000e+01	5.82249141657042e+04
1.00400000000000e+01	2.29202627233218e+04
1.00500000000000e+01	5.71351435967384e+03
1.00600000000000e+01	1.33086793700525e+03
1.00700000000000e+01	2.95394147057016e+02
1.00800000000000e+01	5.63063655312282e+01
1.00900000000000e+01	8.82880328624216e+00
1.01000000000000e+01	5.92804379250820e+00
1.01100000000000e+01	1.11240702454209e+01
1.01200000000000e+01	1.58610657508354e+01
1.01300000000000e+01	1.87159434799423e+01
1.01400000000000e+01	1.99440178806164e+01
1.01500000000000e+01	2.00561206865277e+01
1.01600000000000e+01	1.94805812827239e+01
1.01700000000000e+01	1.85170843286324e+01
1.01800000000000e+01	1.73615301573459e+01
1.01900000000000e+01	1.61360120897941e+01
1.02000000000000e+01	1.49142812463153e+01
1.02100000000000e+01	1.37384479387637e+01
1.02200000000000e+01	1.26313406249966e+01
1.02300000000000e+01	1.16027646941365e+01
1.02400000000000e+01	1.06560584574899e+01
1.02500000000000e+01	9.78962674314998e+00
1.02600000000000e+01	8.99973726813036e+00
1.02700000000000e+01	8.28130934329180e+00
1.02800000000000e+01	7.62875404439701e+00
1.02900000000000e+01	7.03636691630742e+00
1.03000000000000e+01	6.49859709320347e+00
1.03100000000000e+01	6.01015306837313e+00
1.03200000000000e+01	5.56632909909339e+00
1.03300000000000e+01	5.16272290302369e+00
1.03400000000000e+01	4.79515472714415e+00
1.03500000000000e+01	4.46002677658689e+00
1.03600000000000e+01	4.15404093553980e+00
1.03700000000000e+01	3.87434666470090e+00
1.03800000000000e+01	3.61815453221833e+00
1.03900000000000e+01	3.38328487004584e+00
1.04000000000000e+01	3.16749454273950e+00
1.04100000000000e+01	2.96897608822686e+00
1.04200000000000e+01	2.78610601688495e+00
1.04300000000000e+01	2.61737422741491e+00
1.04400000000000e+01	2.46147540961979e+00
1.04500000000000e+01	2.31730736529216e+00
1.04600000000000e+01	2.18371974317510e+00
1.04700000000000e+01	2.05988400733749e+00
1.04800000000000e+01	1.94490262957452e+00
1.04900000000000e+01	1.83805129572764e+00
1.05000000000000e+01	1.73865796557641e+00
1.05100000000000e+01	1.64610463999670e+00
1.05200000000000e+01	1.55986101667732e+00
1.05300000000000e+01	1.47937551653774e+00
1.05400000000000e+01	1.40423927276863e+00
1.05500000000000e+01	1.33400327162061e+00
1.05600000000000e+01	1.26828838271850e+00
1.05700000000000e+01	1.20674773957371e+00
1.05800000000000e+01	1.14903604837764e+00
1.05900000000000e+01	1.09490794146013e+00
1.06000000000000e+01	1.04404733440711e+00
1.06100000000000e+01	9.96242920481517e-01
1.06200000000000e+01	9.51255794175315e-01
1.06300000000000e+01	9.08876033205703e-01
1.06400000000000e+01	8.68917729562542e-01
1.06500000000000e+01	8.31206221997902e-01
1.06600000000000e+01	7.95597062364416e-01
1.06700000000000e+01	7.61931574635125e-01
1.06800000000000e+01	7.30074306278889e-01
1.06900000000000e+01	6.99907565830026e-01
1.07000000000000e+01	6.71311300387103e-01
1.07100000000000e+01	6.44188578190226e-01
1.07200000000000e+01	6.18457170376596e-01
1.07300000000000e+01	5.94010753527610e-01
1.07400000000000e+01	5.70790030863534e-01
1.07500000000000e+01	5.48709587231053e-01
1.07600000000000e+01	5.27709818702782e-01
1.07700000000000e+01	5.07734060894762e-01
1.07800000000000e+01	4.88728132956333e-01
1.07900000000000e+01	4.70635502908415e-01
1.08000000000000e+01	4.53403362777410e-01
1.08100000000000e+01	4.36994534300428e-01
1.08200000000000e+01	4.21361477690856e-01
1.08300000000000e+01	4.06460858512032e-01
1.08400000000000e+01	3.92250008593908e-01
1.08500000000000e+01	3.78687796015192e-01
1.08600000000000e+01	3.65739691203797e-01
1.08700000000000e+01	3.53364766448948e-01
1.08800000000000e+01	3.41537960298795e-01
1.08900000000000e+01	3.30220436944899e-01
1.09000000000000e+01	3.19384339818289e-01
1.09100000000000e+01	3.08996648620418e-01
1.09200000000000e+01	2.99040190476400e-01
1.09300000000000e+01	2.89479056088865e-01
1.09400000000000e+01	2.80297672873440e-01
1.09500000000000e+01	2.71471474468044e-01
1.09600000000000e+01	2.62983474483496e-01
1.09700000000000e+01	2.54812649668516e-01
1.09800000000000e+01	2.46941216279070e-01
1.09900000000000e+01	2.39357032777407e-01
1.10000000000000e+01	2.32047585726427e-01
1.10100000000000e+01	2.25000765887121e-01
1.10200000000000e+01	2.18204361569214e-01
1.10300000000000e+01	2.11657842212026e-01
1.10400000000000e+01	2.05346638457214e-01
1.10500000000000e+01	1.99271629819740e-01
1.10600000000000e+01	1.93424852571384e-01
1.10700000000000e+01	1.87799883946910e-01
1.10800000000000e+01	1.82393622655605e-01
1.10900000000000e+01	1.77201769432609e-01
1.11000000000000e+01	1.72214271407607e-01
1.11100000000000e+01	1.67431460104963e-01
1.11200000000000e+01	1.62836918039185e-01
1.11300000000000e+01	1.58428243683585e-01
1.11400000000000e+01	1.54196265218827e-01
1.11500000000000e+01	1.50130875719605e-01
1.11600000000000e+01	1.46222541016470e-01
1.11700000000000e+01	1.42461831435896e-01
1.11800000000000e+01	1.38842493316532e-01
1.11900000000000e+01	1.35351947369453e-01
1.12000000000000e+01	1.31983366174430e-01
1.12100000000000e+01	1.28729184709805e-01
1.12200000000000e+01	1.25586083345658e-01
1.12300000000000e+01	1.22543282607459e-01
1.12400000000000e+01	1.19596506064099e-01
1.12500000000000e+01	1.16743330748488e-01
1.12600000000000e+01	1.13977126911500e-01
1.12700000000000e+01	1.11294849063903e-01
1.12800000000000e+01	1.08691871886589e-01
1.12900000000000e+01	1.06165305442563e-01
1.13000000000000e+01	1.03713470359275e-01
1.13100000000000e+01	1.01331091699257e-01
1.13200000000000e+01	9.90182524698790e-02
1.13300000000000e+01	9.67709556855156e-02
1.13400000000000e+01	9.45860101829291e-02
1.13500000000000e+01	9.24613846285883e-02
1.13600000000000e+01	9.03964042057314e-02
1.13700000000000e+01	8.83853073321107e-02
1.13800000000000e+01	8.64295301348359e-02
1.13900000000000e+01	8.45236420703122e-02
1.14000000000000e+01	8.26695557013029e-02
1.14100000000000e+01	8.08632396575497e-02
1.14200000000000e+01	7.91031216195158e-02
1.14300000000000e+01	7.73880644983971e-02
1.14400000000000e+01	7.57186564863334e-02
1.14500000000000e+01	7.40916484797763e-02
1.14600000000000e+01	7.25065307730701e-02
1.14700000000000e+01	7.09606878649425e-02
1.14800000000000e+01	6.94541605980539e-02
1.14900000000000e+01	6.79858650504705e-02
1.15000000000000e+01	6.65552110688352e-02
1.15100000000000e+01	6.51588835405819e-02
1.15200000000000e+01	6.37972165196320e-02
1.15300000000000e+01	6.24699209025576e-02
1.15400000000000e+01	6.11751794313822e-02
1.15500000000000e+01	5.99129877662457e-02
1.15600000000000e+01	5.86832108979309e-02
1.15700000000000e+01	5.74847949456356e-02
1.15800000000000e+01	5.63195022059770e-02
1.15900000000000e+01	5.51864487570701e-02
1.16000000000000e+01	5.40856927784506e-02
1.16100000000000e+01	5.30171097148749e-02
1.16200000000000e+01	5.19802759885180e-02
1.16300000000000e+01	5.09752206242589e-02
1.16400000000000e+01	4.99994397738257e-02
1.16500000000000e+01	4.90532646272140e-02
1.16600000000000e+01	4.81350062486594e-02
1.16700000000000e+01	4.72423512177383e-02
1.16800000000000e+01	4.63737922359657e-02
1.16900000000000e+01	4.55276167629029e-02
1.17000000000000e+01	4.47011194136007e-02
1.17100000000000e+01	4.38933794835520e-02
1.17200000000000e+01	4.31024957219191e-02
1.17300000000000e+01	4.23261093278268e-02
1.17400000000000e+01	4.15640145890422e-02
1.17500000000000e+01	4.08146360506132e-02
1.17600000000000e+01	4.00780625250770e-02
1.17700000000000e+01	3.93537249732001e-02
1.17800000000000e+01	3.86427204959772e-02
1.17900000000000e+01	3.79437925716022e-02
1.18000000000000e+01	3.72579210477414e-02
1.18100000000000e+01	3.65867904551416e-02
1.18200000000000e+01	3.59297801137306e-02
1.18300000000000e+01	3.52874401555536e-02
1.18400000000000e+01	3.46612775058499e-02
1.18500000000000e+01	3.40503513202040e-02
1.18600000000000e+01	3.34546769218382e-02
1.18700000000000e+01	3.28749787739087e-02
1.18800000000000e+01	3.23104762574359e-02
1.18900000000000e+01	3.17605530379761e-02
1.19000000000000e+01	3.12250776357088e-02
1.19100000000000e+01	3.07033939566810e-02
1.19200000000000e+01	3.01942596896447e-02
1.19300000000000e+01	2.96971733247887e-02
1.19400000000000e+01	2.92120484508998e-02
1.19500000000000e+01	2.87373640021297e-02
1.19600000000000e+01	2.82724673013470e-02
1.19700000000000e+01	2.78172396414755e-02
1.19800000000000e+01	2.73708612010692e-02
1.19900000000000e+01	2.69323774256515e-02
1.20000000000000e+01	2.65015739436187e-02
1.20100000000000e+01	2.60784140385595e-02
1.20200000000000e+01	2.56621017244776e-02
1.20300000000000e+01	2.52524267464753e-02
1.20400000000000e+01	2.48503331289034e-02
1.20500000000000e+01	2.44542430519972e-02
1.20600000000000e+01	2.40660872031539e-02
1.20700000000000e+01	2.36847206184824e-02
1.20800000000000e+01	2.33106573343204e-02
1.20900000000000e+01	2.29444891492639e-02
1.21000000000000e+01	2.25865549279844e-02
1.21100000000000e+01	2.22367129595225e-02
1.21200000000000e+01	2.18953660722418e-02
1.21300000000000e+01	2.15619951074056e-02
1.21400000000000e+01	2.12373430292523e-02
1.21500000000000e+01	2.09208430997237e-02
1.21600000000000e+01	2.06122241722785e-02
1.21700000000000e+01	2.03115217154592e-02
1.21800000000000e+01	2.00177021577751e-02
1.21900000000000e+01	1.97306252452725e-02
1.22000000000000e+01	1.94502500128928e-02
1.22100000000000e+01	1.91751469293517e-02
1.22200000000000e+01	1.89053949448935e-02
1.22300000000000e+01	1.86405514697697e-02
1.22400000000000e+01	1.83800356403499e-02
1.22500000000000e+01	1.81228016237359e-02
1.22600000000000e+01	1.78695989283507e-02
1.22700000000000e+01	1.76192843085670e-02
1.22800000000000e+01	1.73712527301981e-02
1.22900000000000e+01	1.71260005264424e-02
1.23000000000000e+01	1.68828246310922e-02
1.23100000000000e+01	1.66414648727851e-02
1.23200000000000e+01	1.64016256172465e-02
1.23300000000000e+01	1.61634060796497e-02
1.23400000000000e+01	1.59269482055654e-02
1.23500000000000e+01	1.56919409189798e-02
1.23600000000000e+01	1.54583946327125e-02
1.23700000000000e+01	1.52271059873760e-02
1.23800000000000e+01	1.49972011139838e-02
1.23900000000000e+01	1.47699147493966e-02
1.24000000000000e+01	1.45450667547882e-02
1.24100000000000e+01	1.43231089071664e-02
1.24200000000000e+01	1.41042247418790e-02
1.24300000000000e+01	1.38884591036802e-02
1.24400000000000e+01	1.36765202439662e-02
1.24500000000000e+01	1.34679172513195e-02
1.24600000000000e+01	1.32628922293044e-02
1.24700000000000e+01	1.30617357523250e-02
1.24800000000000e+01	1.28645100132789e-02
1.24900000000000e+01	1.26707117129724e-02
1.25000000000000e+01	1.24809187679369e-02
1.25100000000000e+01	1.22946540665942e-02
1.25200000000000e+01	1.21118514475222e-02
1.25300000000000e+01	1.19327989195811e-02
1.25400000000000e+01	1.17576852616762e-02
1.25500000000000e+01	1.15859055321222e-02
1.25600000000000e+01	1.14177677580105e-02
1.25700000000000e+01	1.12532601497790e-02
1.25800000000000e+01	1.10925198278798e-02
1.25900000000000e+01	1.09351747572270e-02
1.26000000000000e+01	1.07811209249450e-02
1.26100000000000e+01	1.06304291878651e-02
1.26200000000000e+01	1.04829050431066e-02
1.26300000000000e+01	1.03385138928684e-02
1.26400000000000e+01	1.01968465952356e-02
1.26500000000000e+01	1.00581494984192e-02
1.26600000000000e+01	9.92221676967120e-03
1.26700000000000e+01	9.78875358520034e-03
1.26800000000000e+01	9.65789927323263e-03
1.26900000000000e+01	9.52959853846373e-03
1.27000000000000e+01	9.40381983009919e-03
1.27100000000000e+01	9.28063520702157e-03
1.27200000000000e+01	9.16000204477761e-03
1.27300000000000e+01	9.04183301779516e-03
1.27400000000000e+01	8.92633893520173e-03
1.27500000000000e+01	8.81336835301419e-03
1.27600000000000e+01	8.70297784485599e-03
1.27700000000000e+01	8.59506543631076e-03
1.27800000000000e+01	8.48962796524152e-03
1.27900000000000e+01	8.38647257802359e-03
1.28000000000000e+01	8.28561492495066e-03
1.28100000000000e+01	8.18686150824825e-03
1.28200000000000e+01	8.09024739087606e-03
1.28300000000000e+01	7.99551057398882e-03
1.28400000000000e+01	7.90269871178451e-03
1.28500000000000e+01	7.81174776786225e-03
1.28600000000000e+01	7.72245283391156e-03
1.28700000000000e+01	7.63492916688305e-03
1.28800000000000e+01	7.54898551446158e-03
1.28900000000000e+01	7.46463721817110e-03
1.29000000000000e+01	7.38179103842310e-03
1.29100000000000e+01	7.30047052755115e-03
1.29200000000000e+01	7.22056388970474e-03
1.29300000000000e+01	7.14212665301854e-03
1.29400000000000e+01	7.06492193299592e-03
1.29500000000000e+01	6.98911817148029e-03
1.29600000000000e+01	6.91442478247252e-03
1.29700000000000e+01	6.84106111310191e-03
1.29800000000000e+01	6.76875547142988e-03
1.29900000000000e+01	6.69768447797587e-03
1.30000000000000e+01	6.62762170986239e-03
1.30100000000000e+01	6.55873528239478e-03
1.30200000000000e+01	6.49090942437057e-03
1.30300000000000e+01	6.42420298022300e-03
1.30400000000000e+01	6.35849802533907e-03
1.30500000000000e+01	6.29381351909127e-03
1.30600000000000e+01	6.23006113793563e-03
1.30700000000000e+01	6.16717255679252e-03
1.30800000000000e+01	6.10503748362219e-03
1.30900000000000e+01	6.04361338379473e-03
1.31000000000000e+01	5.98274524127566e-03
1.31100000000000e+01	5.92248309261549e-03
1.31200000000000e+01	5.86252267097331e-03
1.31300000000000e+01	5.80297856971951e-03
1.31400000000000e+01	5.74370248168934e-03
1.31500000000000e+01	5.68475065044990e-03
1.31600000000000e+01	5.62614841664885e-03
1.31700000000000e+01	5.56787238245345e-03
1.31800000000000e+01	5.50995209456296e-03
1.31900000000000e+01	5.45255775232726e-03
1.32000000000000e+01	5.39562160850246e-03
1.32100000000000e+01	5.33920921766794e-03
1.32200000000000e+01	5.28339165763652e-03
1.32300000000000e+01	5.22815906806499e-03
1.32400000000000e+01	5.17355599420637e-03
1.32500000000000e+01	5.11948069141445e-03
1.32600000000000e+01	5.06588729173845e-03
1.32700000000000e+01	5.01286389309070e-03
1.32800000000000e+01	4.96027956966406e-03
1.32900000000000e+01	4.90816481080514e-03
1.33000000000000e+01	4.85650484350705e-03
1.33100000000000e+01	4.80526339747413e-03
1.33200000000000e+01	4.75451425895129e-03
1.33300000000000e+01	4.70421990489624e-03
1.33400000000000e+01	4.65452055843583e-03
1.33500000000000e+01	4.60542610965772e-03
1.33600000000000e+01	4.55692505713692e-03
1.33700000000000e+01	4.50908536085232e-03
1.33800000000000e+01	4.46200016090190e-03
1.33900000000000e+01	4.41565770227502e-03
1.34000000000000e+01	4.37002409555751e-03
1.34100000000000e+01	4.32513426196987e-03
1.34200000000000e+01	4.28101944966139e-03
1.34300000000000e+01	4.23757399919654e-03
1.34400000000000e+01	4.19483730049230e-03
1.34500000000000e+01	4.15276851968480e-03
1.34600000000000e+01	4.11129997878226e-03
1.34700000000000e+01	4.07039412580873e-03
1.34800000000000e+01	4.03009743323670e-03
1.34900000000000e+01	3.99026428340470e-03
1.35000000000000e+01	3.95095765010893e-03
1.35100000000000e+01	3.91203054023402e-03
1.35200000000000e+01	3.87353529895697e-03
1.35300000000000e+01	3.83541200986485e-03
1.35400000000000e+01	3.79765490542247e-03
1.35500000000000e+01	3.76013078529083e-03
1.35600000000000e+01	3.72292672765809e-03
1.35700000000000e+01	3.68590864760442e-03
1.35800000000000e+01	3.64915586463815e-03
1.35900000000000e+01	3.61251690322040e-03
1.36000000000000e+01	3.57610919867165e-03
1.36100000000000e+01	3.53984363543132e-03
1.36200000000000e+01	3.50374368240541e-03
1.36300000000000e+01	3.46778240734717e-03
1.36400000000000e+01	3.43202467529327e-03
1.36500000000000e+01	3.39648883707045e-03
1.36600000000000e+01	3.36116079471235e-03
1.36700000000000e+01	3.32609480941250e-03
1.36800000000000e+01	3.29135863357052e-03
1.36900000000000e+01	3.25696971895059e-03
1.37000000000000e+01	3.22294636040993e-03
1.37100000000000e+01	3.18937850424331e-03
1.37200000000000e+01	3.15626638330180e-03
1.37300000000000e+01	3.12374110369509e-03
1.37400000000000e+01	3.09174930017106e-03
1.37500000000000e+01	3.06040962808516e-03
1.37600000000000e+01	3.02968733504481e-03
1.37700000000000e+01	2.99959447092826e-03
1.37800000000000e+01	2.97014857472823e-03
1.37900000000000e+01	2.94131000316812e-03
1.38000000000000e+01	2.91313631859280e-03
1.38100000000000e+01	2.88549536527491e-03
1.38200000000000e+01	2.85840966346678e-03
1.38300000000000e+01	2.83180421900054e-03
1.38400000000000e+01	2.80566099753613e-03
1.38500000000000e+01	2.77995333866725e-03
1.38600000000000e+01	2.75459514895157e-03
1.38700000000000e+01	2.72956855256168e-03
1.38800000000000e+01	2.70490368828802e-03
1.38900000000000e+01	2.68048929819187e-03
1.39000000000000e+01	2.65630856276359e-03
1.39100000000000e+01	2.63239983075333e-03
1.39200000000000e+01	2.60869555600651e-03
1.39300000000000e+01	2.58518539493500e-03
1.39400000000000e+01	2.56188371844416e-03
1.39500000000000e+01	2.53877505596542e-03
1.39600000000000e+01	2.51580300258194e-03
1.39700000000000e+01	2.49301260727592e-03
1.39800000000000e+01	2.47039631196011e-03
1.39900000000000e+01	2.44793112948816e-03
1.40000000000000e+01	2.42566080440792e-03
1.40100000000000e+01	2.40355822617394e-03
1.40200000000000e+01	2.38162471324957e-03
1.40300000000000e+01	2.35989947076084e-03
1.40400000000000e+01	2.33841872604889e-03
1.40500000000000e+01	2.31716102152332e-03
1.40600000000000e+01	2.29614947864650e-03
1.40700000000000e+01	2.27541100961059e-03
1.40800000000000e+01	2.25494815006479e-03
1.40900000000000e+01	2.23474172715905e-03
1.41000000000000e+01	2.21481296255029e-03
1.41100000000000e+01	2.19515420525341e-03
1.41200000000000e+01	2.17574318575239e-03
1.41300000000000e+01	2.15657577150035e-03
1.41400000000000e+01	2.13762593442542e-03
1.41500000000000e+01	2.11883330165779e-03
1.41600000000000e+01	2.10021527383508e-03
1.41700000000000e+01	2.08170776500968e-03
1.41800000000000e+01	2.06330873049641e-03
1.41900000000000e+01	2.04500664467619e-03
1.42000000000000e+01	2.02676620860669e-03
1.42100000000000e+01	2.00860405611388e-03
1.42200000000000e+01	1.99056194054329e-03
1.42300000000000e+01	1.97258853745168e-03
1.42400000000000e+01	1.95473482076561e-03
1.42500000000000e+01	1.93703143604271e-03
1.42600000000000e+01	1.91946040243464e-03
1.42700000000000e+01	1.90207766759458e-03
1.42800000000000e+01	1.88491671322856e-03
1.42900000000000e+01	1.86794303306743e-03
1.43000000000000e+01	1.85120266038849e-03
1.43100000000000e+01	1.83469657995923e-03
1.43200000000000e+01	1.81838298573074e-03
1.43300000000000e+01	1.80230838916574e-03
1.43400000000000e+01	1.78644042933446e-03
1.43500000000000e+01	1.77079917394815e-03
1.43600000000000e+01	1.75534924409094e-03
1.43700000000000e+01	1.74006522568565e-03
1.43800000000000e+01	1.72499657749246e-03
1.43900000000000e+01	1.71011262745667e-03
1.44000000000000e+01	1.69543969428745e-03
1.44100000000000e+01	1.68092279430889e-03
1.44200000000000e+01	1.66661480233202e-03
1.44300000000000e+01	1.65248136383543e-03
1.44400000000000e+01	1.63857585961623e-03
1.44500000000000e+01	1.62484189122529e-03
1.44600000000000e+01	1.61131775698672e-03
1.44700000000000e+01	1.59798257468313e-03
1.44800000000000e+01	1.58481868025852e-03
1.44900000000000e+01	1.57185573118448e-03
1.45000000000000e+01	1.55905804822936e-03
1.45100000000000e+01	1.54644558825817e-03
1.45200000000000e+01	1.53398713578422e-03
1.45300000000000e+01	1.52168186250165e-03
1.45400000000000e+01	1.50954498627062e-03
1.45500000000000e+01	1.49753050502886e-03
1.45600000000000e+01	1.48565299019722e-03
1.45700000000000e+01	1.47391644210573e-03
1.45800000000000e+01	1.46226717981349e-03
1.45900000000000e+01	1.45077544559801e-03
1.46000000000000e+01	1.43936890917270e-03
1.46100000000000e+01	1.42804583875313e-03
1.46200000000000e+01	1.41685740857197e-03
1.46300000000000e+01	1.40573621151578e-03
1.46400000000000e+01	1.39472207679319e-03
1.46500000000000e+01	1.38382517576578e-03
1.46600000000000e+01	1.37299374261832e-03
1.46700000000000e+01	1.36227984506569e-03
1.46800000000000e+01	1.35168218539086e-03
1.46900000000000e+01	1.34119303628178e-03
1.47000000000000e+01	1.33082008953865e-03
1.47100000000000e+01	1.32056209884697e-03
1.47200000000000e+01	1.31041090847380e-03
1.47300000000000e+01	1.30038301054553e-03
1.47400000000000e+01	1.29047654617087e-03
1.47500000000000e+01	1.28068937707660e-03
1.47600000000000e+01	1.27101637333679e-03
1.47700000000000e+01	1.26144569077574e-03
1.47800000000000e+01	1.25195861389336e-03
1.47900000000000e+01	1.24257180035316e-03
1.48000000000000e+01	1.23325819489315e-03
1.48100000000000e+01	1.22400072671025e-03
1.48200000000000e+01	1.21483587564105e-03
1.48300000000000e+01	1.20570556988750e-03
1.48400000000000e+01	1.19662213085927e-03
1.48500000000000e+01	1.18759642718580e-03
1.48600000000000e+01	1.17860660529538e-03
1.48700000000000e+01	1.16965546731979e-03
1.48800000000000e+01	1.16074647728275e-03
1.48900000000000e+01	1.15186347113816e-03
1.49000000000000e+01	1.14304657091580e-03
1.49100000000000e+01	1.13425796539644e-03
1.49200000000000e+01	1.12552568324985e-03
1.49300000000000e+01	1.11684680356390e-03
1.49400000000000e+01	1.10822015122155e-03
1.49500000000000e+01	1.09965761632597e-03
1.49600000000000e+01	1.09116855355149e-03
1.49700000000000e+01	1.08275808749109e-03
1.49800000000000e+01	1.07442077655557e-03
1.49900000000000e+01	1.06617860971552e-03
1.50000000000000e+01	1.05801050084841e-03
1.50100000000000e+01	1.04994873518287e-03
1.50200000000000e+01	1.04195501539495e-03
1.50300000000000e+01	1.03406027141789e-03
1.50400000000000e+01	1.02626218159087e-03
1.50500000000000e+01	1.01853854431770e-03
1.50600000000000e+01	1.01090141510985e-03
1.50700000000000e+01	1.00333251942505e-03
1.50800000000000e+01	9.95825105391682e-04
1.50900000000000e+01	9.88397024358557e-04
1.51000000000000e+01	9.81013383141393e-04
1.51100000000000e+01	9.73684004815853e-04
1.51200000000000e+01	9.66414360005817e-04
1.51300000000000e+01	9.59164874230872e-04
1.51400000000000e+01	9.51975444110176e-04
1.51500000000000e+01	9.44812136334799e-04
1.51600000000000e+01	9.37675566720948e-04
1.51700000000000e+01	9.30582063479137e-04
1.51800000000000e+01	9.23535665289204e-04
1.51900000000000e+01	9.16519145367157e-04
1.52000000000000e+01	9.09549496207348e-04
1.52100000000000e+01	9.02625253677327e-04
1.52200000000000e+01	8.95759980280081e-04
1.52300000000000e+01	8.88938465724103e-04
1.52400000000000e+01	8.82151726573469e-04
1.52500000000000e+01	8.75410874685183e-04
1.52600000000000e+01	8.68698821203452e-04
1.52700000000000e+01	8.62012855553258e-04
1.52800000000000e+01	8.55341060873712e-04
1.52900000000000e+01	8.48656257513503e-04
1.53000000000000e+01	8.41952911259663e-04
1.53100000000000e+01	8.35205889059232e-04
1.53200000000000e+01	8.28411958274322e-04
1.53300000000000e+01	8.21561230772363e-04
1.53400000000000e+01	8.14618500933467e-04
1.53500000000000e+01	8.07592613293332e-04
1.53600000000000e+01	8.00491787976104e-04
1.53700000000000e+01	7.93288049256251e-04
1.53800000000000e+01	7.85994687087636e-04
1.53900000000000e+01	7.78627797043418e-04
1.54000000000000e+01	7.71189717508866e-04
1.54100000000000e+01	7.63708665631936e-04
1.54200000000000e+01	7.56187477909696e-04
1.54300000000000e+01	7.48672399101582e-04
1.54400000000000e+01	7.41173929539137e-04
1.54500000000000e+01	7.33735135864330e-04
1.54600000000000e+01	7.26374158510170e-04
1.54700000000000e+01	7.19152339448496e-04
1.54800000000000e+01	7.12072205055456e-04
1.54900000000000e+01	7.05184541969784e-04
1.55000000000000e+01	6.98507955725434e-04
1.55100000000000e+01	6.92081716405261e-04
1.55200000000000e+01	6.85914843342554e-04
1.55300000000000e+01	6.80030412855875e-04
1.55400000000000e+01	6.74404677086018e-04
1.55500000000000e+01	6.69065140285770e-04
1.55600000000000e+01	6.63978011751543e-04
1.55700000000000e+01	6.59131803819407e-04
1.55800000000000e+01	6.54516782348630e-04
1.55900000000000e+01	6.50094335561241e-04
1.56000000000000e+01	6.45822174899759e-04
1.56100000000000e+01	6.41699920059896e-04
1.56200000000000e+01	6.37672715719918e-04
1.56300000000000e+01	6.33732454545387e-04
1.56400000000000e+01	6.29840641987830e-04
1.56500000000000e+01	6.25975306942148e-04
1.56600000000000e+01	6.22110413293520e-04
1.56700000000000e+01	6.18239850736970e-04
1.56800000000000e+01	6.14342095141526e-04
1.56900000000000e+01	6.10415495981610e-04
1.57000000000000e+01	6.06440148318696e-04
1.57100000000000e+01	6.02414093009507e-04
1.57200000000000e+01	5.98344728662114e-04
1.57300000000000e+01	5.94227718237447e-04
1.57400000000000e+01	5.90064744960517e-04
1.57500000000000e+01	5.85870408366150e-04
1.57600000000000e+01	5.81645170863492e-04
1.57700000000000e+01	5.77396052075860e-04
1.57800000000000e+01	5.73141204296369e-04
1.57900000000000e+01	5.68908867346000e-04
1.58000000000000e+01	5.64693415234176e-04
1.58100000000000e+01	5.60517117910393e-04
1.58200000000000e+01	5.56395966670641e-04
1.58300000000000e+01	5.52345643454125e-04
1.58400000000000e+01	5.48381285241993e-04
1.58500000000000e+01	5.44504083602314e-04
1.58600000000000e+01	5.40734057251203e-04
1.58700000000000e+01	5.37062773216273e-04
1.58800000000000e+01	5.33493186026314e-04
1.58900000000000e+01	5.30038665205507e-04
1.59000000000000e+01	5.26682224558813e-04
1.59100000000000e+01	5.23422785075705e-04
1.59200000000000e+01	5.20246425641480e-04
1.59300000000000e+01	5.17146780258268e-04
1.59400000000000e+01	5.14116534743720e-04
1.59500000000000e+01	5.11134434403318e-04
1.59600000000000e+01	5.08188261666935e-04
1.59700000000000e+01	5.05284105560691e-04
1.59800000000000e+01	5.02403314043205e-04
1.59900000000000e+01	4.99528637503261e-04
1.60000000000000e+01	4.96677274777417e-04
1.60100000000000e+01	4.93824613769668e-04
1.60200000000000e+01	4.90981131121658e-04
1.60300000000000e+01	4.88139142054391e-04
1.60400000000000e+01	4.85302497626978e-04
1.60500000000000e+01	4.82468992013930e-04
1.60600000000000e+01	4.79644191548461e-04
1.60700000000000e+01	4.76819549848840e-04
1.60800000000000e+01	4.73994207210083e-04
1.60900000000000e+01	4.71181624551894e-04
1.61000000000000e+01	4.68379910206628e-04
1.61100000000000e+01	4.65581839916773e-04
1.61200000000000e+01	4.62798461988576e-04
1.61300000000000e+01	4.60020411269331e-04
1.61400000000000e+01	4.57267342894417e-04
1.61500000000000e+01	4.54529334027476e-04
1.61600000000000e+01	4.51801119175526e-04
1.61700000000000e+01	4.49097596736572e-04
1.61800000000000e+01	4.46413377559756e-04
1.61900000000000e+01	4.43764249949127e-04
1.62000000000000e+01	4.41135112570328e-04
1.62100000000000e+01	4.38551045471617e-04
1.62200000000000e+01	4.35993290401748e-04
1.62300000000000e+01	4.33476256868192e-04
1.62400000000000e+01	4.31001568350050e-04
1.62500000000000e+01	4.28573284365264e-04
1.62600000000000e+01	4.26179220199033e-04
1.62700000000000e+01	4.23824514353465e-04
1.62800000000000e+01	4.21509889532835e-04
1.62900000000000e+01	4.19226955992677e-04
1.63000000000000e+01	4.16975125377549e-04
1.63100000000000e+01	4.14735052867858e-04
1.63200000000000e+01	4.12519867761022e-04
1.63300000000000e+01	4.10303347879973e-04
1.63400000000000e+01	4.08082844338486e-04
1.63500000000000e+01	4.05858754394969e-04
1.63600000000000e+01	4.03613229768238e-04
1.63700000000000e+01	4.01338373821394e-04
1.63800000000000e+01	3.99037418494066e-04
1.63900000000000e+01	3.96688266649044e-04
1.64000000000000e+01	3.94300538721257e-04
1.64100000000000e+01	3.91863011149913e-04
1.64200000000000e+01	3.89381402682335e-04
1.64300000000000e+01	3.86852059672793e-04
1.64400000000000e+01	3.84283444440872e-04
1.64500000000000e+01	3.81670890723710e-04
1.64600000000000e+01	3.79030808498672e-04
1.64700000000000e+01	3.76374359404849e-04
1.64800000000000e+01	3.73700280662166e-04
1.64900000000000e+01	3.71033285229573e-04
1.65000000000000e+01	3.68384586186408e-04
1.65100000000000e+01	3.65749430086471e-04
1.65200000000000e+01	3.63148578253294e-04
1.65300000000000e+01	3.60590907361733e-04
1.65400000000000e+01	3.58080066274533e-04
1.65500000000000e+01	3.55621931990607e-04
1.65600000000000e+01	3.53222625831772e-04
1.65700000000000e+01	3.50877438898045e-04
1.65800000000000e+01	3.48589509464303e-04
1.65900000000000e+01	3.46364407710265e-04
1.66000000000000e+01	3.44205676426060e-04
1.66100000000000e+01	3.42095303468096e-04
1.66200000000000e+01	3.40044422282397e-04
1.66300000000000e+01	3.38042593742576e-04
1.66400000000000e+01	3.36095834219080e-04
1.66500000000000e+01	3.34194917139144e-04
1.66600000000000e+01	3.32341613887254e-04
1.66700000000000e+01	3.30529611800126e-04
1.66800000000000e+01	3.28763527897382e-04
1.66900000000000e+01	3.27027126255858e-04
1.67000000000000e+01	3.25324644539240e-04
1.67100000000000e+01	3.23648502438904e-04
1.67200000000000e+01	3.22004427838930e-04
1.67300000000000e+01	3.20376288397731e-04
1.67400000000000e+01	3.18764577681398e-04
1.67500000000000e+01	3.17167586202693e-04
1.67600000000000e+01	3.15577378295225e-04
1.67700000000000e+01	3.13987396101747e-04
1.67800000000000e+01	3.12399166914237e-04
1.67900000000000e+01	3.10812137893054e-04
1.68000000000000e+01	3.09215324193847e-04
1.68100000000000e+01	3.07608688736115e-04
1.68200000000000e+01	3.06000394947722e-04
1.68300000000000e+01	3.04379609749617e-04
1.68400000000000e+01	3.02748607054058e-04
1.68500000000000e+01	3.01113627585258e-04
1.68600000000000e+01	2.99471009385222e-04
1.68700000000000e+01	2.97822656441975e-04
1.68800000000000e+01	2.96174883125603e-04
1.68900000000000e+01	2.94522415490455e-04
1.69000000000000e+01	2.92877949426083e-04
1.69100000000000e+01	2.91230905139922e-04
1.69200000000000e+01	2.89586893736037e-04
1.69300000000000e+01	2.87946464289936e-04
1.69400000000000e+01	2.86317082369728e-04
1.69500000000000e+01	2.84687398106402e-04
1.69600000000000e+01	2.83069544121113e-04
1.69700000000000e+01	2.81458020505761e-04
1.69800000000000e+01	2.79862320485868e-04
1.69900000000000e+01	2.78281389371109e-04
1.70000000000000e+01	2.76715888860963e-04
1.70100000000000e+01	2.75177545306874e-04
1.70200000000000e+01	2.73668069958990e-04
1.70300000000000e+01	2.72185396785733e-04
1.70400000000000e+01	2.70733900508040e-04
1.70500000000000e+01	2.69318194565234e-04
1.70600000000000e+01	2.67937993415278e-04
1.70700000000000e+01	2.66595333717087e-04
1.70800000000000e+01	2.65282334421951e-04
1.70900000000000e+01	2.64002738081322e-04
1.71000000000000e+01	2.62755736730159e-04
1.71100000000000e+01	2.61536979246243e-04
1.71200000000000e+01	2.60335707126809e-04
1.71300000000000e+01	2.59156102740063e-04
1.71400000000000e+01	2.57997775111769e-04
1.71500000000000e+01	2.56852787708672e-04
1.71600000000000e+01	2.55716985979418e-04
1.71700000000000e+01	2.54595548934585e-04
1.71800000000000e+01	2.53476622517727e-04
1.71900000000000e+01	2.52372358049894e-04
1.72000000000000e+01	2.51271956050504e-04
1.72100000000000e+01	2.50180362670437e-04
1.72200000000000e+01	2.49098640796801e-04
1.72300000000000e+01	2.48015049728944e-04
1.72400000000000e+01	2.46947119462170e-04
1.72500000000000e+01	2.45876745494080e-04
1.72600000000000e+01	2.44816210857479e-04
1.72700000000000e+01	2.43758711992836e-04
1.72800000000000e+01	2.42705158081491e-04
1.72900000000000e+01	2.41655433022096e-04
1.73000000000000e+01	2.40609504791748e-04
1.73100000000000e+01	2.39565908751206e-04
1.73200000000000e+01	2.38527013679543e-04
1.73300000000000e+01	2.37484625107559e-04
1.73400000000000e+01	2.36442010239477e-04
1.73500000000000e+01	2.35402710575549e-04
1.73600000000000e+01	2.34362210475116e-04
1.73700000000000e+01	2.33321276661192e-04
1.73800000000000e+01	2.32278302084604e-04
1.73900000000000e+01	2.31235791784975e-04
1.74000000000000e+01	2.30197129658700e-04
1.74100000000000e+01	2.29153943177159e-04
1.74200000000000e+01	2.28110496739730e-04
1.74300000000000e+01	2.27067324335665e-04
1.74400000000000e+01	2.26029395956791e-04
1.74500000000000e+01	2.24986991789472e-04
1.74600000000000e+01	2.23949287396168e-04
1.74700000000000e+01	2.22911344063706e-04
1.74800000000000e+01	2.21873920145511e-04
1.74900000000000e+01	2.20831546431036e-04
1.75000000000000e+01	2.19793322380886e-04
1.75100000000000e+01	2.18754699022276e-04
1.75200000000000e+01	2.17710115687658e-04
1.75300000000000e+01	2.16660445661957e-04
1.75400000000000e+01	2.15605251543784e-04
1.75500000000000e+01	2.14550465314960e-04
1.75600000000000e+01	2.13487333497198e-04
1.75700000000000e+01	2.12419966834809e-04
1.75800000000000e+01	2.11345835806993e-04
1.75900000000000e+01	2.10269666185960e-04
1.76000000000000e+01	2.09188172635116e-04
1.76100000000000e+01	2.08111798768370e-04
1.76200000000000e+01	2.07031126291496e-04
1.76300000000000e+01	2.05956670916478e-04
1.76400000000000e+01	2.04883361928137e-04
1.76500000000000e+01	2.03816625895665e-04
1.76600000000000e+01	2.02760818035166e-04
1.76700000000000e+01	2.01710751008780e-04
1.76800000000000e+01	2.00670817229261e-04
1.76900000000000e+01	1.99646179674445e-04
1.77000000000000e+01	1.98625186654184e-04
1.77100000000000e+01	1.97617785025623e-04
1.77200000000000e+01	1.96616884818645e-04
1.77300000000000e+01	1.95623478281023e-04
1.77400000000000e+01	1.94642184747805e-04
1.77500000000000e+01	1.93662255648151e-04
1.77600000000000e+01	1.92691623380703e-04
1.77700000000000e+01	1.91722845160769e-04
1.77800000000000e+01	1.90758551070462e-04
1.77900000000000e+01	1.89800227089234e-04
1.78000000000000e+01	1.88838085625010e-04
1.78100000000000e+01	1.87880882791666e-04
1.78200000000000e+01	1.86924451166559e-04
1.78300000000000e+01	1.85965277424500e-04
1.78400000000000e+01	1.85007472717313e-04
1.78500000000000e+01	1.84051678934777e-04
1.78600000000000e+01	1.83097752837492e-04
1.78700000000000e+01	1.82141258941685e-04
1.78800000000000e+01	1.81183234524937e-04
1.78900000000000e+01	1.80227456395442e-04
1.79000000000000e+01	1.79274312632354e-04
1.79100000000000e+01	1.78319290496230e-04
1.79200000000000e+01	1.77362487796894e-04
1.79300000000000e+01	1.76407401680838e-04
1.79400000000000e+01	1.75447298012227e-04
1.79500000000000e+01	1.74486735077541e-04
1.79600000000000e+01	1.73521366865867e-04
1.79700000000000e+01	1.72557200919171e-04
1.79800000000000e+01	1.71585660097755e-04
1.79900000000000e+01	1.70618222587403e-04
1.80000000000000e+01	1.69651140556465e-04
1.80100000000000e+01	1.68693532168635e-04
1.80200000000000e+01	1.67739377502880e-04
1.80300000000000e+01	1.66801115064288e-04
1.80400000000000e+01	1.65878288490080e-04
1.80500000000000e+01	1.64976319736120e-04
1.80600000000000e+01	1.64092832683231e-04
1.80700000000000e+01	1.63240533106142e-04
1.80800000000000e+01	1.62411952191542e-04
1.80900000000000e+01	1.61611066976529e-04
1.81000000000000e+01	1.60833861440658e-04
1.81100000000000e+01	1.60083681795159e-04
1.81200000000000e+01	1.59358617377791e-04
1.81300000000000e+01	1.58652033112079e-04
1.81400000000000e+01	1.57958760093001e-04
1.81500000000000e+01	1.57281958575515e-04
1.81600000000000e+01	1.56612673351499e-04
1.81700000000000e+01	1.55954009062099e-04
1.81800000000000e+01	1.55294580652285e-04
1.81900000000000e+01	1.54641406365922e-04
1.82000000000000e+01	1.53986844910821e-04
1.82100000000000e+01	1.53328251492209e-04
1.82200000000000e+01	1.52669370006095e-04
1.82300000000000e+01	1.52006032923292e-04
1.82400000000000e+01	1.51336865117165e-04
1.82500000000000e+01	1.50660599975130e-04
1.82600000000000e+01	1.49978974394732e-04
1.82700000000000e+01	1.49293439247319e-04
1.82800000000000e+01	1.48599604805568e-04
1.82900000000000e+01	1.47899344986417e-04
1.83000000000000e+01	1.47200652159572e-04
1.83100000000000e+01	1.46493155383962e-04
1.83200000000000e+01	1.45787679276385e-04
1.83300000000000e+01	1.45081279540337e-04
1.83400000000000e+01	1.44376949227179e-04
1.83500000000000e+01	1.43676121054629e-04
1.83600000000000e+01	1.42980800566699e-04
1.83700000000000e+01	1.42294269758135e-04
1.83800000000000e+01	1.41617484342872e-04
1.83900000000000e+01	1.40952790976569e-04
1.84000000000000e+01	1.40301986171788e-04
1.84100000000000e+01	1.39667248646699e-04
1.84200000000000e+01	1.39049035373434e-04
1.84300000000000e+01	1.38450292983568e-04
1.84400000000000e+01	1.37869326571071e-04
1.84500000000000e+01	1.37308475325287e-04
1.84600000000000e+01	1.36764974176123e-04
1.84700000000000e+01	1.36239263764883e-04
1.84800000000000e+01	1.35729781973599e-04
1.84900000000000e+01	1.35234198115757e-04
1.85000000000000e+01	1.34750283467629e-04
1.85100000000000e+01	1.34276681161220e-04
1.85200000000000e+01	1.33809501175180e-04
1.85300000000000e+01	1.33348322980392e-04
1.85400000000000e+01	1.32889128716004e-04
1.85500000000000e+01	1.32430461261672e-04
1.85600000000000e+01	1.31970163321260e-04
1.85700000000000e+01	1.31507021582702e-04
1.85800000000000e+01	1.31040637868333e-04
1.85900000000000e+01	1.30568333552945e-04
1.86000000000000e+01	1.30091307147320e-04
1.86100000000000e+01	1.29608087417365e-04
1.86200000000000e+01	1.29119356369247e-04
1.86300000000000e+01	1.28625140134485e-04
1.86400000000000e+01	1.28125434596786e-04
1.86500000000000e+01	1.27622163207110e-04
1.86600000000000e+01	1.27115127621046e-04
1.86700000000000e+01	1.26605260702685e-04
1.86800000000000e+01	1.26093346210843e-04
1.86900000000000e+01	1.25579792525454e-04
1.87000000000000e+01	1.25066035140121e-04
1.87100000000000e+01	1.24551458002281e-04
1.87200000000000e+01	1.24036617603627e-04
1.87300000000000e+01	1.23522195159012e-04
1.87400000000000e+01	1.23007821936112e-04
1.87500000000000e+01	1.22493882032059e-04
1.87600000000000e+01	1.21979733026447e-04
1.87700000000000e+01	1.21464961253831e-04
1.87800000000000e+01	1.20949762223085e-04
1.87900000000000e+01	1.20433541225590e-04
1.88000000000000e+01	1.19916498434814e-04
1.88100000000000e+01	1.19398072802105e-04
1.88200000000000e+01	1.18876927493328e-04
1.88300000000000e+01	1.18353622442765e-04
1.88400000000000e+01	1.17827975509328e-04
1.88500000000000e+01	1.17298417196930e-04
1.88600000000000e+01	1.16765930987273e-04
1.88700000000000e+01	1.16228593022473e-04
1.88800000000000e+01	1.15687937975162e-04
1.88900000000000e+01	1.15142428874505e-04
1.89000000000000e+01	1.14592196531290e-04
1.89100000000000e+01	1.14036611562770e-04
1.89200000000000e+01	1.13477469459494e-04
1.89300000000000e+01	1.12913728890691e-04
1.89400000000000e+01	1.12346704546092e-04
1.89500000000000e+01	1.11776646463673e-04
1.89600000000000e+01	1.11205631770581e-04
1.89700000000000e+01	1.10633256472587e-04
1.89800000000000e+01	1.10061622985868e-04
1.89900000000000e+01	1.09492337290224e-04
1.90000000000000e+01	1.08925659493257e-04
1.90100000000000e+01	1.08362364818260e-04
1.90200000000000e+01	1.07803358785605e-04
1.90300000000000e+01	1.07248400466431e-04
1.90400000000000e+01	1.06697457146222e-04
1.90500000000000e+01	1.06149273878982e-04
1.90600000000000e+01	1.05602242795978e-04
1.90700000000000e+01	1.05055260292701e-04
1.90800000000000e+01	1.04507488900660e-04
1.90900000000000e+01	1.03956558740757e-04
1.91000000000000e+01	1.03402649168360e-04
1.91100000000000e+01	1.02846239210565e-04
1.91200000000000e+01	1.02288085347775e-04
1.91300000000000e+01	1.01730871336833e-04
1.91400000000000e+01	1.01176964013779e-04
1.91500000000000e+01	1.00630595701085e-04
1.91600000000000e+01	1.00096639026980e-04
1.91700000000000e+01	9.95784644608745e-05
1.91800000000000e+01	9.90807082865714e-05
1.91900000000000e+01	9.86065168307620e-05
1.92000000000000e+01	9.81576449908440e-05
1.92100000000000e+01	9.77355065727672e-05
1.92200000000000e+01	9.73397085704414e-05
1.92300000000000e+01	9.69686013484958e-05
1.92400000000000e+01	9.66201718769435e-05
1.92500000000000e+01	9.62899774315894e-05
1.92600000000000e+01	9.59755304921271e-05
1.92700000000000e+01	9.56725702369163e-05
1.92800000000000e+01	9.53776982579810e-05
1.92900000000000e+01	9.50867912899500e-05
1.93000000000000e+01	9.47977015476996e-05
1.93100000000000e+01	9.45080307501411e-05
1.93200000000000e+01	9.42162582109811e-05
1.93300000000000e+01	9.39209185384432e-05
1.93400000000000e+01	9.36215523503378e-05
1.93500000000000e+01	9.33175826295997e-05
1.93600000000000e+01	9.30093975498995e-05
1.93700000000000e+01	9.26961115300613e-05
1.93800000000000e+01	9.23788079196856e-05
1.93900000000000e+01	9.20569351207286e-05
1.94000000000000e+01	9.17308426231651e-05
1.94100000000000e+01	9.14014254709220e-05
1.94200000000000e+01	9.10682761709278e-05
1.94300000000000e+01	9.07313761336119e-05
1.94400000000000e+01	9.03911387857323e-05
1.94500000000000e+01	9.00479615120148e-05
1.94600000000000e+01	8.97011541903900e-05
1.94700000000000e+01	8.93519233607038e-05
1.94800000000000e+01	8.89998001230673e-05
1.94900000000000e+01	8.86449138960631e-05
1.95000000000000e+01	8.82873627411905e-05
1.95100000000000e+01	8.79273338680188e-05
1.95200000000000e+01	8.75649221692838e-05
1.95300000000000e+01	8.72005661373732e-05
1.95400000000000e+01	8.68335461401631e-05
1.95500000000000e+01	8.64642544523784e-05
1.95600000000000e+01	8.60941796597236e-05
1.95700000000000e+01	8.57218091410255e-05
1.95800000000000e+01	8.53487669865580e-05
1.95900000000000e+01	8.49750709377758e-05
1.96000000000000e+01	8.46008047089159e-05
1.96100000000000e+01	8.42266876662455e-05
1.96200000000000e+01	8.38536300903094e-05
1.96300000000000e+01	8.34815833614785e-05
1.96400000000000e+01	8.31101226599172e-05
1.96500000000000e+01	8.27410298165305e-05
1.96600000000000e+01	8.23731497449970e-05
1.96700000000000e+01	8.20071889334137e-05
1.96800000000000e+01	8.16427554283926e-05
1.96900000000000e+01	8.12799694210219e-05
1.97000000000000e+01	8.09187835993975e-05
1.97100000000000e+01	8.05581461532033e-05
1.97200000000000e+01	8.01990631113525e-05
1.97300000000000e+01	7.98404005080815e-05
1.97400000000000e+01	7.94815424531907e-05
1.97500000000000e+01	7.91226244894642e-05
1.97600000000000e+01	7.87626281727871e-05
1.97700000000000e+01	7.84020872103224e-05
1.97800000000000e+01	7.80394206279231e-05
1.97900000000000e+01	7.76758419896602e-05
1.98000000000000e+01	7.73099468860206e-05
1.98100000000000e+01	7.69428073096654e-05
1.98200000000000e+01	7.65752919925214e-05
1.98300000000000e+01	7.62085555657717e-05
1.98400000000000e+01	7.58439619403825e-05
1.98500000000000e+01	7.54854712812801e-05
1.98600000000000e+01	7.51350594034677e-05
1.98700000000000e+01	7.47943562419774e-05
1.98800000000000e+01	7.44613014804916e-05
1.98900000000000e+01	7.41277565675435e-05
1.99000000000000e+01	7.37741396413331e-05
1.99100000000000e+01	7.33609597842331e-05
1.99200000000000e+01	7.28202325154450e-05
1.99300000000000e+01	7.20410253910329e-05
1.99400000000000e+01	7.08542383697820e-05
1.99500000000000e+01	6.90118932100470e-05
1.99600000000000e+01	6.61753757984623e-05
1.99700000000000e+01	6.19079684032265e-05
1.99800000000000e+01	5.57135126491248e-05
1.99900000000000e+01	4.71432532686336e-05
2.00000000000000e+01	3.60508403069267e-05
