1.00000000000000e-02	1.80297892850707e+17
2.00000000000000e-02	1.12689838340414e+16
3.00000000000000e-02	2.22609161887737e+15
4.00000000000000e-02	7.04402618201485e+14
5.00000000000000e-02	2.88554932488456e+14
6.00000000000000e-02	1.39173023274332e+14
7.00000000000000e-02	7.51336331504075e+13
8.00000000000000e-02	4.40491076277987e+13
9.00000000000000e-02	2.75049567912468e+13
1.00000000000000e-01	1.80499192748153e+13
1.10000000000000e-01	1.23311175270068e+13
1.20000000000000e-01	8.70894512983306e+12
1.30000000000000e-01	6.32466994660944e+12
1.40000000000000e-01	4.70360073904313e+12
1.50000000000000e-01	3.57043266191493e+12
1.60000000000000e-01	2.75903856663746e+12
1.70000000000000e-01	2.16573315174529e+12
1.80000000000000e-01	1.72379592256137e+12
1.90000000000000e-01	1.38913644796430e+12
2.00000000000000e-01	1.13195963887583e+12
2.10000000000000e-01	9.31703689784713e+11
2.20000000000000e-01	7.73893754301132e+11
2.30000000000000e-01	6.48164182900859e+11
2.40000000000000e-01	5.46999778177214e+11
2.50000000000000e-01	4.64854768093078e+11
2.60000000000000e-01	3.97594915037447e+11
2.70000000000000e-01	3.42091706433709e+11
2.80000000000000e-01	2.95971904188742e+11
2.90000000000000e-01	2.57383418768802e+11
3.00000000000000e-01	2.24898874489078e+11
3.10000000000000e-01	1.97395241889916e+11
3.20000000000000e-01	1.73983841241033e+11
3.30000000000000e-01	1.53953090066650e+11
3.40000000000000e-01	1.36733820258506e+11
3.50000000000000e-01	1.21864736382781e+11
3.60000000000000e-01	1.08971049937036e+11
3.70000000000000e-01	9.77454910612414e+10
3.80000000000000e-01	8.79362855199137e+10
3.90000000000000e-01	7.93324350862160e+10
4.00000000000000e-01	7.17607116266778e+10
4.10000000000000e-01	6.50759722607401e+10
4.20000000000000e-01	5.91568783820878e+10
4.30000000000000e-01	5.38997644458015e+10
4.40000000000000e-01	4.92183165513274e+10
4.50000000000000e-01	4.50368790677934e+10
4.60000000000000e-01	4.12937799768003e+10
4.70000000000000e-01	3.79347880266159e+10
4.80000000000000e-01	3.49133932812837e+10
4.90000000000000e-01	3.21894634622470e+10
5.00000000000000e-01	2.97283218962735e+10
5.10000000000000e-01	2.75001062211534e+10
5.20000000000000e-01	2.54796636396627e+10
5.30000000000000e-01	2.36428704340461e+10
5.40000000000000e-01	2.19707651674536e+10
5.50000000000000e-01	2.04458091480077e+10
5.60000000000000e-01	1.90523091700288e+10
5.70000000000000e-01	1.77770628857658e+10
5.80000000000000e-01	1.66086611954841e+10
5.90000000000000e-01	1.55358312084268e+10
6.00000000000000e-01	1.45495069405778e+10
6.10000000000000e-01	1.36414756296025e+10
6.20000000000000e-01	1.28045794234346e+10
6.30000000000000e-01	1.20319676039585e+10
6.40000000000000e-01	1.13180841744936e+10
6.50000000000000e-01	1.06571552615370e+10
6.60000000000000e-01	1.00448942384364e+10
6.70000000000000e-01	9.47678213235336e+09
6.80000000000000e-01	8.94931375680459e+09
6.90000000000000e-01	8.45898065845197e+09
7.00000000000000e-01	8.00259396237619e+09
7.10000000000000e-01	7.57734001007562e+09
7.20000000000000e-01	7.18067029958712e+09
7.30000000000000e-01	6.81054587377996e+09
7.40000000000000e-01	6.46453591834612e+09
7.50000000000000e-01	6.14107438395137e+09
7.60000000000000e-01	5.83817076740247e+09
7.70000000000000e-01	5.55444987418184e+09
7.80000000000000e-01	5.28831238375886e+09
7.90000000000000e-01	5.03858896757775e+09
8.00000000000000e-01	4.80399676722536e+09
8.10000000000000e-01	4.58347884875559e+09
8.20000000000000e-01	4.37608846315097e+09
8.30000000000000e-01	4.18079399781168e+09
8.40000000000000e-01	3.99691232064734e+09
8.50000000000000e-01	3.82349185084816e+09
8.60000000000000e-01	3.65990179848366e+09
8.70000000000000e-01	3.50544657021798e+09
8.80000000000000e-01	3.35955270337358e+09
8.90000000000000e-01	3.22166084450414e+09
9.00000000000000e-01	3.09126496420923e+09
9.10000000000000e-01	2.96782929122105e+09
9.20000000000000e-01	2.85096612748185e+09
9.30000000000000e-01	2.74024613821460e+09
9.40000000000000e-01	2.63533984177374e+09
9.50000000000000e-01	2.53580911151686e+09
9.60000000000000e-01	2.44133575534401e+09
9.70000000000000e-01	2.35169460849107e+09
9.80000000000000e-01	2.26657163401712e+09
9.90000000000000e-01	2.18565141353326e+09
1.00000000000000e+00	2.10880990957633e+09
1.01000000000000e+00	2.03567496918580e+09
1.02000000000000e+00	1.96610579159415e+09
1.03000000000000e+00	1.89994417396823e+09
1.04000000000000e+00	1.83695112228548e+09
1.05000000000000e+00	1.77696906489030e+09
1.06000000000000e+00	1.71982203703391e+09
1.07000000000000e+00	1.66543353746040e+09
1.08000000000000e+00	1.61355914975344e+09
1.09000000000000e+00	1.56409745820321e+09
1.10000000000000e+00	1.51693196101442e+09
1.11000000000000e+00	1.47192622324438e+09
1.12000000000000e+00	1.42892809108860e+09
1.13000000000000e+00	1.38785144314775e+09
1.14000000000000e+00	1.34857608490685e+09
1.15000000000000e+00	1.31098355582132e+09
1.16000000000000e+00	1.27496222591918e+09
1.17000000000000e+00	1.24042785310578e+09
1.18000000000000e+00	1.20727396338019e+09
1.19000000000000e+00	1.17543085843090e+09
1.20000000000000e+00	1.14484185307145e+09
1.21000000000000e+00	1.11542945781418e+09
1.22000000000000e+00	1.08716004397403e+09
1.23000000000000e+00	1.06004759822131e+09
1.24000000000000e+00	1.03404324064750e+09
1.25000000000000e+00	1.00918496202389e+09
1.26000000000000e+00	9.85478100260732e+08
1.27000000000000e+00	9.63015338927310e+08
1.28000000000000e+00	9.41806196706826e+08
1.29000000000000e+00	9.21975435817614e+08
1.30000000000000e+00	9.03593765585185e+08
1.31000000000000e+00	8.86766888337832e+08
1.32000000000000e+00	8.71607005926835e+08
1.33000000000000e+00	8.58192871537060e+08
1.34000000000000e+00	8.46618174870634e+08
1.35000000000000e+00	8.36949474619514e+08
1.36000000000000e+00	8.29221900934052e+08
1.37000000000000e+00	8.23456920834123e+08
1.38000000000000e+00	8.19599319483680e+08
1.39000000000000e+00	8.17587933534646e+08
1.40000000000000e+00	8.17331584677429e+08
1.41000000000000e+00	8.18659934523089e+08
1.42000000000000e+00	8.21410336963997e+08
1.43000000000000e+00	8.25363631203241e+08
1.44000000000000e+00	8.30311459945497e+08
1.45000000000000e+00	8.35982896417090e+08
1.46000000000000e+00	8.42125942752551e+08
1.47000000000000e+00	8.48426893590399e+08
1.48000000000000e+00	8.54611667687142e+08
1.49000000000000e+00	8.60329523028172e+08
1.50000000000000e+00	8.65236644349960e+08
1.51000000000000e+00	8.68949384717181e+08
1.52000000000000e+00	8.71045167865007e+08
1.53000000000000e+00	8.71096332493698e+08
1.54000000000000e+00	8.68605082591989e+08
1.55000000000000e+00	8.63070295166414e+08
1.56000000000000e+00	8.54018253341950e+08
1.57000000000000e+00	8.40988397562073e+08
1.58000000000000e+00	8.23560399866995e+08
1.59000000000000e+00	8.01424574280094e+08
1.60000000000000e+00	7.74392426956425e+08
1.61000000000000e+00	7.42464077569568e+08
1.62000000000000e+00	7.05786608874295e+08
1.63000000000000e+00	6.64759677110129e+08
1.64000000000000e+00	6.20011559294003e+08
1.65000000000000e+00	5.72451221428710e+08
1.66000000000000e+00	5.23188205853859e+08
1.67000000000000e+00	4.73550429584379e+08
1.68000000000000e+00	4.24895236968338e+08
1.69000000000000e+00	3.78551036334484e+08
1.70000000000000e+00	3.35648506533342e+08
1.71000000000000e+00	2.97090864645312e+08
1.72000000000000e+00	2.63499032356922e+08
1.73000000000000e+00	2.35250377150353e+08
1.74000000000000e+00	2.12498417827458e+08
1.75000000000000e+00	1.95172366212927e+08
1.76000000000000e+00	1.83042421469545e+08
1.77000000000000e+00	1.75747098861130e+08
1.78000000000000e+00	1.72842600207659e+08
1.79000000000000e+00	1.73810772130864e+08
1.80000000000000e+00	1.78045495609235e+08
1.81000000000000e+00	1.84856279075089e+08
1.82000000000000e+00	1.93488933653900e+08
1.83000000000000e+00	2.03190917752664e+08
1.84000000000000e+00	2.13298359791998e+08
1.85000000000000e+00	2.23322440552909e+08
1.86000000000000e+00	2.32928693376423e+08
1.87000000000000e+00	2.41949704707580e+08
1.88000000000000e+00	2.50320302269160e+08
1.89000000000000e+00	2.58063115186565e+08
1.90000000000000e+00	2.65273822902799e+08
1.91000000000000e+00	2.72079821722473e+08
1.92000000000000e+00	2.78648420813858e+08
1.93000000000000e+00	2.85129622108804e+08
1.94000000000000e+00	2.91644820394371e+08
1.95000000000000e+00	2.98266207512889e+08
1.96000000000000e+00	3.05004902522223e+08
1.97000000000000e+00	3.11814267308557e+08
1.98000000000000e+00	3.18586191372480e+08
1.99000000000000e+00	3.25174509470041e+08
2.00000000000000e+00	3.31391226877609e+08
2.01000000000000e+00	3.37022921073356e+08
2.02000000000000e+00	3.41856332299419e+08
2.03000000000000e+00	3.45678480440133e+08
2.04000000000000e+00	3.48288128646731e+08
2.05000000000000e+00	3.49521127648683e+08
2.06000000000000e+00	3.49231715674486e+08
2.07000000000000e+00	3.47281538564382e+08
2.08000000000000e+00	3.43539457439793e+08
2.09000000000000e+00	3.37837913833834e+08
2.10000000000000e+00	3.29991036193103e+08
2.11000000000000e+00	3.19833478770765e+08
2.12000000000000e+00	3.07264038232029e+08
2.13000000000000e+00	2.92346613092941e+08
2.14000000000000e+00	2.75363366645864e+08
2.15000000000000e+00	2.56793291392879e+08
2.16000000000000e+00	2.37254982348958e+08
2.17000000000000e+00	2.17359129278788e+08
2.18000000000000e+00	1.97629980944662e+08
2.19000000000000e+00	1.78426198209522e+08
2.20000000000000e+00	1.59971441944198e+08
2.21000000000000e+00	1.42388980430204e+08
2.22000000000000e+00	1.25765866491410e+08
2.23000000000000e+00	1.10214136723323e+08
2.24000000000000e+00	9.58729341656707e+07
2.25000000000000e+00	8.29051174559932e+07
2.26000000000000e+00	7.14383906433081e+07
2.27000000000000e+00	6.15269608211563e+07
2.28000000000000e+00	5.31308786903125e+07
2.29000000000000e+00	4.61241168860202e+07
2.30000000000000e+00	4.03204464790872e+07
2.31000000000000e+00	3.55042829519370e+07
2.32000000000000e+00	3.14575203119347e+07
2.33000000000000e+00	2.79808707109485e+07
2.34000000000000e+00	2.49050627569137e+07
2.35000000000000e+00	2.21035218947406e+07
2.36000000000000e+00	1.94921290319365e+07
2.37000000000000e+00	1.70280183354427e+07
2.38000000000000e+00	1.47017948118304e+07
2.39000000000000e+00	1.25262390481318e+07
2.40000000000000e+00	1.05274446555672e+07
2.41000000000000e+00	8.73817921044378e+06
2.42000000000000e+00	7.19232907360937e+06
2.43000000000000e+00	5.92155072537214e+06
2.44000000000000e+00	4.95126964515995e+06
2.45000000000000e+00	4.29975078838717e+06
2.46000000000000e+00	3.97649051314129e+06
2.47000000000000e+00	3.98300882209670e+06
2.48000000000000e+00	4.31241301776634e+06
2.49000000000000e+00	4.94992721904343e+06
2.50000000000000e+00	5.87202166029626e+06
2.51000000000000e+00	7.04623218902024e+06
2.52000000000000e+00	8.43105639041126e+06
2.53000000000000e+00	9.97543094148063e+06
2.54000000000000e+00	1.16203795312836e+07
2.55000000000000e+00	1.33006025201395e+07
2.56000000000000e+00	1.49473633942952e+07
2.57000000000000e+00	1.64911249644168e+07
2.58000000000000e+00	1.78638740912685e+07
2.59000000000000e+00	1.90014724705490e+07
2.60000000000000e+00	1.98440568890411e+07
2.61000000000000e+00	2.03391548332142e+07
2.62000000000000e+00	2.04447161917253e+07
2.63000000000000e+00	2.01382483126103e+07
2.64000000000000e+00	1.94311721185538e+07
2.65000000000000e+00	1.83760676388542e+07
2.66000000000000e+00	1.70665336263377e+07
2.67000000000000e+00	1.56164537560657e+07
2.68000000000000e+00	1.41329563713951e+07
2.69000000000000e+00	1.26958771704507e+07
2.70000000000000e+00	1.13506488985210e+07
2.71000000000000e+00	1.01136886026888e+07
2.72000000000000e+00	8.98261578828948e+06
2.73000000000000e+00	7.94709094704770e+06
2.74000000000000e+00	6.99605077108886e+06
2.75000000000000e+00	6.12176746480022e+06
2.76000000000000e+00	5.31981403671142e+06
2.77000000000000e+00	4.58857831149452e+06
2.78000000000000e+00	3.92655889637433e+06
2.79000000000000e+00	3.33136556379205e+06
2.80000000000000e+00	2.79866788914386e+06
2.81000000000000e+00	2.32286297394462e+06
2.82000000000000e+00	1.89795073263334e+06
2.83000000000000e+00	1.51859633686565e+06
2.84000000000000e+00	1.18116890063922e+06
2.85000000000000e+00	8.84310826963433e+05
2.86000000000000e+00	6.29079993748042e+05
2.87000000000000e+00	4.18627508732677e+05
2.88000000000000e+00	2.57484563141953e+05
2.89000000000000e+00	1.50668136458579e+05
2.90000000000000e+00	1.02776995416353e+05
2.91000000000000e+00	1.17159968680676e+05
2.92000000000000e+00	1.95208976003262e+05
2.93000000000000e+00	3.35800417147873e+05
2.94000000000000e+00	5.34862738331061e+05
2.95000000000000e+00	7.85241462822866e+05
2.96000000000000e+00	1.07698280465248e+06
2.97000000000000e+00	1.39802324234566e+06
2.98000000000000e+00	1.73544357646864e+06
2.99000000000000e+00	2.07656837507253e+06
3.00000000000000e+00	2.41006819331787e+06
3.01000000000000e+00	2.72634526892978e+06
3.02000000000000e+00	3.01755699624379e+06
3.03000000000000e+00	3.27748131845613e+06
3.04000000000000e+00	3.50141980885209e+06
3.05000000000000e+00	3.68597069193505e+06
3.06000000000000e+00	3.82924357369220e+06
3.07000000000000e+00	3.93111324715307e+06
3.08000000000000e+00	3.99277031347108e+06
3.09000000000000e+00	4.01681340335949e+06
3.10000000000000e+00	4.00688320119179e+06
3.11000000000000e+00	3.96720667483769e+06
3.12000000000000e+00	3.90217536989386e+06
3.13000000000000e+00	3.81579150096253e+06
3.14000000000000e+00	3.71149689591015e+06
3.15000000000000e+00	3.59196828645689e+06
3.16000000000000e+00	3.45931667614904e+06
3.17000000000000e+00	3.31553486774304e+06
3.18000000000000e+00	3.16260911378417e+06
3.19000000000000e+00	3.00312185576063e+06
3.20000000000000e+00	2.83980502752427e+06
3.21000000000000e+00	2.67558158683945e+06
3.22000000000000e+00	2.51299496211815e+06
3.23000000000000e+00	2.35398738520952e+06
3.24000000000000e+00	2.19990772927898e+06
3.25000000000000e+00	2.05157724741343e+06
3.26000000000000e+00	1.90967121860326e+06
3.27000000000000e+00	1.77487045872410e+06
3.28000000000000e+00	1.64792044332127e+06
3.29000000000000e+00	1.52960282102108e+06
3.30000000000000e+00	1.42063881688572e+06
3.31000000000000e+00	1.32141953392503e+06
3.32000000000000e+00	1.23211896810691e+06
3.33000000000000e+00	1.15238347519125e+06
3.34000000000000e+00	1.08136040066200e+06
3.35000000000000e+00	1.01787303054939e+06
3.36000000000000e+00	9.60321422595966e+05
3.37000000000000e+00	9.07016306284411e+05
3.38000000000000e+00	8.56314648235458e+05
3.39000000000000e+00	8.06796553015848e+05
3.40000000000000e+00	7.57426032082934e+05
3.41000000000000e+00	7.07573276369732e+05
3.42000000000000e+00	6.57035060665171e+05
3.43000000000000e+00	6.05955231973061e+05
3.44000000000000e+00	5.54720665591198e+05
3.45000000000000e+00	5.03865176219443e+05
3.46000000000000e+00	4.53987398734858e+05
3.47000000000000e+00	4.05673958846044e+05
3.48000000000000e+00	3.59453629294454e+05
3.49000000000000e+00	3.15759437482984e+05
3.50000000000000e+00	2.74910250989987e+05
3.51000000000000e+00	2.37103834734012e+05
3.52000000000000e+00	2.02425115355837e+05
3.53000000000000e+00	1.70850002767116e+05
3.54000000000000e+00	1.42278255051172e+05
3.55000000000000e+00	1.16557756791561e+05
3.56000000000000e+00	9.35230253083555e+04
3.57000000000000e+00	7.30289908428541e+04
3.58000000000000e+00	5.49777576173478e+04
3.59000000000000e+00	3.93357465640070e+04
3.60000000000000e+00	2.61377359715845e+04
3.61000000000000e+00	1.54803176727636e+04
3.62000000000000e+00	7.51186783560239e+03
3.63000000000000e+00	2.41798135159868e+03
3.64000000000000e+00	4.11330042950807e+02
3.65000000000000e+00	1.72240620519987e+03
3.66000000000000e+00	6.59665711768916e+03
3.67000000000000e+00	1.52971650729908e+04
3.68000000000000e+00	2.81122214044616e+04
3.69000000000000e+00	4.53666542719233e+04
3.70000000000000e+00	6.74292555762116e+04
3.71000000000000e+00	9.47198734488878e+04
3.72000000000000e+00	1.27707474216649e+05
3.73000000000000e+00	1.66913292170902e+05
3.74000000000000e+00	2.12919794815571e+05
3.75000000000000e+00	2.66403915912095e+05
3.76000000000000e+00	3.28195792852601e+05
3.77000000000000e+00	3.99345568673236e+05
3.78000000000000e+00	4.81238047790966e+05
3.79000000000000e+00	5.75680623206915e+05
3.80000000000000e+00	6.84996032733762e+05
3.81000000000000e+00	8.12098914608360e+05
3.82000000000000e+00	9.60568901764843e+05
3.83000000000000e+00	1.13456793690040e+06
3.84000000000000e+00	1.33879921489823e+06
3.85000000000000e+00	1.57830583924946e+06
3.86000000000000e+00	1.85817210238875e+06
3.87000000000000e+00	2.18318304729667e+06
3.88000000000000e+00	2.55739911247870e+06
3.89000000000000e+00	2.98391075544124e+06
3.90000000000000e+00	3.46460902934658e+06
3.91000000000000e+00	4.00016818216543e+06
3.92000000000000e+00	4.59028022379968e+06
3.93000000000000e+00	5.23415519529077e+06
3.94000000000000e+00	5.93123236878949e+06
3.95000000000000e+00	6.68217690535357e+06
3.96000000000000e+00	7.49002872589698e+06
3.97000000000000e+00	8.36177101868907e+06
3.98000000000000e+00	9.30976022831645e+06
3.99000000000000e+00	1.03531262930155e+07
4.00000000000000e+00	1.15185580506139e+07
4.01000000000000e+00	1.28404209576397e+07
4.02000000000000e+00	1.43594960790752e+07
4.03000000000000e+00	1.61206060543001e+07
4.04000000000000e+00	1.81701908277780e+07
4.05000000000000e+00	2.05526763514096e+07
4.06000000000000e+00	2.33066817536613e+07
4.07000000000000e+00	2.64623369077852e+07
4.08000000000000e+00	3.00374842446856e+07
4.09000000000000e+00	3.40356028359032e+07
4.10000000000000e+00	3.84414231621607e+07
4.11000000000000e+00	4.32162026735689e+07
4.12000000000000e+00	4.82922320263566e+07
4.13000000000000e+00	5.35658436340580e+07
4.14000000000000e+00	5.88927092932826e+07
4.15000000000000e+00	6.40852456456679e+07
4.16000000000000e+00	6.89183728945110e+07
4.17000000000000e+00	7.31394435133895e+07
4.18000000000000e+00	7.64946361243332e+07
4.19000000000000e+00	7.87507368301551e+07
4.20000000000000e+00	7.97256339567062e+07
4.21000000000000e+00	7.93137553037087e+07
4.22000000000000e+00	7.75043684538336e+07
4.23000000000000e+00	7.43854602124938e+07
4.24000000000000e+00	7.01363541698546e+07
4.25000000000000e+00	6.50068983048915e+07
4.26000000000000e+00	5.92874478864131e+07
4.27000000000000e+00	5.32791940544614e+07
4.28000000000000e+00	4.72606974495199e+07
4.29000000000000e+00	4.14655812048144e+07
4.30000000000000e+00	3.60677647204578e+07
4.31000000000000e+00	3.11789652548634e+07
4.32000000000000e+00	2.68532833878923e+07
4.33000000000000e+00	2.30985236641170e+07
4.34000000000000e+00	1.98887367535018e+07
4.35000000000000e+00	1.71764799961707e+07
4.36000000000000e+00	1.49024115444963e+07
4.37000000000000e+00	1.30027779309912e+07
4.38000000000000e+00	1.14150779392019e+07
4.39000000000000e+00	1.00807395170302e+07
4.40000000000000e+00	8.94782723709521e+06
4.41000000000000e+00	7.97190958142661e+06
4.42000000000000e+00	7.11652471194396e+06
4.43000000000000e+00	6.35308268599191e+06
4.44000000000000e+00	5.66028796121579e+06
4.45000000000000e+00	5.02341618845808e+06
4.46000000000000e+00	4.43304738708461e+06
4.47000000000000e+00	3.88393978756776e+06
4.48000000000000e+00	3.37383739469197e+06
4.49000000000000e+00	2.90238910734614e+06
4.50000000000000e+00	2.47005114877110e+06
4.51000000000000e+00	2.07756759716058e+06
4.52000000000000e+00	1.72528591212265e+06
4.53000000000000e+00	1.41299135450084e+06
4.54000000000000e+00	1.13969070096806e+06
4.55000000000000e+00	9.03713518596075e+05
4.56000000000000e+00	7.02803879288431e+05
4.57000000000000e+00	5.34344442783809e+05
4.58000000000000e+00	3.95570590925900e+05
4.59000000000000e+00	2.83801549456918e+05
4.60000000000000e+00	1.96663586341429e+05
4.61000000000000e+00	1.32235324188339e+05
4.62000000000000e+00	8.92115505091136e+04
4.63000000000000e+00	6.69903929246689e+04
4.64000000000000e+00	6.57446662056719e+04
4.65000000000000e+00	8.64525914621328e+04
4.66000000000000e+00	1.30889306063525e+05
4.67000000000000e+00	2.01580867347119e+05
4.68000000000000e+00	3.01717677383741e+05
4.69000000000000e+00	4.34997736208512e+05
4.70000000000000e+00	6.05406267531245e+05
4.71000000000000e+00	8.16873402412324e+05
4.72000000000000e+00	1.07282236056802e+06
4.73000000000000e+00	1.37559029220083e+06
4.74000000000000e+00	1.72586214207321e+06
4.75000000000000e+00	2.12202535876334e+06
4.76000000000000e+00	2.55984053473540e+06
4.77000000000000e+00	3.03217878735089e+06
4.78000000000000e+00	3.52922393588298e+06
4.79000000000000e+00	4.03891845504745e+06
4.80000000000000e+00	4.54750337553178e+06
4.81000000000000e+00	5.04050939534888e+06
4.82000000000000e+00	5.50362109709441e+06
4.83000000000000e+00	5.92355049214535e+06
4.84000000000000e+00	6.28897399202503e+06
4.85000000000000e+00	6.59101583744664e+06
4.86000000000000e+00	6.82382541411188e+06
4.87000000000000e+00	6.98450529923810e+06
4.88000000000000e+00	7.07289352447763e+06
4.89000000000000e+00	7.09128543657704e+06
4.90000000000000e+00	7.04397215663490e+06
4.91000000000000e+00	6.93667670355266e+06
4.92000000000000e+00	6.77643569293714e+06
4.93000000000000e+00	6.57105912186780e+06
4.94000000000000e+00	6.32889608634164e+06
4.95000000000000e+00	6.05856057991292e+06
4.96000000000000e+00	5.76841830967693e+06
4.97000000000000e+00	5.46651815778202e+06
4.98000000000000e+00	5.15996707164466e+06
4.99000000000000e+00	4.85499820881708e+06
5.00000000000000e+00	4.55659763946379e+06
5.01000000000000e+00	4.26868362595980e+06
5.02000000000000e+00	3.99411235340259e+06
5.03000000000000e+00	3.73467036157238e+06
5.04000000000000e+00	3.49144115814149e+06
5.05000000000000e+00	3.26481283788533e+06
5.06000000000000e+00	3.05459831475351e+06
5.07000000000000e+00	2.86023808964441e+06
5.08000000000000e+00	2.68071973571459e+06
5.09000000000000e+00	2.51485841071850e+06
5.10000000000000e+00	2.36114752831949e+06
5.11000000000000e+00	2.21810898877289e+06
5.12000000000000e+00	2.08403652366604e+06
5.13000000000000e+00	1.95732821873766e+06
5.14000000000000e+00	1.83641066430765e+06
5.15000000000000e+00	1.71974486496399e+06
5.16000000000000e+00	1.60593377662167e+06
5.17000000000000e+00	1.49373728920491e+06
5.18000000000000e+00	1.38225040031302e+06
5.19000000000000e+00	1.27084802702581e+06
5.20000000000000e+00	1.15947962167718e+06
5.21000000000000e+00	1.04849222859151e+06
5.22000000000000e+00	9.38908250394908e+05
5.23000000000000e+00	8.32295924588923e+05
5.24000000000000e+00	7.30756538534143e+05
5.25000000000000e+00	6.36759982224923e+05
5.26000000000000e+00	5.53015560714838e+05
5.27000000000000e+00	4.82175427608918e+05
5.28000000000000e+00	4.26630641201247e+05
5.29000000000000e+00	3.88232019837864e+05
5.30000000000000e+00	3.68142345573518e+05
5.31000000000000e+00	3.66715673208739e+05
5.32000000000000e+00	3.83521961188006e+05
5.33000000000000e+00	4.17468572158331e+05
5.34000000000000e+00	4.66959628465855e+05
5.35000000000000e+00	5.30119744263559e+05
5.36000000000000e+00	6.04991259151603e+05
5.37000000000000e+00	6.89682564211465e+05
5.38000000000000e+00	7.82453941437168e+05
5.39000000000000e+00	8.81751572029351e+05
5.40000000000000e+00	9.86190601560565e+05
5.41000000000000e+00	1.09444883509639e+06
5.42000000000000e+00	1.20523144258570e+06
5.43000000000000e+00	1.31713530566920e+06
5.44000000000000e+00	1.42862083569184e+06
5.45000000000000e+00	1.53795403291220e+06
5.46000000000000e+00	1.64325754570542e+06
5.47000000000000e+00	1.74254965886490e+06
5.48000000000000e+00	1.83382461102385e+06
5.49000000000000e+00	1.91525974428273e+06
5.50000000000000e+00	1.98522090326059e+06
5.51000000000000e+00	2.04256962862000e+06
5.52000000000000e+00	2.08660338920093e+06
5.53000000000000e+00	2.11723827600287e+06
5.54000000000000e+00	2.13491742272239e+06
5.55000000000000e+00	2.14050444528391e+06
5.56000000000000e+00	2.13527251335251e+06
5.57000000000000e+00	2.12064104651909e+06
5.58000000000000e+00	2.09810969471498e+06
5.59000000000000e+00	2.06927232577054e+06
5.60000000000000e+00	2.03552240581676e+06
5.61000000000000e+00	1.99826054119096e+06
5.62000000000000e+00	1.95869644597688e+06
5.63000000000000e+00	1.91789527257369e+06
5.64000000000000e+00	1.87665616456458e+06
5.65000000000000e+00	1.83574096672235e+06
5.66000000000000e+00	1.79560822356124e+06
5.67000000000000e+00	1.75662599405632e+06
5.68000000000000e+00	1.71906347045635e+06
5.69000000000000e+00	1.68293778377420e+06
5.70000000000000e+00	1.64830108320085e+06
5.71000000000000e+00	1.61511310304082e+06
5.72000000000000e+00	1.58326089735253e+06
5.73000000000000e+00	1.55271916025324e+06
5.74000000000000e+00	1.52328609479606e+06
5.75000000000000e+00	1.49485747751294e+06
5.76000000000000e+00	1.46720447365435e+06
5.77000000000000e+00	1.44021833284921e+06
5.78000000000000e+00	1.41364753343460e+06
5.79000000000000e+00	1.38736877685053e+06
5.80000000000000e+00	1.36116257179636e+06
5.81000000000000e+00	1.33482135610204e+06
5.82000000000000e+00	1.30811025266250e+06
5.83000000000000e+00	1.28077837919634e+06
5.84000000000000e+00	1.25253224999202e+06
5.85000000000000e+00	1.22318817719459e+06
5.86000000000000e+00	1.19262618085175e+06
5.87000000000000e+00	1.16091834012976e+06
5.88000000000000e+00	1.12834737880068e+06
5.89000000000000e+00	1.09537573403413e+06
5.90000000000000e+00	1.06272189361657e+06
5.91000000000000e+00	1.03119568200665e+06
5.92000000000000e+00	1.00166577783690e+06
5.93000000000000e+00	9.74930798245698e+05
5.94000000000000e+00	9.51678888777384e+05
5.95000000000000e+00	9.32367987312208e+05
5.96000000000000e+00	9.17220991826437e+05
5.97000000000000e+00	9.06213159757359e+05
5.98000000000000e+00	8.99091162788594e+05
5.99000000000000e+00	8.95391431821279e+05
6.00000000000000e+00	8.94495025408846e+05
6.01000000000000e+00	8.95700988001811e+05
6.02000000000000e+00	8.98287830759824e+05
6.03000000000000e+00	9.01556366444668e+05
6.04000000000000e+00	9.04898741486007e+05
6.05000000000000e+00	9.07827524976938e+05
6.06000000000000e+00	9.09979893934131e+05
6.07000000000000e+00	9.11150619926614e+05
6.08000000000000e+00	9.11250138447398e+05
6.09000000000000e+00	9.10341746928004e+05
6.10000000000000e+00	9.08589126842800e+05
6.11000000000000e+00	9.06274251982563e+05
6.12000000000000e+00	9.03765781749488e+05
6.13000000000000e+00	9.01490878440914e+05
6.14000000000000e+00	8.99877880501774e+05
6.15000000000000e+00	8.99377418424888e+05
6.16000000000000e+00	9.00346465796668e+05
6.17000000000000e+00	9.03050389676805e+05
6.18000000000000e+00	9.07676591128877e+05
6.19000000000000e+00	9.14251757078256e+05
6.20000000000000e+00	9.22707233461301e+05
6.21000000000000e+00	9.32816269743988e+05
6.22000000000000e+00	9.44269794988407e+05
6.23000000000000e+00	9.56636676321564e+05
6.24000000000000e+00	9.69427345373445e+05
6.25000000000000e+00	9.82117138276889e+05
6.26000000000000e+00	9.94179715248086e+05
6.27000000000000e+00	1.00514547778851e+06
6.28000000000000e+00	1.01457262645981e+06
6.29000000000000e+00	1.02214153655558e+06
6.30000000000000e+00	1.02758921854499e+06
6.31000000000000e+00	1.03072863656644e+06
6.32000000000000e+00	1.03144239421446e+06
6.33000000000000e+00	1.02970819423596e+06
6.34000000000000e+00	1.02553708241899e+06
6.35000000000000e+00	1.01906846781012e+06
6.36000000000000e+00	1.01048554595507e+06
6.37000000000000e+00	1.00001149316326e+06
6.38000000000000e+00	9.87930661311717e+05
6.39000000000000e+00	9.74540222492302e+05
6.40000000000000e+00	9.60129460118006e+05
6.41000000000000e+00	9.45008862371918e+05
6.42000000000000e+00	9.29458121632023e+05
6.43000000000000e+00	9.13764992141527e+05
6.44000000000000e+00	8.98184780700109e+05
6.45000000000000e+00	8.82938382228638e+05
6.46000000000000e+00	8.68217694610861e+05
6.47000000000000e+00	8.54166988834450e+05
6.48000000000000e+00	8.40897036454793e+05
6.49000000000000e+00	8.28474362193950e+05
6.50000000000000e+00	8.16952737782780e+05
6.51000000000000e+00	8.06363783526196e+05
6.52000000000000e+00	7.96730349692612e+05
6.53000000000000e+00	7.88068752917078e+05
6.54000000000000e+00	7.80385921353821e+05
6.55000000000000e+00	7.73685432059848e+05
6.56000000000000e+00	7.67991692420234e+05
6.57000000000000e+00	7.63319183565275e+05
6.58000000000000e+00	7.59728198756975e+05
6.59000000000000e+00	7.57280545277472e+05
6.60000000000000e+00	7.56069105315833e+05
6.61000000000000e+00	7.56166644779118e+05
6.62000000000000e+00	7.57637471294746e+05
6.63000000000000e+00	7.60510956277338e+05
6.64000000000000e+00	7.64790767335992e+05
6.65000000000000e+00	7.70439963651920e+05
6.66000000000000e+00	7.77410805538814e+05
6.67000000000000e+00	7.85625848055970e+05
6.68000000000000e+00	7.94998567803404e+05
6.69000000000000e+00	8.05402417235555e+05
6.70000000000000e+00	8.16684281733545e+05
6.71000000000000e+00	8.28654628618053e+05
6.72000000000000e+00	8.41071926223811e+05
6.73000000000000e+00	8.53679473310796e+05
6.74000000000000e+00	8.66165187814802e+05
6.75000000000000e+00	8.78193437321724e+05
6.76000000000000e+00	8.89410665751254e+05
6.77000000000000e+00	8.99425364350928e+05
6.78000000000000e+00	9.07818206077276e+05
6.79000000000000e+00	9.14163020301192e+05
6.80000000000000e+00	9.18017277461834e+05
6.81000000000000e+00	9.18955592208353e+05
6.82000000000000e+00	9.16575852773229e+05
6.83000000000000e+00	9.10548451780456e+05
6.84000000000000e+00	9.00622764109208e+05
6.85000000000000e+00	8.86643377950290e+05
6.86000000000000e+00	8.68594885432894e+05
6.87000000000000e+00	8.46604211368613e+05
6.88000000000000e+00	8.20944246077675e+05
6.89000000000000e+00	7.92004053528476e+05
6.90000000000000e+00	7.60302286963190e+05
6.91000000000000e+00	7.26448745762537e+05
6.92000000000000e+00	6.91113554486950e+05
6.93000000000000e+00	6.55018613505147e+05
6.94000000000000e+00	6.18865661568865e+05
6.95000000000000e+00	5.83342054675180e+05
6.96000000000000e+00	5.49064441527313e+05
6.97000000000000e+00	5.16560506107294e+05
6.98000000000000e+00	4.86262630951410e+05
6.99000000000000e+00	4.58502812134456e+05
7.00000000000000e+00	4.33520200469112e+05
7.01000000000000e+00	4.11481038895953e+05
7.02000000000000e+00	3.92492831737611e+05
7.03000000000000e+00	3.76618882485299e+05
7.04000000000000e+00	3.63898595399635e+05
7.05000000000000e+00	3.54348083411141e+05
7.06000000000000e+00	3.47976314293991e+05
7.07000000000000e+00	3.44786299675646e+05
7.08000000000000e+00	3.44770075068704e+05
7.09000000000000e+00	3.47914891470609e+05
7.10000000000000e+00	3.54197299223783e+05
7.11000000000000e+00	3.63583984950100e+05
7.12000000000000e+00	3.76015201861365e+05
7.13000000000000e+00	3.91420126194404e+05
7.14000000000000e+00	4.09687482302136e+05
7.15000000000000e+00	4.30675434318849e+05
7.16000000000000e+00	4.54200914447652e+05
7.17000000000000e+00	4.80042163035946e+05
7.18000000000000e+00	5.07943712748073e+05
7.19000000000000e+00	5.37617132611182e+05
7.20000000000000e+00	5.68760363396286e+05
7.21000000000000e+00	6.01035447767183e+05
7.22000000000000e+00	6.34090461754192e+05
7.23000000000000e+00	6.67529796906372e+05
7.24000000000000e+00	7.00912128248127e+05
7.25000000000000e+00	7.33722178194187e+05
7.26000000000000e+00	7.65375922379907e+05
7.27000000000000e+00	7.95201961029636e+05
7.28000000000000e+00	8.22444341864858e+05
7.29000000000000e+00	8.46306506125427e+05
7.30000000000000e+00	8.65982690352358e+05
7.31000000000000e+00	8.80679101021208e+05
7.32000000000000e+00	8.89729771308123e+05
7.33000000000000e+00	8.92648179337028e+05
7.34000000000000e+00	8.89196076485078e+05
7.35000000000000e+00	8.79445047821842e+05
7.36000000000000e+00	8.63811552581697e+05
7.37000000000000e+00	8.43078356910699e+05
7.38000000000000e+00	8.18356462294334e+05
7.39000000000000e+00	7.91037204202758e+05
7.40000000000000e+00	7.62704093963472e+05
7.41000000000000e+00	7.35021920606814e+05
7.42000000000000e+00	7.09596044149662e+05
7.43000000000000e+00	6.87847908834603e+05
7.44000000000000e+00	6.70892620962342e+05
7.45000000000000e+00	6.59438385040884e+05
7.46000000000000e+00	6.53751197259479e+05
7.47000000000000e+00	6.53642012590369e+05
7.48000000000000e+00	6.58511058377720e+05
7.49000000000000e+00	6.67413266058599e+05
7.50000000000000e+00	6.79151933625984e+05
7.51000000000000e+00	6.92379264214364e+05
7.52000000000000e+00	7.05693839319461e+05
7.53000000000000e+00	7.17721982893132e+05
7.54000000000000e+00	7.27179026113860e+05
7.55000000000000e+00	7.32951448361153e+05
7.56000000000000e+00	7.34111048547042e+05
7.57000000000000e+00	7.29954889384381e+05
7.58000000000000e+00	7.20038839993314e+05
7.59000000000000e+00	7.04183210318980e+05
7.60000000000000e+00	6.82483540467806e+05
7.61000000000000e+00	6.55309936516384e+05
7.62000000000000e+00	6.23289123578074e+05
7.63000000000000e+00	5.87273513048517e+05
7.64000000000000e+00	5.48316897549154e+05
7.65000000000000e+00	5.07611389751331e+05
7.66000000000000e+00	4.66432820102670e+05
7.67000000000000e+00	4.26079613187610e+05
7.68000000000000e+00	3.87775062096995e+05
7.69000000000000e+00	3.52604443117861e+05
7.70000000000000e+00	3.21446319065660e+05
7.71000000000000e+00	2.94926613224779e+05
7.72000000000000e+00	2.73392329524430e+05
7.73000000000000e+00	2.56911668763279e+05
7.74000000000000e+00	2.45319679544547e+05
7.75000000000000e+00	2.38255169363407e+05
7.76000000000000e+00	2.35219132804793e+05
7.77000000000000e+00	2.35631764732243e+05
7.78000000000000e+00	2.38879656120536e+05
7.79000000000000e+00	2.44359392148627e+05
7.80000000000000e+00	2.51501174128285e+05
7.81000000000000e+00	2.59802017594754e+05
7.82000000000000e+00	2.68823891419115e+05
7.83000000000000e+00	2.78202792540282e+05
7.84000000000000e+00	2.87650079464520e+05
7.85000000000000e+00	2.96945120431071e+05
7.86000000000000e+00	3.05918363821037e+05
7.87000000000000e+00	3.14457076411561e+05
7.88000000000000e+00	3.22485274999227e+05
7.89000000000000e+00	3.29958065448280e+05
7.90000000000000e+00	3.36862433655850e+05
7.91000000000000e+00	3.43192193631147e+05
7.92000000000000e+00	3.48963435826522e+05
7.93000000000000e+00	3.54183828505273e+05
7.94000000000000e+00	3.58862410394545e+05
7.95000000000000e+00	3.62999812631883e+05
7.96000000000000e+00	3.66584245136281e+05
7.97000000000000e+00	3.69597616214267e+05
7.98000000000000e+00	3.72009488808333e+05
7.99000000000000e+00	3.73803268065398e+05
8.00000000000000e+00	3.74947911798171e+05
8.01000000000000e+00	3.75433227429601e+05
8.02000000000000e+00	3.75249975478460e+05
8.03000000000000e+00	3.74401517032328e+05
8.04000000000000e+00	3.72879255451034e+05
8.05000000000000e+00	3.70688864094823e+05
8.06000000000000e+00	3.67827258170408e+05
8.07000000000000e+00	3.64304266352410e+05
8.08000000000000e+00	3.60137308929229e+05
8.09000000000000e+00	3.55355531449723e+05
8.10000000000000e+00	3.50001000308865e+05
8.11000000000000e+00	3.44143388145542e+05
8.12000000000000e+00	3.37871514950604e+05
8.13000000000000e+00	3.31293024193372e+05
8.14000000000000e+00	3.24530538471674e+05
8.15000000000000e+00	3.17724369754772e+05
8.16000000000000e+00	3.11011449169609e+05
8.17000000000000e+00	3.04534524639484e+05
8.18000000000000e+00	2.98431683681999e+05
8.19000000000000e+00	2.92817199324984e+05
8.20000000000000e+00	2.87789859971989e+05
8.21000000000000e+00	2.83426868007197e+05
8.22000000000000e+00	2.79773963452744e+05
8.23000000000000e+00	2.76849323661057e+05
8.24000000000000e+00	2.74647032025688e+05
8.25000000000000e+00	2.73139591915004e+05
8.26000000000000e+00	2.72271503931154e+05
8.27000000000000e+00	2.71976866408522e+05
8.28000000000000e+00	2.72168179674357e+05
8.29000000000000e+00	2.72748917759453e+05
8.30000000000000e+00	2.73636999336089e+05
8.31000000000000e+00	2.74736455691539e+05
8.32000000000000e+00	2.75970987264268e+05
8.33000000000000e+00	2.77278769078853e+05
8.34000000000000e+00	2.78607706972621e+05
8.35000000000000e+00	2.79914705725826e+05
8.36000000000000e+00	2.81168955000383e+05
8.37000000000000e+00	2.82353379103906e+05
8.38000000000000e+00	2.83451067722931e+05
8.39000000000000e+00	2.84453887556435e+05
8.40000000000000e+00	2.85362244560799e+05
8.41000000000000e+00	2.86179532397643e+05
8.42000000000000e+00	2.86923943061684e+05
8.43000000000000e+00	2.87613964467114e+05
8.44000000000000e+00	2.88279501514777e+05
8.45000000000000e+00	2.88950870217499e+05
8.46000000000000e+00	2.89656823406579e+05
8.47000000000000e+00	2.90421457135807e+05
8.48000000000000e+00	2.91259465825585e+05
8.49000000000000e+00	2.92178513108367e+05
8.50000000000000e+00	2.93179460919440e+05
8.51000000000000e+00	2.94254151205472e+05
8.52000000000000e+00	2.95373657667220e+05
8.53000000000000e+00	2.96499689969783e+05
8.54000000000000e+00	2.97585621026418e+05
8.55000000000000e+00	2.98563638660128e+05
8.56000000000000e+00	2.99367567382399e+05
8.57000000000000e+00	2.99931819933123e+05
8.58000000000000e+00	3.00202735750039e+05
8.59000000000000e+00	3.00139156402984e+05
8.60000000000000e+00	2.99731032070163e+05
8.61000000000000e+00	2.98985936083875e+05
8.62000000000000e+00	2.97921941349181e+05
8.63000000000000e+00	2.96588560178550e+05
8.64000000000000e+00	2.95042455866893e+05
8.65000000000000e+00	2.93357296318243e+05
8.66000000000000e+00	2.91604809762142e+05
8.67000000000000e+00	2.89856279296103e+05
8.68000000000000e+00	2.88193576932342e+05
8.69000000000000e+00	2.86683161590344e+05
8.70000000000000e+00	2.85383250246588e+05
8.71000000000000e+00	2.84339274209667e+05
8.72000000000000e+00	2.83589920130835e+05
8.73000000000000e+00	2.83142023447055e+05
8.74000000000000e+00	2.82996737841977e+05
8.75000000000000e+00	2.83123737311439e+05
8.76000000000000e+00	2.83493118246054e+05
8.77000000000000e+00	2.84040011244204e+05
8.78000000000000e+00	2.84709806919157e+05
8.79000000000000e+00	2.85435554593524e+05
8.80000000000000e+00	2.86152411961418e+05
8.81000000000000e+00	2.86813895581725e+05
8.82000000000000e+00	2.87377155287905e+05
8.83000000000000e+00	2.87813973412234e+05
8.84000000000000e+00	2.88114345790709e+05
8.85000000000000e+00	2.88279424966469e+05
8.86000000000000e+00	2.88311548733636e+05
8.87000000000000e+00	2.88228291478431e+05
8.88000000000000e+00	2.88045149001637e+05
8.89000000000000e+00	2.87789365713655e+05
8.90000000000000e+00	2.87481056508108e+05
8.91000000000000e+00	2.87136553304967e+05
8.92000000000000e+00	2.86767738122517e+05
8.93000000000000e+00	2.86389685113187e+05
8.94000000000000e+00	2.85995746243095e+05
8.95000000000000e+00	2.85590941104614e+05
8.96000000000000e+00	2.85167940470501e+05
8.97000000000000e+00	2.84715210837587e+05
8.98000000000000e+00	2.84217109497036e+05
8.99000000000000e+00	2.83665280933477e+05
9.00000000000000e+00	2.83058625087567e+05
9.01000000000000e+00	2.82404689219324e+05
9.02000000000000e+00	2.81720858111303e+05
9.03000000000000e+00	2.81021628276943e+05
9.04000000000000e+00	2.80334858889436e+05
9.05000000000000e+00	2.79677058423380e+05
9.06000000000000e+00	2.79054762140248e+05
9.07000000000000e+00	2.78463139418197e+05
9.08000000000000e+00	2.77895626305867e+05
9.09000000000000e+00	2.77344596388313e+05
9.10000000000000e+00	2.76795510052351e+05
9.11000000000000e+00	2.76241527404832e+05
9.12000000000000e+00	2.75672168311308e+05
9.13000000000000e+00	2.75085081182401e+05
9.14000000000000e+00	2.74477289571556e+05
9.15000000000000e+00	2.73850928167994e+05
9.16000000000000e+00	2.73210035687935e+05
9.17000000000000e+00	2.72562711832454e+05
9.18000000000000e+00	2.71925478825934e+05
9.19000000000000e+00	2.71305353876824e+05
9.20000000000000e+00	2.70717239903217e+05
9.21000000000000e+00	2.70174782751300e+05
9.22000000000000e+00	2.69682277943367e+05
9.23000000000000e+00	2.69245202687765e+05
9.24000000000000e+00	2.68855666701306e+05
9.25000000000000e+00	2.68501988928340e+05
9.26000000000000e+00	2.68159315590298e+05
9.27000000000000e+00	2.67812215430696e+05
9.28000000000000e+00	2.67435448251250e+05
9.29000000000000e+00	2.67010429663869e+05
9.30000000000000e+00	2.66523867032026e+05
9.31000000000000e+00	2.65974698824592e+05
9.32000000000000e+00	2.65365109729048e+05
9.33000000000000e+00	2.64702999175845e+05
9.34000000000000e+00	2.64007191605459e+05
9.35000000000000e+00	2.63299657637054e+05
9.36000000000000e+00	2.62597077618082e+05
9.37000000000000e+00	2.61923692207637e+05
9.38000000000000e+00	2.61297276366928e+05
9.39000000000000e+00	2.60732232787226e+05
9.40000000000000e+00	2.60239124721487e+05
9.41000000000000e+00	2.59826594628592e+05
9.42000000000000e+00	2.59491729532311e+05
9.43000000000000e+00	2.59231176600849e+05
9.44000000000000e+00	2.59039275362374e+05
9.45000000000000e+00	2.58901386198973e+05
9.46000000000000e+00	2.58805329670353e+05
9.47000000000000e+00	2.58735077663249e+05
9.48000000000000e+00	2.58685484889220e+05
9.49000000000000e+00	2.58643430845114e+05
9.50000000000000e+00	2.58600815700740e+05
9.51000000000000e+00	2.58555992490417e+05
9.52000000000000e+00	2.58501427997646e+05
9.53000000000000e+00	2.58423842393459e+05
9.54000000000000e+00	2.58308250853725e+05
9.55000000000000e+00	2.58136429429032e+05
9.56000000000000e+00	2.57902149344363e+05
9.57000000000000e+00	2.57609949459225e+05
9.58000000000000e+00	2.57277668361335e+05
9.59000000000000e+00	2.56939999056003e+05
9.60000000000000e+00	2.56630860427873e+05
9.61000000000000e+00	2.56377957650941e+05
9.62000000000000e+00	2.56182951187261e+05
9.63000000000000e+00	2.56048785923316e+05
9.64000000000000e+00	2.55947320905246e+05
9.65000000000000e+00	2.55858762000698e+05
9.66000000000000e+00	2.55765033994702e+05
9.67000000000000e+00	2.55651843317162e+05
9.68000000000000e+00	2.55518223479434e+05
9.69000000000000e+00	2.55356829343625e+05
9.70000000000000e+00	2.55167292927440e+05
9.71000000000000e+00	2.54958877863436e+05
9.72000000000000e+00	2.54728540473895e+05
9.73000000000000e+00	2.54476731850348e+05
9.74000000000000e+00	2.54203935505544e+05
9.75000000000000e+00	2.53912622600185e+05
9.76000000000000e+00	2.53607054787114e+05
9.77000000000000e+00	2.53278585683752e+05
9.78000000000000e+00	2.52929608548052e+05
9.79000000000000e+00	2.52562280363067e+05
9.80000000000000e+00	2.52174946963739e+05
9.81000000000000e+00	2.51770222883697e+05
9.82000000000000e+00	2.51352156708757e+05
9.83000000000000e+00	2.50920199713892e+05
9.84000000000000e+00	2.50474364466390e+05
9.85000000000000e+00	2.50018572697367e+05
9.86000000000000e+00	2.49554123709146e+05
9.87000000000000e+00	2.49088900454003e+05
9.88000000000000e+00	2.48641948776868e+05
9.89000000000000e+00	2.48281104142688e+05
9.90000000000000e+00	2.48172092005284e+05
9.91000000000000e+00	2.48671467302272e+05
9.92000000000000e+00	2.50483147439608e+05
9.93000000000000e+00	2.54861825019530e+05
9.94000000000000e+00	2.63838703212354e+05
9.95000000000000e+00	2.80622096947436e+05
9.96000000000000e+00	3.10357421254444e+05
9.97000000000000e+00	3.61824590829950e+05
9.98000000000000e+00	4.51484750437227e+05
9.99000000000000e+00	6.13565366870703e+05
1.00000000000000e+01	9.28320570959634e+05
1.00100000000000e+01	1.60033442149668e+06
1.00200000000000e+01	2.94397589469272e+06
1.00300000000000e+01	3.50712769269961e+06
1.00400000000000e+01	1.87535138561995e+06
1.00500000000000e+01	8.61984150343165e+05
1.00600000000000e+01	4.47476269647642e+05
1.00700000000000e+01	2.61231559836723e+05
1.00800000000000e+01	1.66318567846626e+05
1.00900000000000e+01	1.12836052758026e+05
1.01000000000000e+01	8.03035516532104e+04
1.01100000000000e+01	5.93131920737386e+04
1.01200000000000e+01	4.51248758525149e+04
1.01300000000000e+01	3.51689693592595e+04
1.01400000000000e+01	2.79647166067908e+04
1.01500000000000e+01	2.26157795262618e+04
1.01600000000000e+01	1.85567890567024e+04
1.01700000000000e+01	1.54186065064164e+04
1.01800000000000e+01	1.29523629676236e+04
1.01900000000000e+01	1.09862926452593e+04
1.02000000000000e+01	9.39931352692640e+03
1.02100000000000e+01	8.10360649151409e+03
1.02200000000000e+01	7.03510677314520e+03
1.02300000000000e+01	6.14586778602243e+03
1.02400000000000e+01	5.39981945732936e+03
1.02500000000000e+01	4.76916347555733e+03
1.02600000000000e+01	4.23238289746996e+03
1.02700000000000e+01	3.77268474433051e+03
1.02800000000000e+01	3.37671958879748e+03
1.02900000000000e+01	3.03382457276961e+03
1.03000000000000e+01	2.73541928792851e+03
1.03100000000000e+01	2.47453747978586e+03
1.03200000000000e+01	2.24551515575033e+03
1.03300000000000e+01	2.04363528021441e+03
1.03400000000000e+01	1.86498766780714e+03
1.03500000000000e+01	1.70634320940549e+03
1.03600000000000e+01	1.56499480000134e+03
1.03700000000000e+01	1.43862047409567e+03
1.03800000000000e+01	1.32531414676027e+03
1.03900000000000e+01	1.22342269287181e+03
1.04000000000000e+01	1.13153358359521e+03
1.04100000000000e+01	1.04844850889672e+03
1.04200000000000e+01	9.73156883165284e+02
1.04300000000000e+01	9.04736085670895e+02
1.04400000000000e+01	8.42452505284752e+02
1.04500000000000e+01	7.85625822602727e+02
1.04600000000000e+01	7.33674100890067e+02
1.04700000000000e+01	6.86092059410155e+02
1.04800000000000e+01	6.42434842428536e+02
1.04900000000000e+01	6.02316511811464e+02
1.05000000000000e+01	5.65387260560530e+02
1.05100000000000e+01	5.31352405647560e+02
1.05200000000000e+01	4.99925260425088e+02
1.05300000000000e+01	4.70873658908589e+02
1.05400000000000e+01	4.43973573732952e+02
1.05500000000000e+01	4.19042555292904e+02
1.05600000000000e+01	3.95901025662242e+02
1.05700000000000e+01	3.74390761649868e+02
1.05800000000000e+01	3.54373077381895e+02
1.05900000000000e+01	3.35721302631032e+02
1.06000000000000e+01	3.18321780460433e+02
1.06100000000000e+01	3.02071879254650e+02
1.06200000000000e+01	2.86878626175575e+02
1.06300000000000e+01	2.72657106870971e+02
1.06400000000000e+01	2.59331120473604e+02
1.06500000000000e+01	2.46830818724134e+02
1.06600000000000e+01	2.35093690637406e+02
1.06700000000000e+01	2.24061981950566e+02
1.06800000000000e+01	2.13683184566570e+02
1.06900000000000e+01	2.03913179793269e+02
1.07000000000000e+01	1.94701383061729e+02
1.07100000000000e+01	1.86012098528277e+02
1.07200000000000e+01	1.77809723924956e+02
1.07300000000000e+01	1.70060868380075e+02
1.07400000000000e+01	1.62735624416385e+02
1.07500000000000e+01	1.55805627426454e+02
1.07600000000000e+01	1.49247861493589e+02
1.07700000000000e+01	1.43037020138427e+02
1.07800000000000e+01	1.37153285307518e+02
1.07900000000000e+01	1.31575956051344e+02
1.08000000000000e+01	1.26286938606352e+02
1.08100000000000e+01	1.21268180208330e+02
1.08200000000000e+01	1.16503930230784e+02
1.08300000000000e+01	1.11977112383459e+02
1.08400000000000e+01	1.07676260203592e+02
1.08500000000000e+01	1.03585781717075e+02
1.08600000000000e+01	9.96918743469445e+01
1.08700000000000e+01	9.59841043594407e+01
1.08800000000000e+01	9.24522785138728e+01
1.08900000000000e+01	8.90829008694504e+01
1.09000000000000e+01	8.58678995443890e+01
1.09100000000000e+01	8.27981171372465e+01
1.09200000000000e+01	7.98650019083881e+01
1.09300000000000e+01	7.70603062205763e+01
1.09400000000000e+01	7.43764042183988e+01
1.09500000000000e+01	7.18062946279046e+01
1.09600000000000e+01	6.93449099472970e+01
1.09700000000000e+01	6.69851047193610e+01
1.09800000000000e+01	6.47217524312975e+01
1.09900000000000e+01	6.25503431339913e+01
1.10000000000000e+01	6.04665230763346e+01
1.10100000000000e+01	5.84661368761776e+01
1.10200000000000e+01	5.65456899593205e+01
1.10300000000000e+01	5.47020751529402e+01
1.10400000000000e+01	5.29313568827348e+01
1.10500000000000e+01	5.12317467594296e+01
1.10600000000000e+01	4.96012618754667e+01
1.10700000000000e+01	4.80367596539321e+01
1.10800000000000e+01	4.65361771769868e+01
1.10900000000000e+01	4.50973199332954e+01
1.11000000000000e+01	4.37168798420327e+01
1.11100000000000e+01	4.23940289448661e+01
1.11200000000000e+01	4.11243479135869e+01
1.11300000000000e+01	3.99064278827450e+01
1.11400000000000e+01	3.87370290904113e+01
1.11500000000000e+01	3.76146351101867e+01
1.11600000000000e+01	3.65355218993662e+01
1.11700000000000e+01	3.54987050471036e+01
1.11800000000000e+01	3.45004618377215e+01
1.11900000000000e+01	3.35387132010640e+01
1.12000000000000e+01	3.26123062171078e+01
1.12100000000000e+01	3.17186046226085e+01
1.12200000000000e+01	3.08562946051431e+01
1.12300000000000e+01	3.00236784124111e+01
1.12400000000000e+01	2.92191896081814e+01
1.12500000000000e+01	2.84418737273163e+01
1.12600000000000e+01	2.76897489976789e+01
1.12700000000000e+01	2.69622906154293e+01
1.12800000000000e+01	2.62585638051445e+01
1.12900000000000e+01	2.55773965754996e+01
1.13000000000000e+01	2.49176833275994e+01
1.13100000000000e+01	2.42788574358247e+01
1.13200000000000e+01	2.36600354180431e+01
1.13300000000000e+01	2.30606867090513e+01
1.13400000000000e+01	2.24793696986913e+01
1.13500000000000e+01	2.19160036394285e+01
1.13600000000000e+01	2.13697045332916e+01
1.13700000000000e+01	2.08397279577011e+01
1.13800000000000e+01	2.03254223715829e+01
1.13900000000000e+01	1.98262357236958e+01
1.14000000000000e+01	1.93417611500569e+01
1.14100000000000e+01	1.88712255038671e+01
1.14200000000000e+01	1.84145603358403e+01
1.14300000000000e+01	1.79709214787952e+01
1.14400000000000e+01	1.75400960502259e+01
1.14500000000000e+01	1.71214554724865e+01
1.14600000000000e+01	1.67148126282267e+01
1.14700000000000e+01	1.63197377807427e+01
1.14800000000000e+01	1.59358580439584e+01
1.14900000000000e+01	1.55625540528550e+01
1.15000000000000e+01	1.51998189121410e+01
1.15100000000000e+01	1.48471511887654e+01
1.15200000000000e+01	1.45040297431753e+01
1.15300000000000e+01	1.41704955327168e+01
1.15400000000000e+01	1.38461412149248e+01
1.15500000000000e+01	1.35307262891729e+01
1.15600000000000e+01	1.32244018978503e+01
1.15700000000000e+01	1.29263477391346e+01
1.15800000000000e+01	1.26371953124511e+01
1.15900000000000e+01	1.23562483972491e+01
1.16000000000000e+01	1.20835915479847e+01
1.16100000000000e+01	1.18189834401052e+01
1.16200000000000e+01	1.15624991719849e+01
1.16300000000000e+01	1.13136004446494e+01
1.16400000000000e+01	1.10719243841917e+01
1.16500000000000e+01	1.08374512088084e+01
1.16600000000000e+01	1.06098103111554e+01
1.16700000000000e+01	1.03886633563749e+01
1.16800000000000e+01	1.01733975756191e+01
1.16900000000000e+01	9.96384539446268e+00
1.17000000000000e+01	9.75947237304675e+00
1.17100000000000e+01	9.56013082321615e+00
1.17200000000000e+01	9.36548278474563e+00
1.17300000000000e+01	9.17507814737280e+00
1.17400000000000e+01	8.98889516713033e+00
1.17500000000000e+01	8.80676195453313e+00
1.17600000000000e+01	8.62839736439864e+00
1.17700000000000e+01	8.45383779651747e+00
1.17800000000000e+01	8.28318725224724e+00
1.17900000000000e+01	8.11618136881753e+00
1.18000000000000e+01	7.95304811740962e+00
1.18100000000000e+01	7.79365411171098e+00
1.18200000000000e+01	7.63817548208202e+00
1.18300000000000e+01	7.48662678133493e+00
1.18400000000000e+01	7.33885249731540e+00
1.18500000000000e+01	7.19496211208759e+00
1.18600000000000e+01	7.05488927738099e+00
1.18700000000000e+01	6.91846336478483e+00
1.18800000000000e+01	6.78564562624338e+00
1.18900000000000e+01	6.65624576093240e+00
1.19000000000000e+01	6.53023447887562e+00
1.19100000000000e+01	6.40735449288181e+00
1.19200000000000e+01	6.28757720078208e+00
1.19300000000000e+01	6.17078336832465e+00
1.19400000000000e+01	6.05666841789050e+00
1.19500000000000e+01	5.94523885574597e+00
1.19600000000000e+01	5.83636700967006e+00
1.19700000000000e+01	5.72982955023533e+00
1.19800000000000e+01	5.62549338106039e+00
1.19900000000000e+01	5.52337249473687e+00
1.20000000000000e+01	5.42334775125551e+00
1.20100000000000e+01	5.32538838305784e+00
1.20200000000000e+01	5.22923875544677e+00
1.20300000000000e+01	5.13513835518868e+00
1.20400000000000e+01	5.04287970536226e+00
1.20500000000000e+01	4.95251134521086e+00
1.20600000000000e+01	4.86399562957578e+00
1.20700000000000e+01	4.77728363260379e+00
1.20800000000000e+01	4.69259364613553e+00
1.20900000000000e+01	4.60974642175672e+00
1.21000000000000e+01	4.52876407306881e+00
1.21100000000000e+01	4.44973944105648e+00
1.21200000000000e+01	4.37256042434332e+00
1.21300000000000e+01	4.29734703467173e+00
1.21400000000000e+01	4.22386906579882e+00
1.21500000000000e+01	4.15223522712906e+00
1.21600000000000e+01	4.08233323715297e+00
1.21700000000000e+01	4.01406131625012e+00
1.21800000000000e+01	3.94738660664734e+00
1.21900000000000e+01	3.88218912174321e+00
1.22000000000000e+01	3.81842402623953e+00
1.22100000000000e+01	3.75595464445524e+00
1.22200000000000e+01	3.69475336309791e+00
1.22300000000000e+01	3.63474662092148e+00
1.22400000000000e+01	3.57577964997676e+00
1.22500000000000e+01	3.51779498283251e+00
1.22600000000000e+01	3.46081347431357e+00
1.22700000000000e+01	3.40476675140746e+00
1.22800000000000e+01	3.34950588183781e+00
1.22900000000000e+01	3.29504183087469e+00
1.23000000000000e+01	3.24134771123313e+00
1.23100000000000e+01	3.18842270902732e+00
1.23200000000000e+01	3.13616270592860e+00
1.23300000000000e+01	3.08453975159509e+00
1.23400000000000e+01	3.03362659666361e+00
1.23500000000000e+01	2.98341845813715e+00
1.23600000000000e+01	2.93385460287382e+00
1.23700000000000e+01	2.88501366956370e+00
1.23800000000000e+01	2.83683688996888e+00
1.23900000000000e+01	2.78939650882751e+00
1.24000000000000e+01	2.74272272684198e+00
1.24100000000000e+01	2.69689270636738e+00
1.24200000000000e+01	2.65183469761832e+00
1.24300000000000e+01	2.60762925123050e+00
1.24400000000000e+01	2.56426430601450e+00
1.24500000000000e+01	2.52170548414426e+00
1.24600000000000e+01	2.48001784133218e+00
1.24700000000000e+01	2.43919296424504e+00
1.24800000000000e+01	2.39917875371798e+00
1.24900000000000e+01	2.35993674466714e+00
1.25000000000000e+01	2.32154150285612e+00
1.25100000000000e+01	2.28391037517808e+00
1.25200000000000e+01	2.24707191665407e+00
1.25300000000000e+01	2.21100809942364e+00
1.25400000000000e+01	2.17570597385226e+00
1.25500000000000e+01	2.14113250441141e+00
1.25600000000000e+01	2.10730831400124e+00
1.25700000000000e+01	2.07420216483442e+00
1.25800000000000e+01	2.04182009379495e+00
1.25900000000000e+01	2.01013208563892e+00
1.26000000000000e+01	1.97912067818594e+00
1.26100000000000e+01	1.94876079103021e+00
1.26200000000000e+01	1.91904142871128e+00
1.26300000000000e+01	1.88992787236026e+00
1.26400000000000e+01	1.86139764493278e+00
1.26500000000000e+01	1.83343747209816e+00
1.26600000000000e+01	1.80604166821773e+00
1.26700000000000e+01	1.77917200321973e+00
1.26800000000000e+01	1.75283105513098e+00
1.26900000000000e+01	1.72701117953746e+00
1.27000000000000e+01	1.70170354840088e+00
1.27100000000000e+01	1.67690865512131e+00
1.27200000000000e+01	1.65262305046694e+00
1.27300000000000e+01	1.62882802068404e+00
1.27400000000000e+01	1.60554099727887e+00
1.27500000000000e+01	1.58274183663322e+00
1.27600000000000e+01	1.56042695101761e+00
1.27700000000000e+01	1.53857887579342e+00
1.27800000000000e+01	1.51719624918213e+00
1.27900000000000e+01	1.49624881231147e+00
1.28000000000000e+01	1.47573353158271e+00
1.28100000000000e+01	1.45561954110763e+00
1.28200000000000e+01	1.43591200676753e+00
1.28300000000000e+01	1.41657568311291e+00
1.28400000000000e+01	1.39760752387891e+00
1.28500000000000e+01	1.37899958478944e+00
1.28600000000000e+01	1.36072694116920e+00
1.28700000000000e+01	1.34279765730602e+00
1.28800000000000e+01	1.32518557894156e+00
1.28900000000000e+01	1.30789262987767e+00
1.29000000000000e+01	1.29090477260179e+00
1.29100000000000e+01	1.27421722657091e+00
1.29200000000000e+01	1.25782014889301e+00
1.29300000000000e+01	1.24170924673664e+00
1.29400000000000e+01	1.22586472731268e+00
1.29500000000000e+01	1.21029561837712e+00
1.29600000000000e+01	1.19497018564760e+00
1.29700000000000e+01	1.17990615177554e+00
1.29800000000000e+01	1.16507767718334e+00
1.29900000000000e+01	1.15049700453031e+00
1.30000000000000e+01	1.13614100664357e+00
1.30100000000000e+01	1.12201941566557e+00
1.30200000000000e+01	1.10812586755115e+00
1.30300000000000e+01	1.09445811821247e+00
1.30400000000000e+01	1.08100019947394e+00
1.30500000000000e+01	1.06775736368813e+00
1.30600000000000e+01	1.05470973242413e+00
1.30700000000000e+01	1.04185337900794e+00
1.30800000000000e+01	1.02916935055116e+00
1.30900000000000e+01	1.01665453612751e+00
1.31000000000000e+01	1.00428583545956e+00
1.31100000000000e+01	9.92072445247306e-01
1.31200000000000e+01	9.79981310277388e-01
1.31300000000000e+01	9.68018885704577e-01
1.31400000000000e+01	9.56174494262990e-01
1.31500000000000e+01	9.44452732941119e-01
1.31600000000000e+01	9.32856342502714e-01
1.31700000000000e+01	9.21381167936656e-01
1.31800000000000e+01	9.10032123425289e-01
1.31900000000000e+01	8.98826225420837e-01
1.32000000000000e+01	8.87753575749147e-01
1.32100000000000e+01	8.76825116235736e-01
1.32200000000000e+01	8.66040869177468e-01
1.32300000000000e+01	8.55398583829422e-01
1.32400000000000e+01	8.44904423843209e-01
1.32500000000000e+01	8.34541736786976e-01
1.32600000000000e+01	8.24308016356713e-01
1.32700000000000e+01	8.14208708455910e-01
1.32800000000000e+01	8.04231729402954e-01
1.32900000000000e+01	7.94374883739189e-01
1.33000000000000e+01	7.84640331538418e-01
1.33100000000000e+01	7.75022846615085e-01
1.33200000000000e+01	7.65528661532883e-01
1.33300000000000e+01	7.56154327762034e-01
1.33400000000000e+01	7.46911435853915e-01
1.33500000000000e+01	7.37801974861827e-01
1.33600000000000e+01	7.28823202995861e-01
1.33700000000000e+01	7.19981285967049e-01
1.33800000000000e+01	7.11283190944911e-01
1.33900000000000e+01	7.02726738706933e-01
1.34000000000000e+01	6.94306205114004e-01
1.34100000000000e+01	6.86023704639886e-01
1.34200000000000e+01	6.77878662929961e-01
1.34300000000000e+01	6.69861477572487e-01
1.34400000000000e+01	6.61971626068120e-01
1.34500000000000e+01	6.54204314635670e-01
1.34600000000000e+01	6.46552076913322e-01
1.34700000000000e+01	6.39008965313499e-01
1.34800000000000e+01	6.31578855421168e-01
1.34900000000000e+01	6.24244251464065e-01
1.35000000000000e+01	6.17013715697332e-01
1.35100000000000e+01	6.09868379668113e-01
1.35200000000000e+01	6.02815128479097e-01
1.35300000000000e+01	5.95846439801046e-01
1.35400000000000e+01	5.88958019006360e-01
1.35500000000000e+01	5.82140959897862e-01
1.35600000000000e+01	5.75399027422185e-01
1.35700000000000e+01	5.68722839159640e-01
1.35800000000000e+01	5.62115163814251e-01
1.35900000000000e+01	5.55564932536941e-01
1.36000000000000e+01	5.49082252366536e-01
1.36100000000000e+01	5.42656975390909e-01
1.36200000000000e+01	5.36293766448122e-01
1.36300000000000e+01	5.29986975051858e-01
1.36400000000000e+01	5.23747236387391e-01
1.36500000000000e+01	5.17572640568311e-01
1.36600000000000e+01	5.11462350905914e-01
1.36700000000000e+01	5.05423545200826e-01
1.36800000000000e+01	4.99461257856330e-01
1.36900000000000e+01	4.93577017406751e-01
1.37000000000000e+01	4.87771609817134e-01
1.37100000000000e+01	4.82053814754446e-01
1.37200000000000e+01	4.76423017527854e-01
1.37300000000000e+01	4.70891870166353e-01
1.37400000000000e+01	4.65452230821424e-01
1.37500000000000e+01	4.60115546535931e-01
1.37600000000000e+01	4.54875668970883e-01
1.37700000000000e+01	4.49734504694725e-01
1.37800000000000e+01	4.44691131297001e-01
1.37900000000000e+01	4.39740264905094e-01
1.38000000000000e+01	4.34884938670131e-01
1.38100000000000e+01	4.30111884287463e-01
1.38200000000000e+01	4.25422500203420e-01
1.38300000000000e+01	4.20808425757697e-01
1.38400000000000e+01	4.16266770738551e-01
1.38500000000000e+01	4.11794206628100e-01
1.38600000000000e+01	4.07382233106849e-01
1.38700000000000e+01	4.03028394438311e-01
1.38800000000000e+01	3.98734888236250e-01
1.38900000000000e+01	3.94489723700079e-01
1.39000000000000e+01	3.90294022229542e-01
1.39100000000000e+01	3.86149310012208e-01
1.39200000000000e+01	3.82047752683595e-01
1.39300000000000e+01	3.77991224961828e-01
1.39400000000000e+01	3.73977702886293e-01
1.39500000000000e+01	3.70007748015703e-01
1.39600000000000e+01	3.66076548203998e-01
1.39700000000000e+01	3.62185532158388e-01
1.39800000000000e+01	3.58335964469692e-01
1.39900000000000e+01	3.54524335333265e-01
1.40000000000000e+01	3.50756237690310e-01
1.40100000000000e+01	3.47026813579508e-01
1.40200000000000e+01	3.43339053082617e-01
1.40300000000000e+01	3.39693937643503e-01
1.40400000000000e+01	3.36095853657590e-01
1.40500000000000e+01	3.32540849071860e-01
1.40600000000000e+01	3.29032776937156e-01
1.40700000000000e+01	3.25572435886835e-01
1.40800000000000e+01	3.22159320645327e-01
1.40900000000000e+01	3.18792160161172e-01
1.41000000000000e+01	3.15470857704264e-01
1.41100000000000e+01	3.12195634341207e-01
1.41200000000000e+01	3.08962201052821e-01
1.41300000000000e+01	3.05770407657714e-01
1.41400000000000e+01	3.02616939348979e-01
1.41500000000000e+01	2.99495958411839e-01
1.41600000000000e+01	2.96409473541201e-01
1.41700000000000e+01	2.93351214326235e-01
1.41800000000000e+01	2.90320531229847e-01
1.41900000000000e+01	2.87316329461366e-01
1.42000000000000e+01	2.84336595794065e-01
1.42100000000000e+01	2.81381644822005e-01
1.42200000000000e+01	2.78456013315446e-01
1.42300000000000e+01	2.75555977591804e-01
1.42400000000000e+01	2.72684903439689e-01
1.42500000000000e+01	2.69846136275205e-01
1.42600000000000e+01	2.67037474747950e-01
1.42700000000000e+01	2.64264672998171e-01
1.42800000000000e+01	2.61529867524087e-01
1.42900000000000e+01	2.58829839370049e-01
1.43000000000000e+01	2.56167053205268e-01
1.43100000000000e+01	2.53542838736847e-01
1.43200000000000e+01	2.50951840275721e-01
1.43300000000000e+01	2.48398518724532e-01
1.43400000000000e+01	2.45878775075811e-01
1.43500000000000e+01	2.43394453144243e-01
1.43600000000000e+01	2.40942076705384e-01
1.43700000000000e+01	2.38519553749286e-01
1.43800000000000e+01	2.36130011464170e-01
1.43900000000000e+01	2.33771818473043e-01
1.44000000000000e+01	2.31445899675872e-01
1.44100000000000e+01	2.29148516893791e-01
1.44200000000000e+01	2.26882806515852e-01
1.44300000000000e+01	2.24646737943362e-01
1.44400000000000e+01	2.22444009863371e-01
1.44500000000000e+01	2.20268505362761e-01
1.44600000000000e+01	2.18125231592209e-01
1.44700000000000e+01	2.16010023230168e-01
1.44800000000000e+01	2.13923170618276e-01
1.44900000000000e+01	2.11864761893616e-01
1.45000000000000e+01	2.09833052891360e-01
1.45100000000000e+01	2.07828973384110e-01
1.45200000000000e+01	2.05849565541820e-01
1.45300000000000e+01	2.03894071042204e-01
1.45400000000000e+01	2.01964427845520e-01
1.45500000000000e+01	2.00055793321149e-01
1.45600000000000e+01	1.98169448392641e-01
1.45700000000000e+01	1.96305775667467e-01
1.45800000000000e+01	1.94459993007183e-01
1.45900000000000e+01	1.92637835950058e-01
1.46000000000000e+01	1.90833185229507e-01
1.46100000000000e+01	1.89045744380393e-01
1.46200000000000e+01	1.87279755348148e-01
1.46300000000000e+01	1.85529201258839e-01
1.46400000000000e+01	1.83797911201279e-01
1.46500000000000e+01	1.82086140736528e-01
1.46600000000000e+01	1.80390182407193e-01
1.46700000000000e+01	1.78713508322442e-01
1.46800000000000e+01	1.77056384505473e-01
1.46900000000000e+01	1.75417755323750e-01
1.47000000000000e+01	1.73798917999699e-01
1.47100000000000e+01	1.72198220642564e-01
1.47200000000000e+01	1.70616056287976e-01
1.47300000000000e+01	1.69053023961877e-01
1.47400000000000e+01	1.67508782908739e-01
1.47500000000000e+01	1.65983073099525e-01
1.47600000000000e+01	1.64474371672984e-01
1.47700000000000e+01	1.62982948994281e-01
1.47800000000000e+01	1.61506603814815e-01
1.47900000000000e+01	1.60045780528451e-01
1.48000000000000e+01	1.58599121608692e-01
1.48100000000000e+01	1.57164440790280e-01
1.48200000000000e+01	1.55744688970689e-01
1.48300000000000e+01	1.54335074186987e-01
1.48400000000000e+01	1.52937407981240e-01
1.48500000000000e+01	1.51551133794612e-01
1.48600000000000e+01	1.50175692574490e-01
1.48700000000000e+01	1.48810873795533e-01
1.48800000000000e+01	1.47456669766297e-01
1.48900000000000e+01	1.46112574530753e-01
1.49000000000000e+01	1.44780818848891e-01
1.49100000000000e+01	1.43459357938573e-01
1.49200000000000e+01	1.42149673014064e-01
1.49300000000000e+01	1.40851818080160e-01
1.49400000000000e+01	1.39565885666020e-01
1.49500000000000e+01	1.38292055821194e-01
1.49600000000000e+01	1.37031690754553e-01
1.49700000000000e+01	1.35785034454426e-01
1.49800000000000e+01	1.34551308091275e-01
1.49900000000000e+01	1.33332336545465e-01
1.50000000000000e+01	1.32126261209330e-01
1.50100000000000e+01	1.30935368449242e-01
1.50200000000000e+01	1.29756352594963e-01
1.50300000000000e+01	1.28591885680955e-01
1.50400000000000e+01	1.27441091467840e-01
1.50500000000000e+01	1.26302392652967e-01
1.50600000000000e+01	1.25176497768228e-01
1.50700000000000e+01	1.24061874422844e-01
1.50800000000000e+01	1.22957833020498e-01
1.50900000000000e+01	1.21865995647134e-01
1.51000000000000e+01	1.20782615015648e-01
1.51100000000000e+01	1.19709207899398e-01
1.51200000000000e+01	1.18645967862517e-01
1.51300000000000e+01	1.17589660822147e-01
1.51400000000000e+01	1.16543500107871e-01
1.51500000000000e+01	1.15504425701628e-01
1.51600000000000e+01	1.14472886831808e-01
1.51700000000000e+01	1.13450371712855e-01
1.51800000000000e+01	1.12436530360566e-01
1.51900000000000e+01	1.11430697532333e-01
1.52000000000000e+01	1.10433456674441e-01
1.52100000000000e+01	1.09444903624165e-01
1.52200000000000e+01	1.08466277012030e-01
1.52300000000000e+01	1.07495497642160e-01
1.52400000000000e+01	1.06532430981978e-01
1.52500000000000e+01	1.05577493186707e-01
1.52600000000000e+01	1.04629276242397e-01
1.52700000000000e+01	1.03687184655282e-01
1.52800000000000e+01	1.02750556019578e-01
1.52900000000000e+01	1.01817066125822e-01
1.53000000000000e+01	1.00886206745511e-01
1.53100000000000e+01	9.99555922348460e-02
1.53200000000000e+01	9.90260187806000e-02
1.53300000000000e+01	9.80962990041246e-02
1.53400000000000e+01	9.71637426185626e-02
1.53500000000000e+01	9.62294500368946e-02
1.53600000000000e+01	9.52942509325768e-02
1.53700000000000e+01	9.43564406404699e-02
1.53800000000000e+01	9.34172606391841e-02
1.53900000000000e+01	9.24781976495053e-02
1.54000000000000e+01	9.15397843498678e-02
1.54100000000000e+01	9.06041124101676e-02
1.54200000000000e+01	8.96724843330786e-02
1.54300000000000e+01	8.87476204933840e-02
1.54400000000000e+01	8.78312045517389e-02
1.54500000000000e+01	8.69262353765059e-02
1.54600000000000e+01	8.60342619455219e-02
1.54700000000000e+01	8.51601784420808e-02
1.54800000000000e+01	8.43036669682605e-02
1.54900000000000e+01	8.34688124520289e-02
1.55000000000000e+01	8.26562444313830e-02
1.55100000000000e+01	8.18684903510190e-02
1.55200000000000e+01	8.11065022826822e-02
1.55300000000000e+01	8.03705764335419e-02
1.55400000000000e+01	7.96593173751508e-02
1.55500000000000e+01	7.89733711364477e-02
1.55600000000000e+01	7.83097206406595e-02
1.55700000000000e+01	7.76673855139408e-02
1.55800000000000e+01	7.70447451163160e-02
1.55900000000000e+01	7.64384212769650e-02
1.56000000000000e+01	7.58452394889757e-02
1.56100000000000e+01	7.52646173084554e-02
1.56200000000000e+01	7.46921348475689e-02
1.56300000000000e+01	7.41272075517936e-02
1.56400000000000e+01	7.35671543182533e-02
1.56500000000000e+01	7.30098174435271e-02
1.56600000000000e+01	7.24541187783005e-02
1.56700000000000e+01	7.18990931835883e-02
1.56800000000000e+01	7.13434696996804e-02
1.56900000000000e+01	7.07874679449672e-02
1.57000000000000e+01	7.02296768123930e-02
1.57100000000000e+01	6.96702671484078e-02
1.57200000000000e+01	6.91097416647520e-02
1.57300000000000e+01	6.85486039242463e-02
1.57400000000000e+01	6.79865044797311e-02
1.57500000000000e+01	6.74249497559280e-02
1.57600000000000e+01	6.68645144874921e-02
1.57700000000000e+01	6.63055827607435e-02
1.57800000000000e+01	6.57494628974670e-02
1.57900000000000e+01	6.51987123955429e-02
1.58000000000000e+01	6.46526281486557e-02
1.58100000000000e+01	6.41129525750536e-02
1.58200000000000e+01	6.35809829137022e-02
1.58300000000000e+01	6.30577534293591e-02
1.58400000000000e+01	6.25438919433282e-02
1.58500000000000e+01	6.20399975196050e-02
1.58600000000000e+01	6.15467718822279e-02
1.58700000000000e+01	6.10634372684404e-02
1.58800000000000e+01	6.05903148942958e-02
1.58900000000000e+01	6.01279456457904e-02
1.59000000000000e+01	5.96749177013203e-02
1.59100000000000e+01	5.92308231442677e-02
1.59200000000000e+01	5.87943603783449e-02
1.59300000000000e+01	5.83651099682896e-02
1.59400000000000e+01	5.79424798446414e-02
1.59500000000000e+01	5.75247943626006e-02
1.59600000000000e+01	5.71109211402768e-02
1.59700000000000e+01	5.67013435236769e-02
1.59800000000000e+01	5.62950047966662e-02
1.59900000000000e+01	5.58902010141950e-02
1.60000000000000e+01	5.54887778051850e-02
1.60100000000000e+01	5.50886304729547e-02
1.60200000000000e+01	5.46906261077426e-02
1.60300000000000e+01	5.42943413704981e-02
1.60400000000000e+01	5.39001220883321e-02
1.60500000000000e+01	5.35077607785300e-02
1.60600000000000e+01	5.31177483376577e-02
1.60700000000000e+01	5.27293897864644e-02
1.60800000000000e+01	5.23429012710399e-02
1.60900000000000e+01	5.19589626825321e-02
1.61000000000000e+01	5.15777310540094e-02
1.61100000000000e+01	5.11986151744279e-02
1.61200000000000e+01	5.08223282164387e-02
1.61300000000000e+01	5.04481165786246e-02
1.61400000000000e+01	5.00774915797837e-02
1.61500000000000e+01	4.97099040795806e-02
1.61600000000000e+01	4.93447404088288e-02
1.61700000000000e+01	4.89830912701651e-02
1.61800000000000e+01	4.86246749678993e-02
1.61900000000000e+01	4.82706457083057e-02
1.62000000000000e+01	4.79197179517651e-02
1.62100000000000e+01	4.75735299956431e-02
1.62200000000000e+01	4.72310897081336e-02
1.62300000000000e+01	4.68932517653266e-02
1.62400000000000e+01	4.65596704278475e-02
1.62500000000000e+01	4.62309880038392e-02
1.62600000000000e+01	4.59060832869103e-02
1.62700000000000e+01	4.55851947240922e-02
1.62800000000000e+01	4.52682209913782e-02
1.62900000000000e+01	4.49546495450985e-02
1.63000000000000e+01	4.46442739933719e-02
1.63100000000000e+01	4.43356012983300e-02
1.63200000000000e+01	4.40296347520264e-02
1.63300000000000e+01	4.37243693429485e-02
1.63400000000000e+01	4.34196658294042e-02
1.63500000000000e+01	4.31155772230264e-02
1.63600000000000e+01	4.28108758730271e-02
1.63700000000000e+01	4.25052142841562e-02
1.63800000000000e+01	4.21985916379793e-02
1.63900000000000e+01	4.18898159280832e-02
1.64000000000000e+01	4.15795217560142e-02
1.64100000000000e+01	4.12670987870918e-02
1.64200000000000e+01	4.09531290109320e-02
1.64300000000000e+01	4.06374407590886e-02
1.64400000000000e+01	4.03208265868879e-02
1.64500000000000e+01	4.00030653081880e-02
1.64600000000000e+01	3.96854257095606e-02
1.64700000000000e+01	3.93685444679415e-02
1.64800000000000e+01	3.90528098238941e-02
1.64900000000000e+01	3.87395139382459e-02
1.65000000000000e+01	3.84297254385783e-02
1.65100000000000e+01	3.81230634395327e-02
1.65200000000000e+01	3.78206486659053e-02
1.65300000000000e+01	3.75231988771646e-02
1.65400000000000e+01	3.72309652021153e-02
1.65500000000000e+01	3.69441027515667e-02
1.65600000000000e+01	3.66628301532212e-02
1.65700000000000e+01	3.63867381090245e-02
1.65800000000000e+01	3.61162402162884e-02
1.65900000000000e+01	3.58512622390266e-02
1.66000000000000e+01	3.55920781125084e-02
1.66100000000000e+01	3.53374014488835e-02
1.66200000000000e+01	3.50878433783061e-02
1.66300000000000e+01	3.48426503795296e-02
1.66400000000000e+01	3.46021761019277e-02
1.66500000000000e+01	3.43657780067512e-02
1.66600000000000e+01	3.41333734836964e-02
1.66700000000000e+01	3.39046179184385e-02
1.66800000000000e+01	3.36795968070293e-02
1.66900000000000e+01	3.34574493933072e-02
1.67000000000000e+01	3.32381192678358e-02
1.67100000000000e+01	3.30213445713027e-02
1.67200000000000e+01	3.28073454372441e-02
1.67300000000000e+01	3.25948988951496e-02
1.67400000000000e+01	3.23841823628828e-02
1.67500000000000e+01	3.21751254884467e-02
1.67600000000000e+01	3.19669784216882e-02
1.67700000000000e+01	3.17595659146575e-02
1.67800000000000e+01	3.15527996545180e-02
1.67900000000000e+01	3.13468498642567e-02
1.68000000000000e+01	3.11407605580214e-02
1.68100000000000e+01	3.09348798043998e-02
1.68200000000000e+01	3.07296134589349e-02
1.68300000000000e+01	3.05244716070835e-02
1.68400000000000e+01	3.03194526715726e-02
1.68500000000000e+01	3.01150369586874e-02
1.68600000000000e+01	2.99110534295729e-02
1.68700000000000e+01	2.97075816902973e-02
1.68800000000000e+01	2.95052030241199e-02
1.68900000000000e+01	2.93034991456959e-02
1.69000000000000e+01	2.91032512497155e-02
1.69100000000000e+01	2.89038791117807e-02
1.69200000000000e+01	2.87055663047800e-02
1.69300000000000e+01	2.85085732529070e-02
1.69400000000000e+01	2.83132894799431e-02
1.69500000000000e+01	2.81189171336144e-02
1.69600000000000e+01	2.79264048294857e-02
1.69700000000000e+01	2.77352241057110e-02
1.69800000000000e+01	2.75461213475729e-02
1.69900000000000e+01	2.73591168500063e-02
1.70000000000000e+01	2.71740513727673e-02
1.70100000000000e+01	2.69918220797208e-02
1.70200000000000e+01	2.68123500311730e-02
1.70300000000000e+01	2.66355664660193e-02
1.70400000000000e+01	2.64616737160852e-02
1.70500000000000e+01	2.62909113536004e-02
1.70600000000000e+01	2.61232311200586e-02
1.70700000000000e+01	2.59586471608272e-02
1.70800000000000e+01	2.57966327672882e-02
1.70900000000000e+01	2.56373233254477e-02
1.71000000000000e+01	2.54806666835273e-02
1.71100000000000e+01	2.53262522126216e-02
1.71200000000000e+01	2.51734811400536e-02
1.71300000000000e+01	2.50225343148259e-02
1.71400000000000e+01	2.48732851838835e-02
1.71500000000000e+01	2.47253802542639e-02
1.71600000000000e+01	2.45785449654395e-02
1.71700000000000e+01	2.44329404858823e-02
1.71800000000000e+01	2.42880718770896e-02
1.71900000000000e+01	2.41445507500389e-02
1.72000000000000e+01	2.40016968458951e-02
1.72100000000000e+01	2.38599152524783e-02
1.72200000000000e+01	2.37191517658602e-02
1.72300000000000e+01	2.35788819436155e-02
1.72400000000000e+01	2.34399610710059e-02
1.72500000000000e+01	2.33013627827371e-02
1.72600000000000e+01	2.31638617578502e-02
1.72700000000000e+01	2.30270788166120e-02
1.72800000000000e+01	2.28909498013099e-02
1.72900000000000e+01	2.27556101013036e-02
1.73000000000000e+01	2.26208161725016e-02
1.73100000000000e+01	2.24867708277363e-02
1.73200000000000e+01	2.23533205096345e-02
1.73300000000000e+01	2.22202864689875e-02
1.73400000000000e+01	2.20876589176936e-02
1.73500000000000e+01	2.19556961242969e-02
1.73600000000000e+01	2.18241447705824e-02
1.73700000000000e+01	2.16930015620533e-02
1.73800000000000e+01	2.15622851397916e-02
1.73900000000000e+01	2.14321236230147e-02
1.74000000000000e+01	2.13026402963254e-02
1.74100000000000e+01	2.11734397148614e-02
1.74200000000000e+01	2.10446431298353e-02
1.74300000000000e+01	2.09164519301304e-02
1.74400000000000e+01	2.07890550309184e-02
1.74500000000000e+01	2.06618610453181e-02
1.74600000000000e+01	2.05354740828075e-02
1.74700000000000e+01	2.04095637407025e-02
1.74800000000000e+01	2.02841158823036e-02
1.74900000000000e+01	2.01588718595611e-02
1.75000000000000e+01	2.00343247407940e-02
1.75100000000000e+01	1.99102994615975e-02
1.75200000000000e+01	1.97863261955127e-02
1.75300000000000e+01	1.96625339479927e-02
1.75400000000000e+01	1.95389867750184e-02
1.75500000000000e+01	1.94158565555074e-02
1.75600000000000e+01	1.92927945123944e-02
1.75700000000000e+01	1.91700569603381e-02
1.75800000000000e+01	1.90473546114448e-02
1.75900000000000e+01	1.89252200117862e-02
1.76000000000000e+01	1.88033230347049e-02
1.76100000000000e+01	1.86822960931147e-02
1.76200000000000e+01	1.85616430387724e-02
1.76300000000000e+01	1.84419420913246e-02
1.76400000000000e+01	1.83229233242930e-02
1.76500000000000e+01	1.82048008461637e-02
1.76600000000000e+01	1.80879505463268e-02
1.76700000000000e+01	1.79720053368512e-02
1.76800000000000e+01	1.78572563354907e-02
1.76900000000000e+01	1.77437675909341e-02
1.77000000000000e+01	1.76310556005778e-02
1.77100000000000e+01	1.75195425312411e-02
1.77200000000000e+01	1.74089156126837e-02
1.77300000000000e+01	1.72991644830911e-02
1.77400000000000e+01	1.71904720032416e-02
1.77500000000000e+01	1.70822954092631e-02
1.77600000000000e+01	1.69750841174406e-02
1.77700000000000e+01	1.68683469374522e-02
1.77800000000000e+01	1.67623723533896e-02
1.77900000000000e+01	1.66570075868422e-02
1.78000000000000e+01	1.65518462018116e-02
1.78100000000000e+01	1.64473519311766e-02
1.78200000000000e+01	1.63433493144084e-02
1.78300000000000e+01	1.62395753720483e-02
1.78400000000000e+01	1.61362926299576e-02
1.78500000000000e+01	1.60335402869355e-02
1.78600000000000e+01	1.59313138492603e-02
1.78700000000000e+01	1.58294230308406e-02
1.78800000000000e+01	1.57278437979476e-02
1.78900000000000e+01	1.56268109924295e-02
1.79000000000000e+01	1.55263429170198e-02
1.79100000000000e+01	1.54261998623296e-02
1.79200000000000e+01	1.53263857998791e-02
1.79300000000000e+01	1.52270566734272e-02
1.79400000000000e+01	1.51279199263958e-02
1.79500000000000e+01	1.50291970930848e-02
1.79600000000000e+01	1.49306787548433e-02
1.79700000000000e+01	1.48326350667525e-02
1.79800000000000e+01	1.47348169087299e-02
1.79900000000000e+01	1.46376473051759e-02
1.80000000000000e+01	1.45411293026951e-02
1.80100000000000e+01	1.44456752946982e-02
1.80200000000000e+01	1.43509890847897e-02
1.80300000000000e+01	1.42578271449509e-02
1.80400000000000e+01	1.41660822995069e-02
1.80500000000000e+01	1.40760134136234e-02
1.80600000000000e+01	1.39875509865112e-02
1.80700000000000e+01	1.39012386160681e-02
1.80800000000000e+01	1.38167199632285e-02
1.80900000000000e+01	1.37340727510100e-02
1.81000000000000e+01	1.36531060477348e-02
1.81100000000000e+01	1.35738953146798e-02
1.81200000000000e+01	1.34961921782182e-02
1.81300000000000e+01	1.34197958292691e-02
1.81400000000000e+01	1.33442462710679e-02
1.81500000000000e+01	1.32697873088815e-02
1.81600000000000e+01	1.31958211112414e-02
1.81700000000000e+01	1.31225461284594e-02
1.81800000000000e+01	1.30493773506529e-02
1.81900000000000e+01	1.29766678699828e-02
1.82000000000000e+01	1.29040678964013e-02
1.82100000000000e+01	1.28313839468780e-02
1.82200000000000e+01	1.27588511135335e-02
1.82300000000000e+01	1.26862492584386e-02
1.82400000000000e+01	1.26135724051142e-02
1.82500000000000e+01	1.25407291278679e-02
1.82600000000000e+01	1.24679057426350e-02
1.82700000000000e+01	1.23950513463137e-02
1.82800000000000e+01	1.23220897487963e-02
1.82900000000000e+01	1.22491051476723e-02
1.83000000000000e+01	1.21765178576058e-02
1.83100000000000e+01	1.21037797011224e-02
1.83200000000000e+01	1.20315907818790e-02
1.83300000000000e+01	1.19596508002399e-02
1.83400000000000e+01	1.18882652476483e-02
1.83500000000000e+01	1.18174436025056e-02
1.83600000000000e+01	1.17473179844984e-02
1.83700000000000e+01	1.16780258335666e-02
1.83800000000000e+01	1.16096803596596e-02
1.83900000000000e+01	1.15423109184268e-02
1.84000000000000e+01	1.14761028812468e-02
1.84100000000000e+01	1.14110463144382e-02
1.84200000000000e+01	1.13472272487687e-02
1.84300000000000e+01	1.12847035071250e-02
1.84400000000000e+01	1.12234228984114e-02
1.84500000000000e+01	1.11634051522680e-02
1.84600000000000e+01	1.11045388844099e-02
1.84700000000000e+01	1.10467266080167e-02
1.84800000000000e+01	1.09899556232914e-02
1.84900000000000e+01	1.09339757676602e-02
1.85000000000000e+01	1.08787273603511e-02
1.85100000000000e+01	1.08240582738120e-02
1.85200000000000e+01	1.07698172637887e-02
1.85300000000000e+01	1.07158601773207e-02
1.85400000000000e+01	1.06620916157963e-02
1.85500000000000e+01	1.06084570446424e-02
1.85600000000000e+01	1.05547558329722e-02
1.85700000000000e+01	1.05010138500136e-02
1.85800000000000e+01	1.04471153918796e-02
1.85900000000000e+01	1.03930990884986e-02
1.86000000000000e+01	1.03388845478772e-02
1.86100000000000e+01	1.02845221931072e-02
1.86200000000000e+01	1.02300339599149e-02
1.86300000000000e+01	1.01754369580994e-02
1.86400000000000e+01	1.01207751633682e-02
1.86500000000000e+01	1.00660497309058e-02
1.86600000000000e+01	1.00113659826347e-02
1.86700000000000e+01	9.95674898228502e-03
1.86800000000000e+01	9.90224169221945e-03
1.86900000000000e+01	9.84786622477800e-03
1.87000000000000e+01	9.79364603043080e-03
1.87100000000000e+01	9.73962336193506e-03
1.87200000000000e+01	9.68579523586500e-03
1.87300000000000e+01	9.63218939890187e-03
1.87400000000000e+01	9.57878453177001e-03
1.87500000000000e+01	9.52554862700518e-03
1.87600000000000e+01	9.47253747686145e-03
1.87700000000000e+01	9.41966448506267e-03
1.87800000000000e+01	9.36690869706014e-03
1.87900000000000e+01	9.31432830568469e-03
1.88000000000000e+01	9.26184158476648e-03
1.88100000000000e+01	9.20950840794186e-03
1.88200000000000e+01	9.15720384548021e-03
1.88300000000000e+01	9.10492744697253e-03
1.88400000000000e+01	9.05273192467696e-03
1.88500000000000e+01	9.00053647826324e-03
1.88600000000000e+01	8.94835439339233e-03
1.88700000000000e+01	8.89615181135469e-03
1.88800000000000e+01	8.84395243842480e-03
1.88900000000000e+01	8.79170081423620e-03
1.89000000000000e+01	8.73942772209251e-03
1.89100000000000e+01	8.68713831034558e-03
1.89200000000000e+01	8.63487569230072e-03
1.89300000000000e+01	8.58261235818835e-03
1.89400000000000e+01	8.53043715739378e-03
1.89500000000000e+01	8.47839756688670e-03
1.89600000000000e+01	8.42655103156909e-03
1.89700000000000e+01	8.37489527548717e-03
1.89800000000000e+01	8.32358968247639e-03
1.89900000000000e+01	8.27262795170654e-03
1.90000000000000e+01	8.22202058154441e-03
1.90100000000000e+01	8.17190000305755e-03
1.90200000000000e+01	8.12219302529802e-03
1.90300000000000e+01	8.07291394874190e-03
1.90400000000000e+01	8.02404611127572e-03
1.90500000000000e+01	7.97547774717366e-03
1.90600000000000e+01	7.92718641729308e-03
1.90700000000000e+01	7.87909192164512e-03
1.90800000000000e+01	7.83115721701827e-03
1.90900000000000e+01	7.78326999713594e-03
1.91000000000000e+01	7.73547352215856e-03
1.91100000000000e+01	7.68781744521253e-03
1.91200000000000e+01	7.64037083458982e-03
1.91300000000000e+01	7.59325434399258e-03
1.91400000000000e+01	7.54667039233581e-03
1.91500000000000e+01	7.50081685765095e-03
1.91600000000000e+01	7.45593189528461e-03
1.91700000000000e+01	7.41215780519882e-03
1.91800000000000e+01	7.36968615918283e-03
1.91900000000000e+01	7.32863918714861e-03
1.92000000000000e+01	7.28912757268950e-03
1.92100000000000e+01	7.25104815332506e-03
1.92200000000000e+01	7.21440270504001e-03
1.92300000000000e+01	7.17899884217326e-03
1.92400000000000e+01	7.14472358885725e-03
1.92500000000000e+01	7.11134645871932e-03
1.92600000000000e+01	7.07869090260258e-03
1.92700000000000e+01	7.04649926770517e-03
1.92800000000000e+01	7.01466955700364e-03
1.92900000000000e+01	6.98292356048111e-03
1.93000000000000e+01	6.95125006483989e-03
1.93100000000000e+01	6.91947880462283e-03
1.93200000000000e+01	6.88758940482096e-03
1.93300000000000e+01	6.85551753939244e-03
1.93400000000000e+01	6.82330761013959e-03
1.93500000000000e+01	6.79090060212889e-03
1.93600000000000e+01	6.75828790040485e-03
1.93700000000000e+01	6.72555249861496e-03
1.93800000000000e+01	6.69266455133352e-03
1.93900000000000e+01	6.65962947266040e-03
1.94000000000000e+01	6.62651830740758e-03
1.94100000000000e+01	6.59330953770254e-03
1.94200000000000e+01	6.56002508553876e-03
1.94300000000000e+01	6.52665642996053e-03
1.94400000000000e+01	6.49323925637170e-03
1.94500000000000e+01	6.45979531396972e-03
1.94600000000000e+01	6.42631862152222e-03
1.94700000000000e+01	6.39281182667915e-03
1.94800000000000e+01	6.35929120761089e-03
1.94900000000000e+01	6.32573274567563e-03
1.95000000000000e+01	6.29219515205507e-03
1.95100000000000e+01	6.25867049373776e-03
1.95200000000000e+01	6.22518431492912e-03
1.95300000000000e+01	6.19168918298974e-03
1.95400000000000e+01	6.15822762729597e-03
1.95500000000000e+01	6.12482004247407e-03
1.95600000000000e+01	6.09146527677454e-03
1.95700000000000e+01	6.05817145544526e-03
1.95800000000000e+01	6.02498049271348e-03
1.95900000000000e+01	5.99189049511858e-03
1.96000000000000e+01	5.95894444693867e-03
1.96100000000000e+01	5.92617444386669e-03
1.96200000000000e+01	5.89355209248962e-03
1.96300000000000e+01	5.86114173919514e-03
1.96400000000000e+01	5.82889308259762e-03
1.96500000000000e+01	5.79687321877532e-03
1.96600000000000e+01	5.76506557533800e-03
1.96700000000000e+01	5.73344824267821e-03
1.96800000000000e+01	5.70204735563523e-03
1.96900000000000e+01	5.67084659191621e-03
1.97000000000000e+01	5.63978496453481e-03
1.97100000000000e+01	5.60887489011797e-03
1.97200000000000e+01	5.57806596128091e-03
1.97300000000000e+01	5.54730256591098e-03
1.97400000000000e+01	5.51652716864212e-03
1.97500000000000e+01	5.48555857875652e-03
1.97600000000000e+01	5.45420401423516e-03
1.97700000000000e+01	5.42213667799593e-03
1.97800000000000e+01	5.38884303033052e-03
1.97900000000000e+01	5.35362402432725e-03
1.98000000000000e+01	5.31533384227552e-03
1.98100000000000e+01	5.27252976612074e-03
1.98200000000000e+01	5.22315630970448e-03
1.98300000000000e+01	5.16454113365045e-03
1.98400000000000e+01	5.09338882030325e-03
1.98500000000000e+01	5.00564199145588e-03
1.98600000000000e+01	4.89660834763626e-03
1.98700000000000e+01	4.76109693961372e-03
1.98800000000000e+01	4.59361879917018e-03
1.98900000000000e+01	4.38876500661081e-03
1.99000000000000e+01	4.14154090127618e-03
1.99100000000000e+01	3.84796498505574e-03
1.99200000000000e+01	3.50577624196211e-03
1.99300000000000e+01	3.11530706319765e-03
1.99400000000000e+01	2.68047868215222e-03
1.99500000000000e+01	2.21015221242949e-03
1.99600000000000e+01	1.71974924658458e-03
1.99700000000000e+01	1.23242337967648e-03
1.99800000000000e+01	7.79831516307785e-04
1.99900000000000e+01	4.00393553431157e-04
2.00000000000000e+01	1.33728161456327e-04
