1.00000000000000e-02	3.09596701926251e+17
2.00000000000000e-02	1.93506373645737e+16
3.00000000000000e-02	3.82263615489732e+15
4.00000000000000e-02	1.20963644758643e+15
5.00000000000000e-02	4.95536535336359e+14
6.00000000000000e-02	2.39015095408226e+14
7.00000000000000e-02	1.29040799007354e+14
8.00000000000000e-02	7.56585379851569e+13
9.00000000000000e-02	4.72458065789482e+13
1.00000000000000e-01	3.10069864234826e+13
1.10000000000000e-01	2.11851970416811e+13
1.20000000000000e-01	1.49634386965621e+13
1.30000000000000e-01	1.08680908737029e+13
1.40000000000000e-01	8.08350800338246e+12
1.50000000000000e-01	6.13682208623767e+12
1.60000000000000e-01	4.74283686797233e+12
1.70000000000000e-01	3.72346728249162e+12
1.80000000000000e-01	2.96407940563324e+12
1.90000000000000e-01	2.38901397568662e+12
2.00000000000000e-01	1.94705817459906e+12
2.10000000000000e-01	1.60288788644606e+12
2.20000000000000e-01	1.33164475941910e+12
2.30000000000000e-01	1.11551878627680e+12
2.40000000000000e-01	9.41603691660622e+11
2.50000000000000e-01	8.00369443508114e+11
2.60000000000000e-01	6.84722311148320e+11
2.70000000000000e-01	5.89271867828964e+11
2.80000000000000e-01	5.09952943775526e+11
2.90000000000000e-01	4.43573563956648e+11
3.00000000000000e-01	3.87694742753599e+11
3.10000000000000e-01	3.40376645739534e+11
3.20000000000000e-01	3.00089050416885e+11
3.30000000000000e-01	2.65616973799807e+11
3.40000000000000e-01	2.35977793644377e+11
3.50000000000000e-01	2.10384078625130e+11
3.60000000000000e-01	1.88184213724329e+11
3.70000000000000e-01	1.68856022251954e+11
3.80000000000000e-01	1.51961390162851e+11
3.90000000000000e-01	1.37141151272990e+11
4.00000000000000e-01	1.24097234023011e+11
4.10000000000000e-01	1.12579575995232e+11
4.20000000000000e-01	1.02379484745061e+11
4.30000000000000e-01	9.33178148438415e+10
4.40000000000000e-01	8.52470836421086e+10
4.50000000000000e-01	7.80373273346533e+10
4.60000000000000e-01	7.15819979348958e+10
4.70000000000000e-01	6.57886025814666e+10
4.80000000000000e-01	6.05759038721045e+10
4.90000000000000e-01	5.58758094239404e+10
5.00000000000000e-01	5.16282565572244e+10
5.10000000000000e-01	4.77821479979858e+10
5.20000000000000e-01	4.42933795499493e+10
5.30000000000000e-01	4.11216059144632e+10
5.40000000000000e-01	3.82330781821811e+10
5.50000000000000e-01	3.55986345327383e+10
5.60000000000000e-01	3.31904795490049e+10
5.70000000000000e-01	3.09865574473285e+10
5.80000000000000e-01	2.89665733012868e+10
5.90000000000000e-01	2.71113780547614e+10
6.00000000000000e-01	2.54058621677151e+10
6.10000000000000e-01	2.38350401804337e+10
6.20000000000000e-01	2.23866438463194e+10
6.30000000000000e-01	2.10495055427408e+10
6.40000000000000e-01	1.98137720627837e+10
6.50000000000000e-01	1.86695144579901e+10
6.60000000000000e-01	1.76090909228478e+10
6.70000000000000e-01	1.66248679423018e+10
6.80000000000000e-01	1.57109834071783e+10
6.90000000000000e-01	1.48611916108602e+10
7.00000000000000e-01	1.40699925738028e+10
7.10000000000000e-01	1.33327555954236e+10
7.20000000000000e-01	1.26448080635814e+10
7.30000000000000e-01	1.20027508436648e+10
7.40000000000000e-01	1.14024645175180e+10
7.50000000000000e-01	1.08410339897599e+10
7.60000000000000e-01	1.03151966421461e+10
7.70000000000000e-01	9.82257477726710e+09
7.80000000000000e-01	9.36039074109273e+09
7.90000000000000e-01	8.92667118439192e+09
8.00000000000000e-01	8.51911511402944e+09
8.10000000000000e-01	8.13587545422950e+09
8.20000000000000e-01	7.77544459247543e+09
8.30000000000000e-01	7.43596071528617e+09
8.40000000000000e-01	7.11622793258758e+09
8.50000000000000e-01	6.81462672823045e+09
8.60000000000000e-01	6.53013294445390e+09
8.70000000000000e-01	6.26146315992338e+09
8.80000000000000e-01	6.00759299720767e+09
8.90000000000000e-01	5.76771903399216e+09
9.00000000000000e-01	5.54077725892421e+09
9.10000000000000e-01	5.32593642687874e+09
9.20000000000000e-01	5.12254698834862e+09
9.30000000000000e-01	4.92989191258431e+09
9.40000000000000e-01	4.74728399046325e+09
9.50000000000000e-01	4.57404021939826e+09
9.60000000000000e-01	4.40966732646825e+09
9.70000000000000e-01	4.25367169127201e+09
9.80000000000000e-01	4.10553558985127e+09
9.90000000000000e-01	3.96479004327935e+09
1.00000000000000e+00	3.83113169057028e+09
1.01000000000000e+00	3.70401650638059e+09
1.02000000000000e+00	3.58308742115896e+09
1.03000000000000e+00	3.46819465701313e+09
1.04000000000000e+00	3.35881625837052e+09
1.05000000000000e+00	3.25475938651173e+09
1.06000000000000e+00	3.15569723775370e+09
1.07000000000000e+00	3.06145102914157e+09
1.08000000000000e+00	2.97165029654806e+09
1.09000000000000e+00	2.88603151712812e+09
1.10000000000000e+00	2.80445565418319e+09
1.11000000000000e+00	2.72658375399229e+09
1.12000000000000e+00	2.65219754088723e+09
1.13000000000000e+00	2.58107335814713e+09
1.14000000000000e+00	2.51298917428067e+09
1.15000000000000e+00	2.44770115767093e+09
1.16000000000000e+00	2.38497672549256e+09
1.17000000000000e+00	2.32466452206046e+09
1.18000000000000e+00	2.26657580803236e+09
1.19000000000000e+00	2.21059047070018e+09
1.20000000000000e+00	2.15658102236602e+09
1.21000000000000e+00	2.10447523843985e+09
1.22000000000000e+00	2.05425352005536e+09
1.23000000000000e+00	2.00595635478290e+09
1.24000000000000e+00	1.95957100967276e+09
1.25000000000000e+00	1.91528196120146e+09
1.26000000000000e+00	1.87313768729602e+09
1.27000000000000e+00	1.83343504467035e+09
1.28000000000000e+00	1.79630155849409e+09
1.29000000000000e+00	1.76209216341407e+09
1.30000000000000e+00	1.73103515337584e+09
1.31000000000000e+00	1.70348729129960e+09
1.32000000000000e+00	1.67971976127573e+09
1.33000000000000e+00	1.66003534204340e+09
1.34000000000000e+00	1.64465602758518e+09
1.35000000000000e+00	1.63379939533934e+09
1.36000000000000e+00	1.62756472119603e+09
1.37000000000000e+00	1.62599514493878e+09
1.38000000000000e+00	1.62902102543983e+09
1.39000000000000e+00	1.63645843118306e+09
1.40000000000000e+00	1.64812818197085e+09
1.41000000000000e+00	1.66367928862593e+09
1.42000000000000e+00	1.68276841418131e+09
1.43000000000000e+00	1.70500576185355e+09
1.44000000000000e+00	1.73000275438776e+09
1.45000000000000e+00	1.75733986760874e+09
1.46000000000000e+00	1.78662961623571e+09
1.47000000000000e+00	1.81740807611869e+09
1.48000000000000e+00	1.84930664313879e+09
1.49000000000000e+00	1.88180123975459e+09
1.50000000000000e+00	1.91435690369204e+09
1.51000000000000e+00	1.94633351853230e+09
1.52000000000000e+00	1.97691524080449e+09
1.53000000000000e+00	2.00522950147427e+09
1.54000000000000e+00	2.03014992481545e+09
1.55000000000000e+00	2.05043092840599e+09
1.56000000000000e+00	2.06484325266750e+09
1.57000000000000e+00	2.07201306777181e+09
1.58000000000000e+00	2.07063302470801e+09
1.59000000000000e+00	2.05951244357234e+09
1.60000000000000e+00	2.03762623549036e+09
1.61000000000000e+00	2.00427869131466e+09
1.62000000000000e+00	1.95901537986828e+09
1.63000000000000e+00	1.90181089427313e+09
1.64000000000000e+00	1.83307514759703e+09
1.65000000000000e+00	1.75382745764875e+09
1.66000000000000e+00	1.66555065222013e+09
1.67000000000000e+00	1.57037745782972e+09
1.68000000000000e+00	1.47073716415623e+09
1.69000000000000e+00	1.36929133640311e+09
1.70000000000000e+00	1.26856174015003e+09
1.71000000000000e+00	1.17093837397652e+09
1.72000000000000e+00	1.07850607538430e+09
1.73000000000000e+00	9.93163158060430e+08
1.74000000000000e+00	9.16532768181610e+08
1.75000000000000e+00	8.49731831679118e+08
1.76000000000000e+00	7.93296482010532e+08
1.77000000000000e+00	7.47026210866766e+08
1.78000000000000e+00	7.10064736300833e+08
1.79000000000000e+00	6.80933258827865e+08
1.80000000000000e+00	6.57679117146941e+08
1.81000000000000e+00	6.38148006399375e+08
1.82000000000000e+00	6.20294910693653e+08
1.83000000000000e+00	6.02513966411485e+08
1.84000000000000e+00	5.83843971347719e+08
1.85000000000000e+00	5.64025795366855e+08
1.86000000000000e+00	5.43221559942236e+08
1.87000000000000e+00	5.21885928675294e+08
1.88000000000000e+00	5.00519097050885e+08
1.89000000000000e+00	4.79610343415953e+08
1.90000000000000e+00	4.59609329218319e+08
1.91000000000000e+00	4.40866175086055e+08
1.92000000000000e+00	4.23668793946472e+08
1.93000000000000e+00	4.08179067237928e+08
1.94000000000000e+00	3.94455867957889e+08
1.95000000000000e+00	3.82443413588939e+08
1.96000000000000e+00	3.72001114523079e+08
1.97000000000000e+00	3.62921155004816e+08
1.98000000000000e+00	3.54953517141819e+08
1.99000000000000e+00	3.47841176037052e+08
2.00000000000000e+00	3.41334493180406e+08
2.01000000000000e+00	3.35207730019302e+08
2.02000000000000e+00	3.29280113518324e+08
2.03000000000000e+00	3.23406419814028e+08
2.04000000000000e+00	3.17469758626405e+08
2.05000000000000e+00	3.11381089966174e+08
2.06000000000000e+00	3.05041867015783e+08
2.07000000000000e+00	2.98320620404335e+08
2.08000000000000e+00	2.91043591289987e+08
2.09000000000000e+00	2.82962511044705e+08
2.10000000000000e+00	2.73788027986328e+08
2.11000000000000e+00	2.63228761319843e+08
2.12000000000000e+00	2.51061689523947e+08
2.13000000000000e+00	2.37222474947086e+08
2.14000000000000e+00	2.21863811073331e+08
2.15000000000000e+00	2.05335673747776e+08
2.16000000000000e+00	1.88133570552445e+08
2.17000000000000e+00	1.70765640524977e+08
2.18000000000000e+00	1.53678295441387e+08
2.19000000000000e+00	1.37187318313402e+08
2.20000000000000e+00	1.21495624271142e+08
2.21000000000000e+00	1.06720875273700e+08
2.22000000000000e+00	9.29451839173651e+07
2.23000000000000e+00	8.02583550941958e+07
2.24000000000000e+00	6.87604201827417e+07
2.25000000000000e+00	5.85541853774936e+07
2.26000000000000e+00	4.97065764795820e+07
2.27000000000000e+00	4.22224077244428e+07
2.28000000000000e+00	3.60375112405823e+07
2.29000000000000e+00	3.10310424823652e+07
2.30000000000000e+00	2.70487934517365e+07
2.31000000000000e+00	2.39268943382701e+07
2.32000000000000e+00	2.15104129800136e+07
2.33000000000000e+00	1.96626945725675e+07
2.34000000000000e+00	1.82693216231240e+07
2.35000000000000e+00	1.72396369484609e+07
2.36000000000000e+00	1.65020372867907e+07
2.37000000000000e+00	1.60021352058991e+07
2.38000000000000e+00	1.56971069127350e+07
2.39000000000000e+00	1.55519925556886e+07
2.40000000000000e+00	1.55365488169402e+07
2.41000000000000e+00	1.56250467610887e+07
2.42000000000000e+00	1.57966452761638e+07
2.43000000000000e+00	1.60352930795075e+07
2.44000000000000e+00	1.63293561892126e+07
2.45000000000000e+00	1.66703847556143e+07
2.46000000000000e+00	1.70496940510198e+07
2.47000000000000e+00	1.74584008628134e+07
2.48000000000000e+00	1.78844227187946e+07
2.49000000000000e+00	1.83148352745784e+07
2.50000000000000e+00	1.87346366856327e+07
2.51000000000000e+00	1.91293783348148e+07
2.52000000000000e+00	1.94862014445184e+07
2.53000000000000e+00	1.97951612502690e+07
2.54000000000000e+00	2.00501266846550e+07
2.55000000000000e+00	2.02502616320326e+07
2.56000000000000e+00	2.03986578937634e+07
2.57000000000000e+00	2.05011945395501e+07
2.58000000000000e+00	2.05631521261345e+07
2.59000000000000e+00	2.05867370617580e+07
2.60000000000000e+00	2.05658493807097e+07
2.61000000000000e+00	2.04855710645809e+07
2.62000000000000e+00	2.03211855413093e+07
2.63000000000000e+00	2.00435905629892e+07
2.64000000000000e+00	1.96321418493722e+07
2.65000000000000e+00	1.90854752856647e+07
2.66000000000000e+00	1.84300206902856e+07
2.67000000000000e+00	1.77126268126229e+07
2.68000000000000e+00	1.69848769120019e+07
2.69000000000000e+00	1.62870080510007e+07
2.70000000000000e+00	1.56373038524355e+07
2.71000000000000e+00	1.50318463123209e+07
2.72000000000000e+00	1.44485350567702e+07
2.73000000000000e+00	1.38566769582987e+07
2.74000000000000e+00	1.32238662050308e+07
2.75000000000000e+00	1.25243503681646e+07
2.76000000000000e+00	1.17430063618061e+07
2.77000000000000e+00	1.08777833316436e+07
2.78000000000000e+00	9.93727823798842e+06
2.79000000000000e+00	8.93940080276118e+06
2.80000000000000e+00	7.90662168000868e+06
2.81000000000000e+00	6.86410260897733e+06
2.82000000000000e+00	5.83741972158206e+06
2.83000000000000e+00	4.85060455396232e+06
2.84000000000000e+00	3.92538726481323e+06
2.85000000000000e+00	3.08037481782478e+06
2.86000000000000e+00	2.33008255509957e+06
2.87000000000000e+00	1.68492595685036e+06
2.88000000000000e+00	1.15072840645686e+06
2.89000000000000e+00	7.28892739401747e+05
2.90000000000000e+00	4.16775529263326e+05
2.91000000000000e+00	2.08203497317900e+05
2.92000000000000e+00	9.40986221037381e+04
2.93000000000000e+00	6.30623021468147e+04
2.94000000000000e+00	1.01854045361053e+05
2.95000000000000e+00	1.95858285262220e+05
2.96000000000000e+00	3.29669399753027e+05
2.97000000000000e+00	4.87854321513723e+05
2.98000000000000e+00	6.55904542189880e+05
2.99000000000000e+00	8.21086779006549e+05
3.00000000000000e+00	9.73115047848641e+05
3.01000000000000e+00	1.10438501375844e+06
3.02000000000000e+00	1.20989842303242e+06
3.03000000000000e+00	1.28704374016626e+06
3.04000000000000e+00	1.33532279810792e+06
3.05000000000000e+00	1.35605150428770e+06
3.06000000000000e+00	1.35204483524025e+06
3.07000000000000e+00	1.32730654519272e+06
3.08000000000000e+00	1.28653444691482e+06
3.09000000000000e+00	1.23457938220489e+06
3.10000000000000e+00	1.17607494202300e+06
3.11000000000000e+00	1.11497829968667e+06
3.12000000000000e+00	1.05432438179240e+06
3.13000000000000e+00	9.96113029920486e+05
3.14000000000000e+00	9.41299933768971e+05
3.15000000000000e+00	8.89921043710951e+05
3.16000000000000e+00	8.41410285921203e+05
3.17000000000000e+00	7.94836386786170e+05
3.18000000000000e+00	7.49249775238249e+05
3.19000000000000e+00	7.03978907540301e+05
3.20000000000000e+00	6.58737540516739e+05
3.21000000000000e+00	6.13693336904772e+05
3.22000000000000e+00	5.69386901951518e+05
3.23000000000000e+00	5.26644565399762e+05
3.24000000000000e+00	4.86495037066515e+05
3.25000000000000e+00	4.50110684515607e+05
3.26000000000000e+00	4.18765259452996e+05
3.27000000000000e+00	3.93778439032217e+05
3.28000000000000e+00	3.76418269087585e+05
3.29000000000000e+00	3.67818292803275e+05
3.30000000000000e+00	3.68871035948595e+05
3.31000000000000e+00	3.80151512498305e+05
3.32000000000000e+00	4.01891137250253e+05
3.33000000000000e+00	4.33957027512611e+05
3.34000000000000e+00	4.75886786627906e+05
3.35000000000000e+00	5.26904226022587e+05
3.36000000000000e+00	5.85952312748657e+05
3.37000000000000e+00	6.51728153361622e+05
3.38000000000000e+00	7.22713475480593e+05
3.39000000000000e+00	7.97259152156391e+05
3.40000000000000e+00	8.73667613509984e+05
3.41000000000000e+00	9.50247447764360e+05
3.42000000000000e+00	1.02539000550132e+06
3.43000000000000e+00	1.09754672220097e+06
3.44000000000000e+00	1.16525863705198e+06
3.45000000000000e+00	1.22705525327115e+06
3.46000000000000e+00	1.28143697223276e+06
3.47000000000000e+00	1.32690164427987e+06
3.48000000000000e+00	1.36192283034598e+06
3.49000000000000e+00	1.38509381880104e+06
3.50000000000000e+00	1.39506895119731e+06
3.51000000000000e+00	1.39078252670197e+06
3.52000000000000e+00	1.37143409152454e+06
3.53000000000000e+00	1.33651287747961e+06
3.54000000000000e+00	1.28583228374754e+06
3.55000000000000e+00	1.21952054377551e+06
3.56000000000000e+00	1.13808321286415e+06
3.57000000000000e+00	1.04250341776465e+06
3.58000000000000e+00	9.34399117766359e+05
3.59000000000000e+00	8.16131573514134e+05
3.60000000000000e+00	6.90927682775730e+05
3.61000000000000e+00	5.62824489874886e+05
3.62000000000000e+00	4.36613501389108e+05
3.63000000000000e+00	3.17731587498253e+05
3.64000000000000e+00	2.12162066742518e+05
3.65000000000000e+00	1.26404128282953e+05
3.66000000000000e+00	6.75693693928242e+04
3.67000000000000e+00	4.36194500153647e+04
3.68000000000000e+00	6.37953561166124e+04
3.69000000000000e+00	1.39204736262868e+05
3.70000000000000e+00	2.83524490278475e+05
3.71000000000000e+00	5.13729200950317e+05
3.72000000000000e+00	8.50704656648325e+05
3.73000000000000e+00	1.31980291148568e+06
3.74000000000000e+00	1.95120520467380e+06
3.75000000000000e+00	2.77988291334403e+06
3.76000000000000e+00	3.84582380964643e+06
3.77000000000000e+00	5.19396334031356e+06
3.78000000000000e+00	6.87410916331473e+06
3.79000000000000e+00	8.94055539656845e+06
3.80000000000000e+00	1.14509564496680e+07
3.81000000000000e+00	1.44654046370826e+07
3.82000000000000e+00	1.80438967557255e+07
3.83000000000000e+00	2.22442059848758e+07
3.84000000000000e+00	2.71183510522035e+07
3.85000000000000e+00	3.27100280411959e+07
3.86000000000000e+00	3.90510767358655e+07
3.87000000000000e+00	4.61573371259457e+07
3.88000000000000e+00	5.40264912952960e+07
3.89000000000000e+00	6.26348475050854e+07
3.90000000000000e+00	7.19308052412491e+07
3.91000000000000e+00	8.18305529767562e+07
3.92000000000000e+00	9.22022070082653e+07
3.93000000000000e+00	1.02849544490491e+08
3.94000000000000e+00	1.13497029419865e+08
3.95000000000000e+00	1.23770953731017e+08
3.96000000000000e+00	1.33203103775194e+08
3.97000000000000e+00	1.41256603122394e+08
3.98000000000000e+00	1.47371405392358e+08
3.99000000000000e+00	1.51045738713415e+08
4.00000000000000e+00	1.51915271764586e+08
4.01000000000000e+00	1.49819755739938e+08
4.02000000000000e+00	1.44837676975391e+08
4.03000000000000e+00	1.37284826311963e+08
4.04000000000000e+00	1.27674141399322e+08
4.05000000000000e+00	1.16648388232303e+08
4.06000000000000e+00	1.04895959574719e+08
4.07000000000000e+00	9.30808225760451e+07
4.08000000000000e+00	8.17673905691557e+07
4.09000000000000e+00	7.13873284521605e+07
4.10000000000000e+00	6.22192041120083e+07
4.11000000000000e+00	5.43953211628079e+07
4.12000000000000e+00	4.79216204003191e+07
4.13000000000000e+00	4.27039694502130e+07
4.14000000000000e+00	3.85767847650347e+07
4.15000000000000e+00	3.53299696220442e+07
4.16000000000000e+00	3.27361787220398e+07
4.17000000000000e+00	3.05745362674916e+07
4.18000000000000e+00	2.86525979754937e+07
4.19000000000000e+00	2.68191700510816e+07
4.20000000000000e+00	2.49721459580665e+07
4.21000000000000e+00	2.30569896343979e+07
4.22000000000000e+00	2.10600632199312e+07
4.23000000000000e+00	1.89981099407797e+07
4.24000000000000e+00	1.69074794664893e+07
4.25000000000000e+00	1.48339978544144e+07
4.26000000000000e+00	1.28251324614889e+07
4.27000000000000e+00	1.09241184133447e+07
4.28000000000000e+00	9.16606816619773e+06
4.29000000000000e+00	7.57581654340001e+06
4.30000000000000e+00	6.16704808782299e+06
4.31000000000000e+00	4.94333517203287e+06
4.32000000000000e+00	3.89999944310896e+06
4.33000000000000e+00	3.02658893178971e+06
4.34000000000000e+00	2.30971015908300e+06
4.35000000000000e+00	1.73515396922496e+06
4.36000000000000e+00	1.28953770081713e+06
4.37000000000000e+00	9.61213946575989e+05
4.38000000000000e+00	7.40775233253338e+05
4.39000000000000e+00	6.20737465009116e+05
4.40000000000000e+00	5.95140042137109e+05
4.41000000000000e+00	6.58790776751089e+05
4.42000000000000e+00	8.06371214549964e+05
4.43000000000000e+00	1.03150920132420e+06
4.44000000000000e+00	1.32591953535095e+06
4.45000000000000e+00	1.67879394884784e+06
4.46000000000000e+00	2.07655349355994e+06
4.47000000000000e+00	2.50307562392964e+06
4.48000000000000e+00	2.94054742856018e+06
4.49000000000000e+00	3.37060652462800e+06
4.50000000000000e+00	3.77571633468865e+06
4.51000000000000e+00	4.14063942004515e+06
4.52000000000000e+00	4.45345066511824e+06
4.53000000000000e+00	4.70627439165725e+06
4.54000000000000e+00	4.89546175849409e+06
4.55000000000000e+00	5.02106938473180e+06
4.56000000000000e+00	5.08620509469837e+06
4.57000000000000e+00	5.09604710663655e+06
4.58000000000000e+00	5.05668176175969e+06
4.59000000000000e+00	4.97441181383345e+06
4.60000000000000e+00	4.85488647369202e+06
4.61000000000000e+00	4.70281945271324e+06
4.62000000000000e+00	4.52174351116067e+06
4.63000000000000e+00	4.31419878189738e+06
4.64000000000000e+00	4.08195835062216e+06
4.65000000000000e+00	3.82659471083918e+06
4.66000000000000e+00	3.55003136639535e+06
4.67000000000000e+00	3.25503428799406e+06
4.68000000000000e+00	2.94584407849663e+06
4.69000000000000e+00	2.62864118293539e+06
4.70000000000000e+00	2.31214297662099e+06
4.71000000000000e+00	2.00814245639495e+06
4.72000000000000e+00	1.73221824170652e+06
4.73000000000000e+00	1.50432222258073e+06
4.74000000000000e+00	1.34930297869052e+06
4.75000000000000e+00	1.29672264291662e+06
4.76000000000000e+00	1.38014232186143e+06
4.77000000000000e+00	1.63557330041543e+06
4.78000000000000e+00	2.09891082326858e+06
4.79000000000000e+00	2.80277180868256e+06
4.80000000000000e+00	3.77290613659779e+06
4.81000000000000e+00	5.02473480552508e+06
4.82000000000000e+00	6.56048583656307e+06
4.83000000000000e+00	8.36779092664666e+06
4.84000000000000e+00	1.04196443895870e+07
4.85000000000000e+00	1.26765827370052e+07
4.86000000000000e+00	1.50902859940189e+07
4.87000000000000e+00	1.76076034877543e+07
4.88000000000000e+00	2.01746940383364e+07
4.89000000000000e+00	2.27399687003894e+07
4.90000000000000e+00	2.52568909435997e+07
4.91000000000000e+00	2.76831971192464e+07
4.92000000000000e+00	2.99824178229997e+07
4.93000000000000e+00	3.21222844453113e+07
4.94000000000000e+00	3.40731594108474e+07
4.95000000000000e+00	3.58086153490915e+07
4.96000000000000e+00	3.73013980262886e+07
4.97000000000000e+00	3.85257551579924e+07
4.98000000000000e+00	3.94538943118949e+07
4.99000000000000e+00	4.00569377201719e+07
5.00000000000000e+00	4.03059503164064e+07
5.01000000000000e+00	4.01727385739900e+07
5.02000000000000e+00	3.96356021884288e+07
5.03000000000000e+00	3.86817576278963e+07
5.04000000000000e+00	3.73136256108185e+07
5.05000000000000e+00	3.55518512184369e+07
5.06000000000000e+00	3.34373750331566e+07
5.07000000000000e+00	3.10298673069302e+07
5.08000000000000e+00	2.84042541990386e+07
5.09000000000000e+00	2.56446880273735e+07
5.10000000000000e+00	2.28372456908281e+07
5.11000000000000e+00	2.00639572563762e+07
5.12000000000000e+00	1.73959735271262e+07
5.13000000000000e+00	1.48906967522857e+07
5.14000000000000e+00	1.25893048791450e+07
5.15000000000000e+00	1.05168518517836e+07
5.16000000000000e+00	8.68378039009024e+06
5.17000000000000e+00	7.08916489513905e+06
5.18000000000000e+00	5.72317875887959e+06
5.19000000000000e+00	4.57021390543300e+06
5.20000000000000e+00	3.61136775250944e+06
5.21000000000000e+00	2.82589418587702e+06
5.22000000000000e+00	2.19282820073377e+06
5.23000000000000e+00	1.69150259391455e+06
5.24000000000000e+00	1.30222986092407e+06
5.25000000000000e+00	1.00640460553203e+06
5.26000000000000e+00	7.87043899625835e+05
5.27000000000000e+00	6.28764194587101e+05
5.28000000000000e+00	5.18055379512140e+05
5.29000000000000e+00	4.43324542899374e+05
5.30000000000000e+00	3.94980732665851e+05
5.31000000000000e+00	3.65331948588581e+05
5.32000000000000e+00	3.48463132354983e+05
5.33000000000000e+00	3.40024826399054e+05
5.34000000000000e+00	3.36950971745563e+05
5.35000000000000e+00	3.37190630920073e+05
5.36000000000000e+00	3.39439018524513e+05
5.37000000000000e+00	3.42908644632430e+05
5.38000000000000e+00	3.47145280238373e+05
5.39000000000000e+00	3.51906579406226e+05
5.40000000000000e+00	3.57066442484844e+05
5.41000000000000e+00	3.62539834135227e+05
5.42000000000000e+00	3.68273422301066e+05
5.43000000000000e+00	3.74208473324304e+05
5.44000000000000e+00	3.80283842232721e+05
5.45000000000000e+00	3.86432688993787e+05
5.46000000000000e+00	3.92595878398908e+05
5.47000000000000e+00	3.98714331785403e+05
5.48000000000000e+00	4.04743422120752e+05
5.49000000000000e+00	4.10664379922576e+05
5.50000000000000e+00	4.16462580603177e+05
5.51000000000000e+00	4.22162844191106e+05
5.52000000000000e+00	4.27806985390921e+05
5.53000000000000e+00	4.33462889002464e+05
5.54000000000000e+00	4.39206108927675e+05
5.55000000000000e+00	4.45103295793765e+05
5.56000000000000e+00	4.51200636523866e+05
5.57000000000000e+00	4.57498940313147e+05
5.58000000000000e+00	4.63936779539314e+05
5.59000000000000e+00	4.70391628663314e+05
5.60000000000000e+00	4.76654341701445e+05
5.61000000000000e+00	4.82464687316184e+05
5.62000000000000e+00	4.87483946814658e+05
5.63000000000000e+00	4.91357535939483e+05
5.64000000000000e+00	4.93707480129305e+05
5.65000000000000e+00	4.94200161574798e+05
5.66000000000000e+00	4.92574261507932e+05
5.67000000000000e+00	4.88706274604309e+05
5.68000000000000e+00	4.82624908855464e+05
5.69000000000000e+00	4.74535763699046e+05
5.70000000000000e+00	4.64851970422208e+05
5.71000000000000e+00	4.54145947412873e+05
5.72000000000000e+00	4.43116444253307e+05
5.73000000000000e+00	4.32525744420232e+05
5.74000000000000e+00	4.23089814547058e+05
5.75000000000000e+00	4.15429367536920e+05
5.76000000000000e+00	4.09980404976377e+05
5.77000000000000e+00	4.06962846171698e+05
5.78000000000000e+00	4.06352973033578e+05
5.79000000000000e+00	4.07897167352423e+05
5.80000000000000e+00	4.11159293492064e+05
5.81000000000000e+00	4.15567010295272e+05
5.82000000000000e+00	4.20470306507624e+05
5.83000000000000e+00	4.25233411287704e+05
5.84000000000000e+00	4.29263528998950e+05
5.85000000000000e+00	4.32112571437926e+05
5.86000000000000e+00	4.33479882130488e+05
5.87000000000000e+00	4.33263558290085e+05
5.88000000000000e+00	4.31557901436479e+05
5.89000000000000e+00	4.28604399275784e+05
5.90000000000000e+00	4.24796426776319e+05
5.91000000000000e+00	4.20570386368626e+05
5.92000000000000e+00	4.16372177595446e+05
5.93000000000000e+00	4.12575544379667e+05
5.94000000000000e+00	4.09475378578688e+05
5.95000000000000e+00	4.07247516972950e+05
5.96000000000000e+00	4.05965056428356e+05
5.97000000000000e+00	4.05629600078019e+05
5.98000000000000e+00	4.06197698589797e+05
5.99000000000000e+00	4.07606667149050e+05
6.00000000000000e+00	4.09795983679470e+05
6.01000000000000e+00	4.12731739976198e+05
6.02000000000000e+00	4.16404195583352e+05
6.03000000000000e+00	4.20811500901751e+05
6.04000000000000e+00	4.25956592069634e+05
6.05000000000000e+00	4.31825087379027e+05
6.06000000000000e+00	4.38355129058860e+05
6.07000000000000e+00	4.45447501145497e+05
6.08000000000000e+00	4.52933613552951e+05
6.09000000000000e+00	4.60612748956387e+05
6.10000000000000e+00	4.68242500191642e+05
6.11000000000000e+00	4.75586138436948e+05
6.12000000000000e+00	4.82423162112979e+05
6.13000000000000e+00	4.88583437258294e+05
6.14000000000000e+00	4.93940704819122e+05
6.15000000000000e+00	4.98453115121644e+05
6.16000000000000e+00	5.02122193884019e+05
6.17000000000000e+00	5.04996343992211e+05
6.18000000000000e+00	5.07182261636723e+05
6.19000000000000e+00	5.08778704162987e+05
6.20000000000000e+00	5.09912367411590e+05
6.21000000000000e+00	5.10677035361827e+05
6.22000000000000e+00	5.11150903322639e+05
6.23000000000000e+00	5.11363011649044e+05
6.24000000000000e+00	5.11322188733743e+05
6.25000000000000e+00	5.11001248320927e+05
6.26000000000000e+00	5.10368393824730e+05
6.27000000000000e+00	5.09394198348671e+05
6.28000000000000e+00	5.08048701558520e+05
6.29000000000000e+00	5.06333408610218e+05
6.30000000000000e+00	5.04254888080048e+05
6.31000000000000e+00	5.01827308896380e+05
6.32000000000000e+00	4.99068273422921e+05
6.33000000000000e+00	4.96015245091620e+05
6.34000000000000e+00	4.92680479252883e+05
6.35000000000000e+00	4.89116123601854e+05
6.36000000000000e+00	4.85364238913279e+05
6.37000000000000e+00	4.81464897083883e+05
6.38000000000000e+00	4.77467996381806e+05
6.39000000000000e+00	4.73420999410232e+05
6.40000000000000e+00	4.69366058525375e+05
6.41000000000000e+00	4.65347098420076e+05
6.42000000000000e+00	4.61408892253217e+05
6.43000000000000e+00	4.57602925182794e+05
6.44000000000000e+00	4.53976500076031e+05
6.45000000000000e+00	4.50573329182390e+05
6.46000000000000e+00	4.47438297067248e+05
6.47000000000000e+00	4.44602078179335e+05
6.48000000000000e+00	4.42087169531254e+05
6.49000000000000e+00	4.39908360854151e+05
6.50000000000000e+00	4.38069850616664e+05
6.51000000000000e+00	4.36576099288201e+05
6.52000000000000e+00	4.35418017890558e+05
6.53000000000000e+00	4.34590486605970e+05
6.54000000000000e+00	4.34067100975570e+05
6.55000000000000e+00	4.33828099076968e+05
6.56000000000000e+00	4.33851459883215e+05
6.57000000000000e+00	4.34107513308138e+05
6.58000000000000e+00	4.34585350798974e+05
6.59000000000000e+00	4.35277368645644e+05
6.60000000000000e+00	4.36178973719519e+05
6.61000000000000e+00	4.37271450799103e+05
6.62000000000000e+00	4.38526546538168e+05
6.63000000000000e+00	4.39875708419598e+05
6.64000000000000e+00	4.41227796708028e+05
6.65000000000000e+00	4.42457102507012e+05
6.66000000000000e+00	4.43414950497272e+05
6.67000000000000e+00	4.43926299014333e+05
6.68000000000000e+00	4.43807625015020e+05
6.69000000000000e+00	4.42857077509997e+05
6.70000000000000e+00	4.40873680015104e+05
6.71000000000000e+00	4.37663004267481e+05
6.72000000000000e+00	4.33063459837635e+05
6.73000000000000e+00	4.26975382150758e+05
6.74000000000000e+00	4.19375301435729e+05
6.75000000000000e+00	4.10354133811533e+05
6.76000000000000e+00	4.00130183176504e+05
6.77000000000000e+00	3.89067237484323e+05
6.78000000000000e+00	3.77665860803712e+05
6.79000000000000e+00	3.66559934867554e+05
6.80000000000000e+00	3.56491570405475e+05
6.81000000000000e+00	3.48268307555395e+05
6.82000000000000e+00	3.42709153110147e+05
6.83000000000000e+00	3.40597911295613e+05
6.84000000000000e+00	3.42610082215529e+05
6.85000000000000e+00	3.49263497374722e+05
6.86000000000000e+00	3.60873019312041e+05
6.87000000000000e+00	3.77510441066505e+05
6.88000000000000e+00	3.98998595043184e+05
6.89000000000000e+00	4.24883615274307e+05
6.90000000000000e+00	4.54472826138403e+05
6.91000000000000e+00	4.86836596451837e+05
6.92000000000000e+00	5.20864729391593e+05
6.93000000000000e+00	5.55311881724057e+05
6.94000000000000e+00	5.88855154147990e+05
6.95000000000000e+00	6.20164302311607e+05
6.96000000000000e+00	6.47973183732515e+05
6.97000000000000e+00	6.71130025011815e+05
6.98000000000000e+00	6.88683303020116e+05
6.99000000000000e+00	6.99917013953591e+05
7.00000000000000e+00	7.04407716742954e+05
7.01000000000000e+00	7.02046028371836e+05
7.02000000000000e+00	6.93065245263846e+05
7.03000000000000e+00	6.78016562683679e+05
7.04000000000000e+00	6.57751316004214e+05
7.05000000000000e+00	6.33353916299295e+05
7.06000000000000e+00	6.06083086402094e+05
7.07000000000000e+00	5.77283867405515e+05
7.08000000000000e+00	5.48296880078226e+05
7.09000000000000e+00	5.20377295973156e+05
7.10000000000000e+00	4.94619603654292e+05
7.11000000000000e+00	4.71895864170187e+05
7.12000000000000e+00	4.52818004153839e+05
7.13000000000000e+00	4.37724836724902e+05
7.14000000000000e+00	4.26696757192607e+05
7.15000000000000e+00	4.19586847305412e+05
7.16000000000000e+00	4.16077233758410e+05
7.17000000000000e+00	4.15734351053487e+05
7.18000000000000e+00	4.18076102908108e+05
7.19000000000000e+00	4.22602452829636e+05
7.20000000000000e+00	4.28863840834198e+05
7.21000000000000e+00	4.36442741226389e+05
7.22000000000000e+00	4.45005355071870e+05
7.23000000000000e+00	4.54270973751888e+05
7.24000000000000e+00	4.64011050466639e+05
7.25000000000000e+00	4.74042282284749e+05
7.26000000000000e+00	4.84208052456859e+05
7.27000000000000e+00	4.94369498428729e+05
7.28000000000000e+00	5.04390564239824e+05
7.29000000000000e+00	5.14148979402170e+05
7.30000000000000e+00	5.23516833869254e+05
7.31000000000000e+00	5.32360071625343e+05
7.32000000000000e+00	5.40548810782460e+05
7.33000000000000e+00	5.47978062299776e+05
7.34000000000000e+00	5.54532120181822e+05
7.35000000000000e+00	5.60127267478781e+05
7.36000000000000e+00	5.64683030064700e+05
7.37000000000000e+00	5.68141072088815e+05
7.38000000000000e+00	5.70432112006111e+05
7.39000000000000e+00	5.71492323406887e+05
7.40000000000000e+00	5.71242531924825e+05
7.41000000000000e+00	5.69575915915084e+05
7.42000000000000e+00	5.66352460916815e+05
7.43000000000000e+00	5.61414316161256e+05
7.44000000000000e+00	5.54564333552548e+05
7.45000000000000e+00	5.45581373254599e+05
7.46000000000000e+00	5.34254776214833e+05
7.47000000000000e+00	5.20388050790103e+05
7.48000000000000e+00	5.03835904724031e+05
7.49000000000000e+00	4.84534540445344e+05
7.50000000000000e+00	4.62525913869008e+05
7.51000000000000e+00	4.37977088908756e+05
7.52000000000000e+00	4.11192955304423e+05
7.53000000000000e+00	3.82617444095218e+05
7.54000000000000e+00	3.52812555754632e+05
7.55000000000000e+00	3.22436384823768e+05
7.56000000000000e+00	2.92206065030474e+05
7.57000000000000e+00	2.62840836363216e+05
7.58000000000000e+00	2.35012869631618e+05
7.59000000000000e+00	2.09303410375715e+05
7.60000000000000e+00	1.86157635400617e+05
7.61000000000000e+00	1.65861015127800e+05
7.62000000000000e+00	1.48524160525607e+05
7.63000000000000e+00	1.34093108398027e+05
7.64000000000000e+00	1.22371609428941e+05
7.65000000000000e+00	1.13049221627180e+05
7.66000000000000e+00	1.05738399275573e+05
7.67000000000000e+00	1.00015757401086e+05
7.68000000000000e+00	9.54436031998778e+04
7.69000000000000e+00	9.16055618484825e+04
7.70000000000000e+00	8.81219050660783e+04
7.71000000000000e+00	8.46619723857321e+04
7.72000000000000e+00	8.09498350970079e+04
7.73000000000000e+00	7.67641192834800e+04
7.74000000000000e+00	7.19455741850860e+04
7.75000000000000e+00	6.63835122343009e+04
7.76000000000000e+00	6.00306425137206e+04
7.77000000000000e+00	5.28981898031667e+04
7.78000000000000e+00	4.50793354187154e+04
7.79000000000000e+00	3.67757299947764e+04
7.80000000000000e+00	2.83328385191097e+04
7.81000000000000e+00	2.02953926564401e+04
7.82000000000000e+00	1.34630798502112e+04
7.83000000000000e+00	8.95436234160154e+03
7.84000000000000e+00	8.26777242259894e+03
7.85000000000000e+00	1.33322655212613e+04
7.86000000000000e+00	2.65346683553121e+04
7.87000000000000e+00	5.07074646417179e+04
7.88000000000000e+00	8.90576223247612e+04
7.89000000000000e+00	1.45004299697506e+05
7.90000000000000e+00	2.21916797193380e+05
7.91000000000000e+00	3.22734375709916e+05
7.92000000000000e+00	4.49478644266286e+05
7.93000000000000e+00	6.02698941965622e+05
7.94000000000000e+00	7.80953192332557e+05
7.95000000000000e+00	9.80442371822275e+05
7.96000000000000e+00	1.19488670732836e+06
7.97000000000000e+00	1.41581009402685e+06
7.98000000000000e+00	1.63321496182996e+06
7.99000000000000e+00	1.83667113154702e+06
8.00000000000000e+00	2.01637233860253e+06
8.01000000000000e+00	2.16433203883912e+06
8.02000000000000e+00	2.27511291888188e+06
8.03000000000000e+00	2.34616971039437e+06
8.04000000000000e+00	2.37766041742287e+06
8.05000000000000e+00	2.37214953722113e+06
8.06000000000000e+00	2.33380775282791e+06
8.07000000000000e+00	2.26788468897792e+06
8.08000000000000e+00	2.18011185307034e+06
8.09000000000000e+00	2.07627163791729e+06
8.10000000000000e+00	1.96192054325424e+06
8.11000000000000e+00	1.84216748513838e+06
8.12000000000000e+00	1.72146796356665e+06
8.13000000000000e+00	1.60355650022067e+06
8.14000000000000e+00	1.49129300127553e+06
8.15000000000000e+00	1.38669995911306e+06
8.16000000000000e+00	1.29094691974447e+06
8.17000000000000e+00	1.20450353981567e+06
8.18000000000000e+00	1.12726459582153e+06
8.19000000000000e+00	1.05869323334341e+06
8.20000000000000e+00	9.97977116122921e+05
8.21000000000000e+00	9.44231110663874e+05
8.22000000000000e+00	8.96538579125485e+05
8.23000000000000e+00	8.54062988801277e+05
8.24000000000000e+00	8.16107904821979e+05
8.25000000000000e+00	7.82102694098995e+05
8.26000000000000e+00	7.51567915113455e+05
8.27000000000000e+00	7.24151873150084e+05
8.28000000000000e+00	6.99545156803583e+05
8.29000000000000e+00	6.77490896350609e+05
8.30000000000000e+00	6.57777012953243e+05
8.31000000000000e+00	6.40187505920293e+05
8.32000000000000e+00	6.24540550467537e+05
8.33000000000000e+00	6.10649483183898e+05
8.34000000000000e+00	5.98354527169971e+05
8.35000000000000e+00	5.87482997117387e+05
8.36000000000000e+00	5.77888406100316e+05
8.37000000000000e+00	5.69423187075403e+05
8.38000000000000e+00	5.61946815009745e+05
8.39000000000000e+00	5.55338206151223e+05
8.40000000000000e+00	5.49495501837347e+05
8.41000000000000e+00	5.44314297389055e+05
8.42000000000000e+00	5.39725234426708e+05
8.43000000000000e+00	5.35667112000410e+05
8.44000000000000e+00	5.32095575777534e+05
8.45000000000000e+00	5.28972605014419e+05
8.46000000000000e+00	5.26274155758169e+05
8.47000000000000e+00	5.23968931049415e+05
8.48000000000000e+00	5.22038105504640e+05
8.49000000000000e+00	5.20463070490593e+05
8.50000000000000e+00	5.19230265590115e+05
8.51000000000000e+00	5.18338468162745e+05
8.52000000000000e+00	5.17756671003494e+05
8.53000000000000e+00	5.17465790490271e+05
8.54000000000000e+00	5.17410829561038e+05
8.55000000000000e+00	5.17524792101606e+05
8.56000000000000e+00	5.17720328270744e+05
8.57000000000000e+00	5.17893612531988e+05
8.58000000000000e+00	5.17946379721963e+05
8.59000000000000e+00	5.17784815388006e+05
8.60000000000000e+00	5.17333755525271e+05
8.61000000000000e+00	5.16538330260126e+05
8.62000000000000e+00	5.15346904316356e+05
8.63000000000000e+00	5.13745002053611e+05
8.64000000000000e+00	5.11733165246247e+05
8.65000000000000e+00	5.09325680131796e+05
8.66000000000000e+00	5.06549989987568e+05
8.67000000000000e+00	5.03438935379403e+05
8.68000000000000e+00	5.00033997123794e+05
8.69000000000000e+00	4.96369419517583e+05
8.70000000000000e+00	4.92486841777129e+05
8.71000000000000e+00	4.88414232559906e+05
8.72000000000000e+00	4.84187425780795e+05
8.73000000000000e+00	4.79815875252080e+05
8.74000000000000e+00	4.75332076840392e+05
8.75000000000000e+00	4.70743054148165e+05
8.76000000000000e+00	4.66066902062243e+05
8.77000000000000e+00	4.61306663755310e+05
8.78000000000000e+00	4.56491492799880e+05
8.79000000000000e+00	4.51636721976564e+05
8.80000000000000e+00	4.46769333142127e+05
8.81000000000000e+00	4.41930950939300e+05
8.82000000000000e+00	4.37162861462031e+05
8.83000000000000e+00	4.32503119903603e+05
8.84000000000000e+00	4.28001202773821e+05
8.85000000000000e+00	4.23692632888003e+05
8.86000000000000e+00	4.19605593045585e+05
8.87000000000000e+00	4.15772202849944e+05
8.88000000000000e+00	4.12205783259615e+05
8.89000000000000e+00	4.08925751607808e+05
8.90000000000000e+00	4.05935945892814e+05
8.91000000000000e+00	4.03250052930553e+05
8.92000000000000e+00	4.00845835112190e+05
8.93000000000000e+00	3.98737207004698e+05
8.94000000000000e+00	3.96886479138541e+05
8.95000000000000e+00	3.95291931120065e+05
8.96000000000000e+00	3.93909127760714e+05
8.97000000000000e+00	3.92708660764060e+05
8.98000000000000e+00	3.91638908831145e+05
8.99000000000000e+00	3.90658102834376e+05
9.00000000000000e+00	3.89723764931498e+05
9.01000000000000e+00	3.88805804384906e+05
9.02000000000000e+00	3.87870288436386e+05
9.03000000000000e+00	3.86905731652605e+05
9.04000000000000e+00	3.85895974131626e+05
9.05000000000000e+00	3.84820245671432e+05
9.06000000000000e+00	3.83662517105632e+05
9.07000000000000e+00	3.82392551682459e+05
9.08000000000000e+00	3.80990836897604e+05
9.09000000000000e+00	3.79448488992123e+05
9.10000000000000e+00	3.77768344963447e+05
9.11000000000000e+00	3.75951848353004e+05
9.12000000000000e+00	3.74029919143917e+05
9.13000000000000e+00	3.72023776404540e+05
9.14000000000000e+00	3.69974429446325e+05
9.15000000000000e+00	3.67912631914077e+05
9.16000000000000e+00	3.65865962460575e+05
9.17000000000000e+00	3.63870481751069e+05
9.18000000000000e+00	3.61947267827065e+05
9.19000000000000e+00	3.60115339116884e+05
9.20000000000000e+00	3.58384291355800e+05
9.21000000000000e+00	3.56765458963505e+05
9.22000000000000e+00	3.55258166733287e+05
9.23000000000000e+00	3.53860184188732e+05
9.24000000000000e+00	3.52570911808161e+05
9.25000000000000e+00	3.51382317622878e+05
9.26000000000000e+00	3.50295171419061e+05
9.27000000000000e+00	3.49318380488912e+05
9.28000000000000e+00	3.48461968369619e+05
9.29000000000000e+00	3.47756614348625e+05
9.30000000000000e+00	3.47220483963261e+05
9.31000000000000e+00	3.46889795374884e+05
9.32000000000000e+00	3.46785172955013e+05
9.33000000000000e+00	3.46921998886733e+05
9.34000000000000e+00	3.47296950662039e+05
9.35000000000000e+00	3.47891563534473e+05
9.36000000000000e+00	3.48672793158312e+05
9.37000000000000e+00	3.49575695100493e+05
9.38000000000000e+00	3.50541177985626e+05
9.39000000000000e+00	3.51500820255538e+05
9.40000000000000e+00	3.52378044220222e+05
9.41000000000000e+00	3.53113406527423e+05
9.42000000000000e+00	3.53661241774551e+05
9.43000000000000e+00	3.53987437831607e+05
9.44000000000000e+00	3.54075687840237e+05
9.45000000000000e+00	3.53926395154026e+05
9.46000000000000e+00	3.53552234024321e+05
9.47000000000000e+00	3.52982620033941e+05
9.48000000000000e+00	3.52254155014259e+05
9.49000000000000e+00	3.51403313796343e+05
9.50000000000000e+00	3.50474163555546e+05
9.51000000000000e+00	3.49504798181234e+05
9.52000000000000e+00	3.48523482215776e+05
9.53000000000000e+00	3.47538705162678e+05
9.54000000000000e+00	3.46555999264064e+05
9.55000000000000e+00	3.45561272069699e+05
9.56000000000000e+00	3.44549254809000e+05
9.57000000000000e+00	3.43529630285891e+05
9.58000000000000e+00	3.42526996595705e+05
9.59000000000000e+00	3.41583961238408e+05
9.60000000000000e+00	3.40735398059698e+05
9.61000000000000e+00	3.40010995916295e+05
9.62000000000000e+00	3.39413303598164e+05
9.63000000000000e+00	3.38931209719199e+05
9.64000000000000e+00	3.38531679036749e+05
9.65000000000000e+00	3.38177900037200e+05
9.66000000000000e+00	3.37839112926302e+05
9.67000000000000e+00	3.37503143333092e+05
9.68000000000000e+00	3.37151564204049e+05
9.69000000000000e+00	3.36781862247832e+05
9.70000000000000e+00	3.36393709185528e+05
9.71000000000000e+00	3.35985307119024e+05
9.72000000000000e+00	3.35556008067280e+05
9.73000000000000e+00	3.35103667105782e+05
9.74000000000000e+00	3.34635594497951e+05
9.75000000000000e+00	3.34144698207604e+05
9.76000000000000e+00	3.33636132723460e+05
9.77000000000000e+00	3.33099530361003e+05
9.78000000000000e+00	3.32537588842703e+05
9.79000000000000e+00	3.31953177774053e+05
9.80000000000000e+00	3.31344154755623e+05
9.81000000000000e+00	3.30710656227382e+05
9.82000000000000e+00	3.30058020648973e+05
9.83000000000000e+00	3.29388879749577e+05
9.84000000000000e+00	3.28703759985991e+05
9.85000000000000e+00	3.28004006678355e+05
9.86000000000000e+00	3.27291338553037e+05
9.87000000000000e+00	3.26579444310979e+05
9.88000000000000e+00	3.25890437689392e+05
9.89000000000000e+00	3.25316523601580e+05
9.90000000000000e+00	3.25070850858421e+05
9.91000000000000e+00	3.25620473671557e+05
9.92000000000000e+00	3.27896725743590e+05
9.93000000000000e+00	3.33522078966329e+05
9.94000000000000e+00	3.45164879319662e+05
9.95000000000000e+00	3.67009211841024e+05
9.96000000000000e+00	4.05771588871363e+05
9.97000000000000e+00	4.72922287337097e+05
9.98000000000000e+00	5.89943313585705e+05
9.99000000000000e+00	8.01496482070506e+05
1.00000000000000e+01	1.21230088864769e+06
1.00100000000000e+01	2.08930954695638e+06
1.00200000000000e+01	3.84241256246482e+06
1.00300000000000e+01	4.57611703893853e+06
1.00400000000000e+01	2.44634276572396e+06
1.00500000000000e+01	1.12411630146970e+06
1.00600000000000e+01	5.83408391104157e+05
1.00700000000000e+01	3.40500034788874e+05
1.00800000000000e+01	2.16730112775180e+05
1.00900000000000e+01	1.46998265851951e+05
1.01000000000000e+01	1.04590703644768e+05
1.01100000000000e+01	7.72328041437645e+04
1.01200000000000e+01	5.87438291622508e+04
1.01300000000000e+01	4.57720583123362e+04
1.01400000000000e+01	3.63872059436158e+04
1.01500000000000e+01	2.94202381799186e+04
1.01600000000000e+01	2.41347149839032e+04
1.01700000000000e+01	2.00485340353758e+04
1.01800000000000e+01	1.68379146180564e+04
1.01900000000000e+01	1.42789388460010e+04
1.02000000000000e+01	1.22136253384824e+04
1.02100000000000e+01	1.05277167895173e+04
1.02200000000000e+01	9.13761447876690e+03
1.02300000000000e+01	7.98096448404826e+03
1.02400000000000e+01	7.01067219014517e+03
1.02500000000000e+01	6.19062728109699e+03
1.02600000000000e+01	5.49273113712818e+03
1.02700000000000e+01	4.89511701697097e+03
1.02800000000000e+01	4.38046827252635e+03
1.02900000000000e+01	3.93489205493315e+03
1.03000000000000e+01	3.54717010578964e+03
1.03100000000000e+01	3.20827635346196e+03
1.03200000000000e+01	2.91079492939422e+03
1.03300000000000e+01	2.64859670939399e+03
1.03400000000000e+01	2.41662431883419e+03
1.03500000000000e+01	2.21064624250626e+03
1.03600000000000e+01	2.02716313051495e+03
1.03700000000000e+01	1.86313629801030e+03
1.03800000000000e+01	1.71610200985418e+03
1.03900000000000e+01	1.58389229700555e+03
1.04000000000000e+01	1.46467199880044e+03
1.04100000000000e+01	1.35690008555190e+03
1.04200000000000e+01	1.25924355651845e+03
1.04300000000000e+01	1.17052219740947e+03
1.04400000000000e+01	1.08975089025979e+03
1.04500000000000e+01	1.01608674163543e+03
1.04600000000000e+01	9.48735911756465e+02
1.04700000000000e+01	8.87065641668158e+02
1.04800000000000e+01	8.30496473055184e+02
1.04900000000000e+01	7.78516502790937e+02
1.05000000000000e+01	7.30680610829579e+02
1.05100000000000e+01	6.86587462925139e+02
1.05200000000000e+01	6.45884456158836e+02
1.05300000000000e+01	6.08259614042133e+02
1.05400000000000e+01	5.73431385180743e+02
1.05500000000000e+01	5.41153574548141e+02
1.05600000000000e+01	5.11194423623489e+02
1.05700000000000e+01	4.83354685987985e+02
1.05800000000000e+01	4.57448161236494e+02
1.05900000000000e+01	4.33310731343931e+02
1.06000000000000e+01	4.10800129974415e+02
1.06100000000000e+01	3.89777909122229e+02
1.06200000000000e+01	3.70123664981079e+02
1.06300000000000e+01	3.51731736584940e+02
1.06400000000000e+01	3.34498740151087e+02
1.06500000000000e+01	3.18338174267624e+02
1.06600000000000e+01	3.03161124755762e+02
1.06700000000000e+01	2.88900499196508e+02
1.06800000000000e+01	2.75487859412585e+02
1.06900000000000e+01	2.62858707155928e+02
1.07000000000000e+01	2.50952093742151e+02
1.07100000000000e+01	2.39727322184613e+02
1.07200000000000e+01	2.29129000863698e+02
1.07300000000000e+01	2.19119803244303e+02
1.07400000000000e+01	2.09658086201120e+02
1.07500000000000e+01	2.00707187409286e+02
1.07600000000000e+01	1.92239762158540e+02
1.07700000000000e+01	1.84220495543575e+02
1.07800000000000e+01	1.76623774577068e+02
1.07900000000000e+01	1.69422855181270e+02
1.08000000000000e+01	1.62594356803312e+02
1.08100000000000e+01	1.56116942365964e+02
1.08200000000000e+01	1.49968126302773e+02
1.08300000000000e+01	1.44127953880832e+02
1.08400000000000e+01	1.38577355677728e+02
1.08500000000000e+01	1.33298375905772e+02
1.08600000000000e+01	1.28276716926046e+02
1.08700000000000e+01	1.23495135345913e+02
1.08800000000000e+01	1.18937207897752e+02
1.08900000000000e+01	1.14593687580020e+02
1.09000000000000e+01	1.10447752453878e+02
1.09100000000000e+01	1.06489129606910e+02
1.09200000000000e+01	1.02708129026948e+02
1.09300000000000e+01	9.90913993403136e+01
1.09400000000000e+01	9.56317414446852e+01
1.09500000000000e+01	9.23201679651077e+01
1.09600000000000e+01	8.91473582844068e+01
1.09700000000000e+01	8.61068090727402e+01
1.09800000000000e+01	8.31905466819556e+01
1.09900000000000e+01	8.03927616196685e+01
1.10000000000000e+01	7.77078456876594e+01
1.10100000000000e+01	7.51314426350634e+01
1.10200000000000e+01	7.26570257688694e+01
1.10300000000000e+01	7.02825546641465e+01
1.10400000000000e+01	6.80029961038645e+01
1.10500000000000e+01	6.58140725322079e+01
1.10600000000000e+01	6.37150174775568e+01
1.10700000000000e+01	6.17008804928628e+01
1.10800000000000e+01	5.97682012428736e+01
1.10900000000000e+01	5.79157863860520e+01
1.11000000000000e+01	5.61394117292020e+01
1.11100000000000e+01	5.44362634603100e+01
1.11200000000000e+01	5.28023564927848e+01
1.11300000000000e+01	5.12350181479407e+01
1.11400000000000e+01	4.97308522470788e+01
1.11500000000000e+01	4.82863515743943e+01
1.11600000000000e+01	4.68982472391480e+01
1.11700000000000e+01	4.55637984335363e+01
1.11800000000000e+01	4.42796584777651e+01
1.11900000000000e+01	4.30431013578822e+01
1.12000000000000e+01	4.18512859530322e+01
1.12100000000000e+01	4.07015907908769e+01
1.12200000000000e+01	3.95927977485592e+01
1.12300000000000e+01	3.85221508214982e+01
1.12400000000000e+01	3.74876397417911e+01
1.12500000000000e+01	3.64880394199381e+01
1.12600000000000e+01	3.55208725939600e+01
1.12700000000000e+01	3.45858802103110e+01
1.12800000000000e+01	3.36808832894507e+01
1.12900000000000e+01	3.28053344254198e+01
1.13000000000000e+01	3.19573916880696e+01
1.13100000000000e+01	3.11367051755952e+01
1.13200000000000e+01	3.03412535987960e+01
1.13300000000000e+01	2.95708063588409e+01
1.13400000000000e+01	2.88239778597777e+01
1.13500000000000e+01	2.81001800404171e+01
1.13600000000000e+01	2.73982802065726e+01
1.13700000000000e+01	2.67173245979773e+01
1.13800000000000e+01	2.60569003548709e+01
1.13900000000000e+01	2.54154951105388e+01
1.14000000000000e+01	2.47933249867150e+01
1.14100000000000e+01	2.41890734049307e+01
1.14200000000000e+01	2.36022204238218e+01
1.14300000000000e+01	2.30324637946346e+01
1.14400000000000e+01	2.24791376137050e+01
1.14500000000000e+01	2.19417971801790e+01
1.14600000000000e+01	2.14198274733616e+01
1.14700000000000e+01	2.09126789969479e+01
1.14800000000000e+01	2.04195772256161e+01
1.14900000000000e+01	1.99403700175070e+01
1.15000000000000e+01	1.94747049761098e+01
1.15100000000000e+01	1.90219405349346e+01
1.15200000000000e+01	1.85817190038515e+01
1.15300000000000e+01	1.81537713942468e+01
1.15400000000000e+01	1.77373152956304e+01
1.15500000000000e+01	1.73328627037277e+01
1.15600000000000e+01	1.69395037922446e+01
1.15700000000000e+01	1.65573025108701e+01
1.15800000000000e+01	1.61859758700048e+01
1.15900000000000e+01	1.58256700463529e+01
1.16000000000000e+01	1.54757395451637e+01
1.16100000000000e+01	1.51363728408345e+01
1.16200000000000e+01	1.48071490874995e+01
1.16300000000000e+01	1.44878870084410e+01
1.16400000000000e+01	1.41781079071548e+01
1.16500000000000e+01	1.38773273098782e+01
1.16600000000000e+01	1.35852889340827e+01
1.16700000000000e+01	1.33015602430671e+01
1.16800000000000e+01	1.30255807633103e+01
1.16900000000000e+01	1.27567109679823e+01
1.17000000000000e+01	1.24948738704117e+01
1.17100000000000e+01	1.22392740171539e+01
1.17200000000000e+01	1.19894902354086e+01
1.17300000000000e+01	1.17455203109447e+01
1.17400000000000e+01	1.15067632387568e+01
1.17500000000000e+01	1.12731829844984e+01
1.17600000000000e+01	1.10446128317167e+01
1.17700000000000e+01	1.08207338074304e+01
1.17800000000000e+01	1.06020168169024e+01
1.17900000000000e+01	1.03879754660398e+01
1.18000000000000e+01	1.01788804740395e+01
1.18100000000000e+01	9.97458227274910e+00
1.18200000000000e+01	9.77528592937466e+00
1.18300000000000e+01	9.58101077078708e+00
1.18400000000000e+01	9.39172447908398e+00
1.18500000000000e+01	9.20725163151628e+00
1.18600000000000e+01	9.02765735357610e+00
1.18700000000000e+01	8.85288122971423e+00
1.18800000000000e+01	8.68271129339377e+00
1.18900000000000e+01	8.51692232787183e+00
1.19000000000000e+01	8.35545924947056e+00
1.19100000000000e+01	8.19814031574032e+00
1.19200000000000e+01	8.04465007740449e+00
1.19300000000000e+01	7.89496861572267e+00
1.19400000000000e+01	7.74884636970962e+00
1.19500000000000e+01	7.60602663812558e+00
1.19600000000000e+01	7.46659143448906e+00
1.19700000000000e+01	7.33003028482774e+00
1.19800000000000e+01	7.19652491079658e+00
1.19900000000000e+01	7.06572604496154e+00
1.20000000000000e+01	6.93759924748402e+00
1.20100000000000e+01	6.81199583101812e+00
1.20200000000000e+01	6.68905546532400e+00
1.20300000000000e+01	6.56849417794590e+00
1.20400000000000e+01	6.45029498296023e+00
1.20500000000000e+01	6.33450631050204e+00
1.20600000000000e+01	6.22119504405815e+00
1.20700000000000e+01	6.11029354772858e+00
1.20800000000000e+01	6.00175623294261e+00
1.20900000000000e+01	5.89567925381072e+00
1.21000000000000e+01	5.79199110283297e+00
1.21100000000000e+01	5.69079815372171e+00
1.21200000000000e+01	5.59206159061397e+00
1.21300000000000e+01	5.49563486532090e+00
1.21400000000000e+01	5.40162498379173e+00
1.21500000000000e+01	5.30996326153532e+00
1.21600000000000e+01	5.22042001484691e+00
1.21700000000000e+01	5.13305112615382e+00
1.21800000000000e+01	5.04771562951465e+00
1.21900000000000e+01	4.96427134268075e+00
1.22000000000000e+01	4.88265019503350e+00
1.22100000000000e+01	4.80268833120228e+00
1.22200000000000e+01	4.72434001392146e+00
1.22300000000000e+01	4.64751156678736e+00
1.22400000000000e+01	4.57201553078324e+00
1.22500000000000e+01	4.49785416910396e+00
1.22600000000000e+01	4.42496631194278e+00
1.22700000000000e+01	4.35319130967292e+00
1.22800000000000e+01	4.28249696793269e+00
1.22900000000000e+01	4.21282256819739e+00
1.23000000000000e+01	4.14412449919321e+00
1.23100000000000e+01	4.07633265193485e+00
1.23200000000000e+01	4.00946314863134e+00
1.23300000000000e+01	3.94347717837595e+00
1.23400000000000e+01	3.87832319075522e+00
1.23500000000000e+01	3.81406386286335e+00
1.23600000000000e+01	3.75069480214383e+00
1.23700000000000e+01	3.68817829325318e+00
1.23800000000000e+01	3.62651316485241e+00
1.23900000000000e+01	3.56585335490357e+00
1.24000000000000e+01	3.50616601818333e+00
1.24100000000000e+01	3.44749034996881e+00
1.24200000000000e+01	3.38986314003379e+00
1.24300000000000e+01	3.33331905547640e+00
1.24400000000000e+01	3.27785045991341e+00
1.24500000000000e+01	3.22341338013893e+00
1.24600000000000e+01	3.17013917142438e+00
1.24700000000000e+01	3.11785096076144e+00
1.24800000000000e+01	3.06665587361506e+00
1.24900000000000e+01	3.01650229504658e+00
1.25000000000000e+01	2.96742406155674e+00
1.25100000000000e+01	2.91932255573386e+00
1.25200000000000e+01	2.87217685416625e+00
1.25300000000000e+01	2.82603342361810e+00
1.25400000000000e+01	2.78090868956599e+00
1.25500000000000e+01	2.73668787741679e+00
1.25600000000000e+01	2.69340392877295e+00
1.25700000000000e+01	2.65105974689918e+00
1.25800000000000e+01	2.60966214523724e+00
1.25900000000000e+01	2.56913110419739e+00
1.26000000000000e+01	2.52948538398501e+00
1.26100000000000e+01	2.49064735730639e+00
1.26200000000000e+01	2.45265311405790e+00
1.26300000000000e+01	2.41545727607495e+00
1.26400000000000e+01	2.37893452317779e+00
1.26500000000000e+01	2.34321230946131e+00
1.26600000000000e+01	2.30818742378337e+00
1.26700000000000e+01	2.27381194995095e+00
1.26800000000000e+01	2.24013542716063e+00
1.26900000000000e+01	2.20714264272093e+00
1.27000000000000e+01	2.17478643240169e+00
1.27100000000000e+01	2.14306812394307e+00
1.27200000000000e+01	2.11201827492648e+00
1.27300000000000e+01	2.08157844612603e+00
1.27400000000000e+01	2.05180499023890e+00
1.27500000000000e+01	2.02267573375973e+00
1.27600000000000e+01	1.99414856184332e+00
1.27700000000000e+01	1.96620177495606e+00
1.27800000000000e+01	1.93886603665205e+00
1.27900000000000e+01	1.91210609692527e+00
1.28000000000000e+01	1.88587841157721e+00
1.28100000000000e+01	1.86015207111249e+00
1.28200000000000e+01	1.83496053494298e+00
1.28300000000000e+01	1.81025822243092e+00
1.28400000000000e+01	1.78598151494789e+00
1.28500000000000e+01	1.76221705806797e+00
1.28600000000000e+01	1.73886230902196e+00
1.28700000000000e+01	1.71593186139492e+00
1.28800000000000e+01	1.69342465178178e+00
1.28900000000000e+01	1.67131103332839e+00
1.29000000000000e+01	1.64960117224497e+00
1.29100000000000e+01	1.62826466396263e+00
1.29200000000000e+01	1.60731284317066e+00
1.29300000000000e+01	1.58671647504862e+00
1.29400000000000e+01	1.56647364917569e+00
1.29500000000000e+01	1.54656935284269e+00
1.29600000000000e+01	1.52699259551804e+00
1.29700000000000e+01	1.50773995012934e+00
1.29800000000000e+01	1.48877228029755e+00
1.29900000000000e+01	1.47013711567243e+00
1.30000000000000e+01	1.45177652113457e+00
1.30100000000000e+01	1.43373402671135e+00
1.30200000000000e+01	1.41599473933192e+00
1.30300000000000e+01	1.39850449423681e+00
1.30400000000000e+01	1.38132725365943e+00
1.30500000000000e+01	1.36438309381344e+00
1.30600000000000e+01	1.34773224550760e+00
1.30700000000000e+01	1.33128488590503e+00
1.30800000000000e+01	1.31507504140079e+00
1.30900000000000e+01	1.29909533409742e+00
1.31000000000000e+01	1.28326853793586e+00
1.31100000000000e+01	1.26767622500553e+00
1.31200000000000e+01	1.25222874694433e+00
1.31300000000000e+01	1.23693745062775e+00
1.31400000000000e+01	1.22178624106154e+00
1.31500000000000e+01	1.20680509071654e+00
1.31600000000000e+01	1.19199708145546e+00
1.31700000000000e+01	1.17733586918085e+00
1.31800000000000e+01	1.16282538870260e+00
1.31900000000000e+01	1.14851047320479e+00
1.32000000000000e+01	1.13435810457972e+00
1.32100000000000e+01	1.12039974680417e+00
1.32200000000000e+01	1.10661806426079e+00
1.32300000000000e+01	1.09301042230171e+00
1.32400000000000e+01	1.07960162318244e+00
1.32500000000000e+01	1.06637092059523e+00
1.32600000000000e+01	1.05329285358048e+00
1.32700000000000e+01	1.04038784126802e+00
1.32800000000000e+01	1.02764013270507e+00
1.32900000000000e+01	1.01504511316671e+00
1.33000000000000e+01	1.00260732740372e+00
1.33100000000000e+01	9.90318065498736e-01
1.33200000000000e+01	9.78187562896122e-01
1.33300000000000e+01	9.66209160516708e-01
1.33400000000000e+01	9.54399892212424e-01
1.33500000000000e+01	9.42760094763677e-01
1.33600000000000e+01	9.31288441393933e-01
1.33700000000000e+01	9.19990652362689e-01
1.33800000000000e+01	9.08877761368620e-01
1.33900000000000e+01	8.97944870873657e-01
1.34000000000000e+01	8.87186753311238e-01
1.34100000000000e+01	8.76604041576755e-01
1.34200000000000e+01	8.66198045506917e-01
1.34300000000000e+01	8.55954468730322e-01
1.34400000000000e+01	8.45872900121275e-01
1.34500000000000e+01	8.35950690841609e-01
1.34600000000000e+01	8.26172862137721e-01
1.34700000000000e+01	8.16535500890130e-01
1.34800000000000e+01	8.07043309881099e-01
1.34900000000000e+01	7.97674341874244e-01
1.35000000000000e+01	7.88433931192514e-01
1.35100000000000e+01	7.79306866551586e-01
1.35200000000000e+01	7.70294952119538e-01
1.35300000000000e+01	7.61391838000854e-01
1.35400000000000e+01	7.52590847388739e-01
1.35500000000000e+01	7.43881767241624e-01
1.35600000000000e+01	7.35269588151462e-01
1.35700000000000e+01	7.26739031129482e-01
1.35800000000000e+01	7.18298647690092e-01
1.35900000000000e+01	7.09929321173880e-01
1.36000000000000e+01	7.01647007416812e-01
1.36100000000000e+01	6.93437630735293e-01
1.36200000000000e+01	6.85308239875135e-01
1.36300000000000e+01	6.77251969052827e-01
1.36400000000000e+01	6.69278966912069e-01
1.36500000000000e+01	6.61391651763382e-01
1.36600000000000e+01	6.53585903445765e-01
1.36700000000000e+01	6.45870731625636e-01
1.36800000000000e+01	6.38252771072806e-01
1.36900000000000e+01	6.30735346406875e-01
1.37000000000000e+01	6.23319437176882e-01
1.37100000000000e+01	6.16014911833345e-01
1.37200000000000e+01	6.08821001820121e-01
1.37300000000000e+01	6.01755022330660e-01
1.37400000000000e+01	5.94805599646493e-01
1.37500000000000e+01	5.87988315165923e-01
1.37600000000000e+01	5.81294362205286e-01
1.37700000000000e+01	5.74725862150404e-01
1.37800000000000e+01	5.68283055316958e-01
1.37900000000000e+01	5.61957942761002e-01
1.38000000000000e+01	5.55755629551822e-01
1.38100000000000e+01	5.49659296552505e-01
1.38200000000000e+01	5.43668013550103e-01
1.38300000000000e+01	5.37773662691189e-01
1.38400000000000e+01	5.31971361773556e-01
1.38500000000000e+01	5.26258029222246e-01
1.38600000000000e+01	5.20621635242024e-01
1.38700000000000e+01	5.15059054630482e-01
1.38800000000000e+01	5.09574235802954e-01
1.38900000000000e+01	5.04151982263553e-01
1.39000000000000e+01	4.98792309747280e-01
1.39100000000000e+01	4.93496231781462e-01
1.39200000000000e+01	4.88258266665120e-01
1.39300000000000e+01	4.83075064537651e-01
1.39400000000000e+01	4.77948660109850e-01
1.39500000000000e+01	4.72877468217028e-01
1.39600000000000e+01	4.67854166451522e-01
1.39700000000000e+01	4.62882972028439e-01
1.39800000000000e+01	4.57965346137884e-01
1.39900000000000e+01	4.53096919433394e-01
1.40000000000000e+01	4.48282536215006e-01
1.40100000000000e+01	4.43519294222465e-01
1.40200000000000e+01	4.38807733771860e-01
1.40300000000000e+01	4.34150390431871e-01
1.40400000000000e+01	4.29554698178712e-01
1.40500000000000e+01	4.25013759932030e-01
1.40600000000000e+01	4.20531302068906e-01
1.40700000000000e+01	4.16111475695133e-01
1.40800000000000e+01	4.11750651159459e-01
1.40900000000000e+01	4.07449101352122e-01
1.41000000000000e+01	4.03206808404585e-01
1.41100000000000e+01	3.99021970244880e-01
1.41200000000000e+01	3.94891191698284e-01
1.41300000000000e+01	3.90814146239481e-01
1.41400000000000e+01	3.86785809240966e-01
1.41500000000000e+01	3.82799493309125e-01
1.41600000000000e+01	3.78856002920944e-01
1.41700000000000e+01	3.74949090199290e-01
1.41800000000000e+01	3.71077164164295e-01
1.41900000000000e+01	3.67239572303304e-01
1.42000000000000e+01	3.63432883778436e-01
1.42100000000000e+01	3.59657619129123e-01
1.42200000000000e+01	3.55920304278013e-01
1.42300000000000e+01	3.52215344743509e-01
1.42400000000000e+01	3.48547158070008e-01
1.42500000000000e+01	3.44920728281916e-01
1.42600000000000e+01	3.41333333332240e-01
1.42700000000000e+01	3.37790623833814e-01
1.42800000000000e+01	3.34296932567311e-01
1.42900000000000e+01	3.30846575024585e-01
1.43000000000000e+01	3.27446020678511e-01
1.43100000000000e+01	3.24092785176435e-01
1.43200000000000e+01	3.20783306653881e-01
1.43300000000000e+01	3.17520899115164e-01
1.43400000000000e+01	3.14301939270773e-01
1.43500000000000e+01	3.11127934669342e-01
1.43600000000000e+01	3.07995278206843e-01
1.43700000000000e+01	3.04899734542655e-01
1.43800000000000e+01	3.01847582435198e-01
1.43900000000000e+01	2.98834469372932e-01
1.44000000000000e+01	2.95863112249115e-01
1.44100000000000e+01	2.92928627931312e-01
1.44200000000000e+01	2.90033714222712e-01
1.44300000000000e+01	2.87177088572907e-01
1.44400000000000e+01	2.84362784603423e-01
1.44500000000000e+01	2.81583846254992e-01
1.44600000000000e+01	2.78845049954068e-01
1.44700000000000e+01	2.76143361731285e-01
1.44800000000000e+01	2.73476876102646e-01
1.44900000000000e+01	2.70847302288927e-01
1.45000000000000e+01	2.68251575293266e-01
1.45100000000000e+01	2.65690890498986e-01
1.45200000000000e+01	2.63162197973963e-01
1.45300000000000e+01	2.60663881341735e-01
1.45400000000000e+01	2.58198340210360e-01
1.45500000000000e+01	2.55760097478364e-01
1.45600000000000e+01	2.53350780009895e-01
1.45700000000000e+01	2.50969554360384e-01
1.45800000000000e+01	2.48611629406236e-01
1.45900000000000e+01	2.46283036054252e-01
1.46000000000000e+01	2.43977853914430e-01
1.46100000000000e+01	2.41693889717704e-01
1.46200000000000e+01	2.39437691336114e-01
1.46300000000000e+01	2.37201047543903e-01
1.46400000000000e+01	2.34989440341572e-01
1.46500000000000e+01	2.32801955211173e-01
1.46600000000000e+01	2.30635666613451e-01
1.46700000000000e+01	2.28493283787765e-01
1.46800000000000e+01	2.26376219316949e-01
1.46900000000000e+01	2.24282702190406e-01
1.47000000000000e+01	2.22214175160215e-01
1.47100000000000e+01	2.20169300944184e-01
1.47200000000000e+01	2.18147881085047e-01
1.47300000000000e+01	2.16150757870970e-01
1.47400000000000e+01	2.14178037970860e-01
1.47500000000000e+01	2.12228241089262e-01
1.47600000000000e+01	2.10301167714021e-01
1.47700000000000e+01	2.08395424141743e-01
1.47800000000000e+01	2.06508735384586e-01
1.47900000000000e+01	2.04642328612595e-01
1.48000000000000e+01	2.02793808910595e-01
1.48100000000000e+01	2.00960962998242e-01
1.48200000000000e+01	1.99147049011983e-01
1.48300000000000e+01	1.97345942900485e-01
1.48400000000000e+01	1.95559898998511e-01
1.48500000000000e+01	1.93788835037400e-01
1.48600000000000e+01	1.92031406511901e-01
1.48700000000000e+01	1.90287412647008e-01
1.48800000000000e+01	1.88557330612526e-01
1.48900000000000e+01	1.86839482220749e-01
1.49000000000000e+01	1.85138289742658e-01
1.49100000000000e+01	1.83449575909852e-01
1.49200000000000e+01	1.81776249997927e-01
1.49300000000000e+01	1.80117442184121e-01
1.49400000000000e+01	1.78474670451395e-01
1.49500000000000e+01	1.76846771491097e-01
1.49600000000000e+01	1.75236865513181e-01
1.49700000000000e+01	1.73643382064954e-01
1.49800000000000e+01	1.72067259195701e-01
1.49900000000000e+01	1.70509361844592e-01
1.50000000000000e+01	1.68968267574015e-01
1.50100000000000e+01	1.67446455350704e-01
1.50200000000000e+01	1.65939700645601e-01
1.50300000000000e+01	1.64451423441799e-01
1.50400000000000e+01	1.62980933819614e-01
1.50500000000000e+01	1.61526207692172e-01
1.50600000000000e+01	1.60087301503487e-01
1.50700000000000e+01	1.58663104351007e-01
1.50800000000000e+01	1.57252727555551e-01
1.50900000000000e+01	1.55856948936735e-01
1.51000000000000e+01	1.54472741331761e-01
1.51100000000000e+01	1.53101162580048e-01
1.51200000000000e+01	1.51742007268995e-01
1.51300000000000e+01	1.50392456169932e-01
1.51400000000000e+01	1.49055307848554e-01
1.51500000000000e+01	1.47727552146711e-01
1.51600000000000e+01	1.46409704804277e-01
1.51700000000000e+01	1.45102448263413e-01
1.51800000000000e+01	1.43806996993535e-01
1.51900000000000e+01	1.42521619661882e-01
1.52000000000000e+01	1.41247165396192e-01
1.52100000000000e+01	1.39984085145675e-01
1.52200000000000e+01	1.38732787630096e-01
1.52300000000000e+01	1.37492584436060e-01
1.52400000000000e+01	1.36261759734561e-01
1.52500000000000e+01	1.35041221668339e-01
1.52600000000000e+01	1.33829533915606e-01
1.52700000000000e+01	1.32625569230215e-01
1.52800000000000e+01	1.31428482605776e-01
1.52900000000000e+01	1.30235303364226e-01
1.53000000000000e+01	1.29045383597178e-01
1.53100000000000e+01	1.27856416673219e-01
1.53200000000000e+01	1.26667931772738e-01
1.53300000000000e+01	1.25479503841608e-01
1.53400000000000e+01	1.24287729948429e-01
1.53500000000000e+01	1.23093628640376e-01
1.53600000000000e+01	1.21898263287379e-01
1.53700000000000e+01	1.20699787190240e-01
1.53800000000000e+01	1.19499124147441e-01
1.53900000000000e+01	1.18298838796337e-01
1.54000000000000e+01	1.17098959744970e-01
1.54100000000000e+01	1.15903176493239e-01
1.54200000000000e+01	1.14712103570538e-01
1.54300000000000e+01	1.13529944698374e-01
1.54400000000000e+01	1.12358493764281e-01
1.54500000000000e+01	1.11201589506753e-01
1.54600000000000e+01	1.10061562350991e-01
1.54700000000000e+01	1.08943979843417e-01
1.54800000000000e+01	1.07849127684436e-01
1.54900000000000e+01	1.06781848749212e-01
1.55000000000000e+01	1.05743029521339e-01
1.55100000000000e+01	1.04736198370142e-01
1.55200000000000e+01	1.03762200357924e-01
1.55300000000000e+01	1.02821493645707e-01
1.55400000000000e+01	1.01912219415706e-01
1.55500000000000e+01	1.01035281920474e-01
1.55600000000000e+01	1.00187387862360e-01
1.55700000000000e+01	9.93660762292214e-02
1.55800000000000e+01	9.85704762837819e-02
1.55900000000000e+01	9.77953888185063e-02
1.56000000000000e+01	9.70370348387753e-02
1.56100000000000e+01	9.62949443116459e-02
1.56200000000000e+01	9.55632226356796e-02
1.56300000000000e+01	9.48413574631915e-02
1.56400000000000e+01	9.41253780806176e-02
1.56500000000000e+01	9.34130987231367e-02
1.56600000000000e+01	9.27028010088885e-02
1.56700000000000e+01	9.19933211249048e-02
1.56800000000000e+01	9.12832952611565e-02
1.56900000000000e+01	9.05724116806708e-02
1.57000000000000e+01	8.98594563252455e-02
1.57100000000000e+01	8.91443529804913e-02
1.57200000000000e+01	8.84280344776348e-02
1.57300000000000e+01	8.77103146162938e-02
1.57400000000000e+01	8.69918303760317e-02
1.57500000000000e+01	8.62742498062461e-02
1.57600000000000e+01	8.55574948220348e-02
1.57700000000000e+01	8.48428726327289e-02
1.57800000000000e+01	8.41322972915584e-02
1.57900000000000e+01	8.34279970046290e-02
1.58000000000000e+01	8.27298709152517e-02
1.58100000000000e+01	8.20401442972801e-02
1.58200000000000e+01	8.13596974948641e-02
1.58300000000000e+01	8.06908721660376e-02
1.58400000000000e+01	8.00339938829762e-02
1.58500000000000e+01	7.93897690264530e-02
1.58600000000000e+01	7.87591583777947e-02
1.58700000000000e+01	7.81413973260485e-02
1.58800000000000e+01	7.75366350135618e-02
1.58900000000000e+01	7.69453381801913e-02
1.59000000000000e+01	7.63661567348217e-02
1.59100000000000e+01	7.57983710770414e-02
1.59200000000000e+01	7.52405390303744e-02
1.59300000000000e+01	7.46918700548196e-02
1.59400000000000e+01	7.41516077051406e-02
1.59500000000000e+01	7.36176087687520e-02
1.59600000000000e+01	7.30884537470349e-02
1.59700000000000e+01	7.25649780460654e-02
1.59800000000000e+01	7.20453396703594e-02
1.59900000000000e+01	7.15280886182648e-02
1.60000000000000e+01	7.10146458414412e-02
1.60100000000000e+01	7.05030159087398e-02
1.60200000000000e+01	6.99943052846981e-02
1.60300000000000e+01	6.94877328241960e-02
1.60400000000000e+01	6.89837421358157e-02
1.60500000000000e+01	6.84820957627587e-02
1.60600000000000e+01	6.79833955795399e-02
1.60700000000000e+01	6.74869836485200e-02
1.60800000000000e+01	6.69927017262751e-02
1.60900000000000e+01	6.65018537644981e-02
1.61000000000000e+01	6.60144112214003e-02
1.61100000000000e+01	6.55296184057808e-02
1.61200000000000e+01	6.50484150676066e-02
1.61300000000000e+01	6.45702301888151e-02
1.61400000000000e+01	6.40961845949545e-02
1.61500000000000e+01	6.36261659554797e-02
1.61600000000000e+01	6.31592186271674e-02
1.61700000000000e+01	6.26969309811266e-02
1.61800000000000e+01	6.22387238243773e-02
1.61900000000000e+01	6.17858860123015e-02
1.62000000000000e+01	6.13371779549462e-02
1.62100000000000e+01	6.08946938107373e-02
1.62200000000000e+01	6.04567641025382e-02
1.62300000000000e+01	6.00246721596983e-02
1.62400000000000e+01	5.95983926879798e-02
1.62500000000000e+01	5.91779377723005e-02
1.62600000000000e+01	5.87624733342873e-02
1.62700000000000e+01	5.83523019535086e-02
1.62800000000000e+01	5.79469080882030e-02
1.62900000000000e+01	5.75460206950908e-02
1.63000000000000e+01	5.71489940562062e-02
1.63100000000000e+01	5.67542976171039e-02
1.63200000000000e+01	5.63630142230878e-02
1.63300000000000e+01	5.59727758334850e-02
1.63400000000000e+01	5.55832277916812e-02
1.63500000000000e+01	5.51942428048956e-02
1.63600000000000e+01	5.48047911247549e-02
1.63700000000000e+01	5.44138873199395e-02
1.63800000000000e+01	5.40217262347977e-02
1.63900000000000e+01	5.36267600472843e-02
1.64000000000000e+01	5.32299917087205e-02
1.64100000000000e+01	5.28304703892297e-02
1.64200000000000e+01	5.24289197057462e-02
1.64300000000000e+01	5.20251422852748e-02
1.64400000000000e+01	5.16201316404140e-02
1.64500000000000e+01	5.12137891866107e-02
1.64600000000000e+01	5.08073925168876e-02
1.64700000000000e+01	5.04022837604706e-02
1.64800000000000e+01	4.99982539655257e-02
1.64900000000000e+01	4.95976600114784e-02
1.65000000000000e+01	4.92013512601291e-02
1.65100000000000e+01	4.88090001487224e-02
1.65200000000000e+01	4.84223930821977e-02
1.65300000000000e+01	4.80419406936024e-02
1.65400000000000e+01	4.76679685103326e-02
1.65500000000000e+01	4.73010028551397e-02
1.65600000000000e+01	4.69413212022411e-02
1.65700000000000e+01	4.65882471371232e-02
1.65800000000000e+01	4.62422911370707e-02
1.65900000000000e+01	4.59033785302232e-02
1.66000000000000e+01	4.55718411873329e-02
1.66100000000000e+01	4.52460521162159e-02
1.66200000000000e+01	4.49269398502399e-02
1.66300000000000e+01	4.46133927479375e-02
1.66400000000000e+01	4.43057012115404e-02
1.66500000000000e+01	4.40033319714470e-02
1.66600000000000e+01	4.37060726773202e-02
1.66700000000000e+01	4.34134449073055e-02
1.66800000000000e+01	4.31257181707390e-02
1.66900000000000e+01	4.28414898499127e-02
1.67000000000000e+01	4.25611452468251e-02
1.67100000000000e+01	4.22838924542561e-02
1.67200000000000e+01	4.20100161943254e-02
1.67300000000000e+01	4.17384007548655e-02
1.67400000000000e+01	4.14689602785031e-02
1.67500000000000e+01	4.12014695624159e-02
1.67600000000000e+01	4.09352766705811e-02
1.67700000000000e+01	4.06699854184829e-02
1.67800000000000e+01	4.04055008643393e-02
1.67900000000000e+01	4.01420237832603e-02
1.68000000000000e+01	3.98784975040283e-02
1.68100000000000e+01	3.96150680539036e-02
1.68200000000000e+01	3.93525365998376e-02
1.68300000000000e+01	3.90901267269780e-02
1.68400000000000e+01	3.88278539925360e-02
1.68500000000000e+01	3.85663337644494e-02
1.68600000000000e+01	3.83053472875103e-02
1.68700000000000e+01	3.80451240003611e-02
1.68800000000000e+01	3.77862633246679e-02
1.68900000000000e+01	3.75282467146814e-02
1.69000000000000e+01	3.72720749201208e-02
1.69100000000000e+01	3.70169887790478e-02
1.69200000000000e+01	3.67633802211291e-02
1.69300000000000e+01	3.65113023243818e-02
1.69400000000000e+01	3.62613789159765e-02
1.69500000000000e+01	3.60127423800593e-02
1.69600000000000e+01	3.57664528179344e-02
1.69700000000000e+01	3.55219859089884e-02
1.69800000000000e+01	3.52800249438198e-02
1.69900000000000e+01	3.50407174178888e-02
1.70000000000000e+01	3.48040093516705e-02
1.70100000000000e+01	3.45707817060163e-02
1.70200000000000e+01	3.43411852286862e-02
1.70300000000000e+01	3.41150139142418e-02
1.70400000000000e+01	3.38925272253611e-02
1.70500000000000e+01	3.36741474465796e-02
1.70600000000000e+01	3.34595671448988e-02
1.70700000000000e+01	3.32490496555873e-02
1.70800000000000e+01	3.30416921576175e-02
1.70900000000000e+01	3.28380084926739e-02
1.71000000000000e+01	3.26374649603401e-02
1.71100000000000e+01	3.24400157044544e-02
1.71200000000000e+01	3.22445277149597e-02
1.71300000000000e+01	3.20513599411927e-02
1.71400000000000e+01	3.18604606513992e-02
1.71500000000000e+01	3.16712661161962e-02
1.71600000000000e+01	3.14834105034528e-02
1.71700000000000e+01	3.12971293065333e-02
1.71800000000000e+01	3.11117600765999e-02
1.71900000000000e+01	3.09282084083057e-02
1.72000000000000e+01	3.07453875146873e-02
1.72100000000000e+01	3.05640311280101e-02
1.72200000000000e+01	3.03839624774139e-02
1.72300000000000e+01	3.02044960588101e-02
1.72400000000000e+01	3.00266366840628e-02
1.72500000000000e+01	2.98493987502208e-02
1.72600000000000e+01	2.96735360978452e-02
1.72700000000000e+01	2.94984734661305e-02
1.72800000000000e+01	2.93243365349570e-02
1.72900000000000e+01	2.91510787296791e-02
1.73000000000000e+01	2.89787232273757e-02
1.73100000000000e+01	2.88070935551997e-02
1.73200000000000e+01	2.86364276271732e-02
1.73300000000000e+01	2.84661649573723e-02
1.73400000000000e+01	2.82965084595878e-02
1.73500000000000e+01	2.81275882975413e-02
1.73600000000000e+01	2.79592800807978e-02
1.73700000000000e+01	2.77914795718086e-02
1.73800000000000e+01	2.76243091446518e-02
1.73900000000000e+01	2.74576253285017e-02
1.74000000000000e+01	2.72920043806501e-02
1.74100000000000e+01	2.71266206533239e-02
1.74200000000000e+01	2.69618495221919e-02
1.74300000000000e+01	2.67978263515015e-02
1.74400000000000e+01	2.66348061511202e-02
1.74500000000000e+01	2.64719364412671e-02
1.74600000000000e+01	2.63102763781073e-02
1.74700000000000e+01	2.61491178608119e-02
1.74800000000000e+01	2.59886315536026e-02
1.74900000000000e+01	2.58282986025501e-02
1.75000000000000e+01	2.56689376540906e-02
1.75100000000000e+01	2.55101266449820e-02
1.75200000000000e+01	2.53515647808413e-02
1.75300000000000e+01	2.51931287058452e-02
1.75400000000000e+01	2.50349808944273e-02
1.75500000000000e+01	2.48774561215167e-02
1.75600000000000e+01	2.47199026362812e-02
1.75700000000000e+01	2.45628412360386e-02
1.75800000000000e+01	2.44058228298675e-02
1.75900000000000e+01	2.42495064288278e-02
1.76000000000000e+01	2.40934810181128e-02
1.76100000000000e+01	2.39385571230276e-02
1.76200000000000e+01	2.37840991980160e-02
1.76300000000000e+01	2.36308483383181e-02
1.76400000000000e+01	2.34785450400828e-02
1.76500000000000e+01	2.33273880759235e-02
1.76600000000000e+01	2.31778366215912e-02
1.76700000000000e+01	2.30294318696251e-02
1.76800000000000e+01	2.28824515325138e-02
1.76900000000000e+01	2.27372533753917e-02
1.77000000000000e+01	2.25929536667489e-02
1.77100000000000e+01	2.24502610410569e-02
1.77200000000000e+01	2.23086082943044e-02
1.77300000000000e+01	2.21681480782806e-02
1.77400000000000e+01	2.20290318257431e-02
1.77500000000000e+01	2.18905641876992e-02
1.77600000000000e+01	2.17533212578840e-02
1.77700000000000e+01	2.16167543283024e-02
1.77800000000000e+01	2.14809809802515e-02
1.77900000000000e+01	2.13461482636551e-02
1.78000000000000e+01	2.12115637281411e-02
1.78100000000000e+01	2.10777428978715e-02
1.78200000000000e+01	2.09446193466194e-02
1.78300000000000e+01	2.08117768884800e-02
1.78400000000000e+01	2.06796298328665e-02
1.78500000000000e+01	2.05480727647044e-02
1.78600000000000e+01	2.04171782046803e-02
1.78700000000000e+01	2.02867789495449e-02
1.78800000000000e+01	2.01566909616821e-02
1.78900000000000e+01	2.00273679707897e-02
1.79000000000000e+01	1.98987571043111e-02
1.79100000000000e+01	1.97704764140692e-02
1.79200000000000e+01	1.96426813465058e-02
1.79300000000000e+01	1.95155805212375e-02
1.79400000000000e+01	1.93886309124147e-02
1.79500000000000e+01	1.92622742622399e-02
1.79600000000000e+01	1.91360953059057e-02
1.79700000000000e+01	1.90105962622188e-02
1.79800000000000e+01	1.88852933462298e-02
1.79900000000000e+01	1.87609643988955e-02
1.80000000000000e+01	1.86373067516035e-02
1.80100000000000e+01	1.85151542120250e-02
1.80200000000000e+01	1.83939743743074e-02
1.80300000000000e+01	1.82745873286325e-02
1.80400000000000e+01	1.81571560457772e-02
1.80500000000000e+01	1.80418620322316e-02
1.80600000000000e+01	1.79286163963037e-02
1.80700000000000e+01	1.78181160863620e-02
1.80800000000000e+01	1.77099045492954e-02
1.80900000000000e+01	1.76040815857370e-02
1.81000000000000e+01	1.75004026338965e-02
1.81100000000000e+01	1.73989645817120e-02
1.81200000000000e+01	1.72995252425291e-02
1.81300000000000e+01	1.72016749789330e-02
1.81400000000000e+01	1.71049760086420e-02
1.81500000000000e+01	1.70095899620978e-02
1.81600000000000e+01	1.69149010017801e-02
1.81700000000000e+01	1.68211539615645e-02
1.81800000000000e+01	1.67274674512670e-02
1.81900000000000e+01	1.66343601580673e-02
1.82000000000000e+01	1.65414486120657e-02
1.82100000000000e+01	1.64483550235377e-02
1.82200000000000e+01	1.63554459507496e-02
1.82300000000000e+01	1.62625756088184e-02
1.82400000000000e+01	1.61694632364149e-02
1.82500000000000e+01	1.60762003704416e-02
1.82600000000000e+01	1.59829452549217e-02
1.82700000000000e+01	1.58896494578686e-02
1.82800000000000e+01	1.57962070472199e-02
1.82900000000000e+01	1.57027882163319e-02
1.83000000000000e+01	1.56098073187022e-02
1.83100000000000e+01	1.55166938613698e-02
1.83200000000000e+01	1.54242057609176e-02
1.83300000000000e+01	1.53321581550511e-02
1.83400000000000e+01	1.52406822339911e-02
1.83500000000000e+01	1.51499892197045e-02
1.83600000000000e+01	1.50601796030953e-02
1.83700000000000e+01	1.49714895018142e-02
1.83800000000000e+01	1.48839443202529e-02
1.83900000000000e+01	1.47977089605571e-02
1.84000000000000e+01	1.47128867647893e-02
1.84100000000000e+01	1.46295989519509e-02
1.84200000000000e+01	1.45478888928156e-02
1.84300000000000e+01	1.44678308563242e-02
1.84400000000000e+01	1.43893580619773e-02
1.84500000000000e+01	1.43124959319831e-02
1.84600000000000e+01	1.42371017838584e-02
1.84700000000000e+01	1.41631155163958e-02
1.84800000000000e+01	1.40903911564796e-02
1.84900000000000e+01	1.40186806163261e-02
1.85000000000000e+01	1.39479564346022e-02
1.85100000000000e+01	1.38779666965564e-02
1.85200000000000e+01	1.38084615007187e-02
1.85300000000000e+01	1.37394317609332e-02
1.85400000000000e+01	1.36705795482455e-02
1.85500000000000e+01	1.36018837770310e-02
1.85600000000000e+01	1.35331019881731e-02
1.85700000000000e+01	1.34642600699175e-02
1.85800000000000e+01	1.33953265455577e-02
1.85900000000000e+01	1.33261169683820e-02
1.86000000000000e+01	1.32567071251894e-02
1.86100000000000e+01	1.31870997276246e-02
1.86200000000000e+01	1.31173229842199e-02
1.86300000000000e+01	1.30473452689529e-02
1.86400000000000e+01	1.29773305797056e-02
1.86500000000000e+01	1.29072868396886e-02
1.86600000000000e+01	1.28372354743048e-02
1.86700000000000e+01	1.27673148624601e-02
1.86800000000000e+01	1.26974744923670e-02
1.86900000000000e+01	1.26277957705381e-02
1.87000000000000e+01	1.25584198303258e-02
1.87100000000000e+01	1.24892371829107e-02
1.87200000000000e+01	1.24202963666039e-02
1.87300000000000e+01	1.23516330546402e-02
1.87400000000000e+01	1.22831688749477e-02
1.87500000000000e+01	1.22150229950072e-02
1.87600000000000e+01	1.21471001624019e-02
1.87700000000000e+01	1.20793539977693e-02
1.87800000000000e+01	1.20118078493341e-02
1.87900000000000e+01	1.19444724307762e-02
1.88000000000000e+01	1.18772562991536e-02
1.88100000000000e+01	1.18101735757371e-02
1.88200000000000e+01	1.17431765975686e-02
1.88300000000000e+01	1.16762150195351e-02
1.88400000000000e+01	1.16093434976242e-02
1.88500000000000e+01	1.15425201029444e-02
1.88600000000000e+01	1.14756579717590e-02
1.88700000000000e+01	1.14087626294508e-02
1.88800000000000e+01	1.13418645667207e-02
1.88900000000000e+01	1.12749467800658e-02
1.89000000000000e+01	1.12079942814344e-02
1.89100000000000e+01	1.11410137613554e-02
1.89200000000000e+01	1.10740135839610e-02
1.89300000000000e+01	1.10071058053156e-02
1.89400000000000e+01	1.09402571560043e-02
1.89500000000000e+01	1.08735756339463e-02
1.89600000000000e+01	1.08071350058728e-02
1.89700000000000e+01	1.07409843739246e-02
1.89800000000000e+01	1.06752241289653e-02
1.89900000000000e+01	1.06099044892027e-02
1.90000000000000e+01	1.05451292507564e-02
1.90100000000000e+01	1.04808752496135e-02
1.90200000000000e+01	1.04171961446051e-02
1.90300000000000e+01	1.03540592264748e-02
1.90400000000000e+01	1.02914432211836e-02
1.90500000000000e+01	1.02292107118505e-02
1.90600000000000e+01	1.01673709461665e-02
1.90700000000000e+01	1.01057332692412e-02
1.90800000000000e+01	1.00442943079520e-02
1.90900000000000e+01	9.98295900343219e-03
1.91000000000000e+01	9.92173353464093e-03
1.91100000000000e+01	9.86063893433495e-03
1.91200000000000e+01	9.79984957901758e-03
1.91300000000000e+01	9.73948296302467e-03
1.91400000000000e+01	9.67979314789972e-03
1.91500000000000e+01	9.62103404028014e-03
1.91600000000000e+01	9.56351121277045e-03
1.91700000000000e+01	9.50741278736869e-03
1.91800000000000e+01	9.45297903834958e-03
1.91900000000000e+01	9.40041339463589e-03
1.92000000000000e+01	9.34976462777106e-03
1.92100000000000e+01	9.30099341350041e-03
1.92200000000000e+01	9.25405559053154e-03
1.92300000000000e+01	9.20870984361585e-03
1.92400000000000e+01	9.16480594647040e-03
1.92500000000000e+01	9.12204833055957e-03
1.92600000000000e+01	9.08021060420887e-03
1.92700000000000e+01	9.03896761627068e-03
1.92800000000000e+01	8.99813827922777e-03
1.92900000000000e+01	8.95754033265830e-03
1.93000000000000e+01	8.91694516381641e-03
1.93100000000000e+01	8.87622434058406e-03
1.93200000000000e+01	8.83538570205228e-03
1.93300000000000e+01	8.79431250639007e-03
1.93400000000000e+01	8.75301250006452e-03
1.93500000000000e+01	8.71149828626803e-03
1.93600000000000e+01	8.66971977463650e-03
1.93700000000000e+01	8.62777322504048e-03
1.93800000000000e+01	8.58563062397600e-03
1.93900000000000e+01	8.54333707495071e-03
1.94000000000000e+01	8.50089715640693e-03
1.94100000000000e+01	8.45833173435146e-03
1.94200000000000e+01	8.41566392714375e-03
1.94300000000000e+01	8.37292540446461e-03
1.94400000000000e+01	8.33011911675433e-03
1.94500000000000e+01	8.28727302305668e-03
1.94600000000000e+01	8.24434240563323e-03
1.94700000000000e+01	8.20140998005000e-03
1.94800000000000e+01	8.15845449067677e-03
1.94900000000000e+01	8.11548668247574e-03
1.95000000000000e+01	8.07250360239224e-03
1.95100000000000e+01	8.02953192755711e-03
1.95200000000000e+01	7.98660449079031e-03
1.95300000000000e+01	7.94370129383518e-03
1.95400000000000e+01	7.90079995332871e-03
1.95500000000000e+01	7.85796286881222e-03
1.95600000000000e+01	7.81522888708620e-03
1.95700000000000e+01	7.77256787755700e-03
1.95800000000000e+01	7.73003835333877e-03
1.95900000000000e+01	7.68763323171605e-03
1.96000000000000e+01	7.64540772502763e-03
1.96100000000000e+01	7.60336831091955e-03
1.96200000000000e+01	7.56158751325569e-03
1.96300000000000e+01	7.52003902334237e-03
1.96400000000000e+01	7.47873198797371e-03
1.96500000000000e+01	7.43767920432315e-03
1.96600000000000e+01	7.39689392915476e-03
1.96700000000000e+01	7.35638645501517e-03
1.96800000000000e+01	7.31615169493036e-03
1.96900000000000e+01	7.27613521960138e-03
1.97000000000000e+01	7.23630598798336e-03
1.97100000000000e+01	7.19670424127581e-03
1.97200000000000e+01	7.15721183145810e-03
1.97300000000000e+01	7.11776642049481e-03
1.97400000000000e+01	7.07824612947936e-03
1.97500000000000e+01	7.03846262834715e-03
1.97600000000000e+01	6.99812732459276e-03
1.97700000000000e+01	6.95675864335379e-03
1.97800000000000e+01	6.91362342777414e-03
1.97900000000000e+01	6.86773229307639e-03
1.98000000000000e+01	6.81748763779875e-03
1.98100000000000e+01	6.76081320414431e-03
1.98200000000000e+01	6.69479088421112e-03
1.98300000000000e+01	6.61570500852079e-03
1.98400000000000e+01	6.51879625038410e-03
1.98500000000000e+01	6.39846515724636e-03
1.98600000000000e+01	6.24813029672617e-03
1.98700000000000e+01	6.06059784864766e-03
1.98800000000000e+01	5.82843199048547e-03
1.98900000000000e+01	5.54431357770120e-03
1.99000000000000e+01	5.20189846198134e-03
1.99100000000000e+01	4.79650641878421e-03
1.99200000000000e+01	4.32624605221767e-03
1.99300000000000e+01	3.79323207006668e-03
1.99400000000000e+01	3.20516837219001e-03
1.99500000000000e+01	2.57730257250601e-03
1.99600000000000e+01	1.93421142614030e-03
1.99700000000000e+01	1.31154618618865e-03
1.99800000000000e+01	7.56017420607901e-04
1.99900000000000e+01	3.21922164543380e-04
2.00000000000000e+01	6.13371530610306e-05
