1.00000000000000e-02	1.24917909567691e+17
2.00000000000000e-02	7.80802131846206e+15
3.00000000000000e-02	1.54255422165323e+15
4.00000000000000e-02	4.88171246814254e+14
5.00000000000000e-02	2.00005047289710e+14
6.00000000000000e-02	9.64834758117452e+13
7.00000000000000e-02	5.20984791076596e+13
8.00000000000000e-02	3.05523555127179e+13
9.00000000000000e-02	1.90828298246276e+13
1.00000000000000e-01	1.25270879968218e+13
1.10000000000000e-01	8.56126790274246e+12
1.20000000000000e-01	6.04881402209085e+12
1.30000000000000e-01	4.39469981909553e+12
1.40000000000000e-01	3.26984455880310e+12
1.50000000000000e-01	2.48333978971779e+12
1.60000000000000e-01	1.92001202193826e+12
1.70000000000000e-01	1.50799689656257e+12
1.80000000000000e-01	1.20100225224304e+12
1.90000000000000e-01	9.68450410672192e+11
2.00000000000000e-01	7.89700496985281e+11
2.10000000000000e-01	6.50451516005400e+11
2.20000000000000e-01	5.40690066839366e+11
2.30000000000000e-01	4.53198545034027e+11
2.40000000000000e-01	3.82781674504798e+11
2.50000000000000e-01	3.25577451272485e+11
2.60000000000000e-01	2.78720249607725e+11
2.70000000000000e-01	2.40034264342607e+11
2.80000000000000e-01	2.07872191286637e+11
2.90000000000000e-01	1.80953151484122e+11
3.00000000000000e-01	1.58279077931130e+11
3.10000000000000e-01	1.39072596366695e+11
3.20000000000000e-01	1.22714292368601e+11
3.30000000000000e-01	1.08712345223608e+11
3.40000000000000e-01	9.66680636398114e+10
3.50000000000000e-01	8.62629443791730e+10
3.60000000000000e-01	7.72329258603969e+10
3.70000000000000e-01	6.93675536456977e+10
3.80000000000000e-01	6.24904837086639e+10
3.90000000000000e-01	5.64538156680112e+10
4.00000000000000e-01	5.11392815314997e+10
4.10000000000000e-01	4.64435176692618e+10
4.20000000000000e-01	4.22821694207814e+10
4.30000000000000e-01	3.85841831471782e+10
4.40000000000000e-01	3.52887465615789e+10
4.50000000000000e-01	3.23434427017845e+10
4.60000000000000e-01	2.97049017269106e+10
4.70000000000000e-01	2.73352190544697e+10
4.80000000000000e-01	2.52022874563941e+10
4.90000000000000e-01	2.32774286208989e+10
5.00000000000000e-01	2.15373358788090e+10
5.10000000000000e-01	1.99605269391293e+10
5.20000000000000e-01	1.85297123985735e+10
5.30000000000000e-01	1.72277155386403e+10
5.40000000000000e-01	1.60415327988216e+10
5.50000000000000e-01	1.49588610860050e+10
5.60000000000000e-01	1.39685218821362e+10
5.70000000000000e-01	1.30616157411690e+10
5.80000000000000e-01	1.22299787458002e+10
5.90000000000000e-01	1.14655203573427e+10
6.00000000000000e-01	1.07623166148361e+10
6.10000000000000e-01	1.01143224393211e+10
6.20000000000000e-01	9.51639326243046e+09
6.30000000000000e-01	8.96394445157425e+09
6.40000000000000e-01	8.45308014238532e+09
6.50000000000000e-01	7.97968601707621e+09
6.60000000000000e-01	7.54068237475993e+09
6.70000000000000e-01	7.13296944478551e+09
6.80000000000000e-01	6.75406989646324e+09
6.90000000000000e-01	6.40151206991529e+09
7.00000000000000e-01	6.07311286114186e+09
7.10000000000000e-01	5.76679643556410e+09
7.20000000000000e-01	5.48083746988282e+09
7.30000000000000e-01	5.21373205219206e+09
7.40000000000000e-01	4.96380307083326e+09
7.50000000000000e-01	4.72996042393895e+09
7.60000000000000e-01	4.51077081437113e+09
7.70000000000000e-01	4.30526612724805e+09
7.80000000000000e-01	4.11239712896126e+09
7.90000000000000e-01	3.93118874814157e+09
8.00000000000000e-01	3.76086475659865e+09
8.10000000000000e-01	3.60062430916115e+09
8.20000000000000e-01	3.44979196443546e+09
8.30000000000000e-01	3.30762015543603e+09
8.40000000000000e-01	3.17371004440094e+09
8.50000000000000e-01	3.04728871438340e+09
8.60000000000000e-01	2.92794089535719e+09
8.70000000000000e-01	2.81522984499821e+09
8.80000000000000e-01	2.70864857575355e+09
8.90000000000000e-01	2.60791001175913e+09
9.00000000000000e-01	2.51256249937542e+09
9.10000000000000e-01	2.42229351203370e+09
9.20000000000000e-01	2.33679544242285e+09
9.30000000000000e-01	2.25580170452919e+09
9.40000000000000e-01	2.17900401510873e+09
9.50000000000000e-01	2.10614318085582e+09
9.60000000000000e-01	2.03700360053663e+09
9.70000000000000e-01	1.97142694751471e+09
9.80000000000000e-01	1.90915322024699e+09
9.90000000000000e-01	1.85000140394881e+09
1.00000000000000e+00	1.79387083902425e+09
1.01000000000000e+00	1.74051907402654e+09
1.02000000000000e+00	1.68980885147087e+09
1.03000000000000e+00	1.64167373792845e+09
1.04000000000000e+00	1.59592321349833e+09
1.05000000000000e+00	1.55245069194935e+09
1.06000000000000e+00	1.51111581898802e+09
1.07000000000000e+00	1.47185257210175e+09
1.08000000000000e+00	1.43448733134303e+09
1.09000000000000e+00	1.39891676271478e+09
1.10000000000000e+00	1.36505106067671e+09
1.11000000000000e+00	1.33273394549895e+09
1.12000000000000e+00	1.30185874431340e+09
1.13000000000000e+00	1.27231823275829e+09
1.14000000000000e+00	1.24399028890492e+09
1.15000000000000e+00	1.21675657786507e+09
1.16000000000000e+00	1.19051850011779e+09
1.17000000000000e+00	1.16520277284241e+09
1.18000000000000e+00	1.14073676629012e+09
1.19000000000000e+00	1.11706033645291e+09
1.20000000000000e+00	1.09417407166707e+09
1.21000000000000e+00	1.07203477716082e+09
1.22000000000000e+00	1.05068371031513e+09
1.23000000000000e+00	1.03020147841004e+09
1.24000000000000e+00	1.01061015646815e+09
1.25000000000000e+00	9.92067410484510e+08
1.26000000000000e+00	9.74664398362568e+08
1.27000000000000e+00	9.58625503576764e+08
1.28000000000000e+00	9.44089213559205e+08
1.29000000000000e+00	9.31327874441948e+08
1.30000000000000e+00	9.20562942803124e+08
1.31000000000000e+00	9.12075127830791e+08
1.32000000000000e+00	9.06112410061006e+08
1.33000000000000e+00	9.02940157324765e+08
1.34000000000000e+00	9.02768453991758e+08
1.35000000000000e+00	9.05806516667954e+08
1.36000000000000e+00	9.12167626409840e+08
1.37000000000000e+00	9.21926288932743e+08
1.38000000000000e+00	9.35071456046564e+08
1.39000000000000e+00	9.51518060161783e+08
1.40000000000000e+00	9.71137819460191e+08
1.41000000000000e+00	9.93713835988507e+08
1.42000000000000e+00	1.01900613445441e+09
1.43000000000000e+00	1.04675050782391e+09
1.44000000000000e+00	1.07668090661091e+09
1.45000000000000e+00	1.10849538419883e+09
1.46000000000000e+00	1.14193770691678e+09
1.47000000000000e+00	1.17667611350238e+09
1.48000000000000e+00	1.21243551014682e+09
1.49000000000000e+00	1.24883153666821e+09
1.50000000000000e+00	1.28543843304665e+09
1.51000000000000e+00	1.32170893946587e+09
1.52000000000000e+00	1.35695707779332e+09
1.53000000000000e+00	1.39039128218670e+09
1.54000000000000e+00	1.42099140104513e+09
1.55000000000000e+00	1.44763203262239e+09
1.56000000000000e+00	1.46913895651121e+09
1.57000000000000e+00	1.48422633673054e+09
1.58000000000000e+00	1.49164166142483e+09
1.59000000000000e+00	1.49024239628112e+09
1.60000000000000e+00	1.47903737414513e+09
1.61000000000000e+00	1.45733625216753e+09
1.62000000000000e+00	1.42472312744863e+09
1.63000000000000e+00	1.38121020904051e+09
1.64000000000000e+00	1.32726408160854e+09
1.65000000000000e+00	1.26393543955546e+09
1.66000000000000e+00	1.19273091317232e+09
1.67000000000000e+00	1.11574220359178e+09
1.68000000000000e+00	1.03529032212662e+09
1.69000000000000e+00	9.53832913929553e+08
1.70000000000000e+00	8.73653076897575e+08
1.71000000000000e+00	7.96787432103788e+08
1.72000000000000e+00	7.24896622855755e+08
1.73000000000000e+00	6.59334482945913e+08
1.74000000000000e+00	6.01101688743482e+08
1.75000000000000e+00	5.50733288985066e+08
1.76000000000000e+00	5.08294423485917e+08
1.77000000000000e+00	4.73343641239483e+08
1.78000000000000e+00	4.45024998370310e+08
1.79000000000000e+00	4.22136647213913e+08
1.80000000000000e+00	4.03253325825114e+08
1.81000000000000e+00	3.86917000172099e+08
1.82000000000000e+00	3.71836641956681e+08
1.83000000000000e+00	3.57084789503740e+08
1.84000000000000e+00	3.42198452164007e+08
1.85000000000000e+00	3.27184533574646e+08
1.86000000000000e+00	3.12312243017397e+08
1.87000000000000e+00	2.98016817597764e+08
1.88000000000000e+00	2.84728222824440e+08
1.89000000000000e+00	2.72834852472522e+08
1.90000000000000e+00	2.62658252939109e+08
1.91000000000000e+00	2.54414827319409e+08
1.92000000000000e+00	2.48244781265944e+08
1.93000000000000e+00	2.44172894011928e+08
1.94000000000000e+00	2.42130265018150e+08
1.95000000000000e+00	2.41958009125339e+08
1.96000000000000e+00	2.43417188371368e+08
1.97000000000000e+00	2.46216688303765e+08
1.98000000000000e+00	2.50036738598562e+08
1.99000000000000e+00	2.54552134209538e+08
2.00000000000000e+00	2.59445451496648e+08
2.01000000000000e+00	2.64429288767199e+08
2.02000000000000e+00	2.69249685140786e+08
2.03000000000000e+00	2.73689578671420e+08
2.04000000000000e+00	2.77555100508658e+08
2.05000000000000e+00	2.80676685920958e+08
2.06000000000000e+00	2.82881979686466e+08
2.07000000000000e+00	2.83974642671072e+08
2.08000000000000e+00	2.83727836508462e+08
2.09000000000000e+00	2.81857477036961e+08
2.10000000000000e+00	2.78049822197878e+08
2.11000000000000e+00	2.72008697648838e+08
2.12000000000000e+00	2.63519511049119e+08
2.13000000000000e+00	2.52550145914969e+08
2.14000000000000e+00	2.39311404875810e+08
2.15000000000000e+00	2.24239812674630e+08
2.16000000000000e+00	2.07937196798855e+08
2.17000000000000e+00	1.91022108581552e+08
2.18000000000000e+00	1.74043699959560e+08
2.19000000000000e+00	1.57395084883607e+08
2.20000000000000e+00	1.41331696617682e+08
2.21000000000000e+00	1.26001091108079e+08
2.22000000000000e+00	1.11500786729406e+08
2.23000000000000e+00	9.79392140161972e+07
2.24000000000000e+00	8.54420250959845e+07
2.25000000000000e+00	7.41550667474147e+07
2.26000000000000e+00	6.41982854081395e+07
2.27000000000000e+00	5.56311562944179e+07
2.28000000000000e+00	4.84369602895821e+07
2.29000000000000e+00	4.25282717628358e+07
2.30000000000000e+00	3.77680575587133e+07
2.31000000000000e+00	3.39974094797518e+07
2.32000000000000e+00	3.10563819549780e+07
2.33000000000000e+00	2.87980776419740e+07
2.34000000000000e+00	2.70954443684051e+07
2.35000000000000e+00	2.58449648122117e+07
2.36000000000000e+00	2.49615723316696e+07
2.37000000000000e+00	2.43760340056435e+07
2.38000000000000e+00	2.40295180087252e+07
2.39000000000000e+00	2.38677230244090e+07
2.40000000000000e+00	2.38409266960389e+07
2.41000000000000e+00	2.39065970141584e+07
2.42000000000000e+00	2.40342720660277e+07
2.43000000000000e+00	2.42104368598021e+07
2.44000000000000e+00	2.44392386403710e+07
2.45000000000000e+00	2.47433840065787e+07
2.46000000000000e+00	2.51559681744949e+07
2.47000000000000e+00	2.57191117604522e+07
2.48000000000000e+00	2.64744202973661e+07
2.49000000000000e+00	2.74605748699348e+07
2.50000000000000e+00	2.87056191285518e+07
2.51000000000000e+00	3.02226323991069e+07
2.52000000000000e+00	3.20050203518315e+07
2.53000000000000e+00	3.40232389883467e+07
2.54000000000000e+00	3.62237574692274e+07
2.55000000000000e+00	3.85332729882024e+07
2.56000000000000e+00	4.08608630815270e+07
2.57000000000000e+00	4.31056158866713e+07
2.58000000000000e+00	4.51612291024422e+07
2.59000000000000e+00	4.69214795257300e+07
2.60000000000000e+00	4.82792601708752e+07
2.61000000000000e+00	4.91348802078848e+07
2.62000000000000e+00	4.93976614347268e+07
2.63000000000000e+00	4.90053819423200e+07
2.64000000000000e+00	4.79514125491952e+07
2.65000000000000e+00	4.63090914253375e+07
2.66000000000000e+00	4.42359790528422e+07
2.67000000000000e+00	4.19393017010233e+07
2.68000000000000e+00	3.96260883941593e+07
2.69000000000000e+00	3.74541269846004e+07
2.70000000000000e+00	3.55119776543769e+07
2.71000000000000e+00	3.38223054844764e+07
2.72000000000000e+00	3.23575788959877e+07
2.73000000000000e+00	3.10640639532557e+07
2.74000000000000e+00	2.98764737581506e+07
2.75000000000000e+00	2.87345740029767e+07
2.76000000000000e+00	2.75892526312664e+07
2.77000000000000e+00	2.64079639396136e+07
2.78000000000000e+00	2.51708103613828e+07
2.79000000000000e+00	2.38692389724512e+07
2.80000000000000e+00	2.25015205887540e+07
2.81000000000000e+00	2.10711453380217e+07
2.82000000000000e+00	1.95857355200253e+07
2.83000000000000e+00	1.80571273206490e+07
2.84000000000000e+00	1.65013542535586e+07
2.85000000000000e+00	1.49385618881309e+07
2.86000000000000e+00	1.33918987448398e+07
2.87000000000000e+00	1.18876170630098e+07
2.88000000000000e+00	1.04521491268711e+07
2.89000000000000e+00	9.11099861996530e+06
2.90000000000000e+00	7.88644286287254e+06
2.91000000000000e+00	6.79639837539804e+06
2.92000000000000e+00	5.85356390632001e+06
2.93000000000000e+00	5.06531240678642e+06
2.94000000000000e+00	4.43362448341344e+06
2.95000000000000e+00	3.95557070421077e+06
2.96000000000000e+00	3.62386927690598e+06
2.97000000000000e+00	3.42703172476639e+06
2.98000000000000e+00	3.35088224652545e+06
2.99000000000000e+00	3.37954160784457e+06
3.00000000000000e+00	3.49674374991569e+06
3.01000000000000e+00	3.68661338334183e+06
3.02000000000000e+00	3.93434653690083e+06
3.03000000000000e+00	4.22651322642171e+06
3.04000000000000e+00	4.55095578572790e+06
3.05000000000000e+00	4.89656432370063e+06
3.06000000000000e+00	5.25328491205590e+06
3.07000000000000e+00	5.61202976522957e+06
3.08000000000000e+00	5.96419368220248e+06
3.09000000000000e+00	6.30153379337911e+06
3.10000000000000e+00	6.61583429453180e+06
3.11000000000000e+00	6.89832626708373e+06
3.12000000000000e+00	7.13940581590278e+06
3.13000000000000e+00	7.32820510719273e+06
3.14000000000000e+00	7.45281163685597e+06
3.15000000000000e+00	7.50034294942485e+06
3.16000000000000e+00	7.45910905938351e+06
3.17000000000000e+00	7.31967234065477e+06
3.18000000000000e+00	7.07734015878038e+06
3.19000000000000e+00	6.73378983370802e+06
3.20000000000000e+00	6.29729841237988e+06
3.21000000000000e+00	5.78167675598822e+06
3.22000000000000e+00	5.20504405627788e+06
3.23000000000000e+00	4.58773483691311e+06
3.24000000000000e+00	3.95110106763286e+06
3.25000000000000e+00	3.31693120817580e+06
3.26000000000000e+00	2.70636716354652e+06
3.27000000000000e+00	2.13900272342880e+06
3.28000000000000e+00	1.63128664935363e+06
3.29000000000000e+00	1.19522415724677e+06
3.30000000000000e+00	8.37358523902917e+05
3.31000000000000e+00	5.58525900382553e+05
3.32000000000000e+00	3.54434356058778e+05
3.33000000000000e+00	2.16821779260465e+05
3.34000000000000e+00	1.35023007812411e+05
3.35000000000000e+00	9.74836892874374e+04
3.36000000000000e+00	9.29930221363207e+04
3.37000000000000e+00	1.11498409570972e+05
3.38000000000000e+00	1.44512822180297e+05
3.39000000000000e+00	1.85232618555668e+05
3.40000000000000e+00	2.28472144033839e+05
3.41000000000000e+00	2.70506845969922e+05
3.42000000000000e+00	3.08869634344566e+05
3.43000000000000e+00	3.42136281933217e+05
3.44000000000000e+00	3.69703626649402e+05
3.45000000000000e+00	3.91586391982221e+05
3.46000000000000e+00	4.08253992038685e+05
3.47000000000000e+00	4.20478610417144e+05
3.48000000000000e+00	4.29254876847733e+05
3.49000000000000e+00	4.35707113825344e+05
3.50000000000000e+00	4.41027407038901e+05
3.51000000000000e+00	4.46434226096771e+05
3.52000000000000e+00	4.53142151065846e+05
3.53000000000000e+00	4.62313378378882e+05
3.54000000000000e+00	4.75047190536306e+05
3.55000000000000e+00	4.92346111050481e+05
3.56000000000000e+00	5.15088482962908e+05
3.57000000000000e+00	5.44041755916714e+05
3.58000000000000e+00	5.79796689806349e+05
3.59000000000000e+00	6.22783208545020e+05
3.60000000000000e+00	6.73216974227911e+05
3.61000000000000e+00	7.31042876800145e+05
3.62000000000000e+00	7.95906550780531e+05
3.63000000000000e+00	8.67008514196884e+05
3.64000000000000e+00	9.43128874656214e+05
3.65000000000000e+00	1.02252845311395e+06
3.66000000000000e+00	1.10304748759516e+06
3.67000000000000e+00	1.18203240165165e+06
3.68000000000000e+00	1.25650200610102e+06
3.69000000000000e+00	1.32311802885452e+06
3.70000000000000e+00	1.37823993481346e+06
3.71000000000000e+00	1.41787295329722e+06
3.72000000000000e+00	1.43790763319035e+06
3.73000000000000e+00	1.43426798824111e+06
3.74000000000000e+00	1.40364353384871e+06
3.75000000000000e+00	1.34403687981220e+06
3.76000000000000e+00	1.25562485450477e+06
3.77000000000000e+00	1.14122146186721e+06
3.78000000000000e+00	1.00651333454950e+06
3.79000000000000e+00	8.59476512335960e+05
3.80000000000000e+00	7.09541650623434e+05
3.81000000000000e+00	5.66329120539488e+05
3.82000000000000e+00	4.38239255093525e+05
3.83000000000000e+00	3.31426631217588e+05
3.84000000000000e+00	2.49153706132700e+05
3.85000000000000e+00	1.91777845562181e+05
3.86000000000000e+00	1.57233515533781e+05
3.87000000000000e+00	1.41839355820608e+05
3.88000000000000e+00	1.41202054681909e+05
3.89000000000000e+00	1.50974486751081e+05
3.90000000000000e+00	1.67368921819471e+05
3.91000000000000e+00	1.87390610223077e+05
3.92000000000000e+00	2.08851769615262e+05
3.93000000000000e+00	2.30247648631887e+05
3.94000000000000e+00	2.50582425483613e+05
3.95000000000000e+00	2.69199987926343e+05
3.96000000000000e+00	2.85669833336002e+05
3.97000000000000e+00	2.99709950570908e+05
3.98000000000000e+00	3.11156185494969e+05
3.99000000000000e+00	3.19948857316208e+05
4.00000000000000e+00	3.26112412199027e+05
4.01000000000000e+00	3.29731618829472e+05
4.02000000000000e+00	3.30883786147201e+05
4.03000000000000e+00	3.29577751073652e+05
4.04000000000000e+00	3.25710897261331e+05
4.05000000000000e+00	3.19059401397566e+05
4.06000000000000e+00	3.09332496402465e+05
4.07000000000000e+00	2.96306404766469e+05
4.08000000000000e+00	2.79996145925406e+05
4.09000000000000e+00	2.60862909833573e+05
4.10000000000000e+00	2.39874540199272e+05
4.11000000000000e+00	2.18498842062669e+05
4.12000000000000e+00	1.98488900451248e+05
4.13000000000000e+00	1.81541548069931e+05
4.14000000000000e+00	1.68914226412003e+05
4.15000000000000e+00	1.61128054358970e+05
4.16000000000000e+00	1.57844684106537e+05
4.17000000000000e+00	1.57958784223760e+05
4.18000000000000e+00	1.59893352047184e+05
4.19000000000000e+00	1.61969873889327e+05
4.20000000000000e+00	1.62763977382560e+05
4.21000000000000e+00	1.61353810265404e+05
4.22000000000000e+00	1.57426054371687e+05
4.23000000000000e+00	1.51255770494565e+05
4.24000000000000e+00	1.43610364930772e+05
4.25000000000000e+00	1.35618712567812e+05
4.26000000000000e+00	1.28638827709772e+05
4.27000000000000e+00	1.24153264750679e+05
4.28000000000000e+00	1.23681580421573e+05
4.29000000000000e+00	1.28723508410350e+05
4.30000000000000e+00	1.40715158407005e+05
4.31000000000000e+00	1.61002252176709e+05
4.32000000000000e+00	1.90804110479413e+05
4.33000000000000e+00	2.31156615758313e+05
4.34000000000000e+00	2.82808374300781e+05
4.35000000000000e+00	3.46056618517426e+05
4.36000000000000e+00	4.20519622262116e+05
4.37000000000000e+00	5.04903553053518e+05
4.38000000000000e+00	5.96799276916070e+05
4.39000000000000e+00	6.92595663046415e+05
4.40000000000000e+00	7.87635783074507e+05
4.41000000000000e+00	8.76540295295021e+05
4.42000000000000e+00	9.53834161993342e+05
4.43000000000000e+00	1.01465995728638e+06
4.44000000000000e+00	1.05545469140562e+06
4.45000000000000e+00	1.07449201330468e+06
4.46000000000000e+00	1.07203184569691e+06
4.47000000000000e+00	1.05013511397913e+06
4.48000000000000e+00	1.01221961347553e+06
4.49000000000000e+00	9.62415712804157e+05
4.50000000000000e+00	9.05019866723766e+05
4.51000000000000e+00	8.44044519906280e+05
4.52000000000000e+00	7.82940726383575e+05
4.53000000000000e+00	7.24548724151304e+05
4.54000000000000e+00	6.71046138069219e+05
4.55000000000000e+00	6.23998444375305e+05
4.56000000000000e+00	5.84430821082123e+05
4.57000000000000e+00	5.52919283403366e+05
4.58000000000000e+00	5.29665488918582e+05
4.59000000000000e+00	5.14630908400430e+05
4.60000000000000e+00	5.07623413841610e+05
4.61000000000000e+00	5.08442556975341e+05
4.62000000000000e+00	5.16967944734832e+05
4.63000000000000e+00	5.33223342019586e+05
4.64000000000000e+00	5.57421335520500e+05
4.65000000000000e+00	5.89956498530355e+05
4.66000000000000e+00	6.31399766603209e+05
4.67000000000000e+00	6.82358887092394e+05
4.68000000000000e+00	7.43397209613952e+05
4.69000000000000e+00	8.14852600785112e+05
4.70000000000000e+00	8.96644640194057e+05
4.71000000000000e+00	9.88052132380286e+05
4.72000000000000e+00	1.08750165957730e+06
4.73000000000000e+00	1.19235141348994e+06
4.74000000000000e+00	1.29873408750516e+06
4.75000000000000e+00	1.40140813972767e+06
4.76000000000000e+00	1.49390330623282e+06
4.77000000000000e+00	1.56880796314278e+06
4.78000000000000e+00	1.61840944087679e+06
4.79000000000000e+00	1.63567953303242e+06
4.80000000000000e+00	1.61547451130287e+06
4.81000000000000e+00	1.55555656453247e+06
4.82000000000000e+00	1.45743766565294e+06
4.83000000000000e+00	1.32645426946105e+06
4.84000000000000e+00	1.17117670934329e+06
4.85000000000000e+00	1.00213876842172e+06
4.86000000000000e+00	8.30347842553049e+05
4.87000000000000e+00	6.65669712050018e+05
4.88000000000000e+00	5.15790661503165e+05
4.89000000000000e+00	3.85690334590964e+05
4.90000000000000e+00	2.77700080740926e+05
4.91000000000000e+00	1.91921686796696e+05
4.92000000000000e+00	1.26884448531760e+05
4.93000000000000e+00	8.01682108411197e+04
4.94000000000000e+00	4.89219980534775e+04
4.95000000000000e+00	3.02271380592443e+04
4.96000000000000e+00	2.13026550761919e+04
4.97000000000000e+00	1.96045342628715e+04
4.98000000000000e+00	2.28587517611132e+04
4.99000000000000e+00	2.90779138013695e+04
5.00000000000000e+00	3.65918880482942e+04
5.01000000000000e+00	4.41049875056657e+04
5.02000000000000e+00	5.07811800793254e+04
5.03000000000000e+00	5.63288806743430e+04
5.04000000000000e+00	6.10555573592460e+04
5.05000000000000e+00	6.58448382482119e+04
5.06000000000000e+00	7.20378845700355e+04
5.07000000000000e+00	8.12128975198050e+04
5.08000000000000e+00	9.48999159664552e+04
5.09000000000000e+00	1.14279123939305e+05
5.10000000000000e+00	1.39938361332203e+05
5.11000000000000e+00	1.71740873085890e+05
5.12000000000000e+00	2.08815141711404e+05
5.13000000000000e+00	2.49671733913858e+05
5.14000000000000e+00	2.92375619917499e+05
5.15000000000000e+00	3.34736621505275e+05
5.16000000000000e+00	3.74457803594644e+05
5.17000000000000e+00	4.09270701834145e+05
5.18000000000000e+00	4.37051350680861e+05
5.19000000000000e+00	4.55970130601908e+05
5.20000000000000e+00	4.64685529753673e+05
5.21000000000000e+00	4.62518480823087e+05
5.22000000000000e+00	4.49610341678340e+05
5.23000000000000e+00	4.26962742839539e+05
5.24000000000000e+00	3.96326480857646e+05
5.25000000000000e+00	3.59969184239467e+05
5.26000000000000e+00	3.20388331200693e+05
5.27000000000000e+00	2.79976277991115e+05
5.28000000000000e+00	2.40794285966742e+05
5.29000000000000e+00	2.04393035107144e+05
5.30000000000000e+00	1.71799595042444e+05
5.31000000000000e+00	1.43538854268684e+05
5.32000000000000e+00	1.19753818686264e+05
5.33000000000000e+00	1.00325897845262e+05
5.34000000000000e+00	8.49939134555423e+04
5.35000000000000e+00	7.34530648429780e+04
5.36000000000000e+00	6.54128896902860e+04
5.37000000000000e+00	6.06264146646647e+04
5.38000000000000e+00	5.88936722410584e+04
5.39000000000000e+00	6.00471182193868e+04
5.40000000000000e+00	6.39273588324185e+04
5.41000000000000e+00	7.03535751085375e+04
5.42000000000000e+00	7.90965106252363e+04
5.43000000000000e+00	8.98493022177385e+04
5.44000000000000e+00	1.02203487958658e+05
5.45000000000000e+00	1.15626502593398e+05
5.46000000000000e+00	1.29459952562736e+05
5.47000000000000e+00	1.42919252840457e+05
5.48000000000000e+00	1.55132077472861e+05
5.49000000000000e+00	1.65202591558957e+05
5.50000000000000e+00	1.72293596671164e+05
5.51000000000000e+00	1.75745008108824e+05
5.52000000000000e+00	1.75164482236770e+05
5.53000000000000e+00	1.70496432271257e+05
5.54000000000000e+00	1.62035918913776e+05
5.55000000000000e+00	1.50377889856311e+05
5.56000000000000e+00	1.36334127155009e+05
5.57000000000000e+00	1.20811553528152e+05
5.58000000000000e+00	1.04700816541428e+05
5.59000000000000e+00	8.87912651648421e+04
5.60000000000000e+00	7.37067230589531e+04
5.61000000000000e+00	5.98950035774423e+04
5.62000000000000e+00	4.76227934965404e+04
5.63000000000000e+00	3.70114955280406e+04
5.64000000000000e+00	2.80655548645676e+04
5.65000000000000e+00	2.07096936300367e+04
5.66000000000000e+00	1.48168869636882e+04
5.67000000000000e+00	1.02337900781360e+04
5.68000000000000e+00	6.79464599491886e+03
5.69000000000000e+00	4.33225886042045e+03
5.70000000000000e+00	2.68394257173272e+03
5.71000000000000e+00	1.69439035427284e+03
5.72000000000000e+00	1.21782923682561e+03
5.73000000000000e+00	1.11995280140380e+03
5.74000000000000e+00	1.28008328743495e+03
5.75000000000000e+00	1.59391012172291e+03
5.76000000000000e+00	1.97619579347069e+03
5.77000000000000e+00	2.36328935111315e+03
5.78000000000000e+00	2.71441382704872e+03
5.79000000000000e+00	3.01143646307325e+03
5.80000000000000e+00	3.25667152689327e+03
5.81000000000000e+00	3.46835981686753e+03
5.82000000000000e+00	3.67474843109715e+03
5.83000000000000e+00	3.90771014454772e+03
5.84000000000000e+00	4.19559425792546e+03
5.85000000000000e+00	4.55804674412445e+03
5.86000000000000e+00	5.00278416036719e+03
5.87000000000000e+00	5.52410031416034e+03
5.88000000000000e+00	6.10428742541328e+03
5.89000000000000e+00	6.71674122829466e+03
5.90000000000000e+00	7.33194542358376e+03
5.91000000000000e+00	7.92307247311053e+03
5.92000000000000e+00	8.47249548707905e+03
5.93000000000000e+00	8.97699519028510e+03
5.94000000000000e+00	9.45167975007018e+03
5.95000000000000e+00	9.93065872299903e+03
5.96000000000000e+00	1.04654084351252e+04
5.97000000000000e+00	1.11194886788418e+04
5.98000000000000e+00	1.19604170804081e+04
5.99000000000000e+00	1.30493855561950e+04
6.00000000000000e+00	1.44312523109388e+04
6.01000000000000e+00	1.61260519860407e+04
6.02000000000000e+00	1.81239021180615e+04
6.03000000000000e+00	2.03851293808947e+04
6.04000000000000e+00	2.28423227678872e+04
6.05000000000000e+00	2.54094960429835e+04
6.06000000000000e+00	2.79882706077306e+04
6.07000000000000e+00	3.04793617898666e+04
6.08000000000000e+00	3.27882199066841e+04
6.09000000000000e+00	3.48332868766993e+04
6.10000000000000e+00	3.65517171669491e+04
6.11000000000000e+00	3.78994950241199e+04
6.12000000000000e+00	3.88584241051431e+04
6.13000000000000e+00	3.94314190196889e+04
6.14000000000000e+00	3.96420316930591e+04
6.15000000000000e+00	3.95314701650506e+04
6.16000000000000e+00	3.91509628117406e+04
6.17000000000000e+00	3.85558161514464e+04
6.18000000000000e+00	3.78041099567914e+04
6.19000000000000e+00	3.69453478572220e+04
6.20000000000000e+00	3.60247412385338e+04
6.21000000000000e+00	3.50741324246914e+04
6.22000000000000e+00	3.41158038812657e+04
6.23000000000000e+00	3.31603864574803e+04
6.24000000000000e+00	3.22079663644997e+04
6.25000000000000e+00	3.12491601880073e+04
6.26000000000000e+00	3.02681645890747e+04
6.27000000000000e+00	2.92431986612573e+04
6.28000000000000e+00	2.81482092337395e+04
6.29000000000000e+00	2.69572010338739e+04
6.30000000000000e+00	2.56461710837751e+04
6.31000000000000e+00	2.41972455327855e+04
6.32000000000000e+00	2.26031772594313e+04
6.33000000000000e+00	2.08721271270154e+04
6.34000000000000e+00	1.90286687729176e+04
6.35000000000000e+00	1.71164041715152e+04
6.36000000000000e+00	1.51933523737828e+04
6.37000000000000e+00	1.33270508210767e+04
6.38000000000000e+00	1.15873979396701e+04
6.39000000000000e+00	1.00382776244016e+04
6.40000000000000e+00	8.73041664901821e+03
6.41000000000000e+00	7.69700224357780e+03
6.42000000000000e+00	6.95142776943923e+03
6.43000000000000e+00	6.48865554811579e+03
6.44000000000000e+00	6.28803407717813e+03
6.45000000000000e+00	6.31803430756852e+03
6.46000000000000e+00	6.54076514144125e+03
6.47000000000000e+00	6.91625388092201e+03
6.48000000000000e+00	7.40529958667955e+03
6.49000000000000e+00	7.97157349080030e+03
6.50000000000000e+00	8.58235274203558e+03
6.51000000000000e+00	9.20877923234549e+03
6.52000000000000e+00	9.82521093653576e+03
6.53000000000000e+00	1.04088085352087e+04
6.54000000000000e+00	1.09386774082381e+04
6.55000000000000e+00	1.13957873454756e+04
6.56000000000000e+00	1.17627890525866e+04
6.57000000000000e+00	1.20240400534385e+04
6.58000000000000e+00	1.21664311499508e+04
6.59000000000000e+00	1.21797587413402e+04
6.60000000000000e+00	1.20573890846863e+04
6.61000000000000e+00	1.17968019828963e+04
6.62000000000000e+00	1.14004141420062e+04
6.63000000000000e+00	1.08762020323545e+04
6.64000000000000e+00	1.02386733573379e+04
6.65000000000000e+00	9.50937549063312e+03
6.66000000000000e+00	8.71686982989646e+03
6.67000000000000e+00	7.89574308124667e+03
6.68000000000000e+00	7.08443633767330e+03
6.69000000000000e+00	6.32197369830047e+03
6.70000000000000e+00	5.64442561387303e+03
6.71000000000000e+00	5.08084375915518e+03
6.72000000000000e+00	4.64957796009421e+03
6.73000000000000e+00	4.35607157935012e+03
6.74000000000000e+00	4.19173940933531e+03
6.75000000000000e+00	4.13488980901883e+03
6.76000000000000e+00	4.15340133386670e+03
6.77000000000000e+00	4.20859236766932e+03
6.78000000000000e+00	4.25982187103588e+03
6.79000000000000e+00	4.26916859829485e+03
6.80000000000000e+00	4.20544196906049e+03
6.81000000000000e+00	4.04751584982570e+03
6.82000000000000e+00	3.78608868462581e+03
6.83000000000000e+00	3.42440490632308e+03
6.84000000000000e+00	2.97753340701781e+03
6.85000000000000e+00	2.47051125965987e+03
6.86000000000000e+00	1.93547763503597e+03
6.87000000000000e+00	1.40825412545539e+03
6.88000000000000e+00	9.24957384125664e+02
6.89000000000000e+00	5.19130051510386e+02
6.90000000000000e+00	2.20450732420394e+02
6.91000000000000e+00	5.51981232911239e+01
6.92000000000000e+00	4.88631763521457e+01
6.93000000000000e+00	2.30759307934994e+02
6.94000000000000e+00	6.40133654276754e+02
6.95000000000000e+00	1.33302635061404e+03
6.96000000000000e+00	2.38894758057364e+03
6.97000000000000e+00	3.91620971343150e+03
6.98000000000000e+00	6.05519238738291e+03
6.99000000000000e+00	8.97804115293369e+03
7.00000000000000e+00	1.28842464418004e+04
7.01000000000000e+00	1.79908389144416e+04
7.02000000000000e+00	2.45165546422868e+04
7.03000000000000e+00	3.26598909550317e+04
7.04000000000000e+00	4.25724736520288e+04
7.05000000000000e+00	5.43272619161539e+04
7.06000000000000e+00	6.78932095130704e+04
7.07000000000000e+00	8.31076246741222e+04
7.08000000000000e+00	9.96714761374195e+04
7.09000000000000e+00	1.17148298062465e+05
7.10000000000000e+00	1.34998605924604e+05
7.11000000000000e+00	1.52617167143667e+05
7.12000000000000e+00	1.69390228051961e+05
7.13000000000000e+00	1.84750853358643e+05
7.14000000000000e+00	1.98223043424707e+05
7.15000000000000e+00	2.09457815687147e+05
7.16000000000000e+00	2.18247369117475e+05
7.17000000000000e+00	2.24521352633612e+05
7.18000000000000e+00	2.28337514444599e+05
7.19000000000000e+00	2.29845917412047e+05
7.20000000000000e+00	2.29291893389340e+05
7.21000000000000e+00	2.26959516256979e+05
7.22000000000000e+00	2.23172440244606e+05
7.23000000000000e+00	2.18259896434028e+05
7.24000000000000e+00	2.12552182130544e+05
7.25000000000000e+00	2.06357502974736e+05
7.26000000000000e+00	1.99961099589538e+05
7.27000000000000e+00	1.93612616840674e+05
7.28000000000000e+00	1.87520009504255e+05
7.29000000000000e+00	1.81850732584641e+05
7.30000000000000e+00	1.76731005382637e+05
7.31000000000000e+00	1.72236695916017e+05
7.32000000000000e+00	1.68412610228632e+05
7.33000000000000e+00	1.65266548991886e+05
7.34000000000000e+00	1.62777166481982e+05
7.35000000000000e+00	1.60900965887254e+05
7.36000000000000e+00	1.59574101942366e+05
7.37000000000000e+00	1.58725694608345e+05
7.38000000000000e+00	1.58270079170213e+05
7.39000000000000e+00	1.58115832190419e+05
7.40000000000000e+00	1.58169538198616e+05
7.41000000000000e+00	1.58331562826030e+05
7.42000000000000e+00	1.58495931233562e+05
7.43000000000000e+00	1.58552319403542e+05
7.44000000000000e+00	1.58378297325678e+05
7.45000000000000e+00	1.57840507880582e+05
7.46000000000000e+00	1.56794276109469e+05
7.47000000000000e+00	1.55080604043565e+05
7.48000000000000e+00	1.52542103268820e+05
7.49000000000000e+00	1.49022211361833e+05
7.50000000000000e+00	1.44386572867072e+05
7.51000000000000e+00	1.38530921211167e+05
7.52000000000000e+00	1.31410249420009e+05
7.53000000000000e+00	1.23047759435450e+05
7.54000000000000e+00	1.13550707693970e+05
7.55000000000000e+00	1.03122715134867e+05
7.56000000000000e+00	9.20463589553325e+04
7.57000000000000e+00	8.06745591709514e+04
7.58000000000000e+00	6.93990295608729e+04
7.59000000000000e+00	5.86133423595259e+04
7.60000000000000e+00	4.86729361021661e+04
7.61000000000000e+00	3.98652051188251e+04
7.62000000000000e+00	3.23863087323974e+04
7.63000000000000e+00	2.63369782922108e+04
7.64000000000000e+00	2.17289777141929e+04
7.65000000000000e+00	1.85030589581087e+04
7.66000000000000e+00	1.65512087171053e+04
7.67000000000000e+00	1.57393711189013e+04
7.68000000000000e+00	1.59252654320162e+04
7.69000000000000e+00	1.69710723518441e+04
7.70000000000000e+00	1.87500180486922e+04
7.71000000000000e+00	2.11464501087426e+04
7.72000000000000e+00	2.40523458378631e+04
7.73000000000000e+00	2.73616041608178e+04
7.74000000000000e+00	3.09650169247326e+04
7.75000000000000e+00	3.47437109354601e+04
7.76000000000000e+00	3.85676045205172e+04
7.77000000000000e+00	4.22926448625340e+04
7.78000000000000e+00	4.57618061728256e+04
7.79000000000000e+00	4.88075920968091e+04
7.80000000000000e+00	5.12574419319651e+04
7.81000000000000e+00	5.29424462028948e+04
7.82000000000000e+00	5.37081226743558e+04
7.83000000000000e+00	5.34278096963768e+04
7.84000000000000e+00	5.20203620166331e+04
7.85000000000000e+00	4.94649356189648e+04
7.86000000000000e+00	4.58151720865803e+04
7.87000000000000e+00	4.12079636976223e+04
7.88000000000000e+00	3.58602855657144e+04
7.89000000000000e+00	3.00545003162584e+04
7.90000000000000e+00	2.41144569950399e+04
7.91000000000000e+00	1.83695951039717e+04
7.92000000000000e+00	1.31218122352167e+04
7.93000000000000e+00	8.61403411023054e+03
7.94000000000000e+00	5.01162259883343e+03
7.95000000000000e+00	2.39577741248843e+03
7.96000000000000e+00	7.68765837445680e+02
7.97000000000000e+00	6.82436774113774e+01
7.98000000000000e+00	1.85641049051721e+02
7.99000000000000e+00	9.84910166238016e+02
8.00000000000000e+00	2.31890961369453e+03
8.01000000000000e+00	4.04198729217070e+03
8.02000000000000e+00	6.01858920844420e+03
8.03000000000000e+00	8.12818830683198e+03
8.04000000000000e+00	1.02676425883406e+04
8.05000000000000e+00	1.23523697550642e+04
8.06000000000000e+00	1.43154773799335e+04
8.07000000000000e+00	1.61078889651984e+04
8.08000000000000e+00	1.76967049205754e+04
8.09000000000000e+00	1.90640678491138e+04
8.10000000000000e+00	2.02055059495654e+04
8.11000000000000e+00	2.11276301389030e+04
8.12000000000000e+00	2.18451696840153e+04
8.13000000000000e+00	2.23781773032159e+04
8.14000000000000e+00	2.27486069877423e+04
8.15000000000000e+00	2.29781145306801e+04
8.16000000000000e+00	2.30847512834909e+04
8.17000000000000e+00	2.30832422417627e+04
8.18000000000000e+00	2.29845877719705e+04
8.19000000000000e+00	2.27961752235765e+04
8.20000000000000e+00	2.25239769821986e+04
8.21000000000000e+00	2.21750120334955e+04
8.22000000000000e+00	2.17580345434289e+04
8.23000000000000e+00	2.12852599387681e+04
8.24000000000000e+00	2.07735564469304e+04
8.25000000000000e+00	2.02434705633952e+04
8.26000000000000e+00	1.97180788325229e+04
8.27000000000000e+00	1.92225058349806e+04
8.28000000000000e+00	1.87815991124660e+04
8.29000000000000e+00	1.84190493683935e+04
8.30000000000000e+00	1.81566308746502e+04
8.31000000000000e+00	1.80123006790203e+04
8.32000000000000e+00	1.80001885403194e+04
8.33000000000000e+00	1.81295752266388e+04
8.34000000000000e+00	1.84043082285303e+04
8.35000000000000e+00	1.88220013272547e+04
8.36000000000000e+00	1.93742726712872e+04
8.37000000000000e+00	2.00464532219341e+04
8.38000000000000e+00	2.08181360751345e+04
8.39000000000000e+00	2.16643264096307e+04
8.40000000000000e+00	2.25568785339061e+04
8.41000000000000e+00	2.34659553408008e+04
8.42000000000000e+00	2.43625155750856e+04
8.43000000000000e+00	2.52196696515865e+04
8.44000000000000e+00	2.60143214079609e+04
8.45000000000000e+00	2.67276548350661e+04
8.46000000000000e+00	2.73452594271487e+04
8.47000000000000e+00	2.78569255902698e+04
8.48000000000000e+00	2.82551038906122e+04
8.49000000000000e+00	2.85345947914192e+04
8.50000000000000e+00	2.86905744555056e+04
8.51000000000000e+00	2.87184052863282e+04
8.52000000000000e+00	2.86111539993432e+04
8.53000000000000e+00	2.83616809798079e+04
8.54000000000000e+00	2.79617759087154e+04
8.55000000000000e+00	2.74046814042288e+04
8.56000000000000e+00	2.66874692236318e+04
8.57000000000000e+00	2.58134360293549e+04
8.58000000000000e+00	2.47953065319093e+04
8.59000000000000e+00	2.36556507412631e+04
8.60000000000000e+00	2.24281153619189e+04
8.61000000000000e+00	2.11549035734139e+04
8.62000000000000e+00	1.98840102344275e+04
8.63000000000000e+00	1.86658642652940e+04
8.64000000000000e+00	1.75483805524993e+04
8.65000000000000e+00	1.65722574573272e+04
8.66000000000000e+00	1.57677871014835e+04
8.67000000000000e+00	1.51519757546389e+04
8.68000000000000e+00	1.47291159037487e+04
8.69000000000000e+00	1.44906934870933e+04
8.70000000000000e+00	1.44188627342378e+04
8.71000000000000e+00	1.44889258402507e+04
8.72000000000000e+00	1.46737211673954e+04
8.73000000000000e+00	1.49455958364520e+04
8.74000000000000e+00	1.52800019364579e+04
8.75000000000000e+00	1.56557076368566e+04
8.76000000000000e+00	1.60565719926815e+04
8.77000000000000e+00	1.64695608652031e+04
8.78000000000000e+00	1.68857529016144e+04
8.79000000000000e+00	1.72978831332550e+04
8.80000000000000e+00	1.77000452378849e+04
8.81000000000000e+00	1.80869331638221e+04
8.82000000000000e+00	1.84527103891287e+04
8.83000000000000e+00	1.87913764058147e+04
8.84000000000000e+00	1.90965285623786e+04
8.85000000000000e+00	1.93622947125347e+04
8.86000000000000e+00	1.95827559808274e+04
8.87000000000000e+00	1.97537324908777e+04
8.88000000000000e+00	1.98726726133387e+04
8.89000000000000e+00	1.99396044995770e+04
8.90000000000000e+00	1.99566851817042e+04
8.91000000000000e+00	1.99291244207481e+04
8.92000000000000e+00	1.98634795154987e+04
8.93000000000000e+00	1.97693116963499e+04
8.94000000000000e+00	1.96560732478067e+04
8.95000000000000e+00	1.95343176396207e+04
8.96000000000000e+00	1.94134616031255e+04
8.97000000000000e+00	1.93017912050568e+04
8.98000000000000e+00	1.92050150073421e+04
8.99000000000000e+00	1.91268078271287e+04
9.00000000000000e+00	1.90683094194891e+04
9.01000000000000e+00	1.90288553434189e+04
9.02000000000000e+00	1.90056572984427e+04
9.03000000000000e+00	1.89944062611356e+04
9.04000000000000e+00	1.89906282013032e+04
9.05000000000000e+00	1.89885367758318e+04
9.06000000000000e+00	1.89832832571455e+04
9.07000000000000e+00	1.89701094268858e+04
9.08000000000000e+00	1.89460981038720e+04
9.09000000000000e+00	1.89102371814077e+04
9.10000000000000e+00	1.88637664370085e+04
9.11000000000000e+00	1.88092749648130e+04
9.12000000000000e+00	1.87513712552096e+04
9.13000000000000e+00	1.86950642391608e+04
9.14000000000000e+00	1.86459516739499e+04
9.15000000000000e+00	1.86084975068075e+04
9.16000000000000e+00	1.85865150602673e+04
9.17000000000000e+00	1.85820397025054e+04
9.18000000000000e+00	1.85957263711731e+04
9.19000000000000e+00	1.86261832441545e+04
9.20000000000000e+00	1.86708671091419e+04
9.21000000000000e+00	1.87260184508367e+04
9.22000000000000e+00	1.87868862736808e+04
9.23000000000000e+00	1.88486966584066e+04
9.24000000000000e+00	1.89062540356022e+04
9.25000000000000e+00	1.89550355603887e+04
9.26000000000000e+00	1.89908704368842e+04
9.27000000000000e+00	1.90108723316148e+04
9.28000000000000e+00	1.90130338309087e+04
9.29000000000000e+00	1.89970047316144e+04
9.30000000000000e+00	1.89632122310529e+04
9.31000000000000e+00	1.89139467129433e+04
9.32000000000000e+00	1.88518530255395e+04
9.33000000000000e+00	1.87807831075333e+04
9.34000000000000e+00	1.87047296795957e+04
9.35000000000000e+00	1.86278742125131e+04
9.36000000000000e+00	1.85543209782112e+04
9.37000000000000e+00	1.84875081047292e+04
9.38000000000000e+00	1.84302999310792e+04
9.39000000000000e+00	1.83850848922668e+04
9.40000000000000e+00	1.83530690961269e+04
9.41000000000000e+00	1.83350852275357e+04
9.42000000000000e+00	1.83308866773344e+04
9.43000000000000e+00	1.83398339699862e+04
9.44000000000000e+00	1.83606382163937e+04
9.45000000000000e+00	1.83913898069581e+04
9.46000000000000e+00	1.84302691672662e+04
9.47000000000000e+00	1.84749490970596e+04
9.48000000000000e+00	1.85235416658572e+04
9.49000000000000e+00	1.85738909112668e+04
9.50000000000000e+00	1.86244572140349e+04
9.51000000000000e+00	1.86737283734978e+04
9.52000000000000e+00	1.87201519323504e+04
9.53000000000000e+00	1.87623208403271e+04
9.54000000000000e+00	1.87985133062895e+04
9.55000000000000e+00	1.88274120860399e+04
9.56000000000000e+00	1.88483869098709e+04
9.57000000000000e+00	1.88620252935904e+04
9.58000000000000e+00	1.88705590183336e+04
9.59000000000000e+00	1.88769130346976e+04
9.60000000000000e+00	1.88842798325995e+04
9.61000000000000e+00	1.88952622212927e+04
9.62000000000000e+00	1.89110503009232e+04
9.63000000000000e+00	1.89314380856433e+04
9.64000000000000e+00	1.89554004960830e+04
9.65000000000000e+00	1.89811506462066e+04
9.66000000000000e+00	1.90073031924338e+04
9.67000000000000e+00	1.90326448004387e+04
9.68000000000000e+00	1.90565986254026e+04
9.69000000000000e+00	1.90785875915540e+04
9.70000000000000e+00	1.90984171670840e+04
9.71000000000000e+00	1.91161826259731e+04
9.72000000000000e+00	1.91317202731544e+04
9.73000000000000e+00	1.91451084825897e+04
9.74000000000000e+00	1.91565291321676e+04
9.75000000000000e+00	1.91660981011196e+04
9.76000000000000e+00	1.91739873292763e+04
9.77000000000000e+00	1.91801288482386e+04
9.78000000000000e+00	1.91845549916856e+04
9.79000000000000e+00	1.91875797895866e+04
9.80000000000000e+00	1.91889891710536e+04
9.81000000000000e+00	1.91888929708694e+04
9.82000000000000e+00	1.91875915676634e+04
9.83000000000000e+00	1.91848748947546e+04
9.84000000000000e+00	1.91808782810415e+04
9.85000000000000e+00	1.91754301721491e+04
9.86000000000000e+00	1.91686226805227e+04
9.87000000000000e+00	1.91609742847537e+04
9.88000000000000e+00	1.91540914984852e+04
9.89000000000000e+00	1.91532101680673e+04
9.90000000000000e+00	1.91709306051170e+04
9.91000000000000e+00	1.92351318437628e+04
9.92000000000000e+00	1.94008249801935e+04
9.93000000000000e+00	1.97652408456691e+04
9.94000000000000e+00	2.04871493658484e+04
9.95000000000000e+00	2.18175404331604e+04
9.96000000000000e+00	2.41588045278736e+04
9.97000000000000e+00	2.81991391653931e+04
9.98000000000000e+00	3.52294594771891e+04
9.99000000000000e+00	4.79336535380259e+04
1.00000000000000e+01	7.26088967676229e+04
1.00100000000000e+01	1.25318008305801e+05
1.00200000000000e+01	2.30803911599580e+05
1.00300000000000e+01	2.75270739828766e+05
1.00400000000000e+01	1.47365723764227e+05
1.00500000000000e+01	6.78122856904909e+04
1.00600000000000e+01	3.52434392503313e+04
1.00700000000000e+01	2.05980614201210e+04
1.00800000000000e+01	1.31289194330513e+04
1.00900000000000e+01	8.91707029784350e+03
1.01000000000000e+01	6.35324388727785e+03
1.01100000000000e+01	4.69774830245591e+03
1.01200000000000e+01	3.57791968829340e+03
1.01300000000000e+01	2.79158386552328e+03
1.01400000000000e+01	2.22213755772425e+03
1.01500000000000e+01	1.79902838923976e+03
1.01600000000000e+01	1.47773143582532e+03
1.01700000000000e+01	1.22912749176946e+03
1.01800000000000e+01	1.03361368650421e+03
1.01900000000000e+01	8.77639459436786e+02
1.02000000000000e+01	7.51642933218722e+02
1.02100000000000e+01	6.48695000995869e+02
1.02200000000000e+01	5.63741277984115e+02
1.02300000000000e+01	4.92989311238986e+02
1.02400000000000e+01	4.33582090256881e+02
1.02500000000000e+01	3.83329482139999e+02
1.02600000000000e+01	3.40525050034876e+02
1.02700000000000e+01	3.03838807136210e+02
1.02800000000000e+01	2.72216485064538e+02
1.02900000000000e+01	2.44814213507669e+02
1.03000000000000e+01	2.20950438323598e+02
1.03100000000000e+01	2.00072702952644e+02
1.03200000000000e+01	1.81729328404915e+02
1.03300000000000e+01	1.65549402705965e+02
1.03400000000000e+01	1.51221436380528e+02
1.03500000000000e+01	1.38488880793078e+02
1.03600000000000e+01	1.27135484675767e+02
1.03700000000000e+01	1.16979319362719e+02
1.03800000000000e+01	1.07865572192027e+02
1.03900000000000e+01	9.96647509782181e+01
1.04000000000000e+01	9.22638118501342e+01
1.04100000000000e+01	8.55676869504279e+01
1.04200000000000e+01	7.94939964136777e+01
1.04300000000000e+01	7.39724090634711e+01
1.04400000000000e+01	6.89416480855939e+01
1.04500000000000e+01	6.43484547843872e+01
1.04600000000000e+01	6.01463715936311e+01
1.04700000000000e+01	5.62953157325749e+01
1.04800000000000e+01	5.27596998952267e+01
1.04900000000000e+01	4.95081859398981e+01
1.05000000000000e+01	4.65135014865073e+01
1.05100000000000e+01	4.37508175900309e+01
1.05200000000000e+01	4.11988091976541e+01
1.05300000000000e+01	3.88377278719320e+01
1.05400000000000e+01	3.66504977962272e+01
1.05500000000000e+01	3.46216651849864e+01
1.05600000000000e+01	3.27370095161108e+01
1.05700000000000e+01	3.09843025724967e+01
1.05800000000000e+01	2.93520926019477e+01
1.05900000000000e+01	2.78302110886759e+01
1.06000000000000e+01	2.64096577835851e+01
1.06100000000000e+01	2.50820486483849e+01
1.06200000000000e+01	2.38400263766356e+01
1.06300000000000e+01	2.26766361768025e+01
1.06400000000000e+01	2.15857497652057e+01
1.06500000000000e+01	2.05618447727186e+01
1.06600000000000e+01	1.95998770590853e+01
1.06700000000000e+01	1.86950918267878e+01
1.06800000000000e+01	1.78433460212668e+01
1.06900000000000e+01	1.70407616055668e+01
1.07000000000000e+01	1.62837307206372e+01
1.07100000000000e+01	1.55692130418604e+01
1.07200000000000e+01	1.48942575272475e+01
1.07300000000000e+01	1.42562407622292e+01
1.07400000000000e+01	1.36527433894570e+01
1.07500000000000e+01	1.30813390709586e+01
1.07600000000000e+01	1.25403726382140e+01
1.07700000000000e+01	1.20276629023304e+01
1.07800000000000e+01	1.15416171540140e+01
1.07900000000000e+01	1.10806172835057e+01
1.08000000000000e+01	1.06431450119312e+01
1.08100000000000e+01	1.02277903301188e+01
1.08200000000000e+01	9.83322692859779e+00
1.08300000000000e+01	9.45820377125029e+00
1.08400000000000e+01	9.10161407449604e+00
1.08500000000000e+01	8.76218762767620e+00
1.08600000000000e+01	8.43901300545745e+00
1.08700000000000e+01	8.13111189115793e+00
1.08800000000000e+01	7.83750167311668e+00
1.08900000000000e+01	7.55730841241561e+00
1.09000000000000e+01	7.28979958062784e+00
1.09100000000000e+01	7.03422634576374e+00
1.09200000000000e+01	6.78985469315185e+00
1.09300000000000e+01	6.55601208032800e+00
1.09400000000000e+01	6.33210871672736e+00
1.09500000000000e+01	6.11763031447716e+00
1.09600000000000e+01	5.91201453188790e+00
1.09700000000000e+01	5.71485087714352e+00
1.09800000000000e+01	5.52557337456133e+00
1.09900000000000e+01	5.34387485128176e+00
1.10000000000000e+01	5.16940010561526e+00
1.10100000000000e+01	5.00178411709926e+00
1.10200000000000e+01	4.84077039884534e+00
1.10300000000000e+01	4.68608324137180e+00
1.10400000000000e+01	4.53747013627123e+00
1.10500000000000e+01	4.39474305838911e+00
1.10600000000000e+01	4.25774482302850e+00
1.10700000000000e+01	4.12617527178486e+00
1.10800000000000e+01	3.99993526957753e+00
1.10900000000000e+01	3.87880534375999e+00
1.11000000000000e+01	3.76257124610556e+00
1.11100000000000e+01	3.65105695921285e+00
1.11200000000000e+01	3.54402574078681e+00
1.11300000000000e+01	3.44130802761718e+00
1.11400000000000e+01	3.34266755317950e+00
1.11500000000000e+01	3.24787890591860e+00
1.11600000000000e+01	3.15674858405957e+00
1.11700000000000e+01	3.06908377688411e+00
1.11800000000000e+01	2.98468357393374e+00
1.11900000000000e+01	2.90335581942857e+00
1.12000000000000e+01	2.82491663281706e+00
1.12100000000000e+01	2.74924896784029e+00
1.12200000000000e+01	2.67619944580188e+00
1.12300000000000e+01	2.60559851646882e+00
1.12400000000000e+01	2.53734460521032e+00
1.12500000000000e+01	2.47135971355547e+00
1.12600000000000e+01	2.40750145001169e+00
1.12700000000000e+01	2.34568963343342e+00
1.12800000000000e+01	2.28586045526356e+00
1.12900000000000e+01	2.22790398631815e+00
1.13000000000000e+01	2.17177500378183e+00
1.13100000000000e+01	2.11738016454118e+00
1.13200000000000e+01	2.06464686717836e+00
1.13300000000000e+01	2.01354399518533e+00
1.13400000000000e+01	1.96396985710688e+00
1.13500000000000e+01	1.91589872381258e+00
1.13600000000000e+01	1.86924622764229e+00
1.13700000000000e+01	1.82395089794918e+00
1.13800000000000e+01	1.77998800578151e+00
1.13900000000000e+01	1.73730148506241e+00
1.14000000000000e+01	1.69582973963766e+00
1.14100000000000e+01	1.65555392160909e+00
1.14200000000000e+01	1.61640702004471e+00
1.14300000000000e+01	1.57837122807702e+00
1.14400000000000e+01	1.54141223366726e+00
1.14500000000000e+01	1.50550168355299e+00
1.14600000000000e+01	1.47058314642057e+00
1.14700000000000e+01	1.43663789798539e+00
1.14800000000000e+01	1.40362727899307e+00
1.14900000000000e+01	1.37152945458857e+00
1.15000000000000e+01	1.34031450898144e+00
1.15100000000000e+01	1.30994050310490e+00
1.15200000000000e+01	1.28039209407345e+00
1.15300000000000e+01	1.25164533077586e+00
1.15400000000000e+01	1.22366630881077e+00
1.15500000000000e+01	1.19646251684158e+00
1.15600000000000e+01	1.17000180188030e+00
1.15700000000000e+01	1.14427236176309e+00
1.15800000000000e+01	1.11927942076504e+00
1.15900000000000e+01	1.09499464781396e+00
1.16000000000000e+01	1.07140809694178e+00
1.16100000000000e+01	1.04852382596227e+00
1.16200000000000e+01	1.02630815981177e+00
1.16300000000000e+01	1.00475014952783e+00
1.16400000000000e+01	9.83823775076281e-01
1.16500000000000e+01	9.63500077535893e-01
1.16600000000000e+01	9.43758747249072e-01
1.16700000000000e+01	9.24570809172804e-01
1.16800000000000e+01	9.05893111740897e-01
1.16900000000000e+01	8.87695892744607e-01
1.17000000000000e+01	8.69947743980741e-01
1.17100000000000e+01	8.52626052942078e-01
1.17200000000000e+01	8.35691854943247e-01
1.17300000000000e+01	8.19134733352978e-01
1.17400000000000e+01	8.02924538593195e-01
1.17500000000000e+01	7.87056313178531e-01
1.17600000000000e+01	7.71514565321660e-01
1.17700000000000e+01	7.56289537433861e-01
1.17800000000000e+01	7.41391446280551e-01
1.17900000000000e+01	7.26814509493776e-01
1.18000000000000e+01	7.12562418148704e-01
1.18100000000000e+01	6.98636388791902e-01
1.18200000000000e+01	6.85044388053911e-01
1.18300000000000e+01	6.71784428627812e-01
1.18400000000000e+01	6.58855068020351e-01
1.18500000000000e+01	6.46254921298835e-01
1.18600000000000e+01	6.33978872272866e-01
1.18700000000000e+01	6.22027148814337e-01
1.18800000000000e+01	6.10381800776369e-01
1.18900000000000e+01	5.99037173635409e-01
1.19000000000000e+01	5.87983829280522e-01
1.19100000000000e+01	5.77202600469907e-01
1.19200000000000e+01	5.66687871544571e-01
1.19300000000000e+01	5.56426076067961e-01
1.19400000000000e+01	5.46403515496542e-01
1.19500000000000e+01	5.36604620082740e-01
1.19600000000000e+01	5.27024972019779e-01
1.19700000000000e+01	5.17651079123948e-01
1.19800000000000e+01	5.08471010024157e-01
1.19900000000000e+01	4.99477039328617e-01
1.20000000000000e+01	4.90661888823282e-01
1.20100000000000e+01	4.82020212915180e-01
1.20200000000000e+01	4.73546670472746e-01
1.20300000000000e+01	4.65237036324606e-01
1.20400000000000e+01	4.57090170352211e-01
1.20500000000000e+01	4.49105016836637e-01
1.20600000000000e+01	4.41281215953790e-01
1.20700000000000e+01	4.33619830676452e-01
1.20800000000000e+01	4.26122257945138e-01
1.20900000000000e+01	4.18788549654009e-01
1.21000000000000e+01	4.11623317572854e-01
1.21100000000000e+01	4.04622459597084e-01
1.21200000000000e+01	3.97788648626836e-01
1.21300000000000e+01	3.91115770937182e-01
1.21400000000000e+01	3.84605180087146e-01
1.21500000000000e+01	3.78252370500557e-01
1.21600000000000e+01	3.72047516251583e-01
1.21700000000000e+01	3.65990875034054e-01
1.21800000000000e+01	3.60070397819974e-01
1.21900000000000e+01	3.54279965985385e-01
1.22000000000000e+01	3.48613412005915e-01
1.22100000000000e+01	3.43062835035292e-01
1.22200000000000e+01	3.37619350025110e-01
1.22300000000000e+01	3.32278627830688e-01
1.22400000000000e+01	3.27028826414822e-01
1.22500000000000e+01	3.21868843093247e-01
1.22600000000000e+01	3.16790460370297e-01
1.22700000000000e+01	3.11791711509138e-01
1.22800000000000e+01	3.06863059909741e-01
1.22900000000000e+01	3.02005497216084e-01
1.23000000000000e+01	2.97210833128449e-01
1.23100000000000e+01	2.92481085664643e-01
1.23200000000000e+01	2.87808735875438e-01
1.23300000000000e+01	2.83194888485015e-01
1.23400000000000e+01	2.78637164210296e-01
1.23500000000000e+01	2.74138930630409e-01
1.23600000000000e+01	2.69698256247679e-01
1.23700000000000e+01	2.65315482018279e-01
1.23800000000000e+01	2.60993939263129e-01
1.23900000000000e+01	2.56738531152905e-01
1.24000000000000e+01	2.52548717592504e-01
1.24100000000000e+01	2.48428540031227e-01
1.24200000000000e+01	2.44378061454994e-01
1.24300000000000e+01	2.40399976603535e-01
1.24400000000000e+01	2.36499587646116e-01
1.24500000000000e+01	2.32670639332660e-01
1.24600000000000e+01	2.28917665238120e-01
1.24700000000000e+01	2.25238568372145e-01
1.24800000000000e+01	2.21631698051087e-01
1.24900000000000e+01	2.18096427831237e-01
1.25000000000000e+01	2.14633917458292e-01
1.25100000000000e+01	2.11240940794014e-01
1.25200000000000e+01	2.07914628939400e-01
1.25300000000000e+01	2.04657487129648e-01
1.25400000000000e+01	2.01469490001982e-01
1.25500000000000e+01	1.98346014022202e-01
1.25600000000000e+01	1.95290750213936e-01
1.25700000000000e+01	1.92297894713476e-01
1.25800000000000e+01	1.89369410267676e-01
1.25900000000000e+01	1.86502982672850e-01
1.26000000000000e+01	1.83696693021963e-01
1.26100000000000e+01	1.80948299759438e-01
1.26200000000000e+01	1.78258417968143e-01
1.26300000000000e+01	1.75621494014405e-01
1.26400000000000e+01	1.73036002240543e-01
1.26500000000000e+01	1.70502986882493e-01
1.26600000000000e+01	1.68018975704699e-01
1.26700000000000e+01	1.65581642237216e-01
1.26800000000000e+01	1.63191630384880e-01
1.26900000000000e+01	1.60849037718625e-01
1.27000000000000e+01	1.58551251657380e-01
1.27100000000000e+01	1.56299471114086e-01
1.27200000000000e+01	1.54094153623504e-01
1.27300000000000e+01	1.51931831755927e-01
1.27400000000000e+01	1.49814929809083e-01
1.27500000000000e+01	1.47742945049448e-01
1.27600000000000e+01	1.45713568769864e-01
1.27700000000000e+01	1.43726238273928e-01
1.27800000000000e+01	1.41781548066435e-01
1.27900000000000e+01	1.39875069923218e-01
1.28000000000000e+01	1.38007257149805e-01
1.28100000000000e+01	1.36175849276706e-01
1.28200000000000e+01	1.34380795306439e-01
1.28300000000000e+01	1.32618847229830e-01
1.28400000000000e+01	1.30891224000845e-01
1.28500000000000e+01	1.29195118877068e-01
1.28600000000000e+01	1.27528876680122e-01
1.28700000000000e+01	1.25893564329949e-01
1.28800000000000e+01	1.24285900859746e-01
1.28900000000000e+01	1.22707835239990e-01
1.29000000000000e+01	1.21156951122766e-01
1.29100000000000e+01	1.19633350859964e-01
1.29200000000000e+01	1.18135626376713e-01
1.29300000000000e+01	1.16663096399035e-01
1.29400000000000e+01	1.15215068314941e-01
1.29500000000000e+01	1.13791047002465e-01
1.29600000000000e+01	1.12389681801648e-01
1.29700000000000e+01	1.11011315849572e-01
1.29800000000000e+01	1.09654633250664e-01
1.29900000000000e+01	1.08319498171702e-01
1.30000000000000e+01	1.07004538818153e-01
1.30100000000000e+01	1.05710924523593e-01
1.30200000000000e+01	1.04437617059911e-01
1.30300000000000e+01	1.03184659990434e-01
1.30400000000000e+01	1.01950792746224e-01
1.30500000000000e+01	1.00736084209734e-01
1.30600000000000e+01	9.95384129463913e-02
1.30700000000000e+01	9.83584171735531e-02
1.30800000000000e+01	9.71933471824903e-02
1.30900000000000e+01	9.60441067895252e-02
1.31000000000000e+01	9.49073554630299e-02
1.31100000000000e+01	9.37842519707190e-02
1.31200000000000e+01	9.26718976550242e-02
1.31300000000000e+01	9.15711187309959e-02
1.31400000000000e+01	9.04807107052015e-02
1.31500000000000e+01	8.94011208773488e-02
1.31600000000000e+01	8.83326213517705e-02
1.31700000000000e+01	8.72743931931500e-02
1.31800000000000e+01	8.62273619553745e-02
1.31900000000000e+01	8.51937730251281e-02
1.32000000000000e+01	8.41716450118361e-02
1.32100000000000e+01	8.31622758221073e-02
1.32200000000000e+01	8.21660576870093e-02
1.32300000000000e+01	8.11827856163400e-02
1.32400000000000e+01	8.02121031818994e-02
1.32500000000000e+01	7.92541690143629e-02
1.32600000000000e+01	7.83070452172376e-02
1.32700000000000e+01	7.73722066756598e-02
1.32800000000000e+01	7.64483388350060e-02
1.32900000000000e+01	7.55354171393988e-02
1.33000000000000e+01	7.46334835549509e-02
1.33100000000000e+01	7.37420530764665e-02
1.33200000000000e+01	7.28613570567469e-02
1.33300000000000e+01	7.19919956307718e-02
1.33400000000000e+01	7.11341728802691e-02
1.33500000000000e+01	7.02884648348695e-02
1.33600000000000e+01	6.94547832111800e-02
1.33700000000000e+01	6.86335653623240e-02
1.33800000000000e+01	6.78251383192724e-02
1.33900000000000e+01	6.70296661674540e-02
1.34000000000000e+01	6.62472669087844e-02
1.34100000000000e+01	6.54769996264366e-02
1.34200000000000e+01	6.47194754247073e-02
1.34300000000000e+01	6.39731548715283e-02
1.34400000000000e+01	6.32391169776564e-02
1.34500000000000e+01	6.25159521013690e-02
1.34600000000000e+01	6.18032914259522e-02
1.34700000000000e+01	6.11007205690073e-02
1.34800000000000e+01	6.04084747736815e-02
1.34900000000000e+01	5.97251719211903e-02
1.35000000000000e+01	5.90507658892212e-02
1.35100000000000e+01	5.83843361663476e-02
1.35200000000000e+01	5.77262696510919e-02
1.35300000000000e+01	5.70758547993868e-02
1.35400000000000e+01	5.64329559864938e-02
1.35500000000000e+01	5.57960269822518e-02
1.35600000000000e+01	5.51660034977173e-02
1.35700000000000e+01	5.45418594703808e-02
1.35800000000000e+01	5.39241244571207e-02
1.35900000000000e+01	5.33114809234999e-02
1.36000000000000e+01	5.27044979526934e-02
1.36100000000000e+01	5.21028730364468e-02
1.36200000000000e+01	5.15068054196121e-02
1.36300000000000e+01	5.09160034511696e-02
1.36400000000000e+01	5.03311240988755e-02
1.36500000000000e+01	4.97519671371546e-02
1.36600000000000e+01	4.91787276024181e-02
1.36700000000000e+01	4.86119811499621e-02
1.36800000000000e+01	4.80519602130937e-02
1.36900000000000e+01	4.74995705563833e-02
1.37000000000000e+01	4.69541448261562e-02
1.37100000000000e+01	4.64169080234402e-02
1.37200000000000e+01	4.58874452974237e-02
1.37300000000000e+01	4.53675945090480e-02
1.37400000000000e+01	4.48560820746525e-02
1.37500000000000e+01	4.43541567731356e-02
1.37600000000000e+01	4.38614504565751e-02
1.37700000000000e+01	4.33775932323336e-02
1.37800000000000e+01	4.29033007319708e-02
1.37900000000000e+01	4.24370487910015e-02
1.38000000000000e+01	4.19801558324244e-02
1.38100000000000e+01	4.15311092009993e-02
1.38200000000000e+01	4.10895148928331e-02
1.38300000000000e+01	4.06550073538818e-02
1.38400000000000e+01	4.02273115137405e-02
1.38500000000000e+01	3.98057910357300e-02
1.38600000000000e+01	3.93899522545295e-02
1.38700000000000e+01	3.89795607545188e-02
1.38800000000000e+01	3.85748320830019e-02
1.38900000000000e+01	3.81743973354832e-02
1.39000000000000e+01	3.77784880893960e-02
1.39100000000000e+01	3.73873508469133e-02
1.39200000000000e+01	3.70000232674269e-02
1.39300000000000e+01	3.66171027524913e-02
1.39400000000000e+01	3.62379849548825e-02
1.39500000000000e+01	3.58626410296607e-02
1.39600000000000e+01	3.54911014505144e-02
1.39700000000000e+01	3.51231070683205e-02
1.39800000000000e+01	3.47589827120927e-02
1.39900000000000e+01	3.43981962383963e-02
1.40000000000000e+01	3.40416804651396e-02
1.40100000000000e+01	3.36885807558507e-02
1.40200000000000e+01	3.33390238840966e-02
1.40300000000000e+01	3.29938272894180e-02
1.40400000000000e+01	3.26527888355881e-02
1.40500000000000e+01	3.23156169249639e-02
1.40600000000000e+01	3.19830559595732e-02
1.40700000000000e+01	3.16548212216084e-02
1.40800000000000e+01	3.13310490254455e-02
1.40900000000000e+01	3.10116180430694e-02
1.41000000000000e+01	3.06963459941548e-02
1.41100000000000e+01	3.03853561716594e-02
1.41200000000000e+01	3.00781412975915e-02
1.41300000000000e+01	2.97751116748745e-02
1.41400000000000e+01	2.94755250797297e-02
1.41500000000000e+01	2.91787429120961e-02
1.41600000000000e+01	2.88854515857192e-02
1.41700000000000e+01	2.85945561980897e-02
1.41800000000000e+01	2.83063121240420e-02
1.41900000000000e+01	2.80203029130979e-02
1.42000000000000e+01	2.77365724413755e-02
1.42100000000000e+01	2.74552243318329e-02
1.42200000000000e+01	2.71763995535100e-02
1.42300000000000e+01	2.68999688672991e-02
1.42400000000000e+01	2.66263320905774e-02
1.42500000000000e+01	2.63555223731110e-02
1.42600000000000e+01	2.60876221921743e-02
1.42700000000000e+01	2.58231246720449e-02
1.42800000000000e+01	2.55622402622415e-02
1.42900000000000e+01	2.53044406594237e-02
1.43000000000000e+01	2.50501076394302e-02
1.43100000000000e+01	2.47995998749494e-02
1.43200000000000e+01	2.45521029784066e-02
1.43300000000000e+01	2.43079936480346e-02
1.43400000000000e+01	2.40673549108579e-02
1.43500000000000e+01	2.38298888001263e-02
1.43600000000000e+01	2.35953252592490e-02
1.43700000000000e+01	2.33638035752810e-02
1.43800000000000e+01	2.31350905460204e-02
1.43900000000000e+01	2.29095675893380e-02
1.44000000000000e+01	2.26869910169259e-02
1.44100000000000e+01	2.24671327462909e-02
1.44200000000000e+01	2.22501691412118e-02
1.44300000000000e+01	2.20360371025662e-02
1.44400000000000e+01	2.18251008149806e-02
1.44500000000000e+01	2.16168793878762e-02
1.44600000000000e+01	2.14113141754025e-02
1.44700000000000e+01	2.12087373437936e-02
1.44800000000000e+01	2.10086316436177e-02
1.44900000000000e+01	2.08113660880024e-02
1.45000000000000e+01	2.06166546161290e-02
1.45100000000000e+01	2.04244105971445e-02
1.45200000000000e+01	2.02344045339314e-02
1.45300000000000e+01	2.00469184839263e-02
1.45400000000000e+01	1.98617337456549e-02
1.45500000000000e+01	1.96784336941852e-02
1.45600000000000e+01	1.94973201823661e-02
1.45700000000000e+01	1.93183768744447e-02
1.45800000000000e+01	1.91411871531542e-02
1.45900000000000e+01	1.89660941167357e-02
1.46000000000000e+01	1.87925524772386e-02
1.46100000000000e+01	1.86207018886072e-02
1.46200000000000e+01	1.84509080509297e-02
1.46300000000000e+01	1.82826300657888e-02
1.46400000000000e+01	1.81160828875140e-02
1.46500000000000e+01	1.79512446575697e-02
1.46600000000000e+01	1.77881227534238e-02
1.46700000000000e+01	1.76265812283478e-02
1.46800000000000e+01	1.74670743975081e-02
1.46900000000000e+01	1.73092817781524e-02
1.47000000000000e+01	1.71531879637061e-02
1.47100000000000e+01	1.69990861334859e-02
1.47200000000000e+01	1.68464584010184e-02
1.47300000000000e+01	1.66958716556533e-02
1.47400000000000e+01	1.65469889884072e-02
1.47500000000000e+01	1.63997410956358e-02
1.47600000000000e+01	1.62542217623291e-02
1.47700000000000e+01	1.61103642115073e-02
1.47800000000000e+01	1.59678061889973e-02
1.47900000000000e+01	1.58268302752630e-02
1.48000000000000e+01	1.56872106995367e-02
1.48100000000000e+01	1.55486342781948e-02
1.48200000000000e+01	1.54113955444960e-02
1.48300000000000e+01	1.52751628049535e-02
1.48400000000000e+01	1.51400709214942e-02
1.48500000000000e+01	1.50060140292429e-02
1.48600000000000e+01	1.48729889147813e-02
1.48700000000000e+01	1.47410176922104e-02
1.48800000000000e+01	1.46099641956121e-02
1.48900000000000e+01	1.44797385756158e-02
1.49000000000000e+01	1.43507813937226e-02
1.49100000000000e+01	1.42228054894340e-02
1.49200000000000e+01	1.40958684741568e-02
1.49300000000000e+01	1.39701077432807e-02
1.49400000000000e+01	1.38454032227225e-02
1.49500000000000e+01	1.37219028329634e-02
1.49600000000000e+01	1.35997412109161e-02
1.49700000000000e+01	1.34787767585198e-02
1.49800000000000e+01	1.33590141335078e-02
1.49900000000000e+01	1.32408056925704e-02
1.50000000000000e+01	1.31236345194847e-02
1.50100000000000e+01	1.30079768825259e-02
1.50200000000000e+01	1.28935039985055e-02
1.50300000000000e+01	1.27803607678419e-02
1.50400000000000e+01	1.26685817607083e-02
1.50500000000000e+01	1.25580097967418e-02
1.50600000000000e+01	1.24485973899060e-02
1.50700000000000e+01	1.23401943637535e-02
1.50800000000000e+01	1.22328500312338e-02
1.50900000000000e+01	1.21266890451041e-02
1.51000000000000e+01	1.20212967486977e-02
1.51100000000000e+01	1.19167895463638e-02
1.51200000000000e+01	1.18132656513751e-02
1.51300000000000e+01	1.17104736881789e-02
1.51400000000000e+01	1.16085516258164e-02
1.51500000000000e+01	1.15073766815455e-02
1.51600000000000e+01	1.14068486495423e-02
1.51700000000000e+01	1.13071917826709e-02
1.51800000000000e+01	1.12083318061764e-02
1.51900000000000e+01	1.11102428190133e-02
1.52000000000000e+01	1.10130500522871e-02
1.52100000000000e+01	1.09165184085616e-02
1.52200000000000e+01	1.08210556531458e-02
1.52300000000000e+01	1.07263105994522e-02
1.52400000000000e+01	1.06322384085008e-02
1.52500000000000e+01	1.05389843677262e-02
1.52600000000000e+01	1.04464073686527e-02
1.52700000000000e+01	1.03542464175953e-02
1.52800000000000e+01	1.02627383898707e-02
1.52900000000000e+01	1.01714502594570e-02
1.53000000000000e+01	1.00803327169887e-02
1.53100000000000e+01	9.98927701609622e-03
1.53200000000000e+01	9.89829993346838e-03
1.53300000000000e+01	9.80721697003712e-03
1.53400000000000e+01	9.71579049359882e-03
1.53500000000000e+01	9.62419550825448e-03
1.53600000000000e+01	9.53251390745735e-03
1.53700000000000e+01	9.44048128814451e-03
1.53800000000000e+01	9.34822307853046e-03
1.53900000000000e+01	9.25598056602560e-03
1.54000000000000e+01	9.16380606580127e-03
1.54100000000000e+01	9.07184676292709e-03
1.54200000000000e+01	8.98017764348142e-03
1.54300000000000e+01	8.88921728130904e-03
1.54400000000000e+01	8.79910535997440e-03
1.54500000000000e+01	8.71005536023381e-03
1.54600000000000e+01	8.62225162258722e-03
1.54700000000000e+01	8.53621720424435e-03
1.54800000000000e+01	8.45197432031633e-03
1.54900000000000e+01	8.36979552851250e-03
1.55000000000000e+01	8.28979952006606e-03
1.55100000000000e+01	8.21232374351569e-03
1.55200000000000e+01	8.13733044820827e-03
1.55300000000000e+01	8.06498462111260e-03
1.55400000000000e+01	7.99501508526568e-03
1.55500000000000e+01	7.92761984797635e-03
1.55600000000000e+01	7.86249610531551e-03
1.55700000000000e+01	7.79933832495657e-03
1.55800000000000e+01	7.73827176274428e-03
1.55900000000000e+01	7.67869800084489e-03
1.56000000000000e+01	7.62045557802719e-03
1.56100000000000e+01	7.56348603845012e-03
1.56200000000000e+01	7.50729318216523e-03
1.56300000000000e+01	7.45187076153362e-03
1.56400000000000e+01	7.39687377107982e-03
1.56500000000000e+01	7.34211000183533e-03
1.56600000000000e+01	7.28749870298426e-03
1.56700000000000e+01	7.23298956911549e-03
1.56800000000000e+01	7.17838033611797e-03
1.56900000000000e+01	7.12364717086349e-03
1.57000000000000e+01	7.06876770781670e-03
1.57100000000000e+01	7.01366318974539e-03
1.57200000000000e+01	6.95847916870862e-03
1.57300000000000e+01	6.90314913739631e-03
1.57400000000000e+01	6.84775447558228e-03
1.57500000000000e+01	6.79237576579280e-03
1.57600000000000e+01	6.73709673799558e-03
1.57700000000000e+01	6.68193077534356e-03
1.57800000000000e+01	6.62701021130127e-03
1.57900000000000e+01	6.57261826474701e-03
1.58000000000000e+01	6.51865947756363e-03
1.58100000000000e+01	6.46537737247340e-03
1.58200000000000e+01	6.41279298137312e-03
1.58300000000000e+01	6.36112064424543e-03
1.58400000000000e+01	6.31035733385027e-03
1.58500000000000e+01	6.26058819109916e-03
1.58600000000000e+01	6.21186073281976e-03
1.58700000000000e+01	6.16416188125136e-03
1.58800000000000e+01	6.11737502231271e-03
1.58900000000000e+01	6.07174842252160e-03
1.59000000000000e+01	6.02701166302246e-03
1.59100000000000e+01	5.98314470777936e-03
1.59200000000000e+01	5.94007939975305e-03
1.59300000000000e+01	5.89769093227956e-03
1.59400000000000e+01	5.85592047754612e-03
1.59500000000000e+01	5.81466111618194e-03
1.59600000000000e+01	5.77381760391420e-03
1.59700000000000e+01	5.73337744534076e-03
1.59800000000000e+01	5.69319583936952e-03
1.59900000000000e+01	5.65321895362321e-03
1.60000000000000e+01	5.61351574878159e-03
1.60100000000000e+01	5.57391215715513e-03
1.60200000000000e+01	5.53455531401846e-03
1.60300000000000e+01	5.49538304704464e-03
1.60400000000000e+01	5.45637166913806e-03
1.60500000000000e+01	5.41751933930012e-03
1.60600000000000e+01	5.37891545502228e-03
1.60700000000000e+01	5.34045023848659e-03
1.60800000000000e+01	5.30212780905818e-03
1.60900000000000e+01	5.26409241175429e-03
1.61000000000000e+01	5.22634142096125e-03
1.61100000000000e+01	5.18870269494907e-03
1.61200000000000e+01	5.15143484434099e-03
1.61300000000000e+01	5.11429396849184e-03
1.61400000000000e+01	5.07752711678840e-03
1.61500000000000e+01	5.04107836670184e-03
1.61600000000000e+01	5.00484820021187e-03
1.61700000000000e+01	4.96894764687312e-03
1.61800000000000e+01	4.93338513997133e-03
1.61900000000000e+01	4.89822420677883e-03
1.62000000000000e+01	4.86335204575567e-03
1.62100000000000e+01	4.82898808963159e-03
1.62200000000000e+01	4.79496203922081e-03
1.62300000000000e+01	4.76141351725312e-03
1.62400000000000e+01	4.72828846641637e-03
1.62500000000000e+01	4.69565455737950e-03
1.62600000000000e+01	4.66337946762974e-03
1.62700000000000e+01	4.63148784440098e-03
1.62800000000000e+01	4.60000433102879e-03
1.62900000000000e+01	4.56884235337399e-03
1.63000000000000e+01	4.53801545433846e-03
1.63100000000000e+01	4.50728789347216e-03
1.63200000000000e+01	4.47689566893088e-03
1.63300000000000e+01	4.44655101018917e-03
1.63400000000000e+01	4.41624001746828e-03
1.63500000000000e+01	4.38595280136943e-03
1.63600000000000e+01	4.35562887311523e-03
1.63700000000000e+01	4.32516871772374e-03
1.63800000000000e+01	4.29463585997653e-03
1.63900000000000e+01	4.26384553374639e-03
1.64000000000000e+01	4.23292515105583e-03
1.64100000000000e+01	4.20176485791504e-03
1.64200000000000e+01	4.17040915595789e-03
1.64300000000000e+01	4.13885583256216e-03
1.64400000000000e+01	4.10721719660663e-03
1.64500000000000e+01	4.07548493445792e-03
1.64600000000000e+01	4.04372757551448e-03
1.64700000000000e+01	4.01203941760195e-03
1.64800000000000e+01	3.98041701793003e-03
1.64900000000000e+01	3.94908031939637e-03
1.65000000000000e+01	3.91810915444543e-03
1.65100000000000e+01	3.88737644463588e-03
1.65200000000000e+01	3.85711342237459e-03
1.65300000000000e+01	3.82736484054978e-03
1.65400000000000e+01	3.79811303865555e-03
1.65500000000000e+01	3.76938827915059e-03
1.65600000000000e+01	3.74125596213226e-03
1.65700000000000e+01	3.71363163388043e-03
1.65800000000000e+01	3.68654451948377e-03
1.65900000000000e+01	3.66004296373704e-03
1.66000000000000e+01	3.63409975141273e-03
1.66100000000000e+01	3.60859743121623e-03
1.66200000000000e+01	3.58363993783507e-03
1.66300000000000e+01	3.55910913183733e-03
1.66400000000000e+01	3.53506919627354e-03
1.66500000000000e+01	3.51141398020528e-03
1.66600000000000e+01	3.48816133251313e-03
1.66700000000000e+01	3.46529060762835e-03
1.66800000000000e+01	3.44278338113881e-03
1.66900000000000e+01	3.42053934223368e-03
1.67000000000000e+01	3.39861776977122e-03
1.67100000000000e+01	3.37692715445966e-03
1.67200000000000e+01	3.35549048963234e-03
1.67300000000000e+01	3.33424671175795e-03
1.67400000000000e+01	3.31315018681142e-03
1.67500000000000e+01	3.29223251390024e-03
1.67600000000000e+01	3.27140304201238e-03
1.67700000000000e+01	3.25061956028222e-03
1.67800000000000e+01	3.22992327322526e-03
1.67900000000000e+01	3.20928161427479e-03
1.68000000000000e+01	3.18862100790981e-03
1.68100000000000e+01	3.16799045901235e-03
1.68200000000000e+01	3.14740616174869e-03
1.68300000000000e+01	3.12680635387318e-03
1.68400000000000e+01	3.10623953245616e-03
1.68500000000000e+01	3.08571810542150e-03
1.68600000000000e+01	3.06522474109459e-03
1.68700000000000e+01	3.04480377523083e-03
1.68800000000000e+01	3.02446714139802e-03
1.68900000000000e+01	3.00421934870809e-03
1.69000000000000e+01	2.98410470814041e-03
1.69100000000000e+01	2.96405267771452e-03
1.69200000000000e+01	2.94410489600616e-03
1.69300000000000e+01	2.92430061425409e-03
1.69400000000000e+01	2.90467961773008e-03
1.69500000000000e+01	2.88511309401419e-03
1.69600000000000e+01	2.86574551571504e-03
1.69700000000000e+01	2.84651026564978e-03
1.69800000000000e+01	2.82749615679594e-03
1.69900000000000e+01	2.80867147078250e-03
1.70000000000000e+01	2.79004173851834e-03
1.70100000000000e+01	2.77171110893235e-03
1.70200000000000e+01	2.75364887071307e-03
1.70300000000000e+01	2.73584822867060e-03
1.70400000000000e+01	2.71833022767452e-03
1.70500000000000e+01	2.70115234960159e-03
1.70600000000000e+01	2.68429900547595e-03
1.70700000000000e+01	2.66771737680674e-03
1.70800000000000e+01	2.65141831125992e-03
1.70900000000000e+01	2.63541548954173e-03
1.71000000000000e+01	2.61962952090584e-03
1.71100000000000e+01	2.60410263650408e-03
1.71200000000000e+01	2.58872117517899e-03
1.71300000000000e+01	2.57354548514766e-03
1.71400000000000e+01	2.55853109899191e-03
1.71500000000000e+01	2.54364184688135e-03
1.71600000000000e+01	2.52887066000399e-03
1.71700000000000e+01	2.51422296488209e-03
1.71800000000000e+01	2.49962820914890e-03
1.71900000000000e+01	2.48515941570854e-03
1.72000000000000e+01	2.47077708100649e-03
1.72100000000000e+01	2.45652263663997e-03
1.72200000000000e+01	2.44233011112740e-03
1.72300000000000e+01	2.42819632978976e-03
1.72400000000000e+01	2.41418900852223e-03
1.72500000000000e+01	2.40024176543929e-03
1.72600000000000e+01	2.38635602284794e-03
1.72700000000000e+01	2.37259097915558e-03
1.72800000000000e+01	2.35885162700733e-03
1.72900000000000e+01	2.34520133996388e-03
1.73000000000000e+01	2.33160451771369e-03
1.73100000000000e+01	2.31806356239638e-03
1.73200000000000e+01	2.30461004825395e-03
1.73300000000000e+01	2.29117824192020e-03
1.73400000000000e+01	2.27777652586406e-03
1.73500000000000e+01	2.26445996765339e-03
1.73600000000000e+01	2.25117401504128e-03
1.73700000000000e+01	2.23791846131026e-03
1.73800000000000e+01	2.22472325894397e-03
1.73900000000000e+01	2.21156468030407e-03
1.74000000000000e+01	2.19847346589412e-03
1.74100000000000e+01	2.18539114793843e-03
1.74200000000000e+01	2.17237544516165e-03
1.74300000000000e+01	2.15940202464917e-03
1.74400000000000e+01	2.14652646602794e-03
1.74500000000000e+01	2.13366048161388e-03
1.74600000000000e+01	2.12086658631983e-03
1.74700000000000e+01	2.10811079864602e-03
1.74800000000000e+01	2.09541836738070e-03
1.74900000000000e+01	2.08273586516122e-03
1.75000000000000e+01	2.07011436289873e-03
1.75100000000000e+01	2.05752749274586e-03
1.75200000000000e+01	2.04496976199396e-03
1.75300000000000e+01	2.03241984847218e-03
1.75400000000000e+01	2.01990199625441e-03
1.75500000000000e+01	2.00742467390845e-03
1.75600000000000e+01	1.99493540267831e-03
1.75700000000000e+01	1.98246910087807e-03
1.75800000000000e+01	1.97002937363961e-03
1.75900000000000e+01	1.95762959666270e-03
1.76000000000000e+01	1.94524392297548e-03
1.76100000000000e+01	1.93296278810030e-03
1.76200000000000e+01	1.92068511096989e-03
1.76300000000000e+01	1.90854510786036e-03
1.76400000000000e+01	1.89644074222569e-03
1.76500000000000e+01	1.88445126752759e-03
1.76600000000000e+01	1.87257540644611e-03
1.76700000000000e+01	1.86078318941031e-03
1.76800000000000e+01	1.84912117421364e-03
1.76900000000000e+01	1.83758738891008e-03
1.77000000000000e+01	1.82612415175138e-03
1.77100000000000e+01	1.81477532968705e-03
1.77200000000000e+01	1.80353217225904e-03
1.77300000000000e+01	1.79237000210145e-03
1.77400000000000e+01	1.78130790525240e-03
1.77500000000000e+01	1.77031292284795e-03
1.77600000000000e+01	1.75940837616672e-03
1.77700000000000e+01	1.74854348836190e-03
1.77800000000000e+01	1.73776374456472e-03
1.77900000000000e+01	1.72702244083099e-03
1.78000000000000e+01	1.71631565991407e-03
1.78100000000000e+01	1.70569125767184e-03
1.78200000000000e+01	1.69508614301791e-03
1.78300000000000e+01	1.68451794679024e-03
1.78400000000000e+01	1.67399156188272e-03
1.78500000000000e+01	1.66353316952689e-03
1.78600000000000e+01	1.65312020148369e-03
1.78700000000000e+01	1.64273303061394e-03
1.78800000000000e+01	1.63236927560619e-03
1.78900000000000e+01	1.62205342504884e-03
1.79000000000000e+01	1.61180892834429e-03
1.79100000000000e+01	1.60158936356285e-03
1.79200000000000e+01	1.59141646067827e-03
1.79300000000000e+01	1.58127079947962e-03
1.79400000000000e+01	1.57115078188652e-03
1.79500000000000e+01	1.56108602359393e-03
1.79600000000000e+01	1.55101303103157e-03
1.79700000000000e+01	1.54100826419423e-03
1.79800000000000e+01	1.53101173765535e-03
1.79900000000000e+01	1.52108079324521e-03
1.80000000000000e+01	1.51122298044506e-03
1.80100000000000e+01	1.50147388245047e-03
1.80200000000000e+01	1.49179626011679e-03
1.80300000000000e+01	1.48226243464341e-03
1.80400000000000e+01	1.47289422368562e-03
1.80500000000000e+01	1.46369211010258e-03
1.80600000000000e+01	1.45464901623425e-03
1.80700000000000e+01	1.44582162410413e-03
1.80800000000000e+01	1.43719251800646e-03
1.80900000000000e+01	1.42875024644802e-03
1.81000000000000e+01	1.42047509185008e-03
1.81100000000000e+01	1.41239426188359e-03
1.81200000000000e+01	1.40446882454550e-03
1.81300000000000e+01	1.39666563945192e-03
1.81400000000000e+01	1.38894926477886e-03
1.81500000000000e+01	1.38135180000199e-03
1.81600000000000e+01	1.37378548410357e-03
1.81700000000000e+01	1.36630262847429e-03
1.81800000000000e+01	1.35884216666975e-03
1.81900000000000e+01	1.35140360002023e-03
1.82000000000000e+01	1.34398776989604e-03
1.82100000000000e+01	1.33655596702809e-03
1.82200000000000e+01	1.32915105859271e-03
1.82300000000000e+01	1.32173760083508e-03
1.82400000000000e+01	1.31428511195174e-03
1.82500000000000e+01	1.30685029557973e-03
1.82600000000000e+01	1.29938653337823e-03
1.82700000000000e+01	1.29193625820207e-03
1.82800000000000e+01	1.28446771593330e-03
1.82900000000000e+01	1.27698975672859e-03
1.83000000000000e+01	1.26954627913996e-03
1.83100000000000e+01	1.26210343368354e-03
1.83200000000000e+01	1.25470521629265e-03
1.83300000000000e+01	1.24733171085727e-03
1.83400000000000e+01	1.24002091182856e-03
1.83500000000000e+01	1.23275041601654e-03
1.83600000000000e+01	1.22556300759432e-03
1.83700000000000e+01	1.21847287824640e-03
1.83800000000000e+01	1.21145774715819e-03
1.83900000000000e+01	1.20456027445466e-03
1.84000000000000e+01	1.19777191100828e-03
1.84100000000000e+01	1.19110262120954e-03
1.84200000000000e+01	1.18455603199453e-03
1.84300000000000e+01	1.17815488499539e-03
1.84400000000000e+01	1.17187709331399e-03
1.84500000000000e+01	1.16572482116047e-03
1.84600000000000e+01	1.15970293065489e-03
1.84700000000000e+01	1.15377376009165e-03
1.84800000000000e+01	1.14795822160476e-03
1.84900000000000e+01	1.14222441332716e-03
1.85000000000000e+01	1.13657704147710e-03
1.85100000000000e+01	1.13096795741490e-03
1.85200000000000e+01	1.12541363952402e-03
1.85300000000000e+01	1.11988811330865e-03
1.85400000000000e+01	1.11439216564069e-03
1.85500000000000e+01	1.10889902958776e-03
1.85600000000000e+01	1.10338227942766e-03
1.85700000000000e+01	1.09787112964964e-03
1.85800000000000e+01	1.09235840932438e-03
1.85900000000000e+01	1.08680672994544e-03
1.86000000000000e+01	1.08124905226129e-03
1.86100000000000e+01	1.07567000218008e-03
1.86200000000000e+01	1.07008731542442e-03
1.86300000000000e+01	1.06447199641408e-03
1.86400000000000e+01	1.05885941275656e-03
1.86500000000000e+01	1.05323926906688e-03
1.86600000000000e+01	1.04761768733770e-03
1.86700000000000e+01	1.04201241551435e-03
1.86800000000000e+01	1.03639781784807e-03
1.86900000000000e+01	1.03080633536649e-03
1.87000000000000e+01	1.02523023293198e-03
1.87100000000000e+01	1.01968395016700e-03
1.87200000000000e+01	1.01415230594631e-03
1.87300000000000e+01	1.00862359575167e-03
1.87400000000000e+01	1.00313967839669e-03
1.87500000000000e+01	9.97657948576156e-04
1.87600000000000e+01	9.92189553515431e-04
1.87700000000000e+01	9.86749299873379e-04
1.87800000000000e+01	9.81320447329668e-04
1.87900000000000e+01	9.75914132584841e-04
1.88000000000000e+01	9.70502483763666e-04
1.88100000000000e+01	9.65111121935473e-04
1.88200000000000e+01	9.59721916731445e-04
1.88300000000000e+01	9.54334818948739e-04
1.88400000000000e+01	9.48946306942219e-04
1.88500000000000e+01	9.43570941608029e-04
1.88600000000000e+01	9.38191598601743e-04
1.88700000000000e+01	9.32804787363214e-04
1.88800000000000e+01	9.27413052926026e-04
1.88900000000000e+01	9.22028701718117e-04
1.89000000000000e+01	9.16623207071203e-04
1.89100000000000e+01	9.11224391267500e-04
1.89200000000000e+01	9.05836639770278e-04
1.89300000000000e+01	9.00434502275646e-04
1.89400000000000e+01	8.95049813042156e-04
1.89500000000000e+01	8.89660921891918e-04
1.89600000000000e+01	8.84313667947969e-04
1.89700000000000e+01	8.78972382226222e-04
1.89800000000000e+01	8.73658588742122e-04
1.89900000000000e+01	8.68393159918580e-04
1.90000000000000e+01	8.63164088704977e-04
1.90100000000000e+01	8.57976955055566e-04
1.90200000000000e+01	8.52845293401794e-04
1.90300000000000e+01	8.47740838321689e-04
1.90400000000000e+01	8.42687434945795e-04
1.90500000000000e+01	8.37664705869132e-04
1.90600000000000e+01	8.32666234953330e-04
1.90700000000000e+01	8.27696143964806e-04
1.90800000000000e+01	8.22737998629461e-04
1.90900000000000e+01	8.17784066460400e-04
1.91000000000000e+01	8.12834906209384e-04
1.91100000000000e+01	8.07895795643118e-04
1.91200000000000e+01	8.02986226878743e-04
1.91300000000000e+01	7.98098464430999e-04
1.91400000000000e+01	7.93274168882095e-04
1.91500000000000e+01	7.88534031700898e-04
1.91600000000000e+01	7.83879126925630e-04
1.91700000000000e+01	7.79352271673331e-04
1.91800000000000e+01	7.74945997870901e-04
1.91900000000000e+01	7.70700758268362e-04
1.92000000000000e+01	7.66620475176751e-04
1.92100000000000e+01	7.62678518525903e-04
1.92200000000000e+01	7.58894732780685e-04
1.92300000000000e+01	7.55241001223263e-04
1.92400000000000e+01	7.51701729924520e-04
1.92500000000000e+01	7.48252737801569e-04
1.92600000000000e+01	7.44886965248685e-04
1.92700000000000e+01	7.41558104336379e-04
1.92800000000000e+01	7.38270922818712e-04
1.92900000000000e+01	7.34995800922400e-04
1.93000000000000e+01	7.31731823158486e-04
1.93100000000000e+01	7.28445807667841e-04
1.93200000000000e+01	7.25154526203496e-04
1.93300000000000e+01	7.21843566377059e-04
1.93400000000000e+01	7.18510365415844e-04
1.93500000000000e+01	7.15155986340247e-04
1.93600000000000e+01	7.11790576383902e-04
1.93700000000000e+01	7.08404573986150e-04
1.93800000000000e+01	7.05002035942266e-04
1.93900000000000e+01	7.01583526870031e-04
1.94000000000000e+01	6.98149454264439e-04
1.94100000000000e+01	6.94715525053117e-04
1.94200000000000e+01	6.91269600049920e-04
1.94300000000000e+01	6.87814313556585e-04
1.94400000000000e+01	6.84349941716077e-04
1.94500000000000e+01	6.80878815811679e-04
1.94600000000000e+01	6.77410980418543e-04
1.94700000000000e+01	6.73939470745247e-04
1.94800000000000e+01	6.70462575646607e-04
1.94900000000000e+01	6.66981213693892e-04
1.95000000000000e+01	6.63498176783061e-04
1.95100000000000e+01	6.60023085335487e-04
1.95200000000000e+01	6.56537799952155e-04
1.95300000000000e+01	6.53061500170998e-04
1.95400000000000e+01	6.49595197678520e-04
1.95500000000000e+01	6.46120477302026e-04
1.95600000000000e+01	6.42650897934940e-04
1.95700000000000e+01	6.39194168845437e-04
1.95800000000000e+01	6.35747800326747e-04
1.95900000000000e+01	6.32308325908157e-04
1.96000000000000e+01	6.28890341402646e-04
1.96100000000000e+01	6.25477204234574e-04
1.96200000000000e+01	6.22089175117999e-04
1.96300000000000e+01	6.18719822603549e-04
1.96400000000000e+01	6.15367079846294e-04
1.96500000000000e+01	6.12034850460478e-04
1.96600000000000e+01	6.08731184338486e-04
1.96700000000000e+01	6.05437418794042e-04
1.96800000000000e+01	6.02172639890951e-04
1.96900000000000e+01	5.98925415686257e-04
1.97000000000000e+01	5.95689109539704e-04
1.97100000000000e+01	5.92468419410709e-04
1.97200000000000e+01	5.89248286309534e-04
1.97300000000000e+01	5.86029113940161e-04
1.97400000000000e+01	5.82788866813595e-04
1.97500000000000e+01	5.79492264109033e-04
1.97600000000000e+01	5.76102864952675e-04
1.97700000000000e+01	5.72544840159827e-04
1.97800000000000e+01	5.68713271866854e-04
1.97900000000000e+01	5.64455720906215e-04
1.98000000000000e+01	5.59523295526669e-04
1.98100000000000e+01	5.53606281983903e-04
1.98200000000000e+01	5.46270865817873e-04
1.98300000000000e+01	5.36964475442765e-04
1.98400000000000e+01	5.25001257618952e-04
1.98500000000000e+01	5.09586128497688e-04
1.98600000000000e+01	4.89844038717481e-04
1.98700000000000e+01	4.64878258973740e-04
1.98800000000000e+01	4.33877234518876e-04
1.98900000000000e+01	3.96221720422238e-04
1.99000000000000e+01	3.51660139881194e-04
1.99100000000000e+01	3.00506746758727e-04
1.99200000000000e+01	2.43859661484541e-04
1.99300000000000e+01	1.83858071905987e-04
1.99400000000000e+01	1.23939673288203e-04
1.99500000000000e+01	6.90669846043931e-05
1.99600000000000e+01	2.58103563480725e-05
1.99700000000000e+01	2.10933769036773e-06
1.99800000000000e+01	6.37797882660272e-06
1.99900000000000e+01	4.55114168207323e-05
2.00000000000000e+01	1.21366902338135e-04
