1.00000000000000e-02	9.97172467786730e+16
2.00000000000000e-02	6.23296736163034e+15
3.00000000000000e-02	1.23140679450075e+15
4.00000000000000e-02	3.89713830430252e+14
5.00000000000000e-02	1.59675921107229e+14
6.00000000000000e-02	7.70327152763365e+13
7.00000000000000e-02	4.15983736550814e+13
8.00000000000000e-02	2.43966972063740e+13
9.00000000000000e-02	1.52392050385079e+13
1.00000000000000e-01	1.00049721647885e+13
1.10000000000000e-01	6.83830094915305e+12
1.20000000000000e-01	4.83204149407321e+12
1.30000000000000e-01	3.51117233751214e+12
1.40000000000000e-01	2.61283143691007e+12
1.50000000000000e-01	1.98463490869279e+12
1.60000000000000e-01	1.53469031553022e+12
1.70000000000000e-01	1.20555874548833e+12
1.80000000000000e-01	9.60303864115218e+11
1.90000000000000e-01	7.74517427012907e+11
2.00000000000000e-01	6.31690923842102e+11
2.10000000000000e-01	5.20415875732558e+11
2.20000000000000e-01	4.32689945642271e+11
2.30000000000000e-01	3.62761841498836e+11
2.40000000000000e-01	3.06470212237467e+11
2.50000000000000e-01	2.60736030632502e+11
2.60000000000000e-01	2.23269997897683e+11
2.70000000000000e-01	1.92333826907802e+11
2.80000000000000e-01	1.66614098776187e+11
2.90000000000000e-01	1.45077653652386e+11
3.00000000000000e-01	1.26939072840683e+11
3.10000000000000e-01	1.11572405824043e+11
3.20000000000000e-01	9.84810956311185e+10
3.30000000000000e-01	8.72740174830711e+10
3.40000000000000e-01	7.76312349836714e+10
3.50000000000000e-01	6.93007182849922e+10
3.60000000000000e-01	6.20698819645695e+10
3.70000000000000e-01	5.57698309645222e+10
3.80000000000000e-01	5.02605966854301e+10
3.90000000000000e-01	4.54244243190328e+10
4.00000000000000e-01	4.11648413314538e+10
4.10000000000000e-01	3.74011312774683e+10
4.20000000000000e-01	3.40651249617906e+10
4.30000000000000e-01	3.11000938848749e+10
4.40000000000000e-01	2.84568884652318e+10
4.50000000000000e-01	2.60940779782614e+10
4.60000000000000e-01	2.39769914406867e+10
4.70000000000000e-01	2.20752452947400e+10
4.80000000000000e-01	2.03631742996967e+10
4.90000000000000e-01	1.88177813579500e+10
5.00000000000000e-01	1.74204702401435e+10
5.10000000000000e-01	1.61537607777714e+10
5.20000000000000e-01	1.50041178616236e+10
5.30000000000000e-01	1.39577445344557e+10
5.40000000000000e-01	1.30042507702837e+10
5.50000000000000e-01	1.21337753502722e+10
5.60000000000000e-01	1.13373544785573e+10
5.70000000000000e-01	1.06078760716479e+10
5.80000000000000e-01	9.93864988966887e+09
5.90000000000000e-01	9.32346863508124e+09
6.00000000000000e-01	8.75733270564235e+09
6.10000000000000e-01	8.23553322730558e+09
6.20000000000000e-01	7.75393022334114e+09
6.30000000000000e-01	7.30885654957524e+09
6.40000000000000e-01	6.89719776489287e+09
6.50000000000000e-01	6.51563536373134e+09
6.60000000000000e-01	6.16162158634195e+09
6.70000000000000e-01	5.83285319496576e+09
6.80000000000000e-01	5.52716416281175e+09
6.90000000000000e-01	5.24273595076378e+09
7.00000000000000e-01	4.97766922295491e+09
7.10000000000000e-01	4.73036404173876e+09
7.20000000000000e-01	4.49944615991057e+09
7.30000000000000e-01	4.28370135757708e+09
7.40000000000000e-01	4.08183824724487e+09
7.50000000000000e-01	3.89282138722759e+09
7.60000000000000e-01	3.71566000599773e+09
7.70000000000000e-01	3.54952128283932e+09
7.80000000000000e-01	3.39352275718861e+09
7.90000000000000e-01	3.24700534764548e+09
8.00000000000000e-01	3.10917978942284e+09
8.10000000000000e-01	2.97948971073948e+09
8.20000000000000e-01	2.85742792120753e+09
8.30000000000000e-01	2.74234832966765e+09
8.40000000000000e-01	2.63390901118053e+09
8.50000000000000e-01	2.53151456463588e+09
8.60000000000000e-01	2.43489342932350e+09
8.70000000000000e-01	2.34357466263973e+09
8.80000000000000e-01	2.25723666292014e+09
8.90000000000000e-01	2.17562385038368e+09
9.00000000000000e-01	2.09836853160552e+09
9.10000000000000e-01	2.02519778208072e+09
9.20000000000000e-01	1.95591324393238e+09
9.30000000000000e-01	1.89027747693797e+09
9.40000000000000e-01	1.82806127166427e+09
9.50000000000000e-01	1.76901274291390e+09
9.60000000000000e-01	1.71302230356996e+09
9.70000000000000e-01	1.65988492588297e+09
9.80000000000000e-01	1.60944658711885e+09
9.90000000000000e-01	1.56156243765012e+09
1.00000000000000e+00	1.51613594410227e+09
1.01000000000000e+00	1.47296970213853e+09
1.02000000000000e+00	1.43196929532360e+09
1.03000000000000e+00	1.39308466800367e+09
1.04000000000000e+00	1.35612887819397e+09
1.05000000000000e+00	1.32104790207457e+09
1.06000000000000e+00	1.28772536052292e+09
1.07000000000000e+00	1.25610911067271e+09
1.08000000000000e+00	1.22604094834029e+09
1.09000000000000e+00	1.19744933390461e+09
1.10000000000000e+00	1.17023400865242e+09
1.11000000000000e+00	1.14428822027716e+09
1.12000000000000e+00	1.11949872732338e+09
1.13000000000000e+00	1.09578628211641e+09
1.14000000000000e+00	1.07302524698158e+09
1.15000000000000e+00	1.05112623076214e+09
1.16000000000000e+00	1.02998667522871e+09
1.17000000000000e+00	1.00955598876143e+09
1.18000000000000e+00	9.89766486296802e+08
1.19000000000000e+00	9.70569849406079e+08
1.20000000000000e+00	9.51973856247702e+08
1.21000000000000e+00	9.33955038704365e+08
1.22000000000000e+00	9.16557597023282e+08
1.23000000000000e+00	8.99861177659865e+08
1.24000000000000e+00	8.83918474740997e+08
1.25000000000000e+00	8.68878590220912e+08
1.26000000000000e+00	8.54856298073564e+08
1.27000000000000e+00	8.42061910021382e+08
1.28000000000000e+00	8.30668040348850e+08
1.29000000000000e+00	8.20929818332798e+08
1.30000000000000e+00	8.13087714922496e+08
1.31000000000000e+00	8.07420343850198e+08
1.32000000000000e+00	8.04184301674076e+08
1.33000000000000e+00	8.03646072348537e+08
1.34000000000000e+00	8.06026896130650e+08
1.35000000000000e+00	8.11528319904475e+08
1.36000000000000e+00	8.20281641144402e+08
1.37000000000000e+00	8.32357438231452e+08
1.38000000000000e+00	8.47753731591983e+08
1.39000000000000e+00	8.66393501368757e+08
1.40000000000000e+00	8.88153393875690e+08
1.41000000000000e+00	9.12818332556503e+08
1.42000000000000e+00	9.40157632173688e+08
1.43000000000000e+00	9.69919732631847e+08
1.44000000000000e+00	1.00182536400854e+09
1.45000000000000e+00	1.03559692103545e+09
1.46000000000000e+00	1.07097360542508e+09
1.47000000000000e+00	1.10763616879938e+09
1.48000000000000e+00	1.14532421406761e+09
1.49000000000000e+00	1.18366838157315e+09
1.50000000000000e+00	1.22226898877590e+09
1.51000000000000e+00	1.26060704028545e+09
1.52000000000000e+00	1.29803683369966e+09
1.53000000000000e+00	1.33380423398986e+09
1.54000000000000e+00	1.36694620815593e+09
1.55000000000000e+00	1.39637881175307e+09
1.56000000000000e+00	1.42096440954582e+09
1.57000000000000e+00	1.43946051067684e+09
1.58000000000000e+00	1.45063789279350e+09
1.59000000000000e+00	1.45335117068753e+09
1.60000000000000e+00	1.44660216970009e+09
1.61000000000000e+00	1.42967643709046e+09
1.62000000000000e+00	1.40209663720007e+09
1.63000000000000e+00	1.36381954718456e+09
1.64000000000000e+00	1.31521052305536e+09
1.65000000000000e+00	1.25722688551940e+09
1.66000000000000e+00	1.19127201664089e+09
1.67000000000000e+00	1.11931413873848e+09
1.68000000000000e+00	1.04356699183358e+09
1.69000000000000e+00	9.66395932600449e+08
1.70000000000000e+00	8.89997382913027e+08
1.71000000000000e+00	8.16348921070799e+08
1.72000000000000e+00	7.47088486195984e+08
1.73000000000000e+00	6.83575310598931e+08
1.74000000000000e+00	6.26851493721731e+08
1.75000000000000e+00	5.77524744179170e+08
1.76000000000000e+00	5.35739339298229e+08
1.77000000000000e+00	5.01128450546157e+08
1.78000000000000e+00	4.72881576047121e+08
1.79000000000000e+00	4.49812208106271e+08
1.80000000000000e+00	4.30473120405658e+08
1.81000000000000e+00	4.13361126753696e+08
1.82000000000000e+00	3.97141221134817e+08
1.83000000000000e+00	3.80860148737888e+08
1.84000000000000e+00	3.64061375383552e+08
1.85000000000000e+00	3.46792281779731e+08
1.86000000000000e+00	3.29383207046387e+08
1.87000000000000e+00	3.12332696789041e+08
1.88000000000000e+00	2.96143461915101e+08
1.89000000000000e+00	2.81270664777329e+08
1.90000000000000e+00	2.68101683852548e+08
1.91000000000000e+00	2.56920855479348e+08
1.92000000000000e+00	2.47932243335154e+08
1.93000000000000e+00	2.41226029469867e+08
1.94000000000000e+00	2.36787746535351e+08
1.95000000000000e+00	2.34507118711697e+08
1.96000000000000e+00	2.34181619826309e+08
1.97000000000000e+00	2.35540816844519e+08
1.98000000000000e+00	2.38264748992836e+08
1.99000000000000e+00	2.42010855203297e+08
2.00000000000000e+00	2.46428164186953e+08
2.01000000000000e+00	2.51180290137815e+08
2.02000000000000e+00	2.55955046573300e+08
2.03000000000000e+00	2.60473425229078e+08
2.04000000000000e+00	2.64481169539245e+08
2.05000000000000e+00	2.67753230623501e+08
2.06000000000000e+00	2.70073979912873e+08
2.07000000000000e+00	2.71221255349764e+08
2.08000000000000e+00	2.70958166963689e+08
2.09000000000000e+00	2.69014349964435e+08
2.10000000000000e+00	2.65106624565186e+08
2.11000000000000e+00	2.58985699387747e+08
2.12000000000000e+00	2.50489471759463e+08
2.13000000000000e+00	2.39638932692333e+08
2.14000000000000e+00	2.26680433271973e+08
2.15000000000000e+00	2.12066702172509e+08
2.16000000000000e+00	1.96391214441272e+08
2.17000000000000e+00	1.80248945755096e+08
2.18000000000000e+00	1.64153625051849e+08
2.19000000000000e+00	1.48460559775471e+08
2.20000000000000e+00	1.33389277316856e+08
2.21000000000000e+00	1.19052700460296e+08
2.22000000000000e+00	1.05519152007053e+08
2.23000000000000e+00	9.28665111287380e+07
2.24000000000000e+00	8.11953321372887e+07
2.25000000000000e+00	7.06320061758571e+07
2.26000000000000e+00	6.12840481778973e+07
2.27000000000000e+00	5.32083601482552e+07
2.28000000000000e+00	4.63923687425939e+07
2.29000000000000e+00	4.07583702227745e+07
2.30000000000000e+00	3.61810118725417e+07
2.31000000000000e+00	3.25127833974283e+07
2.32000000000000e+00	2.96045581304016e+07
2.33000000000000e+00	2.73191326807090e+07
2.34000000000000e+00	2.55387308023348e+07
2.35000000000000e+00	2.41704671753298e+07
2.36000000000000e+00	2.31417855879231e+07
2.37000000000000e+00	2.23975129234323e+07
2.38000000000000e+00	2.18942489538976e+07
2.39000000000000e+00	2.15931547978439e+07
2.40000000000000e+00	2.14583620485102e+07
2.41000000000000e+00	2.14566123120121e+07
2.42000000000000e+00	2.15615713855868e+07
2.43000000000000e+00	2.17562002259933e+07
2.44000000000000e+00	2.20329627358508e+07
2.45000000000000e+00	2.23956400751768e+07
2.46000000000000e+00	2.28529351955499e+07
2.47000000000000e+00	2.34191429218650e+07
2.48000000000000e+00	2.41075809853872e+07
2.49000000000000e+00	2.49316121291984e+07
2.50000000000000e+00	2.59000462121552e+07
2.51000000000000e+00	2.70169562989360e+07
2.52000000000000e+00	2.82793360726451e+07
2.53000000000000e+00	2.96765439571705e+07
2.54000000000000e+00	3.11899947210047e+07
2.55000000000000e+00	3.27944698353544e+07
2.56000000000000e+00	3.44585856799187e+07
2.57000000000000e+00	3.61448571968337e+07
2.58000000000000e+00	3.78087297861629e+07
2.59000000000000e+00	3.93987403681400e+07
2.60000000000000e+00	4.08488685104434e+07
2.61000000000000e+00	4.20818309594377e+07
2.62000000000000e+00	4.30068215991783e+07
2.63000000000000e+00	4.35342683911935e+07
2.64000000000000e+00	4.36034171681216e+07
2.65000000000000e+00	4.32100900255715e+07
2.66000000000000e+00	4.24262698341280e+07
2.67000000000000e+00	4.13831360570432e+07
2.68000000000000e+00	4.02334703625092e+07
2.69000000000000e+00	3.91061453716331e+07
2.70000000000000e+00	3.80792017974139e+07
2.71000000000000e+00	3.71749696046069e+07
2.72000000000000e+00	3.63675337584959e+07
2.73000000000000e+00	3.56024872270547e+07
2.74000000000000e+00	3.48133741171342e+07
2.75000000000000e+00	3.39394049023765e+07
2.76000000000000e+00	3.29356750965329e+07
2.77000000000000e+00	3.17796667889428e+07
2.78000000000000e+00	3.04675469583160e+07
2.79000000000000e+00	2.90120235158263e+07
2.80000000000000e+00	2.74341946251843e+07
2.81000000000000e+00	2.57599499782565e+07
2.82000000000000e+00	2.40177212671662e+07
2.83000000000000e+00	2.22353391621121e+07
2.84000000000000e+00	2.04399475378784e+07
2.85000000000000e+00	1.86568861709302e+07
2.86000000000000e+00	1.69089581981152e+07
2.87000000000000e+00	1.52166073681944e+07
2.88000000000000e+00	1.35964259692476e+07
2.89000000000000e+00	1.20613645473234e+07
2.90000000000000e+00	1.06206241100003e+07
2.91000000000000e+00	9.28020633792533e+06
2.92000000000000e+00	8.04376810399707e+06
2.93000000000000e+00	6.91449676183339e+06
2.94000000000000e+00	5.89605305631192e+06
2.95000000000000e+00	4.99262618953711e+06
2.96000000000000e+00	4.20927239308617e+06
2.97000000000000e+00	3.54994321849026e+06
2.98000000000000e+00	3.01660960807858e+06
2.99000000000000e+00	2.60709703805554e+06
3.00000000000000e+00	2.31497829087861e+06
3.01000000000000e+00	2.12930477115587e+06
3.02000000000000e+00	2.03558006719146e+06
3.03000000000000e+00	2.01698402143070e+06
3.04000000000000e+00	2.05559499165718e+06
3.05000000000000e+00	2.13385362251954e+06
3.06000000000000e+00	2.23552525268525e+06
3.07000000000000e+00	2.34698856297466e+06
3.08000000000000e+00	2.45771715434017e+06
3.09000000000000e+00	2.56057438592606e+06
3.10000000000000e+00	2.65160372835404e+06
3.11000000000000e+00	2.72967978653305e+06
3.12000000000000e+00	2.79567572228697e+06
3.13000000000000e+00	2.85158248861576e+06
3.14000000000000e+00	2.89956306177759e+06
3.15000000000000e+00	2.94142110054219e+06
3.16000000000000e+00	2.97816336312775e+06
3.17000000000000e+00	3.00971621793366e+06
3.18000000000000e+00	3.03529005584647e+06
3.19000000000000e+00	3.05374297948664e+06
3.20000000000000e+00	3.06357597025703e+06
3.21000000000000e+00	3.06337712100529e+06
3.22000000000000e+00	3.05155270204021e+06
3.23000000000000e+00	3.02637295838266e+06
3.24000000000000e+00	2.98585929536582e+06
3.25000000000000e+00	2.92817894375122e+06
3.26000000000000e+00	2.85206018181957e+06
3.27000000000000e+00	2.75708230544137e+06
3.28000000000000e+00	2.64414509579498e+06
3.29000000000000e+00	2.51560971921077e+06
3.30000000000000e+00	2.37514704256688e+06
3.31000000000000e+00	2.22764541713398e+06
3.32000000000000e+00	2.07884553449981e+06
3.33000000000000e+00	1.93485877649769e+06
3.34000000000000e+00	1.80182765311521e+06
3.35000000000000e+00	1.68574028202582e+06
3.36000000000000e+00	1.59214210802367e+06
3.37000000000000e+00	1.52619712771103e+06
3.38000000000000e+00	1.49273316900800e+06
3.39000000000000e+00	1.49609142977392e+06
3.40000000000000e+00	1.54009011671159e+06
3.41000000000000e+00	1.62760214561582e+06
3.42000000000000e+00	1.76031865325980e+06
3.43000000000000e+00	1.93841233636213e+06
3.44000000000000e+00	2.16012753713547e+06
3.45000000000000e+00	2.42176556030292e+06
3.46000000000000e+00	2.71763081623372e+06
3.47000000000000e+00	3.04046723112705e+06
3.48000000000000e+00	3.38181465509238e+06
3.49000000000000e+00	3.73297628409929e+06
3.50000000000000e+00	4.08559090673788e+06
3.51000000000000e+00	4.43263218890492e+06
3.52000000000000e+00	4.76895693645848e+06
3.53000000000000e+00	5.09140352425451e+06
3.54000000000000e+00	5.39900546554322e+06
3.55000000000000e+00	5.69224698230473e+06
3.56000000000000e+00	5.97274665924785e+06
3.57000000000000e+00	6.24295304559870e+06
3.58000000000000e+00	6.50585003207314e+06
3.59000000000000e+00	6.76539360846349e+06
3.60000000000000e+00	7.02664654404327e+06
3.61000000000000e+00	7.29629220918832e+06
3.62000000000000e+00	7.58292870224894e+06
3.63000000000000e+00	7.89759057566033e+06
3.64000000000000e+00	8.25414742029741e+06
3.65000000000000e+00	8.66936105790575e+06
3.66000000000000e+00	9.16342068785156e+06
3.67000000000000e+00	9.75985629636602e+06
3.68000000000000e+00	1.04855224447712e+07
3.69000000000000e+00	1.13697277807636e+07
3.70000000000000e+00	1.24430067499591e+07
3.71000000000000e+00	1.37353187830447e+07
3.72000000000000e+00	1.52737156670463e+07
3.73000000000000e+00	1.70795147423238e+07
3.74000000000000e+00	1.91662538000395e+07
3.75000000000000e+00	2.15381861669486e+07
3.76000000000000e+00	2.41890473160468e+07
3.77000000000000e+00	2.71007564876377e+07
3.78000000000000e+00	3.02424172349256e+07
3.79000000000000e+00	3.35657361737109e+07
3.80000000000000e+00	3.69994274870042e+07
3.81000000000000e+00	4.04426319615344e+07
3.82000000000000e+00	4.37592992663684e+07
3.83000000000000e+00	4.67779090344456e+07
3.84000000000000e+00	4.92992638039859e+07
3.85000000000000e+00	5.11166097631520e+07
3.86000000000000e+00	5.20440074892504e+07
3.87000000000000e+00	5.19479406841769e+07
3.88000000000000e+00	5.07764654636216e+07
3.89000000000000e+00	4.85751190343494e+07
3.90000000000000e+00	4.54824860436438e+07
3.91000000000000e+00	4.17084165676937e+07
3.92000000000000e+00	3.75007906195616e+07
3.93000000000000e+00	3.31081439054534e+07
3.94000000000000e+00	2.87492031558544e+07
3.95000000000000e+00	2.45937954781640e+07
3.96000000000000e+00	2.07574058609079e+07
3.97000000000000e+00	1.73057851407400e+07
3.98000000000000e+00	1.42649361303312e+07
3.99000000000000e+00	1.16329218873559e+07
4.00000000000000e+00	9.38984039712852e+06
4.01000000000000e+00	7.50558051025921e+06
4.02000000000000e+00	5.94445810131908e+06
4.03000000000000e+00	4.66871529443741e+06
4.04000000000000e+00	3.64068413308381e+06
4.05000000000000e+00	2.82425555079812e+06
4.06000000000000e+00	2.18555891182934e+06
4.07000000000000e+00	1.69333663438887e+06
4.08000000000000e+00	1.31935504863368e+06
4.09000000000000e+00	1.03842710657913e+06
4.10000000000000e+00	8.28713850579247e+05
4.11000000000000e+00	6.71745405861276e+05
4.12000000000000e+00	5.52506199480931e+05
4.13000000000000e+00	4.59348249447917e+05
4.14000000000000e+00	3.83720105714714e+05
4.15000000000000e+00	3.19775556685162e+05
4.16000000000000e+00	2.63887868344260e+05
4.17000000000000e+00	2.14123478410407e+05
4.18000000000000e+00	1.69741111969085e+05
4.19000000000000e+00	1.30748396491943e+05
4.20000000000000e+00	9.75787745284004e+04
4.21000000000000e+00	7.08194690848060e+04
4.22000000000000e+00	5.10378790389030e+04
4.23000000000000e+00	3.86669490181288e+04
4.24000000000000e+00	3.39452817069158e+04
4.25000000000000e+00	3.68876803285678e+04
4.26000000000000e+00	4.72858540668762e+04
4.27000000000000e+00	6.47337820203170e+04
4.28000000000000e+00	8.86696969368608e+04
4.29000000000000e+00	1.18420268294928e+05
4.30000000000000e+00	1.53232184129848e+05
4.31000000000000e+00	1.92276547081577e+05
4.32000000000000e+00	2.34622609276666e+05
4.33000000000000e+00	2.79183976656240e+05
4.34000000000000e+00	3.24657382711729e+05
4.35000000000000e+00	3.69514746291962e+05
4.36000000000000e+00	4.11998946728559e+05
4.37000000000000e+00	4.50256116528323e+05
4.38000000000000e+00	4.82466392281418e+05
4.39000000000000e+00	5.07059501597961e+05
4.40000000000000e+00	5.22907498911055e+05
4.41000000000000e+00	5.29457121496217e+05
4.42000000000000e+00	5.26814180264877e+05
4.43000000000000e+00	5.15665112606087e+05
4.44000000000000e+00	4.97210107931764e+05
4.45000000000000e+00	4.72943946717607e+05
4.46000000000000e+00	4.44462086245021e+05
4.47000000000000e+00	4.13299435653612e+05
4.48000000000000e+00	3.80790790410087e+05
4.49000000000000e+00	3.48005823505612e+05
4.50000000000000e+00	3.15756152165861e+05
4.51000000000000e+00	2.84603708416504e+05
4.52000000000000e+00	2.54940211356839e+05
4.53000000000000e+00	2.27021885134567e+05
4.54000000000000e+00	2.01004045684945e+05
4.55000000000000e+00	1.77001824852715e+05
4.56000000000000e+00	1.55073013582160e+05
4.57000000000000e+00	1.35256416892262e+05
4.58000000000000e+00	1.17566397519865e+05
4.59000000000000e+00	1.02006121405355e+05
4.60000000000000e+00	8.85724975841167e+04
4.61000000000000e+00	7.72659064272817e+04
4.62000000000000e+00	6.81004622161037e+04
4.63000000000000e+00	6.11197927332985e+04
4.64000000000000e+00	5.64096588020443e+04
4.65000000000000e+00	5.41144518196779e+04
4.66000000000000e+00	5.44552756873595e+04
4.67000000000000e+00	5.77456842150387e+04
4.68000000000000e+00	6.44106602296013e+04
4.69000000000000e+00	7.49966336531795e+04
4.70000000000000e+00	9.01787836452275e+04
4.71000000000000e+00	1.10740866120062e+05
4.72000000000000e+00	1.37524148377820e+05
4.73000000000000e+00	1.71324580352691e+05
4.74000000000000e+00	2.12742471747676e+05
4.75000000000000e+00	2.61978010845312e+05
4.76000000000000e+00	3.18632518330438e+05
4.77000000000000e+00	3.81556235742389e+05
4.78000000000000e+00	4.48792082258751e+05
4.79000000000000e+00	5.17716707512423e+05
4.80000000000000e+00	5.85322667916198e+05
4.81000000000000e+00	6.48597057039525e+05
4.82000000000000e+00	7.04964376014198e+05
4.83000000000000e+00	7.52569590383999e+05
4.84000000000000e+00	7.90443779780637e+05
4.85000000000000e+00	8.18405235121959e+05
4.86000000000000e+00	8.36834912760054e+05
4.87000000000000e+00	8.46333883937428e+05
4.88000000000000e+00	8.47489934730368e+05
4.89000000000000e+00	8.40763151249192e+05
4.90000000000000e+00	8.26541249691779e+05
4.91000000000000e+00	8.05302850958111e+05
4.92000000000000e+00	7.77775115457302e+05
4.93000000000000e+00	7.45052136613780e+05
4.94000000000000e+00	7.08591499815078e+05
4.95000000000000e+00	6.70087169900424e+05
4.96000000000000e+00	6.31213618569764e+05
4.97000000000000e+00	5.93463466194288e+05
4.98000000000000e+00	5.57895065224253e+05
4.99000000000000e+00	5.25060936562118e+05
5.00000000000000e+00	4.94986876174548e+05
5.01000000000000e+00	4.67219487903164e+05
5.02000000000000e+00	4.40980118049822e+05
5.03000000000000e+00	4.15302640262725e+05
5.04000000000000e+00	3.89226166510997e+05
5.05000000000000e+00	3.61944349947405e+05
5.06000000000000e+00	3.32947505428006e+05
5.07000000000000e+00	3.02092137376883e+05
5.08000000000000e+00	2.69628626818237e+05
5.09000000000000e+00	2.36149407812436e+05
5.10000000000000e+00	2.02490487984947e+05
5.11000000000000e+00	1.69617138479517e+05
5.12000000000000e+00	1.38465634300981e+05
5.13000000000000e+00	1.09863642815378e+05
5.14000000000000e+00	8.44359905934849e+04
5.15000000000000e+00	6.25674527713590e+04
5.16000000000000e+00	4.44215061197913e+04
5.17000000000000e+00	2.99670360944110e+04
5.18000000000000e+00	1.90258018822371e+04
5.19000000000000e+00	1.13223035048671e+04
5.20000000000000e+00	6.52729255522353e+03
5.21000000000000e+00	4.29031382609718e+03
5.22000000000000e+00	4.26358767986459e+03
5.23000000000000e+00	6.11650358340432e+03
5.24000000000000e+00	9.54291861176742e+03
5.25000000000000e+00	1.42623498634537e+04
5.26000000000000e+00	2.00189787294964e+04
5.27000000000000e+00	2.65764257509911e+04
5.28000000000000e+00	3.37157769413093e+04
5.29000000000000e+00	4.12298849589822e+04
5.30000000000000e+00	4.89260007331606e+04
5.31000000000000e+00	5.66243810695076e+04
5.32000000000000e+00	6.41601523515857e+04
5.33000000000000e+00	7.13893698733144e+04
5.34000000000000e+00	7.81827508058750e+04
5.35000000000000e+00	8.44310698501194e+04
5.36000000000000e+00	9.00363944494179e+04
5.37000000000000e+00	9.49149416579318e+04
5.38000000000000e+00	9.89854593323535e+04
5.39000000000000e+00	1.02173644122952e+05
5.40000000000000e+00	1.04407313711670e+05
5.41000000000000e+00	1.05619285185190e+05
5.42000000000000e+00	1.05752236096896e+05
5.43000000000000e+00	1.04767265994492e+05
5.44000000000000e+00	1.02652222536473e+05
5.45000000000000e+00	9.94288485895921e+04
5.46000000000000e+00	9.51652558677290e+04
5.47000000000000e+00	8.99698496296119e+04
5.48000000000000e+00	8.39922275544419e+04
5.49000000000000e+00	7.74133709682162e+04
5.50000000000000e+00	7.04292502810858e+04
5.51000000000000e+00	6.32416599162031e+04
5.52000000000000e+00	5.60403642786513e+04
5.53000000000000e+00	4.89940047136791e+04
5.54000000000000e+00	4.22420359496464e+04
5.55000000000000e+00	3.58923811624807e+04
5.56000000000000e+00	3.00213929764009e+04
5.57000000000000e+00	2.46791490423684e+04
5.58000000000000e+00	1.98937543703807e+04
5.59000000000000e+00	1.56768840873684e+04
5.60000000000000e+00	1.20266821655086e+04
5.61000000000000e+00	8.93264279568652e+03
5.62000000000000e+00	6.37487009806482e+03
5.63000000000000e+00	4.32636313246377e+03
5.64000000000000e+00	2.75245089237981e+03
5.65000000000000e+00	1.61151855391934e+03
5.66000000000000e+00	8.55249287927955e+02
5.67000000000000e+00	4.29651441546344e+02
5.68000000000000e+00	2.76356322479527e+02
5.69000000000000e+00	3.34602250005177e+02
5.70000000000000e+00	5.43626861940733e+02
5.71000000000000e+00	8.45286645233846e+02
5.72000000000000e+00	1.18669341540736e+03
5.73000000000000e+00	1.52255422598647e+03
5.74000000000000e+00	1.81676031451724e+03
5.75000000000000e+00	2.04339147495088e+03
5.76000000000000e+00	2.18699023454189e+03
5.77000000000000e+00	2.24237075958541e+03
5.78000000000000e+00	2.21415129399967e+03
5.79000000000000e+00	2.11656577128643e+03
5.80000000000000e+00	1.97342029807629e+03
5.81000000000000e+00	1.81823420436953e+03
5.82000000000000e+00	1.69457445134862e+03
5.83000000000000e+00	1.65619109224022e+03
5.84000000000000e+00	1.76611540416835e+03
5.85000000000000e+00	2.09465082670042e+03
5.86000000000000e+00	2.71516854070489e+03
5.87000000000000e+00	3.69831588551031e+03
5.88000000000000e+00	5.10459391486208e+03
5.89000000000000e+00	6.97652441743155e+03
5.90000000000000e+00	9.33225810557355e+03
5.91000000000000e+00	1.21604218161820e+04
5.92000000000000e+00	1.54184886599299e+04
5.93000000000000e+00	1.90321611443363e+04
5.94000000000000e+00	2.29008308409008e+04
5.95000000000000e+00	2.68979224685644e+04
5.96000000000000e+00	3.08803536173176e+04
5.97000000000000e+00	3.46940640089797e+04
5.98000000000000e+00	3.81862717872484e+04
5.99000000000000e+00	4.12172054220319e+04
6.00000000000000e+00	4.36781021051193e+04
6.01000000000000e+00	4.55062429891118e+04
6.02000000000000e+00	4.66983244390244e+04
6.03000000000000e+00	4.73121616006234e+04
6.04000000000000e+00	4.74633457444057e+04
6.05000000000000e+00	4.73060296685498e+04
6.06000000000000e+00	4.70093995823294e+04
6.07000000000000e+00	4.67300027931793e+04
6.08000000000000e+00	4.65873981528968e+04
6.09000000000000e+00	4.66499798467243e+04
6.10000000000000e+00	4.69230292989820e+04
6.11000000000000e+00	4.73509166101213e+04
6.12000000000000e+00	4.78275636487051e+04
6.13000000000000e+00	4.82082170994580e+04
6.14000000000000e+00	4.83307295631676e+04
6.15000000000000e+00	4.80372071904226e+04
6.16000000000000e+00	4.71943001463432e+04
6.17000000000000e+00	4.57106748521746e+04
6.18000000000000e+00	4.35529794818014e+04
6.19000000000000e+00	4.07462388910496e+04
6.20000000000000e+00	3.73744325371055e+04
6.21000000000000e+00	3.35656582893963e+04
6.22000000000000e+00	2.94831386216979e+04
6.23000000000000e+00	2.53044034021496e+04
6.24000000000000e+00	2.12098609467899e+04
6.25000000000000e+00	1.73712295920930e+04
6.26000000000000e+00	1.39421215102065e+04
6.27000000000000e+00	1.10510734872172e+04
6.28000000000000e+00	8.79701795230950e+03
6.29000000000000e+00	7.24654302790250e+03
6.30000000000000e+00	6.43148977195893e+03
6.31000000000000e+00	6.34812398748960e+03
6.32000000000000e+00	6.95730248382890e+03
6.33000000000000e+00	8.18647191311803e+03
6.34000000000000e+00	9.93346193891460e+03
6.35000000000000e+00	1.20746146821978e+04
6.36000000000000e+00	1.44759770744801e+04
6.37000000000000e+00	1.70077882702417e+04
6.38000000000000e+00	1.95612852159248e+04
6.39000000000000e+00	2.20624933918037e+04
6.40000000000000e+00	2.44808233810041e+04
6.41000000000000e+00	2.68302254046305e+04
6.42000000000000e+00	2.91598283324918e+04
6.43000000000000e+00	3.15375686087017e+04
6.44000000000000e+00	3.40261569312492e+04
6.45000000000000e+00	3.66620482436838e+04
6.46000000000000e+00	3.94309721095906e+04
6.47000000000000e+00	4.22583434419616e+04
6.48000000000000e+00	4.50025075980709e+04
6.49000000000000e+00	4.74643271466481e+04
6.50000000000000e+00	4.94097362667615e+04
6.51000000000000e+00	5.06036512466278e+04
6.52000000000000e+00	5.08495369395687e+04
6.53000000000000e+00	5.00249783375975e+04
6.54000000000000e+00	4.81070774523379e+04
6.55000000000000e+00	4.51803137829751e+04
6.56000000000000e+00	4.14244886148871e+04
6.57000000000000e+00	3.70817687556769e+04
6.58000000000000e+00	3.24261147333201e+04
6.59000000000000e+00	2.77234901291116e+04
6.60000000000000e+00	2.32066298744837e+04
6.61000000000000e+00	1.90580328402753e+04
6.62000000000000e+00	1.54056606685603e+04
6.63000000000000e+00	1.23253432031007e+04
6.64000000000000e+00	9.84780649535740e+03
6.65000000000000e+00	7.96631848672382e+03
6.66000000000000e+00	6.64438739422910e+03
6.67000000000000e+00	5.82245630016242e+03
6.68000000000000e+00	5.42442051049495e+03
6.69000000000000e+00	5.36328940156426e+03
6.70000000000000e+00	5.54685446696247e+03
6.71000000000000e+00	5.88237440219899e+03
6.72000000000000e+00	6.28017741341930e+03
6.73000000000000e+00	6.65768441564349e+03
6.74000000000000e+00	6.94234842290066e+03
6.75000000000000e+00	7.07497592736324e+03
6.76000000000000e+00	7.01304104273004e+03
6.77000000000000e+00	6.73382194844433e+03
6.78000000000000e+00	6.23625886970954e+03
6.79000000000000e+00	5.54208874683023e+03
6.80000000000000e+00	4.69409475455223e+03
6.81000000000000e+00	3.75254680360150e+03
6.82000000000000e+00	2.78903129593825e+03
6.83000000000000e+00	1.87979170615164e+03
6.84000000000000e+00	1.09894916884042e+03
6.85000000000000e+00	5.13080482613151e+02
6.86000000000000e+00	1.77974066062000e+02
6.87000000000000e+00	1.37279901245653e+02
6.88000000000000e+00	4.22228930499943e+02
6.89000000000000e+00	1.05133191934800e+03
6.90000000000000e+00	2.02920906957532e+03
6.91000000000000e+00	3.34408851405345e+03
6.92000000000000e+00	4.96477100755214e+03
6.93000000000000e+00	6.83793385724994e+03
6.94000000000000e+00	8.88749624493864e+03
6.95000000000000e+00	1.10168841574325e+04
6.96000000000000e+00	1.31155665529766e+04
6.97000000000000e+00	1.50681275930901e+04
6.98000000000000e+00	1.67668651299083e+04
6.99000000000000e+00	1.81239733631350e+04
7.00000000000000e+00	1.90826258525276e+04
7.01000000000000e+00	1.96238214948518e+04
7.02000000000000e+00	1.97685607633388e+04
7.03000000000000e+00	1.95733613088092e+04
7.04000000000000e+00	1.91218946320305e+04
7.05000000000000e+00	1.85130181388724e+04
7.06000000000000e+00	1.78487689695940e+04
7.07000000000000e+00	1.72233932549342e+04
7.08000000000000e+00	1.67143393347589e+04
7.09000000000000e+00	1.63774975108461e+04
7.10000000000000e+00	1.62438579932475e+04
7.11000000000000e+00	1.63191423976593e+04
7.12000000000000e+00	1.65849129883436e+04
7.13000000000000e+00	1.70020511871881e+04
7.14000000000000e+00	1.75157194106049e+04
7.15000000000000e+00	1.80619697078811e+04
7.16000000000000e+00	1.85755155219333e+04
7.17000000000000e+00	1.89965549006649e+04
7.18000000000000e+00	1.92779494165768e+04
7.19000000000000e+00	1.93884393558052e+04
7.20000000000000e+00	1.93150370125026e+04
7.21000000000000e+00	1.90607911264284e+04
7.22000000000000e+00	1.86426677928240e+04
7.23000000000000e+00	1.80870042748969e+04
7.24000000000000e+00	1.74252996884029e+04
7.25000000000000e+00	1.66908184410296e+04
7.26000000000000e+00	1.59155189614597e+04
7.27000000000000e+00	1.51282048379978e+04
7.28000000000000e+00	1.43533950795485e+04
7.29000000000000e+00	1.36106635752450e+04
7.30000000000000e+00	1.29144044510764e+04
7.31000000000000e+00	1.22730134936282e+04
7.32000000000000e+00	1.16896299509374e+04
7.33000000000000e+00	1.11624030854326e+04
7.34000000000000e+00	1.06849624201422e+04
7.35000000000000e+00	1.02471914286394e+04
7.36000000000000e+00	9.83591329969137e+03
7.37000000000000e+00	9.43616972616719e+03
7.38000000000000e+00	9.03189457568728e+03
7.39000000000000e+00	8.60726969712489e+03
7.40000000000000e+00	8.14845704614597e+03
7.41000000000000e+00	7.64543381425417e+03
7.42000000000000e+00	7.09408725212757e+03
7.43000000000000e+00	6.49759941840675e+03
7.44000000000000e+00	5.86670526478233e+03
7.45000000000000e+00	5.21864727333112e+03
7.46000000000000e+00	4.57455289864203e+03
7.47000000000000e+00	3.95631535728113e+03
7.48000000000000e+00	3.38330041900239e+03
7.49000000000000e+00	2.86995739337813e+03
7.50000000000000e+00	2.42475568146099e+03
7.51000000000000e+00	2.05040202578850e+03
7.52000000000000e+00	1.74492011214238e+03
7.53000000000000e+00	1.50299981114511e+03
7.54000000000000e+00	1.31743762764212e+03
7.55000000000000e+00	1.18030138733444e+03
7.56000000000000e+00	1.08376244589442e+03
7.57000000000000e+00	1.02071607640109e+03
7.58000000000000e+00	9.85302197546968e+02
7.59000000000000e+00	9.73167919099732e+02
7.60000000000000e+00	9.81415924163812e+02
7.61000000000000e+00	1.00847163534962e+03
7.62000000000000e+00	1.05350434915593e+03
7.63000000000000e+00	1.11568588341298e+03
7.64000000000000e+00	1.19348071166425e+03
7.65000000000000e+00	1.28383876685348e+03
7.66000000000000e+00	1.38182256329261e+03
7.67000000000000e+00	1.48058978388633e+03
7.68000000000000e+00	1.57197564799972e+03
7.69000000000000e+00	1.64745987232166e+03
7.70000000000000e+00	1.69960669390386e+03
7.71000000000000e+00	1.72338266777790e+03
7.72000000000000e+00	1.71732658469381e+03
7.73000000000000e+00	1.68408725629374e+03
7.74000000000000e+00	1.63055107598326e+03
7.75000000000000e+00	1.56740216580657e+03
7.76000000000000e+00	1.50835385148896e+03
7.77000000000000e+00	1.46902848277326e+03
7.78000000000000e+00	1.46536429256533e+03
7.79000000000000e+00	1.51189490559098e+03
7.80000000000000e+00	1.61954490363659e+03
7.81000000000000e+00	1.79374226107045e+03
7.82000000000000e+00	2.03284437629356e+03
7.83000000000000e+00	2.32776508731277e+03
7.84000000000000e+00	2.66287626673838e+03
7.85000000000000e+00	3.01810015781214e+03
7.86000000000000e+00	3.37166431637693e+03
7.87000000000000e+00	3.70296276896184e+03
7.88000000000000e+00	3.99491840458738e+03
7.89000000000000e+00	4.23512621912185e+03
7.90000000000000e+00	4.41650929069444e+03
7.91000000000000e+00	4.53659609938128e+03
7.92000000000000e+00	4.59684943662353e+03
7.93000000000000e+00	4.60132802610179e+03
7.94000000000000e+00	4.55556724813318e+03
7.95000000000000e+00	4.46562454969358e+03
7.96000000000000e+00	4.33724468071127e+03
7.97000000000000e+00	4.17530508834254e+03
7.98000000000000e+00	3.98356690657627e+03
7.99000000000000e+00	3.76503810681690e+03
8.00000000000000e+00	3.52185255313121e+03
8.01000000000000e+00	3.25619844924001e+03
8.02000000000000e+00	2.97065750919405e+03
8.03000000000000e+00	2.66890366870561e+03
8.04000000000000e+00	2.35600031672555e+03
8.05000000000000e+00	2.03884795378694e+03
8.06000000000000e+00	1.72591817495104e+03
8.07000000000000e+00	1.42700225688692e+03
8.08000000000000e+00	1.15239721069797e+03
8.09000000000000e+00	9.11980357593979e+02
8.10000000000000e+00	7.14204533861446e+02
8.11000000000000e+00	5.65204712270129e+02
8.12000000000000e+00	4.68267113689204e+02
8.13000000000000e+00	4.23645762962725e+02
8.14000000000000e+00	4.28854969449951e+02
8.15000000000000e+00	4.79305825051620e+02
8.16000000000000e+00	5.69080357286021e+02
8.17000000000000e+00	6.91797863290038e+02
8.18000000000000e+00	8.41237062012209e+02
8.19000000000000e+00	1.01182278021017e+03
8.20000000000000e+00	1.19873065954180e+03
8.21000000000000e+00	1.39783428214212e+03
8.22000000000000e+00	1.60535586421228e+03
8.23000000000000e+00	1.81751316765825e+03
8.24000000000000e+00	2.03014294990686e+03
8.25000000000000e+00	2.23855194913006e+03
8.26000000000000e+00	2.43732350412179e+03
8.27000000000000e+00	2.62069754653334e+03
8.28000000000000e+00	2.78287546554591e+03
8.29000000000000e+00	2.91850933074946e+03
8.30000000000000e+00	3.02348927890396e+03
8.31000000000000e+00	3.09532937482636e+03
8.32000000000000e+00	3.13371054171242e+03
8.33000000000000e+00	3.14074430828460e+03
8.34000000000000e+00	3.12092320622626e+03
8.35000000000000e+00	3.08089588347805e+03
8.36000000000000e+00	3.02903191350712e+03
8.37000000000000e+00	2.97472687804045e+03
8.38000000000000e+00	2.92760838291691e+03
8.39000000000000e+00	2.89656938071335e+03
8.40000000000000e+00	2.88896334204009e+03
8.41000000000000e+00	2.90988361485812e+03
8.42000000000000e+00	2.96170328006990e+03
8.43000000000000e+00	3.04395331905988e+03
8.44000000000000e+00	3.15345839292582e+03
8.45000000000000e+00	3.28476008953369e+03
8.46000000000000e+00	3.43084530736109e+03
8.47000000000000e+00	3.58385968554902e+03
8.48000000000000e+00	3.73567117371525e+03
8.49000000000000e+00	3.87886997531343e+03
8.50000000000000e+00	4.00692141944628e+03
8.51000000000000e+00	4.11457028301792e+03
8.52000000000000e+00	4.19780294040573e+03
8.53000000000000e+00	4.25376560111050e+03
8.54000000000000e+00	4.28047042876770e+03
8.55000000000000e+00	4.27657237713794e+03
8.56000000000000e+00	4.24122210899555e+03
8.57000000000000e+00	4.17405745607920e+03
8.58000000000000e+00	4.07520996583978e+03
8.59000000000000e+00	3.94568502629482e+03
8.60000000000000e+00	3.78757183988206e+03
8.61000000000000e+00	3.60415468921729e+03
8.62000000000000e+00	3.40014849286420e+03
8.63000000000000e+00	3.18176244790899e+03
8.64000000000000e+00	2.95631355457458e+03
8.65000000000000e+00	2.73187353414832e+03
8.66000000000000e+00	2.51651353363209e+03
8.67000000000000e+00	2.31756469709012e+03
8.68000000000000e+00	2.14096262899256e+03
8.69000000000000e+00	1.99060489993118e+03
8.70000000000000e+00	1.86817353665326e+03
8.71000000000000e+00	1.77313042450802e+03
8.72000000000000e+00	1.70309151273094e+03
8.73000000000000e+00	1.65429295740756e+03
8.74000000000000e+00	1.62245051422092e+03
8.75000000000000e+00	1.60322116792439e+03
8.76000000000000e+00	1.59278025806311e+03
8.77000000000000e+00	1.58822525406963e+03
8.78000000000000e+00	1.58770363160866e+03
8.79000000000000e+00	1.59044194863577e+03
8.80000000000000e+00	1.59654638712976e+03
8.81000000000000e+00	1.60681906217460e+03
8.82000000000000e+00	1.62243648418420e+03
8.83000000000000e+00	1.64455565972387e+03
8.84000000000000e+00	1.67410516666783e+03
8.85000000000000e+00	1.71154331376800e+03
8.86000000000000e+00	1.75670484979077e+03
8.87000000000000e+00	1.80868587239785e+03
8.88000000000000e+00	1.86596751529136e+03
8.89000000000000e+00	1.92648561892910e+03
8.90000000000000e+00	1.98774979531462e+03
8.91000000000000e+00	2.04716775852610e+03
8.92000000000000e+00	2.10216563410228e+03
8.93000000000000e+00	2.15054284330156e+03
8.94000000000000e+00	2.19050148388229e+03
8.95000000000000e+00	2.22097671868282e+03
8.96000000000000e+00	2.24159517995509e+03
8.97000000000000e+00	2.25279090144133e+03
8.98000000000000e+00	2.25567506783350e+03
8.99000000000000e+00	2.25204851132408e+03
9.00000000000000e+00	2.24425608333865e+03
9.01000000000000e+00	2.23493384646144e+03
9.02000000000000e+00	2.22683476303907e+03
9.03000000000000e+00	2.22256051393115e+03
9.04000000000000e+00	2.22432666192679e+03
9.05000000000000e+00	2.23368087106683e+03
9.06000000000000e+00	2.25154740343575e+03
9.07000000000000e+00	2.27793089182698e+03
9.08000000000000e+00	2.31225764104600e+03
9.09000000000000e+00	2.35323099050504e+03
9.10000000000000e+00	2.39915823042776e+03
9.11000000000000e+00	2.44806786595121e+03
9.12000000000000e+00	2.49784536738519e+03
9.13000000000000e+00	2.54650675705036e+03
9.14000000000000e+00	2.59226919625993e+03
9.15000000000000e+00	2.63361198906203e+03
9.16000000000000e+00	2.66940313210178e+03
9.17000000000000e+00	2.69890109826938e+03
9.18000000000000e+00	2.72167034544278e+03
9.19000000000000e+00	2.73756984205169e+03
9.20000000000000e+00	2.74674304542745e+03
9.21000000000000e+00	2.74947606633600e+03
9.22000000000000e+00	2.74611734384902e+03
9.23000000000000e+00	2.73713136836602e+03
9.24000000000000e+00	2.72306236291121e+03
9.25000000000000e+00	2.70447081716209e+03
9.26000000000000e+00	2.68206248517820e+03
9.27000000000000e+00	2.65662146138336e+03
9.28000000000000e+00	2.62909587557511e+03
9.29000000000000e+00	2.60065663478890e+03
9.30000000000000e+00	2.57246869078019e+03
9.31000000000000e+00	2.54586350105296e+03
9.32000000000000e+00	2.52200476529011e+03
9.33000000000000e+00	2.50201119844809e+03
9.34000000000000e+00	2.48673418272848e+03
9.35000000000000e+00	2.47673045039586e+03
9.36000000000000e+00	2.47214965557140e+03
9.37000000000000e+00	2.47288610380639e+03
9.38000000000000e+00	2.47844270807188e+03
9.39000000000000e+00	2.48814780432660e+03
9.40000000000000e+00	2.50104705898527e+03
9.41000000000000e+00	2.51624014355508e+03
9.42000000000000e+00	2.53281568703319e+03
9.43000000000000e+00	2.54990495857983e+03
9.44000000000000e+00	2.56685274018858e+03
9.45000000000000e+00	2.58307027736854e+03
9.46000000000000e+00	2.59823209634975e+03
9.47000000000000e+00	2.61213463612313e+03
9.48000000000000e+00	2.62476419989319e+03
9.49000000000000e+00	2.63613757343053e+03
9.50000000000000e+00	2.64640807863227e+03
9.51000000000000e+00	2.65568500064885e+03
9.52000000000000e+00	2.66407623614712e+03
9.53000000000000e+00	2.67157658688222e+03
9.54000000000000e+00	2.67813477384256e+03
9.55000000000000e+00	2.68363797472097e+03
9.56000000000000e+00	2.68803958745241e+03
9.57000000000000e+00	2.69137740374231e+03
9.58000000000000e+00	2.69397338933310e+03
9.59000000000000e+00	2.69624228633591e+03
9.60000000000000e+00	2.69865219776751e+03
9.61000000000000e+00	2.70158134897315e+03
9.62000000000000e+00	2.70525424433506e+03
9.63000000000000e+00	2.70976319689265e+03
9.64000000000000e+00	2.71502327219279e+03
9.65000000000000e+00	2.72091890376894e+03
9.66000000000000e+00	2.72732387704488e+03
9.67000000000000e+00	2.73418156675237e+03
9.68000000000000e+00	2.74136844843357e+03
9.69000000000000e+00	2.74890048043545e+03
9.70000000000000e+00	2.75665914108656e+03
9.71000000000000e+00	2.76465529711558e+03
9.72000000000000e+00	2.77276762465656e+03
9.73000000000000e+00	2.78094227452833e+03
9.74000000000000e+00	2.78906316895531e+03
9.75000000000000e+00	2.79709351103754e+03
9.76000000000000e+00	2.80492440845603e+03
9.77000000000000e+00	2.81252055471234e+03
9.78000000000000e+00	2.81978089844435e+03
9.79000000000000e+00	2.82669429815369e+03
9.80000000000000e+00	2.83323769425707e+03
9.81000000000000e+00	2.83937428793496e+03
9.82000000000000e+00	2.84520716160566e+03
9.83000000000000e+00	2.85066453181963e+03
9.84000000000000e+00	2.85580687149974e+03
9.85000000000000e+00	2.86064249088273e+03
9.86000000000000e+00	2.86518321524682e+03
9.87000000000000e+00	2.86951698803083e+03
9.88000000000000e+00	2.87392715603182e+03
9.89000000000000e+00	2.87923272505753e+03
9.90000000000000e+00	2.88727343364630e+03
9.91000000000000e+00	2.90233429993032e+03
9.92000000000000e+00	2.93275780616971e+03
9.93000000000000e+00	2.99332090592545e+03
9.94000000000000e+00	3.10832888854177e+03
9.95000000000000e+00	3.31619315106483e+03
9.96000000000000e+00	3.67865170838365e+03
9.97000000000000e+00	4.30157372374342e+03
9.98000000000000e+00	5.38355649284442e+03
9.99000000000000e+00	7.33791723554517e+03
1.00000000000000e+01	1.11348545721401e+04
1.00100000000000e+01	1.92517728612986e+04
1.00200000000000e+01	3.55186429232507e+04
1.00300000000000e+01	4.24354961671594e+04
1.00400000000000e+01	2.27570067080065e+04
1.00500000000000e+01	1.04898631667818e+04
1.00600000000000e+01	5.46113046013638e+03
1.00700000000000e+01	3.19719166234183e+03
1.00800000000000e+01	2.04125775959869e+03
1.00900000000000e+01	1.38872931741514e+03
1.01000000000000e+01	9.91073639832937e+02
1.01100000000000e+01	7.34035416002134e+02
1.01200000000000e+01	5.59970353258709e+02
1.01300000000000e+01	4.37608252650580e+02
1.01400000000000e+01	3.48900214997507e+02
1.01500000000000e+01	2.82914977452902e+02
1.01600000000000e+01	2.32755017204311e+02
1.01700000000000e+01	1.93901485320383e+02
1.01800000000000e+01	1.63310190041734e+02
1.01900000000000e+01	1.38880694663866e+02
1.02000000000000e+01	1.19124497307871e+02
1.02100000000000e+01	1.02966420761816e+02
1.02200000000000e+01	8.96166293578964e+01
1.02300000000000e+01	7.84873756411276e+01
1.02400000000000e+01	6.91324754200479e+01
1.02500000000000e+01	6.12102878917097e+01
1.02600000000000e+01	5.44558384518100e+01
1.02700000000000e+01	4.86602948748084e+01
1.02800000000000e+01	4.36593124827246e+01
1.02900000000000e+01	3.93213003949196e+01
1.03000000000000e+01	3.55393693777673e+01
1.03100000000000e+01	3.22274572376178e+01
1.03200000000000e+01	2.93144251434765e+01
1.03300000000000e+01	2.67423692596372e+01
1.03400000000000e+01	2.44622442816732e+01
1.03500000000000e+01	2.24338224165915e+01
1.03600000000000e+01	2.06235412184865e+01
1.03700000000000e+01	1.90021788578178e+01
1.03800000000000e+01	1.75458610884738e+01
1.03900000000000e+01	1.62341144508656e+01
1.04000000000000e+01	1.50491942420750e+01
1.04100000000000e+01	1.39758792731669e+01
1.04200000000000e+01	1.30013315354993e+01
1.04300000000000e+01	1.21144304684806e+01
1.04400000000000e+01	1.13056163198996e+01
1.04500000000000e+01	1.05664632869979e+01
1.04600000000000e+01	9.88950362316336e+00
1.04700000000000e+01	9.26837061024215e+00
1.04800000000000e+01	8.69765272945643e+00
1.04900000000000e+01	8.17225585392707e+00
1.05000000000000e+01	7.68784529411712e+00
1.05100000000000e+01	7.24050711200430e+00
1.05200000000000e+01	6.82687831439408e+00
1.05300000000000e+01	6.44382092450935e+00
1.05400000000000e+01	6.08865243186265e+00
1.05500000000000e+01	5.75881726559729e+00
1.05600000000000e+01	5.45224045827658e+00
1.05700000000000e+01	5.16670410652987e+00
1.05800000000000e+01	4.90062343000588e+00
1.05900000000000e+01	4.65225533838945e+00
1.06000000000000e+01	4.42025217547499e+00
1.06100000000000e+01	4.20318846848650e+00
1.06200000000000e+01	3.99987500998287e+00
1.06300000000000e+01	3.80931303062702e+00
1.06400000000000e+01	3.63042789381840e+00
1.06500000000000e+01	3.46240459207659e+00
1.06600000000000e+01	3.30435214674038e+00
1.06700000000000e+01	3.15552821087484e+00
1.06800000000000e+01	3.01532848980771e+00
1.06900000000000e+01	2.88310568676206e+00
1.07000000000000e+01	2.75824546854655e+00
1.07100000000000e+01	2.64028203150348e+00
1.07200000000000e+01	2.52875352502168e+00
1.07300000000000e+01	2.42322556032180e+00
1.07400000000000e+01	2.32330968802712e+00
1.07500000000000e+01	2.22863613167142e+00
1.07600000000000e+01	2.13888304717825e+00
1.07700000000000e+01	2.05377058678913e+00
1.07800000000000e+01	1.97299287472354e+00
1.07900000000000e+01	1.89632724110659e+00
1.08000000000000e+01	1.82349190732962e+00
1.08100000000000e+01	1.75427346120160e+00
1.08200000000000e+01	1.68846624950507e+00
1.08300000000000e+01	1.62586715533321e+00
1.08400000000000e+01	1.56628128731833e+00
1.08500000000000e+01	1.50950647516293e+00
1.08600000000000e+01	1.45541695297449e+00
1.08700000000000e+01	1.40383498395403e+00
1.08800000000000e+01	1.35459055934196e+00
1.08900000000000e+01	1.30757387406851e+00
1.09000000000000e+01	1.26264232095805e+00
1.09100000000000e+01	1.21965905545191e+00
1.09200000000000e+01	1.17854003997196e+00
1.09300000000000e+01	1.13914553956428e+00
1.09400000000000e+01	1.10138802149474e+00
1.09500000000000e+01	1.06520238736878e+00
1.09600000000000e+01	1.03046419321800e+00
1.09700000000000e+01	9.97120609260357e-01
1.09800000000000e+01	9.65099575689235e-01
1.09900000000000e+01	9.34317702458171e-01
1.10000000000000e+01	9.04740701813331e-01
1.10100000000000e+01	8.76290961914366e-01
1.10200000000000e+01	8.48934309822592e-01
1.10300000000000e+01	8.22640688973047e-01
1.10400000000000e+01	7.97348597400811e-01
1.10500000000000e+01	7.73034681872755e-01
1.10600000000000e+01	7.49684048871363e-01
1.10700000000000e+01	7.27235964360054e-01
1.10800000000000e+01	7.05682787719010e-01
1.10900000000000e+01	6.84978639490976e-01
1.11000000000000e+01	6.65105610194136e-01
1.11100000000000e+01	6.46018409408915e-01
1.11200000000000e+01	6.27690622339720e-01
1.11300000000000e+01	6.10086588897719e-01
1.11400000000000e+01	5.93162643874634e-01
1.11500000000000e+01	5.76895898024704e-01
1.11600000000000e+01	5.61243423945779e-01
1.11700000000000e+01	5.46175949269610e-01
1.11800000000000e+01	5.31656694070055e-01
1.11900000000000e+01	5.17656063484322e-01
1.12000000000000e+01	5.04142847133641e-01
1.12100000000000e+01	4.91095034828232e-01
1.12200000000000e+01	4.78486837611558e-01
1.12300000000000e+01	4.66294429996588e-01
1.12400000000000e+01	4.54501587902325e-01
1.12500000000000e+01	4.43084100585671e-01
1.12600000000000e+01	4.32031417505469e-01
1.12700000000000e+01	4.21319162548761e-01
1.12800000000000e+01	4.10945519016003e-01
1.12900000000000e+01	4.00888576330475e-01
1.13000000000000e+01	3.91134068300567e-01
1.13100000000000e+01	3.81678380389474e-01
1.13200000000000e+01	3.72508958417855e-01
1.13300000000000e+01	3.63609452665386e-01
1.13400000000000e+01	3.54969236235278e-01
1.13500000000000e+01	3.46582544852094e-01
1.13600000000000e+01	3.38441171035011e-01
1.13700000000000e+01	3.30525921189463e-01
1.13800000000000e+01	3.22841577484767e-01
1.13900000000000e+01	3.15370846930857e-01
1.14000000000000e+01	3.08108483014711e-01
1.14100000000000e+01	3.01048251561335e-01
1.14200000000000e+01	2.94180285596383e-01
1.14300000000000e+01	2.87501908695255e-01
1.14400000000000e+01	2.81009506222778e-01
1.14500000000000e+01	2.74691189771317e-01
1.14600000000000e+01	2.68547447809077e-01
1.14700000000000e+01	2.62568709392269e-01
1.14800000000000e+01	2.56749909255025e-01
1.14900000000000e+01	2.51086117180713e-01
1.15000000000000e+01	2.45573762029665e-01
1.15100000000000e+01	2.40205589823680e-01
1.15200000000000e+01	2.34980956136235e-01
1.15300000000000e+01	2.29891031665940e-01
1.15400000000000e+01	2.24936059843165e-01
1.15500000000000e+01	2.20113488554715e-01
1.15600000000000e+01	2.15419067206050e-01
1.15700000000000e+01	2.10850984947630e-01
1.15800000000000e+01	2.06412113110968e-01
1.15900000000000e+01	2.02093302742569e-01
1.16000000000000e+01	1.97898444188777e-01
1.16100000000000e+01	1.93824807568433e-01
1.16200000000000e+01	1.89867645827872e-01
1.16300000000000e+01	1.86025253455508e-01
1.16400000000000e+01	1.82292083253092e-01
1.16500000000000e+01	1.78667542413060e-01
1.16600000000000e+01	1.75141294752223e-01
1.16700000000000e+01	1.71712996600776e-01
1.16800000000000e+01	1.68373540730351e-01
1.16900000000000e+01	1.65117635876252e-01
1.17000000000000e+01	1.61939666165502e-01
1.17100000000000e+01	1.58836843701144e-01
1.17200000000000e+01	1.55799670928309e-01
1.17300000000000e+01	1.52827902354132e-01
1.17400000000000e+01	1.49916671258662e-01
1.17500000000000e+01	1.47063464869353e-01
1.17600000000000e+01	1.44268381851785e-01
1.17700000000000e+01	1.41525834469117e-01
1.17800000000000e+01	1.38841743507272e-01
1.17900000000000e+01	1.36212444484292e-01
1.18000000000000e+01	1.33639610895356e-01
1.18100000000000e+01	1.31123627281476e-01
1.18200000000000e+01	1.28665388987602e-01
1.18300000000000e+01	1.26267179000608e-01
1.18400000000000e+01	1.23927106308477e-01
1.18500000000000e+01	1.21645066287124e-01
1.18600000000000e+01	1.19420249744055e-01
1.18700000000000e+01	1.17252155850244e-01
1.18800000000000e+01	1.15138267257837e-01
1.18900000000000e+01	1.13079206371785e-01
1.19000000000000e+01	1.11071067501167e-01
1.19100000000000e+01	1.09111697184424e-01
1.19200000000000e+01	1.07198846699525e-01
1.19300000000000e+01	1.05332182448975e-01
1.19400000000000e+01	1.03507109768965e-01
1.19500000000000e+01	1.01720637486110e-01
1.19600000000000e+01	9.99736300316208e-02
1.19700000000000e+01	9.82641824233771e-02
1.19800000000000e+01	9.65873852515103e-02
1.19900000000000e+01	9.49445588237105e-02
1.20000000000000e+01	9.33324834735628e-02
1.20100000000000e+01	9.17508097290394e-02
1.20200000000000e+01	9.01986026986993e-02
1.20300000000000e+01	8.86751369230535e-02
1.20400000000000e+01	8.71814891668301e-02
1.20500000000000e+01	8.57157571591207e-02
1.20600000000000e+01	8.42790033886645e-02
1.20700000000000e+01	8.28704685271152e-02
1.20800000000000e+01	8.14921614400046e-02
1.20900000000000e+01	8.01418644427595e-02
1.21000000000000e+01	7.88223197600483e-02
1.21100000000000e+01	7.75326529556149e-02
1.21200000000000e+01	7.62735638239462e-02
1.21300000000000e+01	7.50422732605156e-02
1.21400000000000e+01	7.38412484172133e-02
1.21500000000000e+01	7.26686219383297e-02
1.21600000000000e+01	7.15225759733341e-02
1.21700000000000e+01	7.04027889697800e-02
1.21800000000000e+01	6.93084427571236e-02
1.21900000000000e+01	6.82378334928418e-02
1.22000000000000e+01	6.71889741477454e-02
1.22100000000000e+01	6.61608294754045e-02
1.22200000000000e+01	6.51517381521106e-02
1.22300000000000e+01	6.41614279783425e-02
1.22400000000000e+01	6.31875274586703e-02
1.22500000000000e+01	6.22290664809588e-02
1.22600000000000e+01	6.12852878307512e-02
1.22700000000000e+01	6.03559386314554e-02
1.22800000000000e+01	5.94387111095070e-02
1.22900000000000e+01	5.85329898316470e-02
1.23000000000000e+01	5.76397509664032e-02
1.23100000000000e+01	5.67565284413866e-02
1.23200000000000e+01	5.58842731245478e-02
1.23300000000000e+01	5.50208852819287e-02
1.23400000000000e+01	5.41682442658502e-02
1.23500000000000e+01	5.33263033552211e-02
1.23600000000000e+01	5.24935092261392e-02
1.23700000000000e+01	5.16718264935953e-02
1.23800000000000e+01	5.08604920693007e-02
1.23900000000000e+01	5.00608293295920e-02
1.24000000000000e+01	4.92724473212093e-02
1.24100000000000e+01	4.84975162322867e-02
1.24200000000000e+01	4.77350291884620e-02
1.24300000000000e+01	4.69855460571264e-02
1.24400000000000e+01	4.62498373552698e-02
1.24500000000000e+01	4.55279882412421e-02
1.24600000000000e+01	4.48189750433941e-02
1.24700000000000e+01	4.41240501478150e-02
1.24800000000000e+01	4.34425380576474e-02
1.24900000000000e+01	4.27744089013175e-02
1.25000000000000e+01	4.21195604474323e-02
1.25100000000000e+01	4.14767776501593e-02
1.25200000000000e+01	4.08470336784012e-02
1.25300000000000e+01	4.02302847574642e-02
1.25400000000000e+01	3.96256258225613e-02
1.25500000000000e+01	3.90333639341461e-02
1.25600000000000e+01	3.84534031904958e-02
1.25700000000000e+01	3.78851419683793e-02
1.25800000000000e+01	3.73292948193620e-02
1.25900000000000e+01	3.67843103887206e-02
1.26000000000000e+01	3.62509453160528e-02
1.26100000000000e+01	3.57282257837236e-02
1.26200000000000e+01	3.52165926177156e-02
1.26300000000000e+01	3.47143820581083e-02
1.26400000000000e+01	3.42221287611239e-02
1.26500000000000e+01	3.37393073514379e-02
1.26600000000000e+01	3.32657088628986e-02
1.26700000000000e+01	3.28011608473703e-02
1.26800000000000e+01	3.23453035575645e-02
1.26900000000000e+01	3.18979623451119e-02
1.27000000000000e+01	3.14590729171900e-02
1.27100000000000e+01	3.10286753725470e-02
1.27200000000000e+01	3.06071387655065e-02
1.27300000000000e+01	3.01937345929981e-02
1.27400000000000e+01	2.97887540156359e-02
1.27500000000000e+01	2.93919165480322e-02
1.27600000000000e+01	2.90036278767707e-02
1.27700000000000e+01	2.86231379234661e-02
1.27800000000000e+01	2.82503902045166e-02
1.27900000000000e+01	2.78849088899248e-02
1.28000000000000e+01	2.75266056166694e-02
1.28100000000000e+01	2.71754639666463e-02
1.28200000000000e+01	2.68310619810244e-02
1.28300000000000e+01	2.64927666923275e-02
1.28400000000000e+01	2.61610597935387e-02
1.28500000000000e+01	2.58349456941236e-02
1.28600000000000e+01	2.55147280603818e-02
1.28700000000000e+01	2.52002300170892e-02
1.28800000000000e+01	2.48913672923202e-02
1.28900000000000e+01	2.45874185768981e-02
1.29000000000000e+01	2.42888556548959e-02
1.29100000000000e+01	2.39953251130779e-02
1.29200000000000e+01	2.37065566204111e-02
1.29300000000000e+01	2.34229547675911e-02
1.29400000000000e+01	2.31436886761601e-02
1.29500000000000e+01	2.28689962024212e-02
1.29600000000000e+01	2.25982940430600e-02
1.29700000000000e+01	2.23319810718993e-02
1.29800000000000e+01	2.20698336731859e-02
1.29900000000000e+01	2.18117932070242e-02
1.30000000000000e+01	2.15574361185230e-02
1.30100000000000e+01	2.13070076161164e-02
1.30200000000000e+01	2.10606407345746e-02
1.30300000000000e+01	2.08180141300535e-02
1.30400000000000e+01	2.05788827691899e-02
1.30500000000000e+01	2.03432695139604e-02
1.30600000000000e+01	2.01112173726495e-02
1.30700000000000e+01	1.98819333759260e-02
1.30800000000000e+01	1.96557906813209e-02
1.30900000000000e+01	1.94326873626244e-02
1.31000000000000e+01	1.92116125103077e-02
1.31100000000000e+01	1.89932831031348e-02
1.31200000000000e+01	1.87768093078773e-02
1.31300000000000e+01	1.85623648522132e-02
1.31400000000000e+01	1.83497118935364e-02
1.31500000000000e+01	1.81392384561568e-02
1.31600000000000e+01	1.79304204748996e-02
1.31700000000000e+01	1.77240911177023e-02
1.31800000000000e+01	1.75194485436283e-02
1.31900000000000e+01	1.73171176162113e-02
1.32000000000000e+01	1.71172319204061e-02
1.32100000000000e+01	1.69196521633737e-02
1.32200000000000e+01	1.67244647152711e-02
1.32300000000000e+01	1.65319024985703e-02
1.32400000000000e+01	1.63414801836339e-02
1.32500000000000e+01	1.61535291557966e-02
1.32600000000000e+01	1.59676308834127e-02
1.32700000000000e+01	1.57842295483357e-02
1.32800000000000e+01	1.56025458826346e-02
1.32900000000000e+01	1.54230925327252e-02
1.33000000000000e+01	1.52456265888521e-02
1.33100000000000e+01	1.50703015030879e-02
1.33200000000000e+01	1.48967843576779e-02
1.33300000000000e+01	1.47254726134024e-02
1.33400000000000e+01	1.45563867682000e-02
1.33500000000000e+01	1.43895400407251e-02
1.33600000000000e+01	1.42249202002679e-02
1.33700000000000e+01	1.40628546959716e-02
1.33800000000000e+01	1.39032836030731e-02
1.33900000000000e+01	1.37461404272984e-02
1.34000000000000e+01	1.35913533341092e-02
1.34100000000000e+01	1.34391629308992e-02
1.34200000000000e+01	1.32893699681781e-02
1.34300000000000e+01	1.31417630010213e-02
1.34400000000000e+01	1.29963700433952e-02
1.34500000000000e+01	1.28533181602401e-02
1.34600000000000e+01	1.27120069967666e-02
1.34700000000000e+01	1.25727826885689e-02
1.34800000000000e+01	1.24354842934606e-02
1.34900000000000e+01	1.23000380931616e-02
1.35000000000000e+01	1.21661176030217e-02
1.35100000000000e+01	1.20338532774189e-02
1.35200000000000e+01	1.19031230756647e-02
1.35300000000000e+01	1.17737844959191e-02
1.35400000000000e+01	1.16460099084534e-02
1.35500000000000e+01	1.15193723203107e-02
1.35600000000000e+01	1.13939785953902e-02
1.35700000000000e+01	1.12696205579833e-02
1.35800000000000e+01	1.11464112144121e-02
1.35900000000000e+01	1.10242687404710e-02
1.36000000000000e+01	1.09032077402323e-02
1.36100000000000e+01	1.07830832225906e-02
1.36200000000000e+01	1.06639397985443e-02
1.36300000000000e+01	1.05459001988287e-02
1.36400000000000e+01	1.04287425479389e-02
1.36500000000000e+01	1.03128667507314e-02
1.36600000000000e+01	1.01982295596968e-02
1.36700000000000e+01	1.00846031241345e-02
1.36800000000000e+01	9.97246437119800e-03
1.36900000000000e+01	9.86167387204887e-03
1.37000000000000e+01	9.75225188098463e-03
1.37100000000000e+01	9.64437859345549e-03
1.37200000000000e+01	9.53821096288157e-03
1.37300000000000e+01	9.43365381120378e-03
1.37400000000000e+01	9.33092273188001e-03
1.37500000000000e+01	9.23004205153955e-03
1.37600000000000e+01	9.13109733786651e-03
1.37700000000000e+01	9.03392580737691e-03
1.37800000000000e+01	8.93838152447182e-03
1.37900000000000e+01	8.84467517861757e-03
1.38000000000000e+01	8.75286836607035e-03
1.38100000000000e+01	8.66241412335094e-03
1.38200000000000e+01	8.57360535062717e-03
1.38300000000000e+01	8.48614716165968e-03
1.38400000000000e+01	8.39998533002599e-03
1.38500000000000e+01	8.31520223004457e-03
1.38600000000000e+01	8.23133734065011e-03
1.38700000000000e+01	8.14863445528244e-03
1.38800000000000e+01	8.06699575873494e-03
1.38900000000000e+01	7.98620192383066e-03
1.39000000000000e+01	7.90637776018913e-03
1.39100000000000e+01	7.82743555769075e-03
1.39200000000000e+01	7.74923893816903e-03
1.39300000000000e+01	7.67178950420818e-03
1.39400000000000e+01	7.59508774858768e-03
1.39500000000000e+01	7.51926158460810e-03
1.39600000000000e+01	7.44392918152163e-03
1.39700000000000e+01	7.36942543255407e-03
1.39800000000000e+01	7.29575614306327e-03
1.39900000000000e+01	7.22260994640935e-03
1.40000000000000e+01	7.15032494490788e-03
1.40100000000000e+01	7.07871145323657e-03
1.40200000000000e+01	7.00779669019914e-03
1.40300000000000e+01	6.93763922042932e-03
1.40400000000000e+01	6.86831320270282e-03
1.40500000000000e+01	6.79988005274004e-03
1.40600000000000e+01	6.73226192057374e-03
1.40700000000000e+01	6.66551263210801e-03
1.40800000000000e+01	6.59972600268729e-03
1.40900000000000e+01	6.53463984614700e-03
1.41000000000000e+01	6.47050831455387e-03
1.41100000000000e+01	6.40718606882828e-03
1.41200000000000e+01	6.34462098031084e-03
1.41300000000000e+01	6.28290954594684e-03
1.41400000000000e+01	6.22177348981979e-03
1.41500000000000e+01	6.16130534550118e-03
1.41600000000000e+01	6.10143465852497e-03
1.41700000000000e+01	6.04214446569076e-03
1.41800000000000e+01	5.98321790001846e-03
1.41900000000000e+01	5.92483749679554e-03
1.42000000000000e+01	5.86685349781940e-03
1.42100000000000e+01	5.80928942429560e-03
1.42200000000000e+01	5.75222521411655e-03
1.42300000000000e+01	5.69569030593020e-03
1.42400000000000e+01	5.63956106733136e-03
1.42500000000000e+01	5.58410155900135e-03
1.42600000000000e+01	5.52917835306998e-03
1.42700000000000e+01	5.47499861206624e-03
1.42800000000000e+01	5.42140597939462e-03
1.42900000000000e+01	5.36853687813383e-03
1.43000000000000e+01	5.31637191602563e-03
1.43100000000000e+01	5.26489796378190e-03
1.43200000000000e+01	5.21413084264288e-03
1.43300000000000e+01	5.16395682686045e-03
1.43400000000000e+01	5.11449909085234e-03
1.43500000000000e+01	5.06568731405758e-03
1.43600000000000e+01	5.01746460695740e-03
1.43700000000000e+01	4.96986827652988e-03
1.43800000000000e+01	4.92279232658572e-03
1.43900000000000e+01	4.87637584352074e-03
1.44000000000000e+01	4.83056028796871e-03
1.44100000000000e+01	4.78525616364167e-03
1.44200000000000e+01	4.74063256873952e-03
1.44300000000000e+01	4.69654533500764e-03
1.44400000000000e+01	4.65298600074727e-03
1.44500000000000e+01	4.61002935839373e-03
1.44600000000000e+01	4.56774177889566e-03
1.44700000000000e+01	4.52590215724076e-03
1.44800000000000e+01	4.48465246102645e-03
1.44900000000000e+01	4.44394685157108e-03
1.45000000000000e+01	4.40372561205486e-03
1.45100000000000e+01	4.36400982527661e-03
1.45200000000000e+01	4.32475083605835e-03
1.45300000000000e+01	4.28601543462407e-03
1.45400000000000e+01	4.24775100658830e-03
1.45500000000000e+01	4.20986879356308e-03
1.45600000000000e+01	4.17239682971078e-03
1.45700000000000e+01	4.13541185293744e-03
1.45800000000000e+01	4.09866711288818e-03
1.45900000000000e+01	4.06243070185896e-03
1.46000000000000e+01	4.02650706837652e-03
1.46100000000000e+01	3.99096753709236e-03
1.46200000000000e+01	3.95573766664723e-03
1.46300000000000e+01	3.92085530426778e-03
1.46400000000000e+01	3.88632561319466e-03
1.46500000000000e+01	3.85214416443350e-03
1.46600000000000e+01	3.81824443585134e-03
1.46700000000000e+01	3.78470080837712e-03
1.46800000000000e+01	3.75158196319533e-03
1.46900000000000e+01	3.71881395226035e-03
1.47000000000000e+01	3.68639372458343e-03
1.47100000000000e+01	3.65431869471453e-03
1.47200000000000e+01	3.62257734474141e-03
1.47300000000000e+01	3.59126371176788e-03
1.47400000000000e+01	3.56030046411772e-03
1.47500000000000e+01	3.52967294541445e-03
1.47600000000000e+01	3.49936984420638e-03
1.47700000000000e+01	3.46937773592768e-03
1.47800000000000e+01	3.43971823148105e-03
1.47900000000000e+01	3.41035291502161e-03
1.48000000000000e+01	3.38123403827453e-03
1.48100000000000e+01	3.35232556030504e-03
1.48200000000000e+01	3.32369113404895e-03
1.48300000000000e+01	3.29529418919061e-03
1.48400000000000e+01	3.26703418003625e-03
1.48500000000000e+01	3.23904827577975e-03
1.48600000000000e+01	3.21124141585242e-03
1.48700000000000e+01	3.18368222889023e-03
1.48800000000000e+01	3.15624455903069e-03
1.48900000000000e+01	3.12903478072998e-03
1.49000000000000e+01	3.10205647830778e-03
1.49100000000000e+01	3.07524837442749e-03
1.49200000000000e+01	3.04865193764030e-03
1.49300000000000e+01	3.02232928049778e-03
1.49400000000000e+01	2.99616198167793e-03
1.49500000000000e+01	2.97027471779692e-03
1.49600000000000e+01	2.94463711763443e-03
1.49700000000000e+01	2.91925824805099e-03
1.49800000000000e+01	2.89413321104379e-03
1.49900000000000e+01	2.86929625232081e-03
1.50000000000000e+01	2.84470483138496e-03
1.50100000000000e+01	2.82042009841023e-03
1.50200000000000e+01	2.79635989169777e-03
1.50300000000000e+01	2.77258792579929e-03
1.50400000000000e+01	2.74908576077880e-03
1.50500000000000e+01	2.72581427414927e-03
1.50600000000000e+01	2.70280022291599e-03
1.50700000000000e+01	2.67999991864978e-03
1.50800000000000e+01	2.65740972983408e-03
1.50900000000000e+01	2.63504635730723e-03
1.51000000000000e+01	2.61284505387893e-03
1.51100000000000e+01	2.59084166219067e-03
1.51200000000000e+01	2.56902762189104e-03
1.51300000000000e+01	2.54734347525127e-03
1.51400000000000e+01	2.52584899857853e-03
1.51500000000000e+01	2.50449342838546e-03
1.51600000000000e+01	2.48327908197050e-03
1.51700000000000e+01	2.46223105835253e-03
1.51800000000000e+01	2.44135197363635e-03
1.51900000000000e+01	2.42061790832874e-03
1.52000000000000e+01	2.40006147504068e-03
1.52100000000000e+01	2.37966281190836e-03
1.52200000000000e+01	2.35945678678351e-03
1.52300000000000e+01	2.33940310656574e-03
1.52400000000000e+01	2.31950156577804e-03
1.52500000000000e+01	2.29975184340521e-03
1.52600000000000e+01	2.28012835136300e-03
1.52700000000000e+01	2.26061363154915e-03
1.52800000000000e+01	2.24120286031427e-03
1.52900000000000e+01	2.22183614766108e-03
1.53000000000000e+01	2.20250720622631e-03
1.53100000000000e+01	2.18316620622934e-03
1.53200000000000e+01	2.16382620698673e-03
1.53300000000000e+01	2.14445901284439e-03
1.53400000000000e+01	2.12501693980236e-03
1.53500000000000e+01	2.10551732622343e-03
1.53600000000000e+01	2.08597393100787e-03
1.53700000000000e+01	2.06635387150959e-03
1.53800000000000e+01	2.04668429876592e-03
1.53900000000000e+01	2.02699778768048e-03
1.54000000000000e+01	2.00730605038777e-03
1.54100000000000e+01	1.98765703924412e-03
1.54200000000000e+01	1.96807123690448e-03
1.54300000000000e+01	1.94862089376956e-03
1.54400000000000e+01	1.92933291763768e-03
1.54500000000000e+01	1.91027764033274e-03
1.54600000000000e+01	1.89149542566641e-03
1.54700000000000e+01	1.87308236161458e-03
1.54800000000000e+01	1.85503990184617e-03
1.54900000000000e+01	1.83745075205429e-03
1.55000000000000e+01	1.82034107858831e-03
1.55100000000000e+01	1.80376323465583e-03
1.55200000000000e+01	1.78773136683096e-03
1.55300000000000e+01	1.77226414753072e-03
1.55400000000000e+01	1.75732024276231e-03
1.55500000000000e+01	1.74292211131285e-03
1.55600000000000e+01	1.72900754631443e-03
1.55700000000000e+01	1.71554446672851e-03
1.55800000000000e+01	1.70250501110148e-03
1.55900000000000e+01	1.68981326296336e-03
1.56000000000000e+01	1.67739948771280e-03
1.56100000000000e+01	1.66524758587939e-03
1.56200000000000e+01	1.65327262586985e-03
1.56300000000000e+01	1.64144580186506e-03
1.56400000000000e+01	1.62971867231878e-03
1.56500000000000e+01	1.61804171282098e-03
1.56600000000000e+01	1.60638418392618e-03
1.56700000000000e+01	1.59473169772340e-03
1.56800000000000e+01	1.58305951005426e-03
1.56900000000000e+01	1.57136220136742e-03
1.57000000000000e+01	1.55961527935331e-03
1.57100000000000e+01	1.54782082527400e-03
1.57200000000000e+01	1.53599499898128e-03
1.57300000000000e+01	1.52413894051434e-03
1.57400000000000e+01	1.51225155304355e-03
1.57500000000000e+01	1.50036632585654e-03
1.57600000000000e+01	1.48849284335010e-03
1.57700000000000e+01	1.47663969345986e-03
1.57800000000000e+01	1.46484580376177e-03
1.57900000000000e+01	1.45315213882199e-03
1.58000000000000e+01	1.44155603569893e-03
1.58100000000000e+01	1.43009325386694e-03
1.58200000000000e+01	1.41878980687029e-03
1.58300000000000e+01	1.40766900404127e-03
1.58400000000000e+01	1.39675444684412e-03
1.58500000000000e+01	1.38604121223358e-03
1.58600000000000e+01	1.37556378855717e-03
1.58700000000000e+01	1.36529886964680e-03
1.58800000000000e+01	1.35525240162151e-03
1.58900000000000e+01	1.34543377795375e-03
1.59000000000000e+01	1.33581473530616e-03
1.59100000000000e+01	1.32639083976613e-03
1.59200000000000e+01	1.31713016308611e-03
1.59300000000000e+01	1.30802204572353e-03
1.59400000000000e+01	1.29905050867118e-03
1.59500000000000e+01	1.29018110871784e-03
1.59600000000000e+01	1.28139002042129e-03
1.59700000000000e+01	1.27269105274477e-03
1.59800000000000e+01	1.26405200373232e-03
1.59900000000000e+01	1.25544467156326e-03
1.60000000000000e+01	1.24690065144100e-03
1.60100000000000e+01	1.23837840177939e-03
1.60200000000000e+01	1.22990023624450e-03
1.60300000000000e+01	1.22145248564576e-03
1.60400000000000e+01	1.21304024576967e-03
1.60500000000000e+01	1.20466307054650e-03
1.60600000000000e+01	1.19633070033165e-03
1.60700000000000e+01	1.18803161519026e-03
1.60800000000000e+01	1.17976395706158e-03
1.60900000000000e+01	1.17154985591166e-03
1.61000000000000e+01	1.16338622403806e-03
1.61100000000000e+01	1.15526249797225e-03
1.61200000000000e+01	1.14719879451802e-03
1.61300000000000e+01	1.13917290064122e-03
1.61400000000000e+01	1.13122293861952e-03
1.61500000000000e+01	1.12333140470850e-03
1.61600000000000e+01	1.11548842413604e-03
1.61700000000000e+01	1.10772382171402e-03
1.61800000000000e+01	1.10001980702342e-03
1.61900000000000e+01	1.09240773052097e-03
1.62000000000000e+01	1.08486238714929e-03
1.62100000000000e+01	1.07741842291601e-03
1.62200000000000e+01	1.07005222724390e-03
1.62300000000000e+01	1.06278082064050e-03
1.62400000000000e+01	1.05560391338744e-03
1.62500000000000e+01	1.04852755216089e-03
1.62600000000000e+01	1.04153379228571e-03
1.62700000000000e+01	1.03462569048975e-03
1.62800000000000e+01	1.02779983178993e-03
1.62900000000000e+01	1.02104589727198e-03
1.63000000000000e+01	1.01435807973215e-03
1.63100000000000e+01	1.00770373639417e-03
1.63200000000000e+01	1.00110218871316e-03
1.63300000000000e+01	9.94513799847744e-04
1.63400000000000e+01	9.87935381413555e-04
1.63500000000000e+01	9.81362335178909e-04
1.63600000000000e+01	9.74770239119813e-04
1.63700000000000e+01	9.68150004886100e-04
1.63800000000000e+01	9.61505030295449e-04
1.63900000000000e+01	9.54802432539662e-04
1.64000000000000e+01	9.48060070810262e-04
1.64100000000000e+01	9.41266215081882e-04
1.64200000000000e+01	9.34428503297002e-04
1.64300000000000e+01	9.27548560983404e-04
1.64400000000000e+01	9.20638921306248e-04
1.64500000000000e+01	9.13700023148710e-04
1.64600000000000e+01	9.06755376443502e-04
1.64700000000000e+01	8.99826076186082e-04
1.64800000000000e+01	8.92913435318953e-04
1.64900000000000e+01	8.86056708282792e-04
1.65000000000000e+01	8.79269752607351e-04
1.65100000000000e+01	8.72550295650739e-04
1.65200000000000e+01	8.65924106101163e-04
1.65300000000000e+01	8.59405592709626e-04
1.65400000000000e+01	8.53000647153220e-04
1.65500000000000e+01	8.46714012115477e-04
1.65600000000000e+01	8.40550827901500e-04
1.65700000000000e+01	8.34503848350227e-04
1.65800000000000e+01	8.28577630255267e-04
1.65900000000000e+01	8.22775645199721e-04
1.66000000000000e+01	8.17099316437860e-04
1.66100000000000e+01	8.11524222461155e-04
1.66200000000000e+01	8.06060575326313e-04
1.66300000000000e+01	8.00697030377735e-04
1.66400000000000e+01	7.95433045885466e-04
1.66500000000000e+01	7.90257872175114e-04
1.66600000000000e+01	7.85175506789682e-04
1.66700000000000e+01	7.80170382620251e-04
1.66800000000000e+01	7.75247462551975e-04
1.66900000000000e+01	7.70386042857774e-04
1.67000000000000e+01	7.65588709254173e-04
1.67100000000000e+01	7.60843808999250e-04
1.67200000000000e+01	7.56158368163756e-04
1.67300000000000e+01	7.51508017005709e-04
1.67400000000000e+01	7.46891282988464e-04
1.67500000000000e+01	7.42308447598250e-04
1.67600000000000e+01	7.37747765710955e-04
1.67700000000000e+01	7.33196060333160e-04
1.67800000000000e+01	7.28657694457698e-04
1.67900000000000e+01	7.24133877551528e-04
1.68000000000000e+01	7.19604400287448e-04
1.68100000000000e+01	7.15075457167034e-04
1.68200000000000e+01	7.10559125920592e-04
1.68300000000000e+01	7.06039657753062e-04
1.68400000000000e+01	7.01519708138525e-04
1.68500000000000e+01	6.97010400095587e-04
1.68600000000000e+01	6.92509510646000e-04
1.68700000000000e+01	6.88017158055678e-04
1.68800000000000e+01	6.83545935643752e-04
1.68900000000000e+01	6.79087074878756e-04
1.69000000000000e+01	6.74658703701680e-04
1.69100000000000e+01	6.70244854296643e-04
1.69200000000000e+01	6.65856583632964e-04
1.69300000000000e+01	6.61493194441794e-04
1.69400000000000e+01	6.57165447285956e-04
1.69500000000000e+01	6.52858224476215e-04
1.69600000000000e+01	6.48588577903091e-04
1.69700000000000e+01	6.44349251358978e-04
1.69800000000000e+01	6.40154283496519e-04
1.69900000000000e+01	6.36002605628131e-04
1.70000000000000e+01	6.31897055632635e-04
1.70100000000000e+01	6.27850479731550e-04
1.70200000000000e+01	6.23866726818186e-04
1.70300000000000e+01	6.19944234287860e-04
1.70400000000000e+01	6.16084629267250e-04
1.70500000000000e+01	6.12296685636559e-04
1.70600000000000e+01	6.08576968632930e-04
1.70700000000000e+01	6.04925160765153e-04
1.70800000000000e+01	6.01332135175949e-04
1.70900000000000e+01	5.97799562295627e-04
1.71000000000000e+01	5.94323972902305e-04
1.71100000000000e+01	5.90901991746034e-04
1.71200000000000e+01	5.87513556094696e-04
1.71300000000000e+01	5.84165239688072e-04
1.71400000000000e+01	5.80855615908197e-04
1.71500000000000e+01	5.77574965704805e-04
1.71600000000000e+01	5.74314652966221e-04
1.71700000000000e+01	5.71082985183116e-04
1.71800000000000e+01	5.67865384981033e-04
1.71900000000000e+01	5.64676954020879e-04
1.72000000000000e+01	5.61501809660401e-04
1.72100000000000e+01	5.58349448792876e-04
1.72200000000000e+01	5.55220061951093e-04
1.72300000000000e+01	5.52097763557639e-04
1.72400000000000e+01	5.49004802705855e-04
1.72500000000000e+01	5.45919328879654e-04
1.72600000000000e+01	5.42856576320149e-04
1.72700000000000e+01	5.39808435829639e-04
1.72800000000000e+01	5.36773421305327e-04
1.72900000000000e+01	5.33753987401582e-04
1.73000000000000e+01	5.30745918840946e-04
1.73100000000000e+01	5.27752517292422e-04
1.73200000000000e+01	5.24773033140682e-04
1.73300000000000e+01	5.21800441667229e-04
1.73400000000000e+01	5.18833900127548e-04
1.73500000000000e+01	5.15882209079941e-04
1.73600000000000e+01	5.12938068719213e-04
1.73700000000000e+01	5.10001413700391e-04
1.73800000000000e+01	5.07074026272093e-04
1.73900000000000e+01	5.04155555271028e-04
1.74000000000000e+01	5.01252992052735e-04
1.74100000000000e+01	4.98352989772414e-04
1.74200000000000e+01	4.95462450962503e-04
1.74300000000000e+01	4.92583411258445e-04
1.74400000000000e+01	4.89721038326445e-04
1.74500000000000e+01	4.86861416925295e-04
1.74600000000000e+01	4.84018793892953e-04
1.74700000000000e+01	4.81185399502491e-04
1.74800000000000e+01	4.78362183627138e-04
1.74900000000000e+01	4.75541775955773e-04
1.75000000000000e+01	4.72735819175392e-04
1.75100000000000e+01	4.69938276569741e-04
1.75200000000000e+01	4.67141924452373e-04
1.75300000000000e+01	4.64349122016286e-04
1.75400000000000e+01	4.61558243696675e-04
1.75500000000000e+01	4.58777159096849e-04
1.75600000000000e+01	4.55993856201513e-04
1.75700000000000e+01	4.53216295473590e-04
1.75800000000000e+01	4.50440712958927e-04
1.75900000000000e+01	4.47673562442421e-04
1.76000000000000e+01	4.44911326091263e-04
1.76100000000000e+01	4.42167772341311e-04
1.76200000000000e+01	4.39432360302045e-04
1.76300000000000e+01	4.36716420488714e-04
1.76400000000000e+01	4.34015943450738e-04
1.76500000000000e+01	4.31335464536585e-04
1.76600000000000e+01	4.28682653764517e-04
1.76700000000000e+01	4.26049469253181e-04
1.76800000000000e+01	4.23441068195595e-04
1.76900000000000e+01	4.20863683154379e-04
1.77000000000000e+01	4.18301804747550e-04
1.77100000000000e+01	4.15767749347801e-04
1.77200000000000e+01	4.13252977456783e-04
1.77300000000000e+01	4.10757264187922e-04
1.77400000000000e+01	4.08284973501387e-04
1.77500000000000e+01	4.05823235278697e-04
1.77600000000000e+01	4.03382743101332e-04
1.77700000000000e+01	4.00952941295730e-04
1.77800000000000e+01	3.98537910311526e-04
1.77900000000000e+01	3.96136324135055e-04
1.78000000000000e+01	3.93739016515477e-04
1.78100000000000e+01	3.91355938035156e-04
1.78200000000000e+01	3.88983999423315e-04
1.78300000000000e+01	3.86614807899434e-04
1.78400000000000e+01	3.84255699054905e-04
1.78500000000000e+01	3.81908673891206e-04
1.78600000000000e+01	3.79572574896590e-04
1.78700000000000e+01	3.77242881315809e-04
1.78800000000000e+01	3.74917992973174e-04
1.78900000000000e+01	3.72605600536716e-04
1.79000000000000e+01	3.70306138981040e-04
1.79100000000000e+01	3.68011844831031e-04
1.79200000000000e+01	3.65723855697599e-04
1.79300000000000e+01	3.63448477838025e-04
1.79400000000000e+01	3.61173579222791e-04
1.79500000000000e+01	3.58908045875739e-04
1.79600000000000e+01	3.56645876155011e-04
1.79700000000000e+01	3.54395063605993e-04
1.79800000000000e+01	3.52146598522125e-04
1.79900000000000e+01	3.49913655137422e-04
1.80000000000000e+01	3.47693285135970e-04
1.80100000000000e+01	3.45498389677776e-04
1.80200000000000e+01	3.43321356059256e-04
1.80300000000000e+01	3.41176887025565e-04
1.80400000000000e+01	3.39067347809144e-04
1.80500000000000e+01	3.36995560951006e-04
1.80600000000000e+01	3.34961800195960e-04
1.80700000000000e+01	3.32978165269739e-04
1.80800000000000e+01	3.31035225780115e-04
1.80900000000000e+01	3.29136755820381e-04
1.81000000000000e+01	3.27277275806113e-04
1.81100000000000e+01	3.25458628696103e-04
1.81200000000000e+01	3.23677233445270e-04
1.81300000000000e+01	3.21923611341697e-04
1.81400000000000e+01	3.20190512942699e-04
1.81500000000000e+01	3.18480981509763e-04
1.81600000000000e+01	3.16784405282436e-04
1.81700000000000e+01	3.15102342250140e-04
1.81800000000000e+01	3.13422558544974e-04
1.81900000000000e+01	3.11751748561737e-04
1.82000000000000e+01	3.10083304274583e-04
1.82100000000000e+01	3.08410802413948e-04
1.82200000000000e+01	3.06741667390883e-04
1.82300000000000e+01	3.05071082128102e-04
1.82400000000000e+01	3.03396184029968e-04
1.82500000000000e+01	3.01717485097657e-04
1.82600000000000e+01	3.00035908486384e-04
1.82700000000000e+01	2.98354649860818e-04
1.82800000000000e+01	2.96669664529009e-04
1.82900000000000e+01	2.94982981966447e-04
1.83000000000000e+01	2.93304729929675e-04
1.83100000000000e+01	2.91623864957167e-04
1.83200000000000e+01	2.89952943216132e-04
1.83300000000000e+01	2.88288200319950e-04
1.83400000000000e+01	2.86634408557068e-04
1.83500000000000e+01	2.84994399103478e-04
1.83600000000000e+01	2.83370074684714e-04
1.83700000000000e+01	2.81765587234966e-04
1.83800000000000e+01	2.80182042485726e-04
1.83900000000000e+01	2.78622255499316e-04
1.84000000000000e+01	2.77088191063890e-04
1.84100000000000e+01	2.75582957927643e-04
1.84200000000000e+01	2.74105780049215e-04
1.84300000000000e+01	2.72658887941078e-04
1.84400000000000e+01	2.71241840644105e-04
1.84500000000000e+01	2.69853545455387e-04
1.84600000000000e+01	2.68492132093780e-04
1.84700000000000e+01	2.67157272567727e-04
1.84800000000000e+01	2.65844657678303e-04
1.84900000000000e+01	2.64551482652542e-04
1.85000000000000e+01	2.63275874111150e-04
1.85100000000000e+01	2.62012608550319e-04
1.85200000000000e+01	2.60758816048501e-04
1.85300000000000e+01	2.59512978129885e-04
1.85400000000000e+01	2.58270049360458e-04
1.85500000000000e+01	2.57028299031039e-04
1.85600000000000e+01	2.55786005677045e-04
1.85700000000000e+01	2.54541086611866e-04
1.85800000000000e+01	2.53292673558071e-04
1.85900000000000e+01	2.52039353671452e-04
1.86000000000000e+01	2.50782266210708e-04
1.86100000000000e+01	2.49519964010728e-04
1.86200000000000e+01	2.48253730182879e-04
1.86300000000000e+01	2.46983981020486e-04
1.86400000000000e+01	2.45711785485255e-04
1.86500000000000e+01	2.44438314363848e-04
1.86600000000000e+01	2.43165706806689e-04
1.86700000000000e+01	2.41893114640755e-04
1.86800000000000e+01	2.40622318070490e-04
1.86900000000000e+01	2.39353859492298e-04
1.87000000000000e+01	2.38088715000155e-04
1.87100000000000e+01	2.36828227288781e-04
1.87200000000000e+01	2.35571610545133e-04
1.87300000000000e+01	2.34319546089182e-04
1.87400000000000e+01	2.33071521953755e-04
1.87500000000000e+01	2.31827158294556e-04
1.87600000000000e+01	2.30587032149344e-04
1.87700000000000e+01	2.29350520797282e-04
1.87800000000000e+01	2.28116413369811e-04
1.87900000000000e+01	2.26885354998671e-04
1.88000000000000e+01	2.25656134809291e-04
1.88100000000000e+01	2.24429445513821e-04
1.88200000000000e+01	2.23203015597401e-04
1.88300000000000e+01	2.21977509800528e-04
1.88400000000000e+01	2.20752772809232e-04
1.88500000000000e+01	2.19527596737307e-04
1.88600000000000e+01	2.18301929041735e-04
1.88700000000000e+01	2.17074947074312e-04
1.88800000000000e+01	2.15847232451494e-04
1.88900000000000e+01	2.14618463242704e-04
1.89000000000000e+01	2.13388355638606e-04
1.89100000000000e+01	2.12156386418825e-04
1.89200000000000e+01	2.10924919072345e-04
1.89300000000000e+01	2.09693639523844e-04
1.89400000000000e+01	2.08463060960029e-04
1.89500000000000e+01	2.07234997582341e-04
1.89600000000000e+01	2.06011495673093e-04
1.89700000000000e+01	2.04792220433214e-04
1.89800000000000e+01	2.03579731032025e-04
1.89900000000000e+01	2.02375857573182e-04
1.90000000000000e+01	2.01180851458139e-04
1.90100000000000e+01	1.99996006352503e-04
1.90200000000000e+01	1.98821488520689e-04
1.90300000000000e+01	1.97656682103508e-04
1.90400000000000e+01	1.96501189045653e-04
1.90500000000000e+01	1.95352625400825e-04
1.90600000000000e+01	1.94210708019521e-04
1.90700000000000e+01	1.93072264718602e-04
1.90800000000000e+01	1.91937002692547e-04
1.90900000000000e+01	1.90803109208828e-04
1.91000000000000e+01	1.89670705419299e-04
1.91100000000000e+01	1.88541013809921e-04
1.91200000000000e+01	1.87415734121381e-04
1.91300000000000e+01	1.86298749612548e-04
1.91400000000000e+01	1.85193528263699e-04
1.91500000000000e+01	1.84106105700780e-04
1.91600000000000e+01	1.83041181209623e-04
1.91700000000000e+01	1.82004321866476e-04
1.91800000000000e+01	1.80998194398394e-04
1.91900000000000e+01	1.80027291882509e-04
1.92000000000000e+01	1.79092571317462e-04
1.92100000000000e+01	1.78192738423698e-04
1.92200000000000e+01	1.77328099903073e-04
1.92300000000000e+01	1.76494261285437e-04
1.92400000000000e+01	1.75687023706847e-04
1.92500000000000e+01	1.74901299385802e-04
1.92600000000000e+01	1.74133314698769e-04
1.92700000000000e+01	1.73376499221572e-04
1.92800000000000e+01	1.72626622679926e-04
1.92900000000000e+01	1.71880536214833e-04
1.93000000000000e+01	1.71134825629008e-04
1.93100000000000e+01	1.70386474617230e-04
1.93200000000000e+01	1.69635212879006e-04
1.93300000000000e+01	1.68879217729243e-04
1.93400000000000e+01	1.68118426579804e-04
1.93500000000000e+01	1.67353080251622e-04
1.93600000000000e+01	1.66582956906068e-04
1.93700000000000e+01	1.65807885561363e-04
1.93800000000000e+01	1.65029876208114e-04
1.93900000000000e+01	1.64247989095982e-04
1.94000000000000e+01	1.63462845064143e-04
1.94100000000000e+01	1.62675573373585e-04
1.94200000000000e+01	1.61885884990417e-04
1.94300000000000e+01	1.61094389452000e-04
1.94400000000000e+01	1.60300625180449e-04
1.94500000000000e+01	1.59506170894020e-04
1.94600000000000e+01	1.58709845163815e-04
1.94700000000000e+01	1.57913040166189e-04
1.94800000000000e+01	1.57115347952830e-04
1.94900000000000e+01	1.56316976665346e-04
1.95000000000000e+01	1.55518573583603e-04
1.95100000000000e+01	1.54719441151458e-04
1.95200000000000e+01	1.53920722212634e-04
1.95300000000000e+01	1.53122033222908e-04
1.95400000000000e+01	1.52323635728327e-04
1.95500000000000e+01	1.51526037352690e-04
1.95600000000000e+01	1.50729495840522e-04
1.95700000000000e+01	1.49934421985719e-04
1.95800000000000e+01	1.49141641602418e-04
1.95900000000000e+01	1.48350828999111e-04
1.96000000000000e+01	1.47563052645542e-04
1.96100000000000e+01	1.46779112122366e-04
1.96200000000000e+01	1.45998585140964e-04
1.96300000000000e+01	1.45222792399130e-04
1.96400000000000e+01	1.44451720131613e-04
1.96500000000000e+01	1.43684849099044e-04
1.96600000000000e+01	1.42923204469511e-04
1.96700000000000e+01	1.42166512723293e-04
1.96800000000000e+01	1.41414211425889e-04
1.96900000000000e+01	1.40666373853477e-04
1.97000000000000e+01	1.39919042328931e-04
1.97100000000000e+01	1.39174804548806e-04
1.97200000000000e+01	1.38430448909701e-04
1.97300000000000e+01	1.37681029842352e-04
1.97400000000000e+01	1.36920316851508e-04
1.97500000000000e+01	1.36137486107451e-04
1.97600000000000e+01	1.35315090837718e-04
1.97700000000000e+01	1.34424394908934e-04
1.97800000000000e+01	1.33423016570140e-04
1.97900000000000e+01	1.32246564770240e-04
1.98000000000000e+01	1.30802983421919e-04
1.98100000000000e+01	1.28965770705246e-04
1.98200000000000e+01	1.26565725226532e-04
1.98300000000000e+01	1.23390043896027e-04
1.98400000000000e+01	1.19182221947301e-04
1.98500000000000e+01	1.13657013243732e-04
1.98600000000000e+01	1.06521622474424e-04
1.98700000000000e+01	9.75160455321114e-05
1.98800000000000e+01	8.64726432245982e-05
1.98900000000000e+01	7.33925215758516e-05
1.99000000000000e+01	5.85417022457615e-05
1.99100000000000e+01	4.25644641040030e-05
1.99200000000000e+01	2.66082211569499e-05
1.99300000000000e+01	1.24492284389021e-05
1.99400000000000e+01	2.60172114756277e-06
1.99500000000000e+01	3.61910804867017e-07
1.99600000000000e+01	9.71116651137387e-06
1.99700000000000e+01	3.49359471845457e-05
1.99800000000000e+01	7.97548170714995e-05
1.99900000000000e+01	1.45706777911603e-04
2.00000000000000e+01	2.29638892165655e-04
