1.00000000000000e-02	1.52675124982299e+17
2.00000000000000e-02	9.54284631121713e+15
3.00000000000000e-02	1.88526164770258e+15
4.00000000000000e-02	5.96613979143864e+14
5.00000000000000e-02	2.44426339313395e+14
6.00000000000000e-02	1.17908932270817e+14
7.00000000000000e-02	6.36650847612780e+13
8.00000000000000e-02	3.73334979230841e+13
9.00000000000000e-02	2.33171777026463e+13
1.00000000000000e-01	1.53058610222499e+13
1.10000000000000e-01	1.04596217592993e+13
1.20000000000000e-01	7.38957243363344e+12
1.30000000000000e-01	5.36840560457300e+12
1.40000000000000e-01	3.99397639971151e+12
1.50000000000000e-01	3.03303744088796e+12
1.60000000000000e-01	2.34479396115094e+12
1.70000000000000e-01	1.84143162730036e+12
1.80000000000000e-01	1.46638733138392e+12
1.90000000000000e-01	1.18233149039683e+12
2.00000000000000e-01	9.63985172741574e+11
2.10000000000000e-01	7.93908706477311e+11
2.20000000000000e-01	6.59843374747756e+11
2.30000000000000e-01	5.52999967793446e+11
2.40000000000000e-01	4.67004498276892e+11
2.50000000000000e-01	3.97153745547485e+11
2.60000000000000e-01	3.39940385306845e+11
2.70000000000000e-01	2.92710632046848e+11
2.80000000000000e-01	2.53447604817560e+11
2.90000000000000e-01	2.20586474114618e+11
3.00000000000000e-01	1.92911861572223e+11
3.10000000000000e-01	1.69470731412528e+11
3.20000000000000e-01	1.49506845065980e+11
3.30000000000000e-01	1.32421423074111e+11
3.40000000000000e-01	1.17725621819635e+11
3.50000000000000e-01	1.05030640412752e+11
3.60000000000000e-01	9.40154664327930e+10
3.70000000000000e-01	8.44214773029870e+10
3.80000000000000e-01	7.60334906594664e+10
3.90000000000000e-01	6.86729520457712e+10
4.00000000000000e-01	6.21923746532207e+10
4.10000000000000e-01	5.64667959190235e+10
4.20000000000000e-01	5.13945675251266e+10
4.30000000000000e-01	4.68873337804457e+10
4.40000000000000e-01	4.28704731410381e+10
4.50000000000000e-01	3.92816765014405e+10
4.60000000000000e-01	3.60663944447343e+10
4.70000000000000e-01	3.31794029472614e+10
4.80000000000000e-01	3.05814030082926e+10
4.90000000000000e-01	2.82373863033836e+10
5.00000000000000e-01	2.61181469844113e+10
5.10000000000000e-01	2.41982217625934e+10
5.20000000000000e-01	2.24561628949654e+10
5.30000000000000e-01	2.08713364651423e+10
5.40000000000000e-01	1.94275756362359e+10
5.50000000000000e-01	1.81101185441003e+10
5.60000000000000e-01	1.69051043481060e+10
5.70000000000000e-01	1.58018658698916e+10
5.80000000000000e-01	1.47900709200721e+10
5.90000000000000e-01	1.38605967226785e+10
6.00000000000000e-01	1.30054740714810e+10
6.10000000000000e-01	1.22175317615613e+10
6.20000000000000e-01	1.14906629916367e+10
6.30000000000000e-01	1.08192509213414e+10
6.40000000000000e-01	1.01984012225721e+10
6.50000000000000e-01	9.62324272528424e+09
6.60000000000000e-01	9.08999889556326e+09
6.70000000000000e-01	8.59477713886834e+09
6.80000000000000e-01	8.13467244118684e+09
6.90000000000000e-01	7.70656949360813e+09
7.00000000000000e-01	7.30789481462319e+09
7.10000000000000e-01	6.93612514844882e+09
7.20000000000000e-01	6.58898859101801e+09
7.30000000000000e-01	6.26496519347995e+09
7.40000000000000e-01	5.96171286095586e+09
7.50000000000000e-01	5.67804120851837e+09
7.60000000000000e-01	5.41220681427183e+09
7.70000000000000e-01	5.16302683168255e+09
7.80000000000000e-01	4.92915783477367e+09
7.90000000000000e-01	4.70953573664039e+09
8.00000000000000e-01	4.50309187108836e+09
8.10000000000000e-01	4.30885980255527e+09
8.20000000000000e-01	4.12606839093953e+09
8.30000000000000e-01	3.95389495010228e+09
8.40000000000000e-01	3.79166310513450e+09
8.50000000000000e-01	3.63853160764170e+09
8.60000000000000e-01	3.49403079400523e+09
8.70000000000000e-01	3.35750763443497e+09
8.80000000000000e-01	3.22849719484408e+09
8.90000000000000e-01	3.10653603794936e+09
9.00000000000000e-01	2.99114487823601e+09
9.10000000000000e-01	2.88187537085271e+09
9.20000000000000e-01	2.77841591578060e+09
9.30000000000000e-01	2.68038005317540e+09
9.40000000000000e-01	2.58747792522260e+09
9.50000000000000e-01	2.49933518396347e+09
9.60000000000000e-01	2.41568937757833e+09
9.70000000000000e-01	2.33634236124009e+09
9.80000000000000e-01	2.26102898482783e+09
9.90000000000000e-01	2.18947759278084e+09
1.00000000000000e+00	2.12158320554976e+09
1.01000000000000e+00	2.05705078480459e+09
1.02000000000000e+00	1.99571227209659e+09
1.03000000000000e+00	1.93748045502611e+09
1.04000000000000e+00	1.88212400463347e+09
1.05000000000000e+00	1.82951131875049e+09
1.06000000000000e+00	1.77947293068299e+09
1.07000000000000e+00	1.73194172534107e+09
1.08000000000000e+00	1.68669288553377e+09
1.09000000000000e+00	1.64358692923065e+09
1.10000000000000e+00	1.60251917635331e+09
1.11000000000000e+00	1.56329288230817e+09
1.12000000000000e+00	1.52578463429009e+09
1.13000000000000e+00	1.48985936156063e+09
1.14000000000000e+00	1.45535327363474e+09
1.15000000000000e+00	1.42215903466698e+09
1.16000000000000e+00	1.39013991968140e+09
1.17000000000000e+00	1.35921592508430e+09
1.18000000000000e+00	1.32928172281764e+09
1.19000000000000e+00	1.30031449969779e+09
1.20000000000000e+00	1.27228984561184e+09
1.21000000000000e+00	1.24518672025225e+09
1.22000000000000e+00	1.21905411064424e+09
1.23000000000000e+00	1.19397476965874e+09
1.24000000000000e+00	1.17000853999750e+09
1.25000000000000e+00	1.14732749782019e+09
1.26000000000000e+00	1.12603341896466e+09
1.27000000000000e+00	1.10639418451837e+09
1.28000000000000e+00	1.08855710949831e+09
1.29000000000000e+00	1.07284401138274e+09
1.30000000000000e+00	1.05948893902652e+09
1.31000000000000e+00	1.04882290720797e+09
1.32000000000000e+00	1.04111358825844e+09
1.33000000000000e+00	1.03665326071584e+09
1.34000000000000e+00	1.03567274945797e+09
1.35000000000000e+00	1.03838819119017e+09
1.36000000000000e+00	1.04493096341410e+09
1.37000000000000e+00	1.05535828960226e+09
1.38000000000000e+00	1.06963549294043e+09
1.39000000000000e+00	1.08763863493601e+09
1.40000000000000e+00	1.10920915344003e+09
1.41000000000000e+00	1.13406258365573e+09
1.42000000000000e+00	1.16190968596391e+09
1.43000000000000e+00	1.19241536612093e+09
1.44000000000000e+00	1.22526112727546e+09
1.45000000000000e+00	1.26008172152345e+09
1.46000000000000e+00	1.29656260782541e+09
1.47000000000000e+00	1.33432172251040e+09
1.48000000000000e+00	1.37303057183572e+09
1.49000000000000e+00	1.41224567636604e+09
1.50000000000000e+00	1.45148246296905e+09
1.51000000000000e+00	1.49012179589175e+09
1.52000000000000e+00	1.52738565727043e+09
1.53000000000000e+00	1.56239830822021e+09
1.54000000000000e+00	1.59403386783470e+09
1.55000000000000e+00	1.62104840489823e+09
1.56000000000000e+00	1.64216968814763e+09
1.57000000000000e+00	1.65603051586429e+09
1.58000000000000e+00	1.66129566463631e+09
1.59000000000000e+00	1.65678527501724e+09
1.60000000000000e+00	1.64149895182927e+09
1.61000000000000e+00	1.61479121099127e+09
1.62000000000000e+00	1.57631835386025e+09
1.63000000000000e+00	1.52620035823440e+09
1.64000000000000e+00	1.46505134940211e+09
1.65000000000000e+00	1.39408778980032e+09
1.66000000000000e+00	1.31501058594006e+09
1.67000000000000e+00	1.23009400549425e+09
1.68000000000000e+00	1.14183204498352e+09
1.69000000000000e+00	1.05283127676929e+09
1.70000000000000e+00	9.65472705984652e+08
1.71000000000000e+00	8.81867820402534e+08
1.72000000000000e+00	8.03715765087210e+08
1.73000000000000e+00	7.32410441835414e+08
1.74000000000000e+00	6.68986456760283e+08
1.75000000000000e+00	6.13997348731076e+08
1.76000000000000e+00	5.67501064631534e+08
1.77000000000000e+00	5.29014328815648e+08
1.78000000000000e+00	4.97587697275866e+08
1.79000000000000e+00	4.71890546248522e+08
1.80000000000000e+00	4.50326898672556e+08
1.81000000000000e+00	4.31259082661775e+08
1.82000000000000e+00	4.13235157539635e+08
1.83000000000000e+00	3.95214634853112e+08
1.84000000000000e+00	3.76688656942398e+08
1.85000000000000e+00	3.57687520448276e+08
1.86000000000000e+00	3.38553350146189e+08
1.87000000000000e+00	3.19818194171329e+08
1.88000000000000e+00	3.02032385823142e+08
1.89000000000000e+00	2.85709589011819e+08
1.90000000000000e+00	2.71296622131606e+08
1.91000000000000e+00	2.59136293494041e+08
1.92000000000000e+00	2.49483683572564e+08
1.93000000000000e+00	2.42461641661866e+08
1.94000000000000e+00	2.38081732527941e+08
1.95000000000000e+00	2.36232648435978e+08
1.96000000000000e+00	2.36700992379428e+08
1.97000000000000e+00	2.39185865352997e+08
1.98000000000000e+00	2.43322124584045e+08
1.99000000000000e+00	2.48708915914605e+08
2.00000000000000e+00	2.54923729738953e+08
2.01000000000000e+00	2.61548291206165e+08
2.02000000000000e+00	2.68183086246479e+08
2.03000000000000e+00	2.74451069924390e+08
2.04000000000000e+00	2.80001611482304e+08
2.05000000000000e+00	2.84522135233323e+08
2.06000000000000e+00	2.87718737569131e+08
2.07000000000000e+00	2.89312010466714e+08
2.08000000000000e+00	2.89036456732859e+08
2.09000000000000e+00	2.86618842477278e+08
2.10000000000000e+00	2.81808053397634e+08
2.11000000000000e+00	2.74412489057976e+08
2.12000000000000e+00	2.64357050561007e+08
2.13000000000000e+00	2.51761017469738e+08
2.14000000000000e+00	2.36981606230475e+08
2.15000000000000e+00	2.20568173155991e+08
2.16000000000000e+00	2.03195904962385e+08
2.17000000000000e+00	1.85511140475843e+08
2.18000000000000e+00	1.68052192458384e+08
2.19000000000000e+00	1.51176263937080e+08
2.20000000000000e+00	1.35092211486713e+08
2.21000000000000e+00	1.19895519935805e+08
2.22000000000000e+00	1.05636075731633e+08
2.23000000000000e+00	9.23742027418015e+07
2.24000000000000e+00	8.01962578647161e+07
2.25000000000000e+00	6.92123550677988e+07
2.26000000000000e+00	5.95152895130898e+07
2.27000000000000e+00	5.11445677360312e+07
2.28000000000000e+00	4.40715176772152e+07
2.29000000000000e+00	3.82025040278890e+07
2.30000000000000e+00	3.34008174134747e+07
2.31000000000000e+00	2.95112941687042e+07
2.32000000000000e+00	2.63820321711283e+07
2.33000000000000e+00	2.38791305835777e+07
2.34000000000000e+00	2.18919410778391e+07
2.35000000000000e+00	2.03373408701677e+07
2.36000000000000e+00	1.91525939390587e+07
2.37000000000000e+00	1.82887711941811e+07
2.38000000000000e+00	1.77040559480999e+07
2.39000000000000e+00	1.73564944733439e+07
2.40000000000000e+00	1.72023179858683e+07
2.41000000000000e+00	1.71990370919460e+07
2.42000000000000e+00	1.73113398020233e+07
2.43000000000000e+00	1.75155553486740e+07
2.44000000000000e+00	1.78031946174874e+07
2.45000000000000e+00	1.81818120331122e+07
2.46000000000000e+00	1.86709678841298e+07
2.47000000000000e+00	1.92995296278273e+07
2.48000000000000e+00	2.00994747899690e+07
2.49000000000000e+00	2.11016834336243e+07
2.50000000000000e+00	2.23297195523921e+07
2.51000000000000e+00	2.37966704533074e+07
2.52000000000000e+00	2.54993251245682e+07
2.53000000000000e+00	2.74165428591935e+07
2.54000000000000e+00	2.95081758550915e+07
2.55000000000000e+00	3.17173090868568e+07
2.56000000000000e+00	3.39742073623043e+07
2.57000000000000e+00	3.61991143677934e+07
2.58000000000000e+00	3.83071569822307e+07
2.59000000000000e+00	4.02101227147555e+07
2.60000000000000e+00	4.18146822236179e+07
2.61000000000000e+00	4.30271318284591e+07
2.62000000000000e+00	4.37538893225384e+07
2.63000000000000e+00	4.39165647780666e+07
2.64000000000000e+00	4.34813992918416e+07
2.65000000000000e+00	4.24814263800597e+07
2.66000000000000e+00	4.10301146361211e+07
2.67000000000000e+00	3.92953698809298e+07
2.68000000000000e+00	3.74543363591396e+07
2.69000000000000e+00	3.56485503417180e+07
2.70000000000000e+00	3.39613688015417e+07
2.71000000000000e+00	3.24172048094196e+07
2.72000000000000e+00	3.09950287609427e+07
2.73000000000000e+00	2.96495431426614e+07
2.74000000000000e+00	2.83279979602752e+07
2.75000000000000e+00	2.69848744009491e+07
2.76000000000000e+00	2.55893424954287e+07
2.77000000000000e+00	2.41284425582676e+07
2.78000000000000e+00	2.26030887177826e+07
2.79000000000000e+00	2.10239802647901e+07
2.80000000000000e+00	1.94062964059149e+07
2.81000000000000e+00	1.77668123363442e+07
2.82000000000000e+00	1.61232537194689e+07
2.83000000000000e+00	1.44924055457857e+07
2.84000000000000e+00	1.28916129105577e+07
2.85000000000000e+00	1.13381361289864e+07
2.86000000000000e+00	9.84921794517027e+06
2.87000000000000e+00	8.44175678221187e+06
2.88000000000000e+00	7.13162095173971e+06
2.89000000000000e+00	5.93232604538574e+06
2.90000000000000e+00	4.85447622963331e+06
2.91000000000000e+00	3.90527125301232e+06
2.92000000000000e+00	3.08839403224657e+06
2.93000000000000e+00	2.40408914927199e+06
2.94000000000000e+00	1.84939960290313e+06
2.95000000000000e+00	1.41828581616339e+06
2.96000000000000e+00	1.10179293270437e+06
2.97000000000000e+00	8.88172203183012e+05
2.98000000000000e+00	7.63575922298417e+05
2.99000000000000e+00	7.12759893755810e+05
3.00000000000000e+00	7.20218005382875e+05
3.01000000000000e+00	7.71092561623927e+05
3.02000000000000e+00	8.51896420225046e+05
3.03000000000000e+00	9.50904016261534e+05
3.04000000000000e+00	1.05830046013873e+06
3.05000000000000e+00	1.16617793376691e+06
3.06000000000000e+00	1.26847748144682e+06
3.07000000000000e+00	1.36094423725792e+06
3.08000000000000e+00	1.44096248580145e+06
3.09000000000000e+00	1.50730733207995e+06
3.10000000000000e+00	1.55998507672987e+06
3.11000000000000e+00	1.59985021948904e+06
3.12000000000000e+00	1.62830878710828e+06
3.13000000000000e+00	1.64699317336376e+06
3.14000000000000e+00	1.65747192812826e+06
3.15000000000000e+00	1.66104188118835e+06
3.16000000000000e+00	1.65877576614879e+06
3.17000000000000e+00	1.65143528881772e+06
3.18000000000000e+00	1.63964160889991e+06
3.19000000000000e+00	1.62400459936136e+06
3.20000000000000e+00	1.60506761517921e+06
3.21000000000000e+00	1.58327109682182e+06
3.22000000000000e+00	1.55875373486521e+06
3.23000000000000e+00	1.53128193088819e+06
3.24000000000000e+00	1.50026469467176e+06
3.25000000000000e+00	1.46489330392123e+06
3.26000000000000e+00	1.42443047738941e+06
3.27000000000000e+00	1.37848230788911e+06
3.28000000000000e+00	1.32718710283657e+06
3.29000000000000e+00	1.27135041344013e+06
3.30000000000000e+00	1.21238251463434e+06
3.31000000000000e+00	1.15214360895045e+06
3.32000000000000e+00	1.09275904676259e+06
3.33000000000000e+00	1.03624625930427e+06
3.34000000000000e+00	9.84292834210827e+05
3.35000000000000e+00	9.37976479840403e+05
3.36000000000000e+00	8.97654377767090e+05
3.37000000000000e+00	8.62962977704516e+05
3.38000000000000e+00	8.32901505602995e+05
3.39000000000000e+00	8.06067702142276e+05
3.40000000000000e+00	7.80875743537493e+05
3.41000000000000e+00	7.55782867574103e+05
3.42000000000000e+00	7.29507356693625e+05
3.43000000000000e+00	7.01163647734048e+05
3.44000000000000e+00	6.70317590038342e+05
3.45000000000000e+00	6.36966873438815e+05
3.46000000000000e+00	6.01510551825558e+05
3.47000000000000e+00	5.64632166577884e+05
3.48000000000000e+00	5.27203357641526e+05
3.49000000000000e+00	4.90169137619422e+05
3.50000000000000e+00	4.54447790539775e+05
3.51000000000000e+00	4.20856650988338e+05
3.52000000000000e+00	3.90057881966417e+05
3.53000000000000e+00	3.62511040719605e+05
3.54000000000000e+00	3.38478189560810e+05
3.55000000000000e+00	3.18020264060172e+05
3.56000000000000e+00	3.01025839114105e+05
3.57000000000000e+00	2.87250478603697e+05
3.58000000000000e+00	2.76344218332379e+05
3.59000000000000e+00	2.67887979222727e+05
3.60000000000000e+00	2.61420330345301e+05
3.61000000000000e+00	2.56448147635344e+05
3.62000000000000e+00	2.52454268987281e+05
3.63000000000000e+00	2.48919854998339e+05
3.64000000000000e+00	2.45329528661340e+05
3.65000000000000e+00	2.41193905536411e+05
3.66000000000000e+00	2.36081150353156e+05
3.67000000000000e+00	2.29646885401951e+05
3.68000000000000e+00	2.21660919746145e+05
3.69000000000000e+00	2.12031072492743e+05
3.70000000000000e+00	2.00813596072012e+05
3.71000000000000e+00	1.88223913821390e+05
3.72000000000000e+00	1.74625553433522e+05
3.73000000000000e+00	1.60509608662026e+05
3.74000000000000e+00	1.46459215305984e+05
3.75000000000000e+00	1.33089329278343e+05
3.76000000000000e+00	1.20967806183018e+05
3.77000000000000e+00	1.10533049639186e+05
3.78000000000000e+00	1.02028183165811e+05
3.79000000000000e+00	9.54579562717212e+04
3.80000000000000e+00	9.05922618213710e+04
3.81000000000000e+00	8.70180201405171e+04
3.82000000000000e+00	8.42371653336789e+04
3.83000000000000e+00	8.17913527080789e+04
3.84000000000000e+00	7.93984722553601e+04
3.85000000000000e+00	7.70794475959076e+04
3.86000000000000e+00	7.52335169706357e+04
3.87000000000000e+00	7.46625374668784e+04
3.88000000000000e+00	7.65272065194886e+04
3.89000000000000e+00	8.22393408738421e+04
3.90000000000000e+00	9.32891897675788e+04
3.91000000000000e+00	1.11038129110769e+05
3.92000000000000e+00	1.36490101442057e+05
3.93000000000000e+00	1.70069830136890e+05
3.94000000000000e+00	2.11465256320420e+05
3.95000000000000e+00	2.59531401199704e+05
3.96000000000000e+00	3.12345018958376e+05
3.97000000000000e+00	3.67398772102351e+05
3.98000000000000e+00	4.21882378695356e+05
3.99000000000000e+00	4.73025414939089e+05
4.00000000000000e+00	5.18387600016229e+05
4.01000000000000e+00	5.56055051951855e+05
4.02000000000000e+00	5.84683652596053e+05
4.03000000000000e+00	6.03423697333024e+05
4.04000000000000e+00	6.11839985453969e+05
4.05000000000000e+00	6.09821524892912e+05
4.06000000000000e+00	5.97554699520580e+05
4.07000000000000e+00	5.75601568512322e+05
4.08000000000000e+00	5.44981105202085e+05
4.09000000000000e+00	5.07316428659357e+05
4.10000000000000e+00	4.64925343257130e+05
4.11000000000000e+00	4.20885111356856e+05
4.12000000000000e+00	3.79047014998889e+05
4.13000000000000e+00	3.43958960036029e+05
4.14000000000000e+00	3.20713238476298e+05
4.15000000000000e+00	3.14635990369176e+05
4.16000000000000e+00	3.30848703402393e+05
4.17000000000000e+00	3.73651624852388e+05
4.18000000000000e+00	4.45816556853260e+05
4.19000000000000e+00	5.47857687197873e+05
4.20000000000000e+00	6.77490763438023e+05
4.21000000000000e+00	8.29360499374217e+05
4.22000000000000e+00	9.95342581288052e+05
4.23000000000000e+00	1.16524590768088e+06
4.24000000000000e+00	1.32808618898325e+06
4.25000000000000e+00	1.47338663148665e+06
4.26000000000000e+00	1.59265870135972e+06
4.27000000000000e+00	1.68023626290105e+06
4.28000000000000e+00	1.73386360311135e+06
4.29000000000000e+00	1.75437860731312e+06
4.30000000000000e+00	1.74512127704619e+06
4.31000000000000e+00	1.71097071066575e+06
4.32000000000000e+00	1.65744448435045e+06
4.33000000000000e+00	1.58990020906981e+06
4.34000000000000e+00	1.51316289495358e+06
4.35000000000000e+00	1.43122658909976e+06
4.36000000000000e+00	1.34720424030400e+06
4.37000000000000e+00	1.26342243988499e+06
4.38000000000000e+00	1.18151706541477e+06
4.39000000000000e+00	1.10251721031039e+06
4.40000000000000e+00	1.02697407705931e+06
4.41000000000000e+00	9.55009728028001e+05
4.42000000000000e+00	8.86525477094752e+05
4.43000000000000e+00	8.21246268994998e+05
4.44000000000000e+00	7.58866019902912e+05
4.45000000000000e+00	6.99156511457104e+05
4.46000000000000e+00	6.42015730175292e+05
4.47000000000000e+00	5.87526928731580e+05
4.48000000000000e+00	5.35930908489107e+05
4.49000000000000e+00	4.87599776919637e+05
4.50000000000000e+00	4.42942824263597e+05
4.51000000000000e+00	4.02357119032811e+05
4.52000000000000e+00	3.66123756175174e+05
4.53000000000000e+00	3.34350313923070e+05
4.54000000000000e+00	3.06954845380421e+05
4.55000000000000e+00	2.83642233437409e+05
4.56000000000000e+00	2.63935607022664e+05
4.57000000000000e+00	2.47204846413618e+05
4.58000000000000e+00	2.32710121827367e+05
4.59000000000000e+00	2.19668168021574e+05
4.60000000000000e+00	2.07276124051984e+05
4.61000000000000e+00	1.94792785273418e+05
4.62000000000000e+00	1.81576389163330e+05
4.63000000000000e+00	1.67176135280460e+05
4.64000000000000e+00	1.51356951238787e+05
4.65000000000000e+00	1.34159233763666e+05
4.66000000000000e+00	1.15896328454242e+05
4.67000000000000e+00	9.71179391764421e+04
4.68000000000000e+00	7.85398250556366e+04
4.69000000000000e+00	6.09374963768473e+04
4.70000000000000e+00	4.50418089856946e+04
4.71000000000000e+00	3.14458923532748e+04
4.72000000000000e+00	2.05481099968484e+04
4.73000000000000e+00	1.25317216320376e+04
4.74000000000000e+00	7.37787512696390e+03
4.75000000000000e+00	4.89862061136774e+03
4.76000000000000e+00	4.78001094637860e+03
4.77000000000000e+00	6.62089476050927e+03
4.78000000000000e+00	9.96308908620242e+03
4.79000000000000e+00	1.43110125690409e+04
4.80000000000000e+00	1.91467904796565e+04
4.81000000000000e+00	2.39478741389810e+04
4.82000000000000e+00	2.82159470036936e+04
4.83000000000000e+00	3.15158986691579e+04
4.84000000000000e+00	3.35258990006826e+04
4.85000000000000e+00	3.40795108326016e+04
4.86000000000000e+00	3.31946333815596e+04
4.87000000000000e+00	3.10705164049702e+04
4.88000000000000e+00	2.80576848012916e+04
4.89000000000000e+00	2.46023996121250e+04
4.90000000000000e+00	2.11830724568024e+04
4.91000000000000e+00	1.82458129880571e+04
4.92000000000000e+00	1.61602256931925e+04
4.93000000000000e+00	1.51923370822586e+04
4.94000000000000e+00	1.55004762563255e+04
4.95000000000000e+00	1.71489421518901e+04
4.96000000000000e+00	2.01314233592388e+04
4.97000000000000e+00	2.43994517088753e+04
4.98000000000000e+00	2.98880606105489e+04
4.99000000000000e+00	3.65381891144410e+04
5.00000000000000e+00	4.43104206486489e+04
5.01000000000000e+00	5.31919797649801e+04
5.02000000000000e+00	6.32009320660938e+04
5.03000000000000e+00	7.43808469382480e+04
5.04000000000000e+00	8.67960309049113e+04
5.05000000000000e+00	1.00521359442907e+05
5.06000000000000e+00	1.15632414933539e+05
5.07000000000000e+00	1.32186055026040e+05
5.08000000000000e+00	1.50207385113408e+05
5.09000000000000e+00	1.69659926280746e+05
5.10000000000000e+00	1.90417169116514e+05
5.11000000000000e+00	2.12238404400963e+05
5.12000000000000e+00	2.34733848579911e+05
5.13000000000000e+00	2.57374411482380e+05
5.14000000000000e+00	2.79492386748143e+05
5.15000000000000e+00	3.00343411541356e+05
5.16000000000000e+00	3.19168672857121e+05
5.17000000000000e+00	3.35307836595328e+05
5.18000000000000e+00	3.48271462828343e+05
5.19000000000000e+00	3.57821863382864e+05
5.20000000000000e+00	3.64001199903052e+05
5.21000000000000e+00	3.67096363760650e+05
5.22000000000000e+00	3.67592928047567e+05
5.23000000000000e+00	3.66093512617833e+05
5.24000000000000e+00	3.63219695182740e+05
5.25000000000000e+00	3.59542682126815e+05
5.26000000000000e+00	3.55560568976993e+05
5.27000000000000e+00	3.51662592180613e+05
5.28000000000000e+00	3.48156007251127e+05
5.29000000000000e+00	3.45256329639454e+05
5.30000000000000e+00	3.43158001662895e+05
5.31000000000000e+00	3.42000617903742e+05
5.32000000000000e+00	3.41897177328495e+05
5.33000000000000e+00	3.42949087098584e+05
5.34000000000000e+00	3.45225493494732e+05
5.35000000000000e+00	3.48804852039891e+05
5.36000000000000e+00	3.53784793616203e+05
5.37000000000000e+00	3.60320957063970e+05
5.38000000000000e+00	3.68671500781618e+05
5.39000000000000e+00	3.79276481249057e+05
5.40000000000000e+00	3.92840903692022e+05
5.41000000000000e+00	4.10419581211090e+05
5.42000000000000e+00	4.33538783538079e+05
5.43000000000000e+00	4.64268100800938e+05
5.44000000000000e+00	5.05275235127141e+05
5.45000000000000e+00	5.59812919669508e+05
5.46000000000000e+00	6.31646030012446e+05
5.47000000000000e+00	7.24853941578133e+05
5.48000000000000e+00	8.43576146364887e+05
5.49000000000000e+00	9.91637199695072e+05
5.50000000000000e+00	1.17198855228461e+06
5.51000000000000e+00	1.38611872116873e+06
5.52000000000000e+00	1.63319455341557e+06
5.53000000000000e+00	1.90925464229719e+06
5.54000000000000e+00	2.20640880216654e+06
5.55000000000000e+00	2.51258089751965e+06
5.56000000000000e+00	2.81186240338921e+06
5.57000000000000e+00	3.08584649900523e+06
5.58000000000000e+00	3.31584394341210e+06
5.59000000000000e+00	3.48554713109249e+06
5.60000000000000e+00	3.58331612754634e+06
5.61000000000000e+00	3.60433798412779e+06
5.62000000000000e+00	3.55067617608805e+06
5.63000000000000e+00	3.43069186507435e+06
5.64000000000000e+00	3.25687027480830e+06
5.65000000000000e+00	3.04389011526790e+06
5.66000000000000e+00	2.80638194928026e+06
5.67000000000000e+00	2.55770452615188e+06
5.68000000000000e+00	2.30880526582551e+06
5.69000000000000e+00	2.06832115406042e+06
5.70000000000000e+00	1.84250429541807e+06
5.71000000000000e+00	1.63560119081498e+06
5.72000000000000e+00	1.44992530253816e+06
5.73000000000000e+00	1.28625916249321e+06
5.74000000000000e+00	1.14388881478529e+06
5.75000000000000e+00	1.02110189872599e+06
5.76000000000000e+00	9.15434221675595e+05
5.77000000000000e+00	8.24086498289822e+05
5.78000000000000e+00	7.44259406324460e+05
5.79000000000000e+00	6.73460334607120e+05
5.80000000000000e+00	6.09723063918587e+05
5.81000000000000e+00	5.51687501570869e+05
5.82000000000000e+00	4.98619802282522e+05
5.83000000000000e+00	4.50375156588333e+05
5.84000000000000e+00	4.07272363930067e+05
5.85000000000000e+00	3.69984004152133e+05
5.86000000000000e+00	3.39345236820149e+05
5.87000000000000e+00	3.16192093461381e+05
5.88000000000000e+00	3.01185867245735e+05
5.89000000000000e+00	2.94631627405396e+05
5.90000000000000e+00	2.96400776397764e+05
5.91000000000000e+00	3.05859373109072e+05
5.92000000000000e+00	3.21883031551619e+05
5.93000000000000e+00	3.42931578237351e+05
5.94000000000000e+00	3.67205218778006e+05
5.95000000000000e+00	3.92788572227450e+05
5.96000000000000e+00	4.17832003200319e+05
5.97000000000000e+00	4.40702482818101e+05
5.98000000000000e+00	4.60086741557060e+05
5.99000000000000e+00	4.75057985724324e+05
6.00000000000000e+00	4.85079734979686e+05
6.01000000000000e+00	4.89991214126086e+05
6.02000000000000e+00	4.89965137703065e+05
6.03000000000000e+00	4.85415140866645e+05
6.04000000000000e+00	4.76943726249355e+05
6.05000000000000e+00	4.65260943684948e+05
6.06000000000000e+00	4.51110622577124e+05
6.07000000000000e+00	4.35231285146220e+05
6.08000000000000e+00	4.18295518355987e+05
6.09000000000000e+00	4.00911941709967e+05
6.10000000000000e+00	3.83606957429127e+05
6.11000000000000e+00	3.66831973728350e+05
6.12000000000000e+00	3.50973005362676e+05
6.13000000000000e+00	3.36356118070086e+05
6.14000000000000e+00	3.23238318256216e+05
6.15000000000000e+00	3.11823903655295e+05
6.16000000000000e+00	3.02228683230692e+05
6.17000000000000e+00	2.94483995279483e+05
6.18000000000000e+00	2.88534912125281e+05
6.19000000000000e+00	2.84219913120578e+05
6.20000000000000e+00	2.81302565974699e+05
6.21000000000000e+00	2.79464375276230e+05
6.22000000000000e+00	2.78358976301740e+05
6.23000000000000e+00	2.77617149394392e+05
6.24000000000000e+00	2.76906517637560e+05
6.25000000000000e+00	2.75952419985703e+05
6.26000000000000e+00	2.74566611305276e+05
6.27000000000000e+00	2.72669164668544e+05
6.28000000000000e+00	2.70277425760829e+05
6.29000000000000e+00	2.67509724666955e+05
6.30000000000000e+00	2.64551373960085e+05
6.31000000000000e+00	2.61623057778205e+05
6.32000000000000e+00	2.58949819079861e+05
6.33000000000000e+00	2.56742226240641e+05
6.34000000000000e+00	2.55152623876295e+05
6.35000000000000e+00	2.54291604950805e+05
6.36000000000000e+00	2.54202816637275e+05
6.37000000000000e+00	2.54872510287015e+05
6.38000000000000e+00	2.56249312759102e+05
6.39000000000000e+00	2.58254877971151e+05
6.40000000000000e+00	2.60800065142010e+05
6.41000000000000e+00	2.63801614373326e+05
6.42000000000000e+00	2.67187932166446e+05
6.43000000000000e+00	2.70910456975709e+05
6.44000000000000e+00	2.74928397359329e+05
6.45000000000000e+00	2.79203716404793e+05
6.46000000000000e+00	2.83690338028409e+05
6.47000000000000e+00	2.88316244548579e+05
6.48000000000000e+00	2.92980465017363e+05
6.49000000000000e+00	2.97531205148286e+05
6.50000000000000e+00	3.01777591454218e+05
6.51000000000000e+00	3.05489602550420e+05
6.52000000000000e+00	3.08403847401118e+05
6.53000000000000e+00	3.10244334929480e+05
6.54000000000000e+00	3.10739331473701e+05
6.55000000000000e+00	3.09651353635344e+05
6.56000000000000e+00	3.06804391823780e+05
6.57000000000000e+00	3.02107677120588e+05
6.58000000000000e+00	2.95586266445292e+05
6.59000000000000e+00	2.87376294000083e+05
6.60000000000000e+00	2.77726800206712e+05
6.61000000000000e+00	2.66966202842187e+05
6.62000000000000e+00	2.55477410093980e+05
6.63000000000000e+00	2.43648222060909e+05
6.64000000000000e+00	2.31847463354866e+05
6.65000000000000e+00	2.20373014111834e+05
6.66000000000000e+00	2.09446219323296e+05
6.67000000000000e+00	1.99193254028541e+05
6.68000000000000e+00	1.89650234745911e+05
6.69000000000000e+00	1.80770363851711e+05
6.70000000000000e+00	1.72457513632686e+05
6.71000000000000e+00	1.64586399536154e+05
6.72000000000000e+00	1.57031661144314e+05
6.73000000000000e+00	1.49699542379156e+05
6.74000000000000e+00	1.42527981034619e+05
6.75000000000000e+00	1.35508561936248e+05
6.76000000000000e+00	1.28672354106102e+05
6.77000000000000e+00	1.22086890172357e+05
6.78000000000000e+00	1.15836433244727e+05
6.79000000000000e+00	1.10006253371748e+05
6.80000000000000e+00	1.04668807920159e+05
6.81000000000000e+00	9.98734324640508e+04
6.82000000000000e+00	9.56335294192904e+04
6.83000000000000e+00	9.19356731142959e+04
6.84000000000000e+00	8.87353689048139e+04
6.85000000000000e+00	8.59732078074377e+04
6.86000000000000e+00	8.35853703633360e+04
6.87000000000000e+00	8.15111726284080e+04
6.88000000000000e+00	7.97114063546070e+04
6.89000000000000e+00	7.81683023644136e+04
6.90000000000000e+00	7.68974572207045e+04
6.91000000000000e+00	7.59465905666298e+04
6.92000000000000e+00	7.53998372082060e+04
6.93000000000000e+00	7.53717663948835e+04
6.94000000000000e+00	7.59982512347630e+04
6.95000000000000e+00	7.74305471020460e+04
6.96000000000000e+00	7.98192345166850e+04
6.97000000000000e+00	8.32918601877583e+04
6.98000000000000e+00	8.79411907837978e+04
6.99000000000000e+00	9.37989601269277e+04
7.00000000000000e+00	1.00831138161815e+05
7.01000000000000e+00	1.08924284963408e+05
7.02000000000000e+00	1.17893886032449e+05
7.03000000000000e+00	1.27497254469177e+05
7.04000000000000e+00	1.37454130211582e+05
7.05000000000000e+00	1.47471953215102e+05
7.06000000000000e+00	1.57272962360024e+05
7.07000000000000e+00	1.66618619378498e+05
7.08000000000000e+00	1.75317873855255e+05
7.09000000000000e+00	1.83242119214018e+05
7.10000000000000e+00	1.90314781724843e+05
7.11000000000000e+00	1.96510328572361e+05
7.12000000000000e+00	2.01833220339503e+05
7.13000000000000e+00	2.06295968526673e+05
7.14000000000000e+00	2.09909015455869e+05
7.15000000000000e+00	2.12657577094208e+05
7.16000000000000e+00	2.14501581441712e+05
7.17000000000000e+00	2.15386150925177e+05
7.18000000000000e+00	2.15246049889366e+05
7.19000000000000e+00	2.14031812204651e+05
7.20000000000000e+00	2.11737599028994e+05
7.21000000000000e+00	2.08406435054021e+05
7.22000000000000e+00	2.04149677896833e+05
7.23000000000000e+00	1.99147623044170e+05
7.24000000000000e+00	1.93640677183443e+05
7.25000000000000e+00	1.87915969082764e+05
7.26000000000000e+00	1.82278124826394e+05
7.27000000000000e+00	1.77024781023721e+05
7.28000000000000e+00	1.72419657202391e+05
7.29000000000000e+00	1.68666567275182e+05
7.30000000000000e+00	1.65901107953451e+05
7.31000000000000e+00	1.64167808792295e+05
7.32000000000000e+00	1.63439529777279e+05
7.33000000000000e+00	1.63626880524030e+05
7.34000000000000e+00	1.64584792749011e+05
7.35000000000000e+00	1.66138189894361e+05
7.36000000000000e+00	1.68095256330640e+05
7.37000000000000e+00	1.70267570616233e+05
7.38000000000000e+00	1.72471171053521e+05
7.39000000000000e+00	1.74546021894573e+05
7.40000000000000e+00	1.76359621835627e+05
7.41000000000000e+00	1.77810021427931e+05
7.42000000000000e+00	1.78831646571239e+05
7.43000000000000e+00	1.79412349383352e+05
7.44000000000000e+00	1.79577687797190e+05
7.45000000000000e+00	1.79407387680058e+05
7.46000000000000e+00	1.79021917203834e+05
7.47000000000000e+00	1.78584349533031e+05
7.48000000000000e+00	1.78284075862453e+05
7.49000000000000e+00	1.78325946833750e+05
7.50000000000000e+00	1.78908110488283e+05
7.51000000000000e+00	1.80220020351011e+05
7.52000000000000e+00	1.82425210958144e+05
7.53000000000000e+00	1.85659927680755e+05
7.54000000000000e+00	1.90035347614906e+05
7.55000000000000e+00	1.95649224962877e+05
7.56000000000000e+00	2.02595716884115e+05
7.57000000000000e+00	2.10980458910643e+05
7.58000000000000e+00	2.20939377638151e+05
7.59000000000000e+00	2.32644679597370e+05
7.60000000000000e+00	2.46311589343990e+05
7.61000000000000e+00	2.62188808719645e+05
7.62000000000000e+00	2.80554059149709e+05
7.63000000000000e+00	3.01678074040821e+05
7.64000000000000e+00	3.25802920933640e+05
7.65000000000000e+00	3.53094516227959e+05
7.66000000000000e+00	3.83604135312799e+05
7.67000000000000e+00	4.17235687987267e+05
7.68000000000000e+00	4.53682165097042e+05
7.69000000000000e+00	4.92425841843023e+05
7.70000000000000e+00	5.32708461959552e+05
7.71000000000000e+00	5.73538059579477e+05
7.72000000000000e+00	6.13721311380812e+05
7.73000000000000e+00	6.51864585021290e+05
7.74000000000000e+00	6.86465837239418e+05
7.75000000000000e+00	7.15891398630283e+05
7.76000000000000e+00	7.38469986983245e+05
7.77000000000000e+00	7.52510360121665e+05
7.78000000000000e+00	7.56387389164518e+05
7.79000000000000e+00	7.48706264258052e+05
7.80000000000000e+00	7.28480783604094e+05
7.81000000000000e+00	6.95399278524731e+05
7.82000000000000e+00	6.49986945132326e+05
7.83000000000000e+00	5.93740740946316e+05
7.84000000000000e+00	5.29085979757982e+05
7.85000000000000e+00	4.59149229075670e+05
7.86000000000000e+00	3.87422657969006e+05
7.87000000000000e+00	3.17357791454723e+05
7.88000000000000e+00	2.51968039758120e+05
7.89000000000000e+00	1.93547544071511e+05
7.90000000000000e+00	1.43533668037535e+05
7.91000000000000e+00	1.02498744398418e+05
7.92000000000000e+00	7.02824592627640e+04
7.93000000000000e+00	4.61759473437108e+04
7.94000000000000e+00	2.91305399968092e+04
7.95000000000000e+00	1.79397745906156e+04
7.96000000000000e+00	1.13798091841626e+04
7.97000000000000e+00	8.30462265071948e+03
7.98000000000000e+00	7.69848590232917e+03
7.99000000000000e+00	8.70085875077354e+03
8.00000000000000e+00	1.06106424074472e+04
8.01000000000000e+00	1.28811135178852e+04
8.02000000000000e+00	1.51086232605785e+04
8.03000000000000e+00	1.70183762176240e+04
8.04000000000000e+00	1.84484915862677e+04
8.05000000000000e+00	1.93344053480290e+04
8.06000000000000e+00	1.96903659512658e+04
8.07000000000000e+00	1.95916963055443e+04
8.08000000000000e+00	1.91551709516236e+04
8.09000000000000e+00	1.85193792141258e+04
8.10000000000000e+00	1.78271202962746e+04
8.11000000000000e+00	1.72090817808752e+04
8.12000000000000e+00	1.67722124012697e+04
8.13000000000000e+00	1.65928541763933e+04
8.14000000000000e+00	1.67136969930737e+04
8.15000000000000e+00	1.71467380491358e+04
8.16000000000000e+00	1.78778149630126e+04
8.17000000000000e+00	1.88738786215744e+04
8.18000000000000e+00	2.00901812623569e+04
8.19000000000000e+00	2.14766459516174e+04
8.20000000000000e+00	2.29833103496940e+04
8.21000000000000e+00	2.45648977346527e+04
8.22000000000000e+00	2.61824264819619e+04
8.23000000000000e+00	2.78044074567103e+04
8.24000000000000e+00	2.94074962547046e+04
8.25000000000000e+00	3.09759860808837e+04
8.26000000000000e+00	3.24987633163870e+04
8.27000000000000e+00	3.39707873973958e+04
8.28000000000000e+00	3.53894242163379e+04
8.29000000000000e+00	3.67554429430849e+04
8.30000000000000e+00	3.80736157850207e+04
8.31000000000000e+00	3.93508273213647e+04
8.32000000000000e+00	4.05991108248169e+04
8.33000000000000e+00	4.18349283002250e+04
8.34000000000000e+00	4.30786413200376e+04
8.35000000000000e+00	4.43535114022787e+04
8.36000000000000e+00	4.56846038649055e+04
8.37000000000000e+00	4.70952063920531e+04
8.38000000000000e+00	4.86036607975451e+04
8.39000000000000e+00	5.02201301647776e+04
8.40000000000000e+00	5.19432295736622e+04
8.41000000000000e+00	5.37562103360524e+04
8.42000000000000e+00	5.56259702445619e+04
8.43000000000000e+00	5.75034998399737e+04
8.44000000000000e+00	5.93255163010750e+04
8.45000000000000e+00	6.10122661245163e+04
8.46000000000000e+00	6.24809690832963e+04
8.47000000000000e+00	6.36445335325777e+04
8.48000000000000e+00	6.44177695223805e+04
8.49000000000000e+00	6.47327323865086e+04
8.50000000000000e+00	6.45373395849403e+04
8.51000000000000e+00	6.38079077816159e+04
8.52000000000000e+00	6.25435979909213e+04
8.53000000000000e+00	6.07793524263206e+04
8.54000000000000e+00	5.85770736360954e+04
8.55000000000000e+00	5.60254704464460e+04
8.56000000000000e+00	5.32353022752501e+04
8.57000000000000e+00	5.03316371508848e+04
8.58000000000000e+00	4.74456297962346e+04
8.59000000000000e+00	4.47039045259448e+04
8.60000000000000e+00	4.22200842868035e+04
8.61000000000000e+00	4.00841557114318e+04
8.62000000000000e+00	3.83575549634643e+04
8.63000000000000e+00	3.70712256150156e+04
8.64000000000000e+00	3.62256965069508e+04
8.65000000000000e+00	3.57951719335354e+04
8.66000000000000e+00	3.57331553170822e+04
8.67000000000000e+00	3.59793057019568e+04
8.68000000000000e+00	3.64675496054403e+04
8.69000000000000e+00	3.71307778855911e+04
8.70000000000000e+00	3.79073009551740e+04
8.71000000000000e+00	3.87421729078193e+04
8.72000000000000e+00	3.95909943901039e+04
8.73000000000000e+00	4.04170632272533e+04
8.74000000000000e+00	4.11937950854168e+04
8.75000000000000e+00	4.19002952966997e+04
8.76000000000000e+00	4.25227984178555e+04
8.77000000000000e+00	4.30494575609980e+04
8.78000000000000e+00	4.34742215391373e+04
8.79000000000000e+00	4.37925515272927e+04
8.80000000000000e+00	4.40036718343207e+04
8.81000000000000e+00	4.41115329132771e+04
8.82000000000000e+00	4.41225682035191e+04
8.83000000000000e+00	4.40485028293229e+04
8.84000000000000e+00	4.39039700801773e+04
8.85000000000000e+00	4.37076522940627e+04
8.86000000000000e+00	4.34791380623426e+04
8.87000000000000e+00	4.32391604798814e+04
8.88000000000000e+00	4.30077283221833e+04
8.89000000000000e+00	4.28031370512766e+04
8.90000000000000e+00	4.26396476102795e+04
8.91000000000000e+00	4.25281383385094e+04
8.92000000000000e+00	4.24734601797047e+04
8.93000000000000e+00	4.24782659960461e+04
8.94000000000000e+00	4.25392928234798e+04
8.95000000000000e+00	4.26522849070133e+04
8.96000000000000e+00	4.28093959404003e+04
8.97000000000000e+00	4.30028659329281e+04
8.98000000000000e+00	4.32238095914846e+04
8.99000000000000e+00	4.34650142437464e+04
9.00000000000000e+00	4.37205066608566e+04
9.01000000000000e+00	4.39870752404604e+04
9.02000000000000e+00	4.42625538454165e+04
9.03000000000000e+00	4.45453259306115e+04
9.04000000000000e+00	4.48358710882111e+04
9.05000000000000e+00	4.51309050249877e+04
9.06000000000000e+00	4.54279272050334e+04
9.07000000000000e+00	4.57206129051485e+04
9.08000000000000e+00	4.60029121178892e+04
9.09000000000000e+00	4.62681632597666e+04
9.10000000000000e+00	4.65106863093319e+04
9.11000000000000e+00	4.67247375537727e+04
9.12000000000000e+00	4.69072737152237e+04
9.13000000000000e+00	4.70558816665504e+04
9.14000000000000e+00	4.71709808790717e+04
9.15000000000000e+00	4.72531682107859e+04
9.16000000000000e+00	4.73053232597419e+04
9.17000000000000e+00	4.73315279367689e+04
9.18000000000000e+00	4.73366679472359e+04
9.19000000000000e+00	4.73258966346057e+04
9.20000000000000e+00	4.73045088340979e+04
9.21000000000000e+00	4.72777580263982e+04
9.22000000000000e+00	4.72494321602125e+04
9.23000000000000e+00	4.72229843947823e+04
9.24000000000000e+00	4.71994496482856e+04
9.25000000000000e+00	4.71788856731870e+04
9.26000000000000e+00	4.71596526879151e+04
9.27000000000000e+00	4.71398724334061e+04
9.28000000000000e+00	4.71165677196940e+04
9.29000000000000e+00	4.70874404399589e+04
9.30000000000000e+00	4.70502863377377e+04
9.31000000000000e+00	4.70042205151005e+04
9.32000000000000e+00	4.69487857212255e+04
9.33000000000000e+00	4.68847870366328e+04
9.34000000000000e+00	4.68139811382853e+04
9.35000000000000e+00	4.67384418891901e+04
9.36000000000000e+00	4.66611167008160e+04
9.37000000000000e+00	4.65848351199472e+04
9.38000000000000e+00	4.65128355988324e+04
9.39000000000000e+00	4.64484840895754e+04
9.40000000000000e+00	4.63943330584751e+04
9.41000000000000e+00	4.63535482000955e+04
9.42000000000000e+00	4.63281035561924e+04
9.43000000000000e+00	4.63197927471742e+04
9.44000000000000e+00	4.63294075086067e+04
9.45000000000000e+00	4.63563122613371e+04
9.46000000000000e+00	4.64000876490797e+04
9.47000000000000e+00	4.64584654931013e+04
9.48000000000000e+00	4.65299015496031e+04
9.49000000000000e+00	4.66112250217191e+04
9.50000000000000e+00	4.67005324230250e+04
9.51000000000000e+00	4.67943678623855e+04
9.52000000000000e+00	4.68894150964185e+04
9.53000000000000e+00	4.69817919965222e+04
9.54000000000000e+00	4.70662613978602e+04
9.55000000000000e+00	4.71382918432241e+04
9.56000000000000e+00	4.71946088246833e+04
9.57000000000000e+00	4.72352378888144e+04
9.58000000000000e+00	4.72636484275006e+04
9.59000000000000e+00	4.72857720088508e+04
9.60000000000000e+00	4.73080403031039e+04
9.61000000000000e+00	4.73360173178687e+04
9.62000000000000e+00	4.73716427539188e+04
9.63000000000000e+00	4.74146158286263e+04
9.64000000000000e+00	4.74622461660915e+04
9.65000000000000e+00	4.75109209399249e+04
9.66000000000000e+00	4.75579755820135e+04
9.67000000000000e+00	4.76014773955914e+04
9.68000000000000e+00	4.76409087881021e+04
9.69000000000000e+00	4.76761557788515e+04
9.70000000000000e+00	4.77073848481319e+04
9.71000000000000e+00	4.77353683815725e+04
9.72000000000000e+00	4.77596458470916e+04
9.73000000000000e+00	4.77807012675174e+04
9.74000000000000e+00	4.77986127441218e+04
9.75000000000000e+00	4.78130382699287e+04
9.76000000000000e+00	4.78239674780964e+04
9.77000000000000e+00	4.78308401881093e+04
9.78000000000000e+00	4.78331641560985e+04
9.79000000000000e+00	4.78314508068287e+04
9.80000000000000e+00	4.78248599789502e+04
9.81000000000000e+00	4.78139905806174e+04
9.82000000000000e+00	4.77994645405528e+04
9.83000000000000e+00	4.77809051757634e+04
9.84000000000000e+00	4.77589779919192e+04
9.85000000000000e+00	4.77336057323226e+04
9.86000000000000e+00	4.77051482696375e+04
9.87000000000000e+00	4.76748450458121e+04
9.88000000000000e+00	4.76471514273656e+04
9.89000000000000e+00	4.76347063576220e+04
9.90000000000000e+00	4.76692171043434e+04
9.91000000000000e+00	4.78197124593081e+04
9.92000000000000e+00	4.82226633934969e+04
9.93000000000000e+00	4.91198355146886e+04
9.94000000000000e+00	5.09051487704226e+04
9.95000000000000e+00	5.42015575160074e+04
9.96000000000000e+00	6.00077653732370e+04
9.97000000000000e+00	7.00318349632134e+04
9.98000000000000e+00	8.74765512861586e+04
9.99000000000000e+00	1.19001369858783e+05
1.00000000000000e+01	1.80229790379666e+05
1.00100000000000e+01	3.11010164686224e+05
1.00200000000000e+01	5.72698157839119e+05
1.00300000000000e+01	6.82913375643970e+05
1.00400000000000e+01	3.65530268168555e+05
1.00500000000000e+01	1.68172461396773e+05
1.00600000000000e+01	8.73865592591951e+04
1.00700000000000e+01	5.10636186040914e+04
1.00800000000000e+01	3.25410399130601e+04
1.00900000000000e+01	2.20974449268025e+04
1.01000000000000e+01	1.57409132241336e+04
1.01100000000000e+01	1.16369935323267e+04
1.01200000000000e+01	8.86129699046903e+03
1.01300000000000e+01	6.91243945674390e+03
1.01400000000000e+01	5.50129013255407e+03
1.01500000000000e+01	4.45292610150977e+03
1.01600000000000e+01	3.65692755496426e+03
1.01700000000000e+01	3.04109605384651e+03
1.01800000000000e+01	2.55683556500864e+03
1.01900000000000e+01	2.17056222026734e+03
1.02000000000000e+01	1.85856390237845e+03
1.02100000000000e+01	1.60368268945236e+03
1.02200000000000e+01	1.39337483735268e+03
1.02300000000000e+01	1.21824904030610e+03
1.02400000000000e+01	1.07122160735123e+03
1.02500000000000e+01	9.46867309452743e+02
1.02600000000000e+01	8.40963305219377e+02
1.02700000000000e+01	7.50203878294106e+02
1.02800000000000e+01	6.71985692163419e+02
1.02900000000000e+01	6.04212932308542e+02
1.03000000000000e+01	5.45200502491236e+02
1.03100000000000e+01	4.93579850240786e+02
1.03200000000000e+01	4.48233468022238e+02
1.03300000000000e+01	4.08238089543709e+02
1.03400000000000e+01	3.72827024649867e+02
1.03500000000000e+01	3.41363646014220e+02
1.03600000000000e+01	3.13311961747601e+02
1.03700000000000e+01	2.88221289088935e+02
1.03800000000000e+01	2.65710111279847e+02
1.03900000000000e+01	2.45455797268546e+02
1.04000000000000e+01	2.27180513064717e+02
1.04100000000000e+01	2.10647184637551e+02
1.04200000000000e+01	1.95653947891473e+02
1.04300000000000e+01	1.82024538650300e+02
1.04400000000000e+01	1.69608630806269e+02
1.04500000000000e+01	1.58274894831507e+02
1.04600000000000e+01	1.47907840326018e+02
1.04700000000000e+01	1.38407641673028e+02
1.04800000000000e+01	1.29686765695140e+02
1.04900000000000e+01	1.21668500266319e+02
1.05000000000000e+01	1.14283997237124e+02
1.05100000000000e+01	1.07473175729727e+02
1.05200000000000e+01	1.01182541820706e+02
1.05300000000000e+01	9.53630050817086e+01
1.05400000000000e+01	8.99731088567786e+01
1.05500000000000e+01	8.49739311707722e+01
1.05600000000000e+01	8.03313912716826e+01
1.05700000000000e+01	7.60138343543308e+01
1.05800000000000e+01	7.19939781396766e+01
1.05900000000000e+01	6.82464445858632e+01
1.06000000000000e+01	6.47488742304563e+01
1.06100000000000e+01	6.14808615095860e+01
1.06200000000000e+01	5.84237354846894e+01
1.06300000000000e+01	5.55606242554290e+01
1.06400000000000e+01	5.28765487564407e+01
1.06500000000000e+01	5.03575986968502e+01
1.06600000000000e+01	4.79911776384117e+01
1.06700000000000e+01	4.57659391701446e+01
1.06800000000000e+01	4.36714169764019e+01
1.06900000000000e+01	4.16981176473185e+01
1.07000000000000e+01	3.98371335059670e+01
1.07100000000000e+01	3.80810048447914e+01
1.07200000000000e+01	3.64222751365520e+01
1.07300000000000e+01	3.48546367678844e+01
1.07400000000000e+01	3.33718996451707e+01
1.07500000000000e+01	3.19684117836822e+01
1.07600000000000e+01	3.06397970681500e+01
1.07700000000000e+01	2.93807022142192e+01
1.07800000000000e+01	2.81874688820187e+01
1.07900000000000e+01	2.70557756245672e+01
1.08000000000000e+01	2.59820193898543e+01
1.08100000000000e+01	2.49627545700301e+01
1.08200000000000e+01	2.39946709101559e+01
1.08300000000000e+01	2.30746822228139e+01
1.08400000000000e+01	2.21999062170490e+01
1.08500000000000e+01	2.13675520729175e+01
1.08600000000000e+01	2.05750780838138e+01
1.08700000000000e+01	1.98201477759848e+01
1.08800000000000e+01	1.91003795446170e+01
1.08900000000000e+01	1.84136797205459e+01
1.09000000000000e+01	1.77581460294916e+01
1.09100000000000e+01	1.71318817916725e+01
1.09200000000000e+01	1.65332260805387e+01
1.09300000000000e+01	1.59605176051652e+01
1.09400000000000e+01	1.54121699669658e+01
1.09500000000000e+01	1.48869988988348e+01
1.09600000000000e+01	1.43836413678018e+01
1.09700000000000e+01	1.39009912954024e+01
1.09800000000000e+01	1.34378026158312e+01
1.09900000000000e+01	1.29932183833816e+01
1.10000000000000e+01	1.25663650201585e+01
1.10100000000000e+01	1.21563681007794e+01
1.10200000000000e+01	1.17625713697539e+01
1.10300000000000e+01	1.13843172135257e+01
1.10400000000000e+01	1.10210184055999e+01
1.10500000000000e+01	1.06721498376749e+01
1.10600000000000e+01	1.03372877379502e+01
1.10700000000000e+01	1.00158029550726e+01
1.10800000000000e+01	9.70732229156855e+00
1.10900000000000e+01	9.41140864244798e+00
1.11000000000000e+01	9.12753112528987e+00
1.11100000000000e+01	8.85519282529307e+00
1.11200000000000e+01	8.59385628900096e+00
1.11300000000000e+01	8.34304591178630e+00
1.11400000000000e+01	8.10222823680543e+00
1.11500000000000e+01	7.87087694730577e+00
1.11600000000000e+01	7.64847447479396e+00
1.11700000000000e+01	7.43456305584139e+00
1.11800000000000e+01	7.22863682968676e+00
1.11900000000000e+01	7.03023961236244e+00
1.12000000000000e+01	6.83894457849639e+00
1.12100000000000e+01	6.65440383902666e+00
1.12200000000000e+01	6.47626663441142e+00
1.12300000000000e+01	6.30416504578867e+00
1.12400000000000e+01	6.13780233215896e+00
1.12500000000000e+01	5.97696638210480e+00
1.12600000000000e+01	5.82136286168483e+00
1.12700000000000e+01	5.67077338451579e+00
1.12800000000000e+01	5.52501067944070e+00
1.12900000000000e+01	5.38387436791080e+00
1.13000000000000e+01	5.24716645475702e+00
1.13100000000000e+01	5.11472507497997e+00
1.13200000000000e+01	4.98637077192014e+00
1.13300000000000e+01	4.86198114017859e+00
1.13400000000000e+01	4.74135225653773e+00
1.13500000000000e+01	4.62437700194958e+00
1.13600000000000e+01	4.51087569343941e+00
1.13700000000000e+01	4.40071316657291e+00
1.13800000000000e+01	4.29381137425964e+00
1.13900000000000e+01	4.19000181779624e+00
1.14000000000000e+01	4.08918890419621e+00
1.14100000000000e+01	3.99129392880921e+00
1.14200000000000e+01	3.89616160822624e+00
1.14300000000000e+01	3.80374719966301e+00
1.14400000000000e+01	3.71395893698050e+00
1.14500000000000e+01	3.62671433584250e+00
1.14600000000000e+01	3.54192902562354e+00
1.14700000000000e+01	3.45950338249253e+00
1.14800000000000e+01	3.37936282823956e+00
1.14900000000000e+01	3.30144675368290e+00
1.15000000000000e+01	3.22568851152728e+00
1.15100000000000e+01	3.15198575884938e+00
1.15200000000000e+01	3.08029409626914e+00
1.15300000000000e+01	3.01056097299851e+00
1.15400000000000e+01	2.94271421926770e+00
1.15500000000000e+01	2.87674330931371e+00
1.15600000000000e+01	2.81258658499413e+00
1.15700000000000e+01	2.75022449902543e+00
1.15800000000000e+01	2.68964280005817e+00
1.15900000000000e+01	2.63078809579425e+00
1.16000000000000e+01	2.57364478584934e+00
1.16100000000000e+01	2.51819739988716e+00
1.16200000000000e+01	2.46437886558904e+00
1.16300000000000e+01	2.41216183784947e+00
1.16400000000000e+01	2.36147804290557e+00
1.16500000000000e+01	2.31227518630103e+00
1.16600000000000e+01	2.26448525221080e+00
1.16700000000000e+01	2.21802987659478e+00
1.16800000000000e+01	2.17281790750589e+00
1.16900000000000e+01	2.12877715793767e+00
1.17000000000000e+01	2.08583155376066e+00
1.17100000000000e+01	2.04392198595137e+00
1.17200000000000e+01	2.00297030779970e+00
1.17300000000000e+01	1.96291615250140e+00
1.17400000000000e+01	1.92372865712295e+00
1.17500000000000e+01	1.88536534282100e+00
1.17600000000000e+01	1.84779991969276e+00
1.17700000000000e+01	1.81100848288853e+00
1.17800000000000e+01	1.77501497062499e+00
1.17900000000000e+01	1.73980140875186e+00
1.18000000000000e+01	1.70537984526806e+00
1.18100000000000e+01	1.67175266717754e+00
1.18200000000000e+01	1.63892877350287e+00
1.18300000000000e+01	1.60691899042176e+00
1.18400000000000e+01	1.57570698577981e+00
1.18500000000000e+01	1.54530106126835e+00
1.18600000000000e+01	1.51568235365310e+00
1.18700000000000e+01	1.48684209167640e+00
1.18800000000000e+01	1.45875160640301e+00
1.18900000000000e+01	1.43138560235410e+00
1.19000000000000e+01	1.40472381056821e+00
1.19100000000000e+01	1.37873127917062e+00
1.19200000000000e+01	1.35337757439207e+00
1.19300000000000e+01	1.32863825537243e+00
1.19400000000000e+01	1.30447239959313e+00
1.19500000000000e+01	1.28085824195150e+00
1.19600000000000e+01	1.25777426276630e+00
1.19700000000000e+01	1.23518586220247e+00
1.19800000000000e+01	1.21307396307711e+00
1.19900000000000e+01	1.19141492987183e+00
1.20000000000000e+01	1.17018402156361e+00
1.20100000000000e+01	1.14937552048317e+00
1.20200000000000e+01	1.12897640930782e+00
1.20300000000000e+01	1.10897634204477e+00
1.20400000000000e+01	1.08937233453757e+00
1.20500000000000e+01	1.07015507608310e+00
1.20600000000000e+01	1.05134078243485e+00
1.20700000000000e+01	1.03291037158268e+00
1.20800000000000e+01	1.01488170557765e+00
1.20900000000000e+01	9.97246517415460e-01
1.21000000000000e+01	9.80017504805379e-01
1.21100000000000e+01	9.63188918829577e-01
1.21200000000000e+01	9.46762655474879e-01
1.21300000000000e+01	9.30722301512368e-01
1.21400000000000e+01	9.15078347024428e-01
1.21500000000000e+01	8.99816040243348e-01
1.21600000000000e+01	8.84908208287932e-01
1.21700000000000e+01	8.70357006032456e-01
1.21800000000000e+01	8.56135519212526e-01
1.21900000000000e+01	8.42230838149241e-01
1.22000000000000e+01	8.28624379515126e-01
1.22100000000000e+01	8.15299049211729e-01
1.22200000000000e+01	8.02230289908950e-01
1.22300000000000e+01	7.89409262779850e-01
1.22400000000000e+01	7.76811181243704e-01
1.22500000000000e+01	7.64429817869799e-01
1.22600000000000e+01	7.52248918520616e-01
1.22700000000000e+01	7.40257281795484e-01
1.22800000000000e+01	7.28439942528227e-01
1.22900000000000e+01	7.16793100948880e-01
1.23000000000000e+01	7.05300233120230e-01
1.23100000000000e+01	6.93961599127001e-01
1.23200000000000e+01	6.82768138573734e-01
1.23300000000000e+01	6.71713600789238e-01
1.23400000000000e+01	6.60800871504375e-01
1.23500000000000e+01	6.50029322709608e-01
1.23600000000000e+01	6.39395891054149e-01
1.23700000000000e+01	6.28910681375066e-01
1.23800000000000e+01	6.18568062638208e-01
1.23900000000000e+01	6.08388851639161e-01
1.24000000000000e+01	5.98362666741741e-01
1.24100000000000e+01	5.88509331794786e-01
1.24200000000000e+01	5.78824962607072e-01
1.24300000000000e+01	5.69315827061885e-01
1.24400000000000e+01	5.59988367014952e-01
1.24500000000000e+01	5.50839736558172e-01
1.24600000000000e+01	5.41868645991924e-01
1.24700000000000e+01	5.33076009179229e-01
1.24800000000000e+01	5.24461228825654e-01
1.24900000000000e+01	5.16015807827190e-01
1.25000000000000e+01	5.07745854459443e-01
1.25100000000000e+01	4.99641494320113e-01
1.25200000000000e+01	4.91701260184159e-01
1.25300000000000e+01	4.83924461783412e-01
1.25400000000000e+01	4.76314211943820e-01
1.25500000000000e+01	4.68859476627819e-01
1.25600000000000e+01	4.61563843004772e-01
1.25700000000000e+01	4.54423640472947e-01
1.25800000000000e+01	4.47436372102185e-01
1.25900000000000e+01	4.40596555160958e-01
1.26000000000000e+01	4.33903399049897e-01
1.26100000000000e+01	4.27347735768439e-01
1.26200000000000e+01	4.20931853065451e-01
1.26300000000000e+01	4.14642722973373e-01
1.26400000000000e+01	4.08479300244972e-01
1.26500000000000e+01	4.02437687900423e-01
1.26600000000000e+01	3.96516848625007e-01
1.26700000000000e+01	3.90708482794026e-01
1.26800000000000e+01	3.85014037645471e-01
1.26900000000000e+01	3.79429444905380e-01
1.27000000000000e+01	3.73955334235575e-01
1.27100000000000e+01	3.68591870691275e-01
1.27200000000000e+01	3.63335997675347e-01
1.27300000000000e+01	3.58187656207941e-01
1.27400000000000e+01	3.53145250263241e-01
1.27500000000000e+01	3.48209907716446e-01
1.27600000000000e+01	3.43377784684387e-01
1.27700000000000e+01	3.38646654574171e-01
1.27800000000000e+01	3.34015570940511e-01
1.27900000000000e+01	3.29477167377005e-01
1.28000000000000e+01	3.25031647462524e-01
1.28100000000000e+01	3.20673630509929e-01
1.28200000000000e+01	3.16401522720442e-01
1.28300000000000e+01	3.12209075947396e-01
1.28400000000000e+01	3.08095595467406e-01
1.28500000000000e+01	3.04061490635300e-01
1.28600000000000e+01	3.00097909491204e-01
1.28700000000000e+01	2.96207362716307e-01
1.28800000000000e+01	2.92385484571385e-01
1.28900000000000e+01	2.88632731007645e-01
1.29000000000000e+01	2.84944133253942e-01
1.29100000000000e+01	2.81322492359931e-01
1.29200000000000e+01	2.77760615142992e-01
1.29300000000000e+01	2.74261365990655e-01
1.29400000000000e+01	2.70819216821504e-01
1.29500000000000e+01	2.67436782329630e-01
1.29600000000000e+01	2.64105864477821e-01
1.29700000000000e+01	2.60831006352482e-01
1.29800000000000e+01	2.57607795808656e-01
1.29900000000000e+01	2.54437148095570e-01
1.30000000000000e+01	2.51314008855476e-01
1.30100000000000e+01	2.48242275584007e-01
1.30200000000000e+01	2.45218341322489e-01
1.30300000000000e+01	2.42244557760423e-01
1.30400000000000e+01	2.39314563796443e-01
1.30500000000000e+01	2.36430759392687e-01
1.30600000000000e+01	2.33589801353659e-01
1.30700000000000e+01	2.30789807019485e-01
1.30800000000000e+01	2.28025481428309e-01
1.30900000000000e+01	2.25298866843840e-01
1.31000000000000e+01	2.22603227739354e-01
1.31100000000000e+01	2.19939658750463e-01
1.31200000000000e+01	2.17302392181101e-01
1.31300000000000e+01	2.14693342951720e-01
1.31400000000000e+01	2.12108664328232e-01
1.31500000000000e+01	2.09549414891192e-01
1.31600000000000e+01	2.07017221116450e-01
1.31700000000000e+01	2.04511625083813e-01
1.31800000000000e+01	2.02032300315119e-01
1.31900000000000e+01	1.99583064160573e-01
1.32000000000000e+01	1.97163139811682e-01
1.32100000000000e+01	1.94774077649807e-01
1.32200000000000e+01	1.92415854605793e-01
1.32300000000000e+01	1.90087996923988e-01
1.32400000000000e+01	1.87791951870803e-01
1.32500000000000e+01	1.85525301058442e-01
1.32600000000000e+01	1.83285343879090e-01
1.32700000000000e+01	1.81074163565092e-01
1.32800000000000e+01	1.78889552321985e-01
1.32900000000000e+01	1.76730579346402e-01
1.33000000000000e+01	1.74598193750661e-01
1.33100000000000e+01	1.72490405738804e-01
1.33200000000000e+01	1.70409026969810e-01
1.33300000000000e+01	1.68353744001073e-01
1.33400000000000e+01	1.66327527852498e-01
1.33500000000000e+01	1.64329641174945e-01
1.33600000000000e+01	1.62359882604277e-01
1.33700000000000e+01	1.60419279059126e-01
1.33800000000000e+01	1.58511335878830e-01
1.33900000000000e+01	1.56632877940682e-01
1.34000000000000e+01	1.54784566647850e-01
1.34100000000000e+01	1.52965766064960e-01
1.34200000000000e+01	1.51177478119665e-01
1.34300000000000e+01	1.49416476552776e-01
1.34400000000000e+01	1.47683751054113e-01
1.34500000000000e+01	1.45977509547672e-01
1.34600000000000e+01	1.44295769190854e-01
1.34700000000000e+01	1.42637566809458e-01
1.34800000000000e+01	1.41004156281897e-01
1.34900000000000e+01	1.39392294683043e-01
1.35000000000000e+01	1.37802220900630e-01
1.35100000000000e+01	1.36230721888815e-01
1.35200000000000e+01	1.34678705968104e-01
1.35300000000000e+01	1.33145184887486e-01
1.35400000000000e+01	1.31629167986437e-01
1.35500000000000e+01	1.30128705932858e-01
1.35600000000000e+01	1.28644303178613e-01
1.35700000000000e+01	1.27173573335712e-01
1.35800000000000e+01	1.25717757715326e-01
1.35900000000000e+01	1.24274418878333e-01
1.36000000000000e+01	1.22845198755470e-01
1.36100000000000e+01	1.21429046083408e-01
1.36200000000000e+01	1.20025804312853e-01
1.36300000000000e+01	1.18634800504558e-01
1.36400000000000e+01	1.17257571903248e-01
1.36500000000000e+01	1.15895150411381e-01
1.36600000000000e+01	1.14546473432453e-01
1.36700000000000e+01	1.13212887583985e-01
1.36800000000000e+01	1.11896386591682e-01
1.36900000000000e+01	1.10596742248998e-01
1.37000000000000e+01	1.09314144788542e-01
1.37100000000000e+01	1.08051131910258e-01
1.37200000000000e+01	1.06807013835887e-01
1.37300000000000e+01	1.05584384464438e-01
1.37400000000000e+01	1.04381952437435e-01
1.37500000000000e+01	1.03202320992439e-01
1.37600000000000e+01	1.02044090908436e-01
1.37700000000000e+01	1.00907202221440e-01
1.37800000000000e+01	9.97917163629889e-02
1.37900000000000e+01	9.86969763489745e-02
1.38000000000000e+01	9.76231542513218e-02
1.38100000000000e+01	9.65675249294614e-02
1.38200000000000e+01	9.55304352814319e-02
1.38300000000000e+01	9.45092586520258e-02
1.38400000000000e+01	9.35043524903041e-02
1.38500000000000e+01	9.25144817193742e-02
1.38600000000000e+01	9.15382293239444e-02
1.38700000000000e+01	9.05740869516373e-02
1.38800000000000e+01	8.96235172647232e-02
1.38900000000000e+01	8.86835759503779e-02
1.39000000000000e+01	8.77545423415835e-02
1.39100000000000e+01	8.68360604145114e-02
1.39200000000000e+01	8.59275178832221e-02
1.39300000000000e+01	8.50284464980546e-02
1.39400000000000e+01	8.41388300387597e-02
1.39500000000000e+01	8.32585871052472e-02
1.39600000000000e+01	8.23868742023734e-02
1.39700000000000e+01	8.15235565206106e-02
1.39800000000000e+01	8.06695916178414e-02
1.39900000000000e+01	7.98239607222655e-02
1.40000000000000e+01	7.89879471358253e-02
1.40100000000000e+01	7.81600173847611e-02
1.40200000000000e+01	7.73412962642629e-02
1.40300000000000e+01	7.65319859317856e-02
1.40400000000000e+01	7.57328834574762e-02
1.40500000000000e+01	7.49432989852053e-02
1.40600000000000e+01	7.41637225257702e-02
1.40700000000000e+01	7.33947254326853e-02
1.40800000000000e+01	7.26364041892041e-02
1.40900000000000e+01	7.18880789322396e-02
1.41000000000000e+01	7.11499199736164e-02
1.41100000000000e+01	7.04216155519553e-02
1.41200000000000e+01	6.97025724803000e-02
1.41300000000000e+01	6.89929577291661e-02
1.41400000000000e+01	6.82914503325272e-02
1.41500000000000e+01	6.75973104553022e-02
1.41600000000000e+01	6.69102531150491e-02
1.41700000000000e+01	6.62296076539209e-02
1.41800000000000e+01	6.55550342090331e-02
1.41900000000000e+01	6.48864748066556e-02
1.42000000000000e+01	6.42227613562856e-02
1.42100000000000e+01	6.35644987820524e-02
1.42200000000000e+01	6.29128961220198e-02
1.42300000000000e+01	6.22664176126040e-02
1.42400000000000e+01	6.16266864291768e-02
1.42500000000000e+01	6.09939503754963e-02
1.42600000000000e+01	6.03678779675151e-02
1.42700000000000e+01	5.97496133775371e-02
1.42800000000000e+01	5.91396462072677e-02
1.42900000000000e+01	5.85372550642658e-02
1.43000000000000e+01	5.79433125844761e-02
1.43100000000000e+01	5.73579805481598e-02
1.43200000000000e+01	5.67797146395532e-02
1.43300000000000e+01	5.62100169856474e-02
1.43400000000000e+01	5.56474799335035e-02
1.43500000000000e+01	5.50930050844865e-02
1.43600000000000e+01	5.45456419110697e-02
1.43700000000000e+01	5.40047732926983e-02
1.43800000000000e+01	5.34712571347535e-02
1.43900000000000e+01	5.29445830445458e-02
1.44000000000000e+01	5.24251079406258e-02
1.44100000000000e+01	5.19118463579926e-02
1.44200000000000e+01	5.14056536496853e-02
1.44300000000000e+01	5.09059333280606e-02
1.44400000000000e+01	5.04135288960812e-02
1.44500000000000e+01	4.99273315775047e-02
1.44600000000000e+01	4.94483532851372e-02
1.44700000000000e+01	4.89754906391056e-02
1.44800000000000e+01	4.85086953134794e-02
1.44900000000000e+01	4.80486673509240e-02
1.45000000000000e+01	4.75941927558757e-02
1.45100000000000e+01	4.71460383090828e-02
1.45200000000000e+01	4.67031197020434e-02
1.45300000000000e+01	4.62658085708369e-02
1.45400000000000e+01	4.58338815390641e-02
1.45500000000000e+01	4.54069033035070e-02
1.45600000000000e+01	4.49846363182123e-02
1.45700000000000e+01	4.45675702868811e-02
1.45800000000000e+01	4.41544826232800e-02
1.45900000000000e+01	4.37462995336390e-02
1.46000000000000e+01	4.33422691273206e-02
1.46100000000000e+01	4.29418159991046e-02
1.46200000000000e+01	4.25462906305445e-02
1.46300000000000e+01	4.21541944766985e-02
1.46400000000000e+01	4.17661527525168e-02
1.46500000000000e+01	4.13826015055995e-02
1.46600000000000e+01	4.10023277752659e-02
1.46700000000000e+01	4.06266070240070e-02
1.46800000000000e+01	4.02549056009101e-02
1.46900000000000e+01	3.98876903129720e-02
1.47000000000000e+01	3.95244450495087e-02
1.47100000000000e+01	3.91656035911361e-02
1.47200000000000e+01	3.88105667063372e-02
1.47300000000000e+01	3.84598177361222e-02
1.47400000000000e+01	3.81135074046531e-02
1.47500000000000e+01	3.77710137450119e-02
1.47600000000000e+01	3.74324361170855e-02
1.47700000000000e+01	3.70976225710294e-02
1.47800000000000e+01	3.67662957187818e-02
1.47900000000000e+01	3.64383260541084e-02
1.48000000000000e+01	3.61134177589104e-02
1.48100000000000e+01	3.57911787527499e-02
1.48200000000000e+01	3.54722815822998e-02
1.48300000000000e+01	3.51556354108435e-02
1.48400000000000e+01	3.48413421007834e-02
1.48500000000000e+01	3.45298999662949e-02
1.48600000000000e+01	3.42207695131334e-02
1.48700000000000e+01	3.39140036714329e-02
1.48800000000000e+01	3.36093967672509e-02
1.48900000000000e+01	3.33071471872342e-02
1.49000000000000e+01	3.30075511282326e-02
1.49100000000000e+01	3.27101542908993e-02
1.49200000000000e+01	3.24155896842729e-02
1.49300000000000e+01	3.21234723359640e-02
1.49400000000000e+01	3.18340234641003e-02
1.49500000000000e+01	3.15472846273263e-02
1.49600000000000e+01	3.12635671202560e-02
1.49700000000000e+01	3.09828361745916e-02
1.49800000000000e+01	3.07049083477837e-02
1.49900000000000e+01	3.04303991137589e-02
1.50000000000000e+01	3.01585990520989e-02
1.50100000000000e+01	2.98904048004501e-02
1.50200000000000e+01	2.96246911315878e-02
1.50300000000000e+01	2.93622550116163e-02
1.50400000000000e+01	2.91028970617379e-02
1.50500000000000e+01	2.88462577031634e-02
1.50600000000000e+01	2.85924993207896e-02
1.50700000000000e+01	2.83412724582210e-02
1.50800000000000e+01	2.80922445873785e-02
1.50900000000000e+01	2.78460557837549e-02
1.51000000000000e+01	2.76016677493839e-02
1.51100000000000e+01	2.73596905843030e-02
1.51200000000000e+01	2.71197430472046e-02
1.51300000000000e+01	2.68814225432147e-02
1.51400000000000e+01	2.66451338540490e-02
1.51500000000000e+01	2.64106755657582e-02
1.51600000000000e+01	2.61779007223507e-02
1.51700000000000e+01	2.59469074112946e-02
1.51800000000000e+01	2.57179399154313e-02
1.51900000000000e+01	2.54908516179302e-02
1.52000000000000e+01	2.52656070025806e-02
1.52100000000000e+01	2.50421540689623e-02
1.52200000000000e+01	2.48210205537683e-02
1.52300000000000e+01	2.46017223534814e-02
1.52400000000000e+01	2.43839971742128e-02
1.52500000000000e+01	2.41680984949977e-02
1.52600000000000e+01	2.39537042347450e-02
1.52700000000000e+01	2.37406782115844e-02
1.52800000000000e+01	2.35288688642310e-02
1.52900000000000e+01	2.33175941766929e-02
1.53000000000000e+01	2.31070384154416e-02
1.53100000000000e+01	2.28964270987444e-02
1.53200000000000e+01	2.26859503789634e-02
1.53300000000000e+01	2.24754070923470e-02
1.53400000000000e+01	2.22642493637098e-02
1.53500000000000e+01	2.20525159468377e-02
1.53600000000000e+01	2.18405417000806e-02
1.53700000000000e+01	2.16280759224414e-02
1.53800000000000e+01	2.14151205960690e-02
1.53900000000000e+01	2.12020197235463e-02
1.54000000000000e+01	2.09891723925496e-02
1.54100000000000e+01	2.07768480349920e-02
1.54200000000000e+01	2.05653527944054e-02
1.54300000000000e+01	2.03554399073580e-02
1.54400000000000e+01	2.01474307999221e-02
1.54500000000000e+01	1.99420137452077e-02
1.54600000000000e+01	1.97394770826199e-02
1.54700000000000e+01	1.95409516768887e-02
1.54800000000000e+01	1.93464892817554e-02
1.54900000000000e+01	1.91569057384073e-02
1.55000000000000e+01	1.89724684435790e-02
1.55100000000000e+01	1.87936331495431e-02
1.55200000000000e+01	1.86206266976748e-02
1.55300000000000e+01	1.84536373427740e-02
1.55400000000000e+01	1.82921070567607e-02
1.55500000000000e+01	1.81365464236508e-02
1.55600000000000e+01	1.79860207282995e-02
1.55700000000000e+01	1.78403124107878e-02
1.55800000000000e+01	1.76991648688423e-02
1.55900000000000e+01	1.75616284055436e-02
1.56000000000000e+01	1.74272101024568e-02
1.56100000000000e+01	1.72955428119766e-02
1.56200000000000e+01	1.71657840401972e-02
1.56300000000000e+01	1.70376294256243e-02
1.56400000000000e+01	1.69106926825646e-02
1.56500000000000e+01	1.67843038827669e-02
1.56600000000000e+01	1.66581084905203e-02
1.56700000000000e+01	1.65322180448340e-02
1.56800000000000e+01	1.64061150951545e-02
1.56900000000000e+01	1.62799657826745e-02
1.57000000000000e+01	1.61532206674195e-02
1.57100000000000e+01	1.60261962614386e-02
1.57200000000000e+01	1.58988414159077e-02
1.57300000000000e+01	1.57712772252268e-02
1.57400000000000e+01	1.56435263863294e-02
1.57500000000000e+01	1.55159342541275e-02
1.57600000000000e+01	1.53884258398797e-02
1.57700000000000e+01	1.52612973046392e-02
1.57800000000000e+01	1.51348486730480e-02
1.57900000000000e+01	1.50094658998703e-02
1.58000000000000e+01	1.48852931008519e-02
1.58100000000000e+01	1.47625253692307e-02
1.58200000000000e+01	1.46413660385516e-02
1.58300000000000e+01	1.45223531155435e-02
1.58400000000000e+01	1.44054296522177e-02
1.58500000000000e+01	1.42907391322204e-02
1.58600000000000e+01	1.41784407197941e-02
1.58700000000000e+01	1.40685517902624e-02
1.58800000000000e+01	1.39609037930931e-02
1.58900000000000e+01	1.38556237595264e-02
1.59000000000000e+01	1.37525800495647e-02
1.59100000000000e+01	1.36515327905056e-02
1.59200000000000e+01	1.35522778521761e-02
1.59300000000000e+01	1.34545790068166e-02
1.59400000000000e+01	1.33583951840016e-02
1.59500000000000e+01	1.32633403225655e-02
1.59600000000000e+01	1.31691978297370e-02
1.59700000000000e+01	1.30759867174135e-02
1.59800000000000e+01	1.29834678670274e-02
1.59900000000000e+01	1.28913798217442e-02
1.60000000000000e+01	1.27999266001685e-02
1.60100000000000e+01	1.27088905806753e-02
1.60200000000000e+01	1.26182019838058e-02
1.60300000000000e+01	1.25279888443605e-02
1.60400000000000e+01	1.24381531709666e-02
1.60500000000000e+01	1.23487783064049e-02
1.60600000000000e+01	1.22598479132272e-02
1.60700000000000e+01	1.21714178126314e-02
1.60800000000000e+01	1.20832361836141e-02
1.60900000000000e+01	1.19957606945876e-02
1.61000000000000e+01	1.19088145295211e-02
1.61100000000000e+01	1.18223472401311e-02
1.61200000000000e+01	1.17365638873865e-02
1.61300000000000e+01	1.16512062838432e-02
1.61400000000000e+01	1.15666674040777e-02
1.61500000000000e+01	1.14828205053700e-02
1.61600000000000e+01	1.13994813161232e-02
1.61700000000000e+01	1.13169841267986e-02
1.61800000000000e+01	1.12351433152367e-02
1.61900000000000e+01	1.11543881737641e-02
1.62000000000000e+01	1.10742186848470e-02
1.62100000000000e+01	1.09952544526765e-02
1.62200000000000e+01	1.09170680167549e-02
1.62300000000000e+01	1.08399371077585e-02
1.62400000000000e+01	1.07638571613347e-02
1.62500000000000e+01	1.06887856675063e-02
1.62600000000000e+01	1.06146171919895e-02
1.62700000000000e+01	1.05413295088397e-02
1.62800000000000e+01	1.04689396860870e-02
1.62900000000000e+01	1.03973658672226e-02
1.63000000000000e+01	1.03264478851181e-02
1.63100000000000e+01	1.02559530314299e-02
1.63200000000000e+01	1.01860768684327e-02
1.63300000000000e+01	1.01163170014826e-02
1.63400000000000e+01	1.00467157145848e-02
1.63500000000000e+01	9.97724926467455e-03
1.63600000000000e+01	9.90759556780459e-03
1.63700000000000e+01	9.83771241597711e-03
1.63800000000000e+01	9.76756199878117e-03
1.63900000000000e+01	9.69697791542383e-03
1.64000000000000e+01	9.62592586580132e-03
1.64100000000000e+01	9.55447903610486e-03
1.64200000000000e+01	9.48259519732915e-03
1.64300000000000e+01	9.41026942719816e-03
1.64400000000000e+01	9.33772185516245e-03
1.64500000000000e+01	9.26493434948440e-03
1.64600000000000e+01	9.19216694031885e-03
1.64700000000000e+01	9.11956446671022e-03
1.64800000000000e+01	9.04711910129828e-03
1.64900000000000e+01	8.97536384175552e-03
1.65000000000000e+01	8.90434575039560e-03
1.65100000000000e+01	8.83397802541606e-03
1.65200000000000e+01	8.76465118806094e-03
1.65300000000000e+01	8.69646742724771e-03
1.65400000000000e+01	8.62942008654126e-03
1.65500000000000e+01	8.56364236593689e-03
1.65600000000000e+01	8.49918457057416e-03
1.65700000000000e+01	8.43588763080725e-03
1.65800000000000e+01	8.37388118154806e-03
1.65900000000000e+01	8.31311555417933e-03
1.66000000000000e+01	8.25368760408877e-03
1.66100000000000e+01	8.19526693457925e-03
1.66200000000000e+01	8.13811996094229e-03
1.66300000000000e+01	8.08188570168054e-03
1.66400000000000e+01	8.02680226318927e-03
1.66500000000000e+01	7.97253696372374e-03
1.66600000000000e+01	7.91931297131705e-03
1.66700000000000e+01	7.86686993900486e-03
1.66800000000000e+01	7.81531764635269e-03
1.66900000000000e+01	7.76436767191879e-03
1.67000000000000e+01	7.71412443061052e-03
1.67100000000000e+01	7.66441048305350e-03
1.67200000000000e+01	7.61533662955921e-03
1.67300000000000e+01	7.56667532497105e-03
1.67400000000000e+01	7.51835284089945e-03
1.67500000000000e+01	7.47035378187123e-03
1.67600000000000e+01	7.42267535141713e-03
1.67700000000000e+01	7.37510557916560e-03
1.67800000000000e+01	7.32765224879078e-03
1.67900000000000e+01	7.28038465631821e-03
1.68000000000000e+01	7.23313499990585e-03
1.68100000000000e+01	7.18587322970828e-03
1.68200000000000e+01	7.13872132293252e-03
1.68300000000000e+01	7.09164999150295e-03
1.68400000000000e+01	7.04451918518739e-03
1.68500000000000e+01	6.99760620768255e-03
1.68600000000000e+01	6.95076096460372e-03
1.68700000000000e+01	6.90400238924341e-03
1.68800000000000e+01	6.85749392854199e-03
1.68900000000000e+01	6.81116419347545e-03
1.69000000000000e+01	6.76514102919872e-03
1.69100000000000e+01	6.71931747869954e-03
1.69200000000000e+01	6.67373432893611e-03
1.69300000000000e+01	6.62845403237247e-03
1.69400000000000e+01	6.58351506322698e-03
1.69500000000000e+01	6.53883459489704e-03
1.69600000000000e+01	6.49458269100920e-03
1.69700000000000e+01	6.45063466898978e-03
1.69800000000000e+01	6.40711503402746e-03
1.69900000000000e+01	6.36408008833019e-03
1.70000000000000e+01	6.32154145670657e-03
1.70100000000000e+01	6.27960863776693e-03
1.70200000000000e+01	6.23833808278826e-03
1.70300000000000e+01	6.19766390968504e-03
1.70400000000000e+01	6.15768303157331e-03
1.70500000000000e+01	6.11840185968763e-03
1.70600000000000e+01	6.07983494388731e-03
1.70700000000000e+01	6.04196054813057e-03
1.70800000000000e+01	6.00470489535383e-03
1.70900000000000e+01	5.96809924210675e-03
1.71000000000000e+01	5.93206025291562e-03
1.71100000000000e+01	5.89653908027743e-03
1.71200000000000e+01	5.86139805977377e-03
1.71300000000000e+01	5.82670210962022e-03
1.71400000000000e+01	5.79237453186193e-03
1.71500000000000e+01	5.75833339238145e-03
1.71600000000000e+01	5.72453918045404e-03
1.71700000000000e+01	5.69107413835655e-03
1.71800000000000e+01	5.65773180338678e-03
1.71900000000000e+01	5.62472330836724e-03
1.72000000000000e+01	5.59184423248659e-03
1.72100000000000e+01	5.55923472783001e-03
1.72200000000000e+01	5.52683664263991e-03
1.72300000000000e+01	5.49455139614604e-03
1.72400000000000e+01	5.46255511483481e-03
1.72500000000000e+01	5.43067508053108e-03
1.72600000000000e+01	5.39900397339977e-03
1.72700000000000e+01	5.36751956701185e-03
1.72800000000000e+01	5.33616262450786e-03
1.72900000000000e+01	5.30498766359879e-03
1.73000000000000e+01	5.27393640905594e-03
1.73100000000000e+01	5.24305764894180e-03
1.73200000000000e+01	5.21231409837296e-03
1.73300000000000e+01	5.18166555954661e-03
1.73400000000000e+01	5.15108762430629e-03
1.73500000000000e+01	5.12068337991264e-03
1.73600000000000e+01	5.09035109460763e-03
1.73700000000000e+01	5.06013244673859e-03
1.73800000000000e+01	5.02998953050286e-03
1.73900000000000e+01	4.99997411586937e-03
1.74000000000000e+01	4.97011354553747e-03
1.74100000000000e+01	4.94031697520038e-03
1.74200000000000e+01	4.91061128050194e-03
1.74300000000000e+01	4.88104485098534e-03
1.74400000000000e+01	4.85164070727121e-03
1.74500000000000e+01	4.82230168217947e-03
1.74600000000000e+01	4.79312812115364e-03
1.74700000000000e+01	4.76408336079113e-03
1.74800000000000e+01	4.73512385326311e-03
1.74900000000000e+01	4.70618951070178e-03
1.75000000000000e+01	4.67743528796249e-03
1.75100000000000e+01	4.64880100554377e-03
1.75200000000000e+01	4.62017563299448e-03
1.75300000000000e+01	4.59160942201000e-03
1.75400000000000e+01	4.56305951863163e-03
1.75500000000000e+01	4.53460391388834e-03
1.75600000000000e+01	4.50616243570483e-03
1.75700000000000e+01	4.47781337369983e-03
1.75800000000000e+01	4.44943124574887e-03
1.75900000000000e+01	4.42121786552095e-03
1.76000000000000e+01	4.39303850478424e-03
1.76100000000000e+01	4.36504120858433e-03
1.76200000000000e+01	4.33714754894250e-03
1.76300000000000e+01	4.30945534839779e-03
1.76400000000000e+01	4.28193864268305e-03
1.76500000000000e+01	4.25462827932814e-03
1.76600000000000e+01	4.22761335077159e-03
1.76700000000000e+01	4.20078936783472e-03
1.76800000000000e+01	4.17420725941410e-03
1.76900000000000e+01	4.14795310703064e-03
1.77000000000000e+01	4.12189611779694e-03
1.77100000000000e+01	4.09609924668095e-03
1.77200000000000e+01	4.07048967193652e-03
1.77300000000000e+01	4.04510038947117e-03
1.77400000000000e+01	4.01993896224829e-03
1.77500000000000e+01	3.99491352555982e-03
1.77600000000000e+01	3.97009433089715e-03
1.77700000000000e+01	3.94540120047375e-03
1.77800000000000e+01	3.92085054606848e-03
1.77900000000000e+01	3.89647418451003e-03
1.78000000000000e+01	3.87212623989405e-03
1.78100000000000e+01	3.84791545533422e-03
1.78200000000000e+01	3.82383459862288e-03
1.78300000000000e+01	3.79982188054042e-03
1.78400000000000e+01	3.77587205557982e-03
1.78500000000000e+01	3.75209417273265e-03
1.78600000000000e+01	3.72838782872815e-03
1.78700000000000e+01	3.70477464451081e-03
1.78800000000000e+01	3.68124873462384e-03
1.78900000000000e+01	3.65783245948947e-03
1.79000000000000e+01	3.63453036460694e-03
1.79100000000000e+01	3.61131860490275e-03
1.79200000000000e+01	3.58819785252898e-03
1.79300000000000e+01	3.56515634152901e-03
1.79400000000000e+01	3.54219011451082e-03
1.79500000000000e+01	3.51927167584156e-03
1.79600000000000e+01	3.49641507912977e-03
1.79700000000000e+01	3.47369833363632e-03
1.79800000000000e+01	3.45100192655641e-03
1.79900000000000e+01	3.42845510724740e-03
1.80000000000000e+01	3.40605958651672e-03
1.80100000000000e+01	3.38391099833791e-03
1.80200000000000e+01	3.36195556180442e-03
1.80300000000000e+01	3.34032573886341e-03
1.80400000000000e+01	3.31902583964476e-03
1.80500000000000e+01	3.29813189334323e-03
1.80600000000000e+01	3.27762744048795e-03
1.80700000000000e+01	3.25758089749907e-03
1.80800000000000e+01	3.23799726280201e-03
1.80900000000000e+01	3.21880682278525e-03
1.81000000000000e+01	3.20002347874891e-03
1.81100000000000e+01	3.18166476926245e-03
1.81200000000000e+01	3.16362881044508e-03
1.81300000000000e+01	3.14592705249791e-03
1.81400000000000e+01	3.12839348849405e-03
1.81500000000000e+01	3.11114324987201e-03
1.81600000000000e+01	3.09397850909654e-03
1.81700000000000e+01	3.07698875689004e-03
1.81800000000000e+01	3.06000868100582e-03
1.81900000000000e+01	3.04314909950471e-03
1.82000000000000e+01	3.02630008559703e-03
1.82100000000000e+01	3.00944402860640e-03
1.82200000000000e+01	2.99260840044193e-03
1.82300000000000e+01	2.97575498677832e-03
1.82400000000000e+01	2.95888323004488e-03
1.82500000000000e+01	2.94197081144580e-03
1.82600000000000e+01	2.92506227281720e-03
1.82700000000000e+01	2.90814481352835e-03
1.82800000000000e+01	2.89118760940571e-03
1.82900000000000e+01	2.87423717792541e-03
1.83000000000000e+01	2.85736548666670e-03
1.83100000000000e+01	2.84048317586469e-03
1.83200000000000e+01	2.82370256254731e-03
1.83300000000000e+01	2.80697881791153e-03
1.83400000000000e+01	2.79038445657607e-03
1.83500000000000e+01	2.77392090536691e-03
1.83600000000000e+01	2.75763244808092e-03
1.83700000000000e+01	2.74152559801574e-03
1.83800000000000e+01	2.72562713860993e-03
1.83900000000000e+01	2.70998179520930e-03
1.84000000000000e+01	2.69458309422855e-03
1.84100000000000e+01	2.67947853709861e-03
1.84200000000000e+01	2.66465090849209e-03
1.84300000000000e+01	2.65011399537652e-03
1.84400000000000e+01	2.63588053353089e-03
1.84500000000000e+01	2.62193035292573e-03
1.84600000000000e+01	2.60823748693843e-03
1.84700000000000e+01	2.59481557238486e-03
1.84800000000000e+01	2.58161334138729e-03
1.84900000000000e+01	2.56862017999403e-03
1.85000000000000e+01	2.55578588471614e-03
1.85100000000000e+01	2.54309897784243e-03
1.85200000000000e+01	2.53047577956268e-03
1.85300000000000e+01	2.51796618503795e-03
1.85400000000000e+01	2.50546420914776e-03
1.85500000000000e+01	2.49299340931178e-03
1.85600000000000e+01	2.48050590634476e-03
1.85700000000000e+01	2.46801990442777e-03
1.85800000000000e+01	2.45549597593516e-03
1.85900000000000e+01	2.44294389951557e-03
1.86000000000000e+01	2.43032079155605e-03
1.86100000000000e+01	2.41769704501181e-03
1.86200000000000e+01	2.40500816229527e-03
1.86300000000000e+01	2.39230453081041e-03
1.86400000000000e+01	2.37957345657239e-03
1.86500000000000e+01	2.36684916808361e-03
1.86600000000000e+01	2.35412245460592e-03
1.86700000000000e+01	2.34142193078922e-03
1.86800000000000e+01	2.32871257936529e-03
1.86900000000000e+01	2.31606719374240e-03
1.87000000000000e+01	2.30343479040217e-03
1.87100000000000e+01	2.29085922161054e-03
1.87200000000000e+01	2.27831754513911e-03
1.87300000000000e+01	2.26583842799316e-03
1.87400000000000e+01	2.25339481037257e-03
1.87500000000000e+01	2.24098988102459e-03
1.87600000000000e+01	2.22863741810394e-03
1.87700000000000e+01	2.21631639570791e-03
1.87800000000000e+01	2.20404339641261e-03
1.87900000000000e+01	2.19176821857841e-03
1.88000000000000e+01	2.17953552218892e-03
1.88100000000000e+01	2.16733851794083e-03
1.88200000000000e+01	2.15514716729558e-03
1.88300000000000e+01	2.14296136171749e-03
1.88400000000000e+01	2.13079412728457e-03
1.88500000000000e+01	2.11862581566866e-03
1.88600000000000e+01	2.10644948934918e-03
1.88700000000000e+01	2.09427795515430e-03
1.88800000000000e+01	2.08209609644289e-03
1.88900000000000e+01	2.06990091375776e-03
1.89000000000000e+01	2.05771012242724e-03
1.89100000000000e+01	2.04550453130966e-03
1.89200000000000e+01	2.03329443171892e-03
1.89300000000000e+01	2.02110326212810e-03
1.89400000000000e+01	2.00892201700859e-03
1.89500000000000e+01	1.99676202152187e-03
1.89600000000000e+01	1.98465669955008e-03
1.89700000000000e+01	1.97259525136483e-03
1.89800000000000e+01	1.96061579681489e-03
1.89900000000000e+01	1.94871628109255e-03
1.90000000000000e+01	1.93689918686882e-03
1.90100000000000e+01	1.92517702688047e-03
1.90200000000000e+01	1.91357061750948e-03
1.90300000000000e+01	1.90205472829134e-03
1.90400000000000e+01	1.89064455749241e-03
1.90500000000000e+01	1.87930391957205e-03
1.90600000000000e+01	1.86801841478248e-03
1.90700000000000e+01	1.85678797988066e-03
1.90800000000000e+01	1.84558514299354e-03
1.90900000000000e+01	1.83439255816295e-03
1.91000000000000e+01	1.82321147993194e-03
1.91100000000000e+01	1.81207206908411e-03
1.91200000000000e+01	1.80099046402485e-03
1.91300000000000e+01	1.78996749989338e-03
1.91400000000000e+01	1.77907850952156e-03
1.91500000000000e+01	1.76835206296517e-03
1.91600000000000e+01	1.75786232883542e-03
1.91700000000000e+01	1.74763360749360e-03
1.91800000000000e+01	1.73770251307535e-03
1.91900000000000e+01	1.72812420699377e-03
1.92000000000000e+01	1.71889002141958e-03
1.92100000000000e+01	1.70999286843640e-03
1.92200000000000e+01	1.70142476126451e-03
1.92300000000000e+01	1.69316622744960e-03
1.92400000000000e+01	1.68516480168059e-03
1.92500000000000e+01	1.67738346104148e-03
1.92600000000000e+01	1.66976334313884e-03
1.92700000000000e+01	1.66225208126151e-03
1.92800000000000e+01	1.65482611478887e-03
1.92900000000000e+01	1.64741059685919e-03
1.93000000000000e+01	1.64002907577386e-03
1.93100000000000e+01	1.63260699675077e-03
1.93200000000000e+01	1.62516516391604e-03
1.93300000000000e+01	1.61767969157723e-03
1.93400000000000e+01	1.61014484344482e-03
1.93500000000000e+01	1.60257962821492e-03
1.93600000000000e+01	1.59496526305094e-03
1.93700000000000e+01	1.58732179417149e-03
1.93800000000000e+01	1.57962526562811e-03
1.93900000000000e+01	1.57190987633047e-03
1.94000000000000e+01	1.56417635494163e-03
1.94100000000000e+01	1.55640290907782e-03
1.94200000000000e+01	1.54861939624258e-03
1.94300000000000e+01	1.54083152956327e-03
1.94400000000000e+01	1.53300764075800e-03
1.94500000000000e+01	1.52518511633635e-03
1.94600000000000e+01	1.51734652275164e-03
1.94700000000000e+01	1.50951613155777e-03
1.94800000000000e+01	1.50167412976271e-03
1.94900000000000e+01	1.49382257735513e-03
1.95000000000000e+01	1.48598338261932e-03
1.95100000000000e+01	1.47812339438149e-03
1.95200000000000e+01	1.47027998042838e-03
1.95300000000000e+01	1.46244934394410e-03
1.95400000000000e+01	1.45460307704828e-03
1.95500000000000e+01	1.44677693318131e-03
1.95600000000000e+01	1.43897794978951e-03
1.95700000000000e+01	1.43117009303553e-03
1.95800000000000e+01	1.42340114931555e-03
1.95900000000000e+01	1.41566315606973e-03
1.96000000000000e+01	1.40793619644843e-03
1.96100000000000e+01	1.40025799148496e-03
1.96200000000000e+01	1.39261410005408e-03
1.96300000000000e+01	1.38502732964972e-03
1.96400000000000e+01	1.37746340960698e-03
1.96500000000000e+01	1.36996058451184e-03
1.96600000000000e+01	1.36251484258574e-03
1.96700000000000e+01	1.35509891811560e-03
1.96800000000000e+01	1.34774108127694e-03
1.96900000000000e+01	1.34042298003276e-03
1.97000000000000e+01	1.33313686949265e-03
1.97100000000000e+01	1.32588608746053e-03
1.97200000000000e+01	1.31865102734843e-03
1.97300000000000e+01	1.31141825671747e-03
1.97400000000000e+01	1.30414533606246e-03
1.97500000000000e+01	1.29680201525402e-03
1.97600000000000e+01	1.28929169518438e-03
1.97700000000000e+01	1.28149900992860e-03
1.97800000000000e+01	1.27323523371064e-03
1.97900000000000e+01	1.26422439957384e-03
1.98000000000000e+01	1.25404748398891e-03
1.98100000000000e+01	1.24217897449496e-03
1.98200000000000e+01	1.22782232681570e-03
1.98300000000000e+01	1.21003376890176e-03
1.98400000000000e+01	1.18758124457477e-03
1.98500000000000e+01	1.15903684779877e-03
1.98600000000000e+01	1.12279504399115e-03
1.98700000000000e+01	1.07714364421554e-03
1.98800000000000e+01	1.02039730175101e-03
1.98900000000000e+01	9.51129199989042e-04
1.99000000000000e+01	8.68314228412609e-04
1.99100000000000e+01	7.71715281677908e-04
1.99200000000000e+01	6.62148710191959e-04
1.99300000000000e+01	5.41902903231248e-04
1.99400000000000e+01	4.15192255196440e-04
1.99500000000000e+01	2.88583671963799e-04
1.99600000000000e+01	1.71333146790933e-04
1.99700000000000e+01	7.53701513856692e-05
1.99800000000000e+01	1.44828097553264e-05
1.99900000000000e+01	2.04806834816983e-06
2.00000000000000e+01	4.65445808268519e-05
