1.00000000000000e-02	8.45477442702775e+16
2.00000000000000e-02	5.28485762876514e+15
3.00000000000000e-02	1.04410278251102e+15
4.00000000000000e-02	3.30441854223875e+14
5.00000000000000e-02	1.35394507293869e+14
6.00000000000000e-02	6.53199399989369e+13
7.00000000000000e-02	3.52744395316334e+13
8.00000000000000e-02	2.06886832477901e+13
9.00000000000000e-02	1.29236679790951e+13
1.00000000000000e-01	8.48498617654857e+12
1.10000000000000e-01	5.79981536716188e+12
1.20000000000000e-01	4.09842333012809e+12
1.30000000000000e-01	2.97826482177370e+12
1.40000000000000e-01	2.21641840740670e+12
1.50000000000000e-01	1.68363021146709e+12
1.60000000000000e-01	1.30204189114038e+12
1.70000000000000e-01	1.02288596573387e+12
1.80000000000000e-01	8.14867290017708e+11
1.90000000000000e-01	6.57273127000519e+11
2.00000000000000e-01	5.36108759271929e+11
2.10000000000000e-01	4.41716948966656e+11
2.20000000000000e-01	3.67299419987983e+11
2.30000000000000e-01	3.07972552005658e+11
2.40000000000000e-01	2.60209246319186e+11
2.50000000000000e-01	2.21403333093661e+11
2.60000000000000e-01	1.89612384436401e+11
2.70000000000000e-01	1.63361523808138e+11
2.80000000000000e-01	1.41531700066630e+11
2.90000000000000e-01	1.23256344267283e+11
3.00000000000000e-01	1.07860131865349e+11
3.10000000000000e-01	9.48165888886044e+10
3.20000000000000e-01	8.37040979948457e+10
3.30000000000000e-01	7.41895378895219e+10
3.40000000000000e-01	6.60028069595070e+10
3.50000000000000e-01	5.89291177402610e+10
3.60000000000000e-01	5.27890349768312e+10
3.70000000000000e-01	4.74392232082929e+10
3.80000000000000e-01	4.27601610750245e+10
3.90000000000000e-01	3.86526562559831e+10
4.00000000000000e-01	3.50341825105322e+10
4.10000000000000e-01	3.18369295672019e+10
4.20000000000000e-01	2.90029360214588e+10
4.30000000000000e-01	2.64831980806293e+10
4.40000000000000e-01	2.42373271628385e+10
4.50000000000000e-01	2.22292960362954e+10
4.60000000000000e-01	2.04300992157330e+10
4.70000000000000e-01	1.88135678945451e+10
4.80000000000000e-01	1.73579845802113e+10
4.90000000000000e-01	1.60440996554634e+10
5.00000000000000e-01	1.48558929721588e+10
5.10000000000000e-01	1.37787338235471e+10
5.20000000000000e-01	1.28009347389520e+10
5.30000000000000e-01	1.19109737635365e+10
5.40000000000000e-01	1.10998439105883e+10
5.50000000000000e-01	1.03591874815099e+10
5.60000000000000e-01	9.68155921611051e+09
5.70000000000000e-01	9.06062332433655e+09
5.80000000000000e-01	8.49113085230471e+09
5.90000000000000e-01	7.96752095521597e+09
6.00000000000000e-01	7.48555738707648e+09
6.10000000000000e-01	7.04114569833548e+09
6.20000000000000e-01	6.63109769309361e+09
6.30000000000000e-01	6.25207720745921e+09
6.40000000000000e-01	5.90136000866661e+09
6.50000000000000e-01	5.57630938939608e+09
6.60000000000000e-01	5.27474878309125e+09
6.70000000000000e-01	4.99449920459857e+09
6.80000000000000e-01	4.73401855759705e+09
6.90000000000000e-01	4.49161916880531e+09
7.00000000000000e-01	4.26561748532622e+09
7.10000000000000e-01	4.05478680454704e+09
7.20000000000000e-01	3.85784372823404e+09
7.30000000000000e-01	3.67387047296803e+09
7.40000000000000e-01	3.50161246032196e+09
7.50000000000000e-01	3.34039352054421e+09
7.60000000000000e-01	3.18917993756494e+09
7.70000000000000e-01	3.04740620364078e+09
7.80000000000000e-01	2.91423252760632e+09
7.90000000000000e-01	2.78910694013931e+09
8.00000000000000e-01	2.67143453920704e+09
8.10000000000000e-01	2.56070470837924e+09
8.20000000000000e-01	2.45641812135086e+09
8.30000000000000e-01	2.35809530167738e+09
8.40000000000000e-01	2.26541778068653e+09
8.50000000000000e-01	2.17790959676816e+09
8.60000000000000e-01	2.09528529964814e+09
8.70000000000000e-01	2.01722873395121e+09
8.80000000000000e-01	1.94335895664465e+09
8.90000000000000e-01	1.87354411568773e+09
9.00000000000000e-01	1.80744342879471e+09
9.10000000000000e-01	1.74482658522337e+09
9.20000000000000e-01	1.68550639520018e+09
9.30000000000000e-01	1.62928462813202e+09
9.40000000000000e-01	1.57598987902880e+09
9.50000000000000e-01	1.52538667953286e+09
9.60000000000000e-01	1.47737061561547e+09
9.70000000000000e-01	1.43180465820822e+09
9.80000000000000e-01	1.38854141186970e+09
9.90000000000000e-01	1.34742805726203e+09
1.00000000000000e+00	1.30840391182369e+09
1.01000000000000e+00	1.27130376116541e+09
1.02000000000000e+00	1.23605067496980e+09
1.03000000000000e+00	1.20257762124987e+09
1.04000000000000e+00	1.17075569205921e+09
1.05000000000000e+00	1.14051638614608e+09
1.06000000000000e+00	1.11178964271715e+09
1.07000000000000e+00	1.08452010510481e+09
1.08000000000000e+00	1.05858476807777e+09
1.09000000000000e+00	1.03392361894878e+09
1.10000000000000e+00	1.01049291926977e+09
1.11000000000000e+00	9.88186000475895e+08
1.12000000000000e+00	9.66921092744746e+08
1.13000000000000e+00	9.46644361424167e+08
1.14000000000000e+00	9.27247856694312e+08
1.15000000000000e+00	9.08675352809519e+08
1.16000000000000e+00	8.90827814334388e+08
1.17000000000000e+00	8.73661926261772e+08
1.18000000000000e+00	8.57085491689453e+08
1.19000000000000e+00	8.41051938960932e+08
1.20000000000000e+00	8.25534157286795e+08
1.21000000000000e+00	8.10489301733813e+08
1.22000000000000e+00	7.95915568430870e+08
1.23000000000000e+00	7.81855565127415e+08
1.24000000000000e+00	7.68319180134048e+08
1.25000000000000e+00	7.55399199642485e+08
1.26000000000000e+00	7.43165717017413e+08
1.27000000000000e+00	7.31783394228348e+08
1.28000000000000e+00	7.21370943130405e+08
1.29000000000000e+00	7.12135279123775e+08
1.30000000000000e+00	7.04270470639967e+08
1.31000000000000e+00	6.98017503917709e+08
1.32000000000000e+00	6.93593806875923e+08
1.33000000000000e+00	6.91221254233490e+08
1.34000000000000e+00	6.91103841550998e+08
1.35000000000000e+00	6.93424967528564e+08
1.36000000000000e+00	6.98308253705010e+08
1.37000000000000e+00	7.05839013657439e+08
1.38000000000000e+00	7.16016835630948e+08
1.39000000000000e+00	7.28788514849661e+08
1.40000000000000e+00	7.44076270298013e+08
1.41000000000000e+00	7.61693033668897e+08
1.42000000000000e+00	7.81458767397648e+08
1.43000000000000e+00	8.03155099018227e+08
1.44000000000000e+00	8.26568398103340e+08
1.45000000000000e+00	8.51451039918589e+08
1.46000000000000e+00	8.77609293966502e+08
1.47000000000000e+00	9.04799352307331e+08
1.48000000000000e+00	9.32827811017837e+08
1.49000000000000e+00	9.61446829105937e+08
1.50000000000000e+00	9.90387844909178e+08
1.51000000000000e+00	1.01931556165521e+09
1.52000000000000e+00	1.04781195175900e+09
1.53000000000000e+00	1.07536863985769e+09
1.54000000000000e+00	1.10132632989338e+09
1.55000000000000e+00	1.12490280229309e+09
1.56000000000000e+00	1.14527276000878e+09
1.57000000000000e+00	1.16147756659091e+09
1.58000000000000e+00	1.17253606206507e+09
1.59000000000000e+00	1.17746571867472e+09
1.60000000000000e+00	1.17535024093045e+09
1.61000000000000e+00	1.16541991111978e+09
1.62000000000000e+00	1.14703838814536e+09
1.63000000000000e+00	1.11985335416817e+09
1.64000000000000e+00	1.08382432416257e+09
1.65000000000000e+00	1.03937715657596e+09
1.66000000000000e+00	9.87349962727853e+08
1.67000000000000e+00	9.29131695159885e+08
1.68000000000000e+00	8.66458823840201e+08
1.69000000000000e+00	8.01340719050167e+08
1.70000000000000e+00	7.35806467896410e+08
1.71000000000000e+00	6.71845292309435e+08
1.72000000000000e+00	6.11227701494581e+08
1.73000000000000e+00	5.55530434034574e+08
1.74000000000000e+00	5.06016739454589e+08
1.75000000000000e+00	4.63518078253521e+08
1.76000000000000e+00	4.28394701571547e+08
1.77000000000000e+00	4.00507280898684e+08
1.78000000000000e+00	3.79306232724477e+08
1.79000000000000e+00	3.63887157647166e+08
1.80000000000000e+00	3.53095669994611e+08
1.81000000000000e+00	3.45653648071995e+08
1.82000000000000e+00	3.40321678089451e+08
1.83000000000000e+00	3.36064783238652e+08
1.84000000000000e+00	3.32178019093533e+08
1.85000000000000e+00	3.28354539733511e+08
1.86000000000000e+00	3.24557250660456e+08
1.87000000000000e+00	3.20963348007144e+08
1.88000000000000e+00	3.17833521162305e+08
1.89000000000000e+00	3.15458949403189e+08
1.90000000000000e+00	3.14121997641168e+08
1.91000000000000e+00	3.14035283961292e+08
1.92000000000000e+00	3.15341710089737e+08
1.93000000000000e+00	3.18054710087099e+08
1.94000000000000e+00	3.22056265150453e+08
1.95000000000000e+00	3.27094693541717e+08
1.96000000000000e+00	3.32803872371464e+08
1.97000000000000e+00	3.38736568508444e+08
1.98000000000000e+00	3.44412471231187e+08
1.99000000000000e+00	3.49368844535470e+08
2.00000000000000e+00	3.53195068405273e+08
2.01000000000000e+00	3.55575997686817e+08
2.02000000000000e+00	3.56320307616918e+08
2.03000000000000e+00	3.55355834204646e+08
2.04000000000000e+00	3.52720395670350e+08
2.05000000000000e+00	3.48546689592693e+08
2.06000000000000e+00	3.43014061504223e+08
2.07000000000000e+00	3.36285514953541e+08
2.08000000000000e+00	3.28480650532277e+08
2.09000000000000e+00	3.19613846603337e+08
2.10000000000000e+00	3.09600979609341e+08
2.11000000000000e+00	2.98291997568859e+08
2.12000000000000e+00	2.85536381985410e+08
2.13000000000000e+00	2.71282600534000e+08
2.14000000000000e+00	2.55656126134816e+08
2.15000000000000e+00	2.38953194082890e+08
2.16000000000000e+00	2.21611636177586e+08
2.17000000000000e+00	2.04084445552582e+08
2.18000000000000e+00	1.86769489913636e+08
2.19000000000000e+00	1.69933690097425e+08
2.20000000000000e+00	1.53736088834207e+08
2.21000000000000e+00	1.38255972978095e+08
2.22000000000000e+00	1.23550073381639e+08
2.23000000000000e+00	1.09709102986202e+08
2.24000000000000e+00	9.68652953991617e+07
2.25000000000000e+00	8.51896091336404e+07
2.26000000000000e+00	7.48369599117439e+07
2.27000000000000e+00	6.59034199729601e+07
2.28000000000000e+00	5.84015977249818e+07
2.29000000000000e+00	5.22611405372044e+07
2.30000000000000e+00	4.73463420464952e+07
2.31000000000000e+00	4.34828753990913e+07
2.32000000000000e+00	4.04787669800003e+07
2.33000000000000e+00	3.81408894012769e+07
2.34000000000000e+00	3.62830165289551e+07
2.35000000000000e+00	3.47383521526345e+07
2.36000000000000e+00	3.33611140216653e+07
2.37000000000000e+00	3.20338086070719e+07
2.38000000000000e+00	3.06679867419098e+07
2.39000000000000e+00	2.92028067902630e+07
2.40000000000000e+00	2.76036227952923e+07
2.41000000000000e+00	2.58639350012287e+07
2.42000000000000e+00	2.40050428067319e+07
2.43000000000000e+00	2.20753928101883e+07
2.44000000000000e+00	2.01440199540373e+07
2.45000000000000e+00	1.82965829084777e+07
2.46000000000000e+00	1.66239388442462e+07
2.47000000000000e+00	1.52191193233071e+07
2.48000000000000e+00	1.41694535116958e+07
2.49000000000000e+00	1.35527622710787e+07
2.50000000000000e+00	1.34303060336534e+07
2.51000000000000e+00	1.38418259443413e+07
2.52000000000000e+00	1.47986112135507e+07
2.53000000000000e+00	1.62801782068315e+07
2.54000000000000e+00	1.82309681376163e+07
2.55000000000000e+00	2.05633399934101e+07
2.56000000000000e+00	2.31616928321728e+07
2.57000000000000e+00	2.58910491999822e+07
2.58000000000000e+00	2.86046905577752e+07
2.59000000000000e+00	3.11537460348831e+07
2.60000000000000e+00	3.33904643773486e+07
2.61000000000000e+00	3.51763525026295e+07
2.62000000000000e+00	3.63871714745851e+07
2.63000000000000e+00	3.69292663014710e+07
2.64000000000000e+00	3.67647939190671e+07
2.65000000000000e+00	3.59335130326119e+07
2.66000000000000e+00	3.45597582709710e+07
2.67000000000000e+00	3.28234240294619e+07
2.68000000000000e+00	3.09133980203735e+07
2.69000000000000e+00	2.89835648749112e+07
2.70000000000000e+00	2.71313566720207e+07
2.71000000000000e+00	2.53994188116579e+07
2.72000000000000e+00	2.37890922564884e+07
2.73000000000000e+00	2.22818330880658e+07
2.74000000000000e+00	2.08525751803800e+07
2.75000000000000e+00	1.94813491376224e+07
2.76000000000000e+00	1.81580392212910e+07
2.77000000000000e+00	1.68822747020653e+07
2.78000000000000e+00	1.56597019238707e+07
2.79000000000000e+00	1.44984173582778e+07
2.80000000000000e+00	1.34059822266304e+07
2.81000000000000e+00	1.23878754854280e+07
2.82000000000000e+00	1.14476364358720e+07
2.83000000000000e+00	1.05866382008535e+07
2.84000000000000e+00	9.80568752244449e+06
2.85000000000000e+00	9.10439873562048e+06
2.86000000000000e+00	8.48165068339005e+06
2.87000000000000e+00	7.93577801295308e+06
2.88000000000000e+00	7.46365893235469e+06
2.89000000000000e+00	7.06069556371000e+06
2.90000000000000e+00	6.72080204122787e+06
2.91000000000000e+00	6.43633443108402e+06
2.92000000000000e+00	6.19832433543966e+06
2.93000000000000e+00	5.99753583060561e+06
2.94000000000000e+00	5.82536218685295e+06
2.95000000000000e+00	5.67449218048660e+06
2.96000000000000e+00	5.54018126043017e+06
2.97000000000000e+00	5.42027735882685e+06
2.98000000000000e+00	5.31562639719418e+06
2.99000000000000e+00	5.22888971608666e+06
3.00000000000000e+00	5.16390872089670e+06
3.01000000000000e+00	5.12431928850906e+06
3.02000000000000e+00	5.11255603683299e+06
3.03000000000000e+00	5.12955578447645e+06
3.04000000000000e+00	5.17442841798756e+06
3.05000000000000e+00	5.24463717042797e+06
3.06000000000000e+00	5.33621952470455e+06
3.07000000000000e+00	5.44451762870078e+06
3.08000000000000e+00	5.56435079532806e+06
3.09000000000000e+00	5.69023740339061e+06
3.10000000000000e+00	5.81711843869428e+06
3.11000000000000e+00	5.94027527819261e+06
3.12000000000000e+00	6.05526084902528e+06
3.13000000000000e+00	6.15795854619574e+06
3.14000000000000e+00	6.24437511652071e+06
3.15000000000000e+00	6.31032716423631e+06
3.16000000000000e+00	6.35222166267243e+06
3.17000000000000e+00	6.36732556515112e+06
3.18000000000000e+00	6.35430731291444e+06
3.19000000000000e+00	6.31411783349547e+06
3.20000000000000e+00	6.24941244746142e+06
3.21000000000000e+00	6.16419095721002e+06
3.22000000000000e+00	6.06222398027140e+06
3.23000000000000e+00	5.94632195203838e+06
3.24000000000000e+00	5.81762421389954e+06
3.25000000000000e+00	5.67577822830347e+06
3.26000000000000e+00	5.51939911676324e+06
3.27000000000000e+00	5.34744565297597e+06
3.28000000000000e+00	5.15934727427101e+06
3.29000000000000e+00	4.95607038359261e+06
3.30000000000000e+00	4.74002627031479e+06
3.31000000000000e+00	4.51499188816660e+06
3.32000000000000e+00	4.28594593341209e+06
3.33000000000000e+00	4.05812619268197e+06
3.34000000000000e+00	3.83658265021018e+06
3.35000000000000e+00	3.62534079360630e+06
3.36000000000000e+00	3.42717208456817e+06
3.37000000000000e+00	3.24356454644329e+06
3.38000000000000e+00	3.07479188181657e+06
3.39000000000000e+00	2.92025229708521e+06
3.40000000000000e+00	2.77895465878978e+06
3.41000000000000e+00	2.64967108312761e+06
3.42000000000000e+00	2.53107619785963e+06
3.43000000000000e+00	2.42202831076667e+06
3.44000000000000e+00	2.32152691417777e+06
3.45000000000000e+00	2.22873311666632e+06
3.46000000000000e+00	2.14306927235998e+06
3.47000000000000e+00	2.06414859483334e+06
3.48000000000000e+00	1.99191205157878e+06
3.49000000000000e+00	1.92638578742453e+06
3.50000000000000e+00	1.86784935113650e+06
3.51000000000000e+00	1.81673134809404e+06
3.52000000000000e+00	1.77351134117232e+06
3.53000000000000e+00	1.73872490866441e+06
3.54000000000000e+00	1.71289856857956e+06
3.55000000000000e+00	1.69641791170316e+06
3.56000000000000e+00	1.68962986877527e+06
3.57000000000000e+00	1.69275123542245e+06
3.58000000000000e+00	1.70596005434611e+06
3.59000000000000e+00	1.72941778123121e+06
3.60000000000000e+00	1.76334152878704e+06
3.61000000000000e+00	1.80789009363558e+06
3.62000000000000e+00	1.86310083713089e+06
3.63000000000000e+00	1.92881864782389e+06
3.64000000000000e+00	2.00453231014881e+06
3.65000000000000e+00	2.08931039205317e+06
3.66000000000000e+00	2.18178456236283e+06
3.67000000000000e+00	2.28016240979169e+06
3.68000000000000e+00	2.38240603454030e+06
3.69000000000000e+00	2.48627482225416e+06
3.70000000000000e+00	2.58946201184432e+06
3.71000000000000e+00	2.68984415925637e+06
3.72000000000000e+00	2.78561100302457e+06
3.73000000000000e+00	2.87541047653557e+06
3.74000000000000e+00	2.95855068353221e+06
3.75000000000000e+00	3.03518954100311e+06
3.76000000000000e+00	3.10629807898071e+06
3.77000000000000e+00	3.17343445753844e+06
3.78000000000000e+00	3.23857554293181e+06
3.79000000000000e+00	3.30371139580115e+06
3.80000000000000e+00	3.37049892442427e+06
3.81000000000000e+00	3.44014576970472e+06
3.82000000000000e+00	3.51333952822481e+06
3.83000000000000e+00	3.59033685829274e+06
3.84000000000000e+00	3.67116986516249e+06
3.85000000000000e+00	3.75595719256474e+06
3.86000000000000e+00	3.84532492184833e+06
3.87000000000000e+00	3.94054853581102e+06
3.88000000000000e+00	4.04404400320060e+06
3.89000000000000e+00	4.15952114377743e+06
3.90000000000000e+00	4.29218193513411e+06
3.91000000000000e+00	4.44861163615479e+06
3.92000000000000e+00	4.63658937196252e+06
3.93000000000000e+00	4.86462064381061e+06
3.94000000000000e+00	5.14148247157634e+06
3.95000000000000e+00	5.47518473871840e+06
3.96000000000000e+00	5.87227648638088e+06
3.97000000000000e+00	6.33689765274507e+06
3.98000000000000e+00	6.87009509839637e+06
3.99000000000000e+00	7.46917853954265e+06
4.00000000000000e+00	8.12760867321118e+06
4.01000000000000e+00	8.83466956291035e+06
4.02000000000000e+00	9.57533595031738e+06
4.03000000000000e+00	1.03295421733605e+07
4.04000000000000e+00	1.10722572457851e+07
4.05000000000000e+00	1.17731876576999e+07
4.06000000000000e+00	1.23971392766416e+07
4.07000000000000e+00	1.29054688698673e+07
4.08000000000000e+00	1.32585442364192e+07
4.09000000000000e+00	1.34192130671137e+07
4.10000000000000e+00	1.33572080010938e+07
4.11000000000000e+00	1.30536228905852e+07
4.12000000000000e+00	1.25053497024402e+07
4.13000000000000e+00	1.17273192215812e+07
4.14000000000000e+00	1.07529865023217e+07
4.15000000000000e+00	9.63139064742307e+06
4.16000000000000e+00	8.42181616555928e+06
4.17000000000000e+00	7.18663540418393e+06
4.18000000000000e+00	5.98395969199433e+06
4.19000000000000e+00	4.86171970620441e+06
4.20000000000000e+00	3.85402059914487e+06
4.21000000000000e+00	2.98029481228304e+06
4.22000000000000e+00	2.24666068725618e+06
4.23000000000000e+00	1.64889902557509e+06
4.24000000000000e+00	1.17567155383984e+06
4.25000000000000e+00	8.11542785622123e+05
4.26000000000000e+00	5.39554748530014e+05
4.27000000000000e+00	3.42848696916653e+05
4.28000000000000e+00	2.05846264760906e+05
4.29000000000000e+00	1.14845107709813e+05
4.30000000000000e+00	5.83489221924742e+04
4.31000000000000e+00	2.71523127347446e+04
4.32000000000000e+00	1.42535478621291e+04
4.33000000000000e+00	1.46426323422064e+04
4.34000000000000e+00	2.49958926301792e+04
4.35000000000000e+00	4.33196037391396e+04
4.36000000000000e+00	6.85761364153623e+04
4.37000000000000e+00	1.00319755730892e+05
4.38000000000000e+00	1.38369765211569e+05
4.39000000000000e+00	1.82525843359069e+05
4.40000000000000e+00	2.32355030574075e+05
4.41000000000000e+00	2.87039636498433e+05
4.42000000000000e+00	3.45315999376867e+05
4.43000000000000e+00	4.05472959854546e+05
4.44000000000000e+00	4.65453599680436e+05
4.45000000000000e+00	5.23006715051215e+05
4.46000000000000e+00	5.75852081500486e+05
4.47000000000000e+00	6.21898392310118e+05
4.48000000000000e+00	6.59430320272423e+05
4.49000000000000e+00	6.87259411899181e+05
4.50000000000000e+00	7.04815419532433e+05
4.51000000000000e+00	7.12245435045314e+05
4.52000000000000e+00	7.10438834229871e+05
4.53000000000000e+00	7.00980060451247e+05
4.54000000000000e+00	6.86126841335234e+05
4.55000000000000e+00	6.68693642071281e+05
4.56000000000000e+00	6.52003828784028e+05
4.57000000000000e+00	6.39829836455713e+05
4.58000000000000e+00	6.36373123017020e+05
4.59000000000000e+00	6.46368200639485e+05
4.60000000000000e+00	6.75196325154814e+05
4.61000000000000e+00	7.29118331875872e+05
4.62000000000000e+00	8.15558352172634e+05
4.63000000000000e+00	9.43432326289044e+05
4.64000000000000e+00	1.12340673997222e+06
4.65000000000000e+00	1.36813819008871e+06
4.66000000000000e+00	1.69242115137686e+06
4.67000000000000e+00	2.11304641621783e+06
4.68000000000000e+00	2.64862064845441e+06
4.69000000000000e+00	3.31892186279310e+06
4.70000000000000e+00	4.14406919901804e+06
4.71000000000000e+00	5.14283944592709e+06
4.72000000000000e+00	6.33032720163252e+06
4.73000000000000e+00	7.71460337474054e+06
4.74000000000000e+00	9.29247861167027e+06
4.75000000000000e+00	1.10442888566792e+07
4.76000000000000e+00	1.29295907039294e+07
4.77000000000000e+00	1.48844134269431e+07
4.78000000000000e+00	1.68216444816496e+07
4.79000000000000e+00	1.86369394160080e+07
4.80000000000000e+00	2.02182250881664e+07
4.81000000000000e+00	2.14601397625360e+07
4.82000000000000e+00	2.22786847842551e+07
4.83000000000000e+00	2.26233247906074e+07
4.84000000000000e+00	2.24842403736410e+07
4.85000000000000e+00	2.18921136695126e+07
4.86000000000000e+00	2.09111240874324e+07
4.87000000000000e+00	1.96266912666155e+07
4.88000000000000e+00	1.81325496351226e+07
4.89000000000000e+00	1.65188819285018e+07
4.90000000000000e+00	1.48650831015419e+07
4.91000000000000e+00	1.32344444105361e+07
4.92000000000000e+00	1.16750880320716e+07
4.93000000000000e+00	1.02203530416951e+07
4.94000000000000e+00	8.89173413031178e+06
4.95000000000000e+00	7.70100860877507e+06
4.96000000000000e+00	6.65210840546146e+06
4.97000000000000e+00	5.74334927855380e+06
4.98000000000000e+00	4.96814795124798e+06
4.99000000000000e+00	4.31672325305964e+06
5.00000000000000e+00	3.77693056326780e+06
5.01000000000000e+00	3.33534055098440e+06
5.02000000000000e+00	2.97820319156326e+06
5.03000000000000e+00	2.69193958460919e+06
5.04000000000000e+00	2.46388296603694e+06
5.05000000000000e+00	2.28241073617146e+06
5.06000000000000e+00	2.13735568883562e+06
5.07000000000000e+00	2.01995881367505e+06
5.08000000000000e+00	1.92288683064704e+06
5.09000000000000e+00	1.84013456110071e+06
5.10000000000000e+00	1.76696456697459e+06
5.11000000000000e+00	1.69967331682988e+06
5.12000000000000e+00	1.63545804894358e+06
5.13000000000000e+00	1.57234771344151e+06
5.14000000000000e+00	1.50895494419421e+06
5.15000000000000e+00	1.44436438568230e+06
5.16000000000000e+00	1.37792279172963e+06
5.17000000000000e+00	1.30939854306256e+06
5.18000000000000e+00	1.23861552074365e+06
5.19000000000000e+00	1.16565738964041e+06
5.20000000000000e+00	1.09074897613448e+06
5.21000000000000e+00	1.01432771696526e+06
5.22000000000000e+00	9.36999145173412e+05
5.23000000000000e+00	8.59612661671334e+05
5.24000000000000e+00	7.83186419140044e+05
5.25000000000000e+00	7.08871675774666e+05
5.26000000000000e+00	6.37927212368092e+05
5.27000000000000e+00	5.71576934293238e+05
5.28000000000000e+00	5.10957898408112e+05
5.29000000000000e+00	4.56971296690872e+05
5.30000000000000e+00	4.10250469400213e+05
5.31000000000000e+00	3.71065141473546e+05
5.32000000000000e+00	3.39339619810131e+05
5.33000000000000e+00	3.14685192488325e+05
5.34000000000000e+00	2.96446896179613e+05
5.35000000000000e+00	2.83811031153701e+05
5.36000000000000e+00	2.75883890795413e+05
5.37000000000000e+00	2.71762652771716e+05
5.38000000000000e+00	2.70590975121598e+05
5.39000000000000e+00	2.71594792892479e+05
5.40000000000000e+00	2.74096822124611e+05
5.41000000000000e+00	2.77511086032222e+05
5.42000000000000e+00	2.81351661439695e+05
5.43000000000000e+00	2.85220233242277e+05
5.44000000000000e+00	2.88806607232107e+05
5.45000000000000e+00	2.91886448534077e+05
5.46000000000000e+00	2.94328569911677e+05
5.47000000000000e+00	2.96082855676913e+05
5.48000000000000e+00	2.97183733220023e+05
5.49000000000000e+00	2.97734941499873e+05
5.50000000000000e+00	2.97876897623418e+05
5.51000000000000e+00	2.97778932366079e+05
5.52000000000000e+00	2.97595635203375e+05
5.53000000000000e+00	2.97445622554271e+05
5.54000000000000e+00	2.97383527686973e+05
5.55000000000000e+00	2.97384189768494e+05
5.56000000000000e+00	2.97341664333630e+05
5.57000000000000e+00	2.97077567091963e+05
5.58000000000000e+00	2.96363884503906e+05
5.59000000000000e+00	2.94957511267941e+05
5.60000000000000e+00	2.92613994854496e+05
5.61000000000000e+00	2.89146443618699e+05
5.62000000000000e+00	2.84409681279717e+05
5.63000000000000e+00	2.78347397836703e+05
5.64000000000000e+00	2.70963651844810e+05
5.65000000000000e+00	2.62344566268107e+05
5.66000000000000e+00	2.52633540964652e+05
5.67000000000000e+00	2.42033067319942e+05
5.68000000000000e+00	2.30774648947041e+05
5.69000000000000e+00	2.19115018052195e+05
5.70000000000000e+00	2.07321075436975e+05
5.71000000000000e+00	1.95648311170675e+05
5.72000000000000e+00	1.84327694721559e+05
5.73000000000000e+00	1.73553429443551e+05
5.74000000000000e+00	1.63454911456668e+05
5.75000000000000e+00	1.54100081459791e+05
5.76000000000000e+00	1.45489063617728e+05
5.77000000000000e+00	1.37560721352340e+05
5.78000000000000e+00	1.30203160716364e+05
5.79000000000000e+00	1.23273627159803e+05
5.80000000000000e+00	1.16622906624579e+05
5.81000000000000e+00	1.10110970045030e+05
5.82000000000000e+00	1.03629510104829e+05
5.83000000000000e+00	9.71190130716248e+04
5.84000000000000e+00	9.05723859506347e+04
5.85000000000000e+00	8.40458321416401e+04
5.86000000000000e+00	7.76492091102598e+04
5.87000000000000e+00	7.15407108633585e+04
5.88000000000000e+00	6.59074222311311e+04
5.89000000000000e+00	6.09453885657438e+04
5.90000000000000e+00	5.68435154975592e+04
5.91000000000000e+00	5.37535010268698e+04
5.92000000000000e+00	5.17813214260232e+04
5.93000000000000e+00	5.09681470439353e+04
5.94000000000000e+00	5.12932753366571e+04
5.95000000000000e+00	5.26705079274607e+04
5.96000000000000e+00	5.49568467698060e+04
5.97000000000000e+00	5.79663110787811e+04
5.98000000000000e+00	6.14838195847868e+04
5.99000000000000e+00	6.52802345132117e+04
6.00000000000000e+00	6.91276113949974e+04
6.01000000000000e+00	7.28179112083395e+04
6.02000000000000e+00	7.61708109503683e+04
6.03000000000000e+00	7.90406351433992e+04
6.04000000000000e+00	8.13263484988883e+04
6.05000000000000e+00	8.29666283587933e+04
6.06000000000000e+00	8.39391557449641e+04
6.07000000000000e+00	8.42523593942550e+04
6.08000000000000e+00	8.39370924939964e+04
6.09000000000000e+00	8.30437510848974e+04
6.10000000000000e+00	8.16295726952482e+04
6.11000000000000e+00	7.97577770453194e+04
6.12000000000000e+00	7.74893998200118e+04
6.13000000000000e+00	7.48827567884902e+04
6.14000000000000e+00	7.19883791853346e+04
6.15000000000000e+00	6.88566077433347e+04
6.16000000000000e+00	6.55362061977015e+04
6.17000000000000e+00	6.20826949023102e+04
6.18000000000000e+00	5.85780769375276e+04
6.19000000000000e+00	5.51335642093020e+04
6.20000000000000e+00	5.19171083969962e+04
6.21000000000000e+00	4.91627416833949e+04
6.22000000000000e+00	4.71868977406348e+04
6.23000000000000e+00	4.63975244990079e+04
6.24000000000000e+00	4.72899727511597e+04
6.25000000000000e+00	5.04337153538763e+04
6.26000000000000e+00	5.64361024293537e+04
6.27000000000000e+00	6.58875242027421e+04
6.28000000000000e+00	7.92799206307309e+04
6.29000000000000e+00	9.69142926421979e+04
6.30000000000000e+00	1.18799040047721e+05
6.31000000000000e+00	1.44559943388626e+05
6.32000000000000e+00	1.73399127890469e+05
6.33000000000000e+00	2.04109381664615e+05
6.34000000000000e+00	2.35153210140795e+05
6.35000000000000e+00	2.64836661080073e+05
6.36000000000000e+00	2.91493628919423e+05
6.37000000000000e+00	3.13679241063691e+05
6.38000000000000e+00	3.30338279615998e+05
6.39000000000000e+00	3.40877926316532e+05
6.40000000000000e+00	3.45172982015992e+05
6.41000000000000e+00	3.43529379972729e+05
6.42000000000000e+00	3.36573178151342e+05
6.43000000000000e+00	3.25151450558461e+05
6.44000000000000e+00	3.10224500214308e+05
6.45000000000000e+00	2.92786109852289e+05
6.46000000000000e+00	2.73786227951586e+05
6.47000000000000e+00	2.54096281639414e+05
6.48000000000000e+00	2.34471412372938e+05
6.49000000000000e+00	2.15528429224042e+05
6.50000000000000e+00	1.97738666235368e+05
6.51000000000000e+00	1.81432756890381e+05
6.52000000000000e+00	1.66804847618908e+05
6.53000000000000e+00	1.53926275088307e+05
6.54000000000000e+00	1.42768169909916e+05
6.55000000000000e+00	1.33226445881865e+05
6.56000000000000e+00	1.25148730351209e+05
6.57000000000000e+00	1.18348476322654e+05
6.58000000000000e+00	1.12633834958945e+05
6.59000000000000e+00	1.07818789740774e+05
6.60000000000000e+00	1.03731457138099e+05
6.61000000000000e+00	1.00224551681057e+05
6.62000000000000e+00	9.71750053058300e+04
6.63000000000000e+00	9.44855461927846e+04
6.64000000000000e+00	9.20866863516960e+04
6.65000000000000e+00	8.99355023094526e+04
6.66000000000000e+00	8.80109693482546e+04
6.67000000000000e+00	8.63159737802398e+04
6.68000000000000e+00	8.48711301713893e+04
6.69000000000000e+00	8.37115116742396e+04
6.70000000000000e+00	8.28834629077619e+04
6.71000000000000e+00	8.24449691738284e+04
6.72000000000000e+00	8.24539216444438e+04
6.73000000000000e+00	8.29759482414738e+04
6.74000000000000e+00	8.40681738621158e+04
6.75000000000000e+00	8.57806791587414e+04
6.76000000000000e+00	8.81441524762730e+04
6.77000000000000e+00	9.11642184700271e+04
6.78000000000000e+00	9.48127663487798e+04
6.79000000000000e+00	9.90210276583091e+04
6.80000000000000e+00	1.03675366247613e+05
6.81000000000000e+00	1.08625808119388e+05
6.82000000000000e+00	1.13684547108003e+05
6.83000000000000e+00	1.18640924608249e+05
6.84000000000000e+00	1.23279474049904e+05
6.85000000000000e+00	1.27391091174391e+05
6.86000000000000e+00	1.30790476899517e+05
6.87000000000000e+00	1.33333673887639e+05
6.88000000000000e+00	1.34926472836224e+05
6.89000000000000e+00	1.35527823894928e+05
6.90000000000000e+00	1.35150500704529e+05
6.91000000000000e+00	1.33861882853146e+05
6.92000000000000e+00	1.31771312758953e+05
6.93000000000000e+00	1.29023838627576e+05
6.94000000000000e+00	1.25776930308876e+05
6.95000000000000e+00	1.22188266775847e+05
6.96000000000000e+00	1.18395807529809e+05
6.97000000000000e+00	1.14498387809832e+05
6.98000000000000e+00	1.10550249998624e+05
6.99000000000000e+00	1.06557536541629e+05
7.00000000000000e+00	1.02483658768886e+05
7.01000000000000e+00	9.82585085876657e+04
7.02000000000000e+00	9.38001537316500e+04
7.03000000000000e+00	8.90246449360405e+04
7.04000000000000e+00	8.38719572988805e+04
7.05000000000000e+00	7.83138839542325e+04
7.06000000000000e+00	7.23696771575480e+04
7.07000000000000e+00	6.61084924908185e+04
7.08000000000000e+00	5.96472818772363e+04
7.09000000000000e+00	5.31396969546627e+04
7.10000000000000e+00	4.67588904588928e+04
7.11000000000000e+00	4.06787740080121e+04
7.12000000000000e+00	3.50495212032129e+04
7.13000000000000e+00	2.99875584655019e+04
7.14000000000000e+00	2.55625374676228e+04
7.15000000000000e+00	2.17993160376527e+04
7.16000000000000e+00	1.86838167685950e+04
7.17000000000000e+00	1.61735317558367e+04
7.18000000000000e+00	1.42092569445780e+04
7.19000000000000e+00	1.27253336448566e+04
7.20000000000000e+00	1.16584325827142e+04
7.21000000000000e+00	1.09516213268676e+04
7.22000000000000e+00	1.05574661945910e+04
7.23000000000000e+00	1.04382930022420e+04
7.24000000000000e+00	1.05648760434972e+04
7.25000000000000e+00	1.09148111995728e+04
7.26000000000000e+00	1.14704817569193e+04
7.27000000000000e+00	1.22174534505344e+04
7.28000000000000e+00	1.31432965284507e+04
7.29000000000000e+00	1.42374392320090e+04
7.30000000000000e+00	1.54928404827055e+04
7.31000000000000e+00	1.69080879764065e+04
7.32000000000000e+00	1.84933610583309e+04
7.33000000000000e+00	2.02774233676741e+04
7.34000000000000e+00	2.23171278591842e+04
7.35000000000000e+00	2.47091559386435e+04
7.36000000000000e+00	2.76033215533195e+04
7.37000000000000e+00	3.12169577344533e+04
7.38000000000000e+00	3.58471185096792e+04
7.39000000000000e+00	4.18813077458696e+04
7.40000000000000e+00	4.98028025862972e+04
7.41000000000000e+00	6.01897900141268e+04
7.42000000000000e+00	7.37048766163836e+04
7.43000000000000e+00	9.10817892765340e+04
7.44000000000000e+00	1.13089875099125e+05
7.45000000000000e+00	1.40497594229596e+05
7.46000000000000e+00	1.74010857129478e+05
7.47000000000000e+00	2.14183629728962e+05
7.48000000000000e+00	2.61307256253982e+05
7.49000000000000e+00	3.15267901889657e+05
7.50000000000000e+00	3.75384128435236e+05
7.51000000000000e+00	4.40284853415995e+05
7.52000000000000e+00	5.07835259789643e+05
7.53000000000000e+00	5.75189467978970e+05
7.54000000000000e+00	6.38984882665564e+05
7.55000000000000e+00	6.95688257773409e+05
7.56000000000000e+00	7.42009645450515e+05
7.57000000000000e+00	7.75339975315215e+05
7.58000000000000e+00	7.94081307957435e+05
7.59000000000000e+00	7.97841450551830e+05
7.60000000000000e+00	7.87340059424985e+05
7.61000000000000e+00	7.64263916259032e+05
7.62000000000000e+00	7.30884846124524e+05
7.63000000000000e+00	6.89742374040795e+05
7.64000000000000e+00	6.43339926225654e+05
7.65000000000000e+00	5.93952740424424e+05
7.66000000000000e+00	5.43513842236399e+05
7.67000000000000e+00	4.93620507077299e+05
7.68000000000000e+00	4.45514910175450e+05
7.69000000000000e+00	4.00132536151402e+05
7.70000000000000e+00	3.58159345342732e+05
7.71000000000000e+00	3.20029028211089e+05
7.72000000000000e+00	2.85970377303024e+05
7.73000000000000e+00	2.56028468133352e+05
7.74000000000000e+00	2.30102370635370e+05
7.75000000000000e+00	2.07972377945237e+05
7.76000000000000e+00	1.89338062245226e+05
7.77000000000000e+00	1.73851509994405e+05
7.78000000000000e+00	1.61142356307397e+05
7.79000000000000e+00	1.50836323226921e+05
7.80000000000000e+00	1.42583902095494e+05
7.81000000000000e+00	1.36063580474998e+05
7.82000000000000e+00	1.30981421670062e+05
7.83000000000000e+00	1.27082676704145e+05
7.84000000000000e+00	1.24136571287612e+05
7.85000000000000e+00	1.21945000170680e+05
7.86000000000000e+00	1.20319906416007e+05
7.87000000000000e+00	1.19098292819141e+05
7.88000000000000e+00	1.18122253582154e+05
7.89000000000000e+00	1.17245615153355e+05
7.90000000000000e+00	1.16332810310301e+05
7.91000000000000e+00	1.15258581054578e+05
7.92000000000000e+00	1.13910225003710e+05
7.93000000000000e+00	1.12185137145595e+05
7.94000000000000e+00	1.09999402748876e+05
7.95000000000000e+00	1.07288853597504e+05
7.96000000000000e+00	1.04009155127894e+05
7.97000000000000e+00	1.00136315717642e+05
7.98000000000000e+00	9.56726988194785e+04
7.99000000000000e+00	9.06495418209486e+04
8.00000000000000e+00	8.51193289568854e+04
8.01000000000000e+00	7.91594510400273e+04
8.02000000000000e+00	7.28697298065743e+04
8.03000000000000e+00	6.63626769097589e+04
8.04000000000000e+00	5.97638303311083e+04
8.05000000000000e+00	5.32021993867042e+04
8.06000000000000e+00	4.68067093810335e+04
8.07000000000000e+00	4.07002876669856e+04
8.08000000000000e+00	3.49933071292732e+04
8.09000000000000e+00	2.97786204958527e+04
8.10000000000000e+00	2.51272241988137e+04
8.11000000000000e+00	2.10852529347170e+04
8.12000000000000e+00	1.76724942206578e+04
8.13000000000000e+00	1.48834034184499e+04
8.14000000000000e+00	1.26892586067807e+04
8.15000000000000e+00	1.10424141034089e+04
8.16000000000000e+00	9.88073423159144e+03
8.17000000000000e+00	9.13300997608383e+03
8.18000000000000e+00	8.72406254275677e+03
8.19000000000000e+00	8.57849624126103e+03
8.20000000000000e+00	8.62486190473147e+03
8.21000000000000e+00	8.79860267558147e+03
8.22000000000000e+00	9.04348417248692e+03
8.23000000000000e+00	9.31297876369667e+03
8.24000000000000e+00	9.57060549381402e+03
8.25000000000000e+00	9.78956869559562e+03
8.26000000000000e+00	9.95142729298189e+03
8.27000000000000e+00	1.00455208181090e+04
8.28000000000000e+00	1.00667711394078e+04
8.29000000000000e+00	1.00147247907789e+04
8.30000000000000e+00	9.89242696435234e+03
8.31000000000000e+00	9.70463655920341e+03
8.32000000000000e+00	9.45781187537024e+03
8.33000000000000e+00	9.15885452722013e+03
8.34000000000000e+00	8.81481066700487e+03
8.35000000000000e+00	8.43244982541475e+03
8.36000000000000e+00	8.01818140808919e+03
8.37000000000000e+00	7.57804157052438e+03
8.38000000000000e+00	7.11777935972658e+03
8.39000000000000e+00	6.64321020253617e+03
8.40000000000000e+00	6.16070057673093e+03
8.41000000000000e+00	5.67779163912371e+03
8.42000000000000e+00	5.20403290667221e+03
8.43000000000000e+00	4.75217939015057e+03
8.44000000000000e+00	4.33938988180425e+03
8.45000000000000e+00	3.98843198313331e+03
8.46000000000000e+00	3.72902476282100e+03
8.47000000000000e+00	3.59867761647280e+03
8.48000000000000e+00	3.64259358417889e+03
8.49000000000000e+00	3.91286459267563e+03
8.50000000000000e+00	4.46562432557032e+03
8.51000000000000e+00	5.35691183266068e+03
8.52000000000000e+00	6.63634761798410e+03
8.53000000000000e+00	8.33995162914110e+03
8.54000000000000e+00	1.04819645679142e+04
8.55000000000000e+00	1.30477174781552e+04
8.56000000000000e+00	1.59885635504188e+04
8.57000000000000e+00	1.92204787663466e+04
8.58000000000000e+00	2.26280748344324e+04
8.59000000000000e+00	2.60724050189211e+04
8.60000000000000e+00	2.94041716090322e+04
8.61000000000000e+00	3.24768820637981e+04
8.62000000000000e+00	3.51602854561464e+04
8.63000000000000e+00	3.73519104014986e+04
8.64000000000000e+00	3.89836118722264e+04
8.65000000000000e+00	4.00236267413051e+04
8.66000000000000e+00	4.04753814489467e+04
8.67000000000000e+00	4.03723516589513e+04
8.68000000000000e+00	3.97732749184836e+04
8.69000000000000e+00	3.87542326336937e+04
8.70000000000000e+00	3.74030775115301e+04
8.71000000000000e+00	3.58113121140893e+04
8.72000000000000e+00	3.40706345161472e+04
8.73000000000000e+00	3.22649734724383e+04
8.74000000000000e+00	3.04690656426452e+04
8.75000000000000e+00	2.87429092391376e+04
8.76000000000000e+00	2.71323502673296e+04
8.77000000000000e+00	2.56662904253867e+04
8.78000000000000e+00	2.43610836028565e+04
8.79000000000000e+00	2.32197004684806e+04
8.80000000000000e+00	2.22361523218495e+04
8.81000000000000e+00	2.13978490594096e+04
8.82000000000000e+00	2.06879885755177e+04
8.83000000000000e+00	2.00880315830817e+04
8.84000000000000e+00	1.95787261340839e+04
8.85000000000000e+00	1.91424063217831e+04
8.86000000000000e+00	1.87621269599849e+04
8.87000000000000e+00	1.84233643756825e+04
8.88000000000000e+00	1.81135126826014e+04
8.89000000000000e+00	1.78227506822813e+04
8.90000000000000e+00	1.75429422915170e+04
8.91000000000000e+00	1.72686028065359e+04
8.92000000000000e+00	1.69954517971951e+04
8.93000000000000e+00	1.67221365042079e+04
8.94000000000000e+00	1.64477921346712e+04
8.95000000000000e+00	1.61735204611154e+04
8.96000000000000e+00	1.59005988760407e+04
8.97000000000000e+00	1.56311808839156e+04
8.98000000000000e+00	1.53670498104413e+04
8.99000000000000e+00	1.51102222076148e+04
9.00000000000000e+00	1.48625245814528e+04
9.01000000000000e+00	1.46257222726228e+04
9.02000000000000e+00	1.44008330234652e+04
9.03000000000000e+00	1.41884293372253e+04
9.04000000000000e+00	1.39886855999729e+04
9.05000000000000e+00	1.38001476680520e+04
9.06000000000000e+00	1.36210988452293e+04
9.07000000000000e+00	1.34485074865423e+04
9.08000000000000e+00	1.32792860645328e+04
9.09000000000000e+00	1.31101160497183e+04
9.10000000000000e+00	1.29380399559366e+04
9.11000000000000e+00	1.27604005551533e+04
9.12000000000000e+00	1.25752074935331e+04
9.13000000000000e+00	1.23813451471043e+04
9.14000000000000e+00	1.21784392228707e+04
9.15000000000000e+00	1.19671087363563e+04
9.16000000000000e+00	1.17486627371451e+04
9.17000000000000e+00	1.15254509056150e+04
9.18000000000000e+00	1.13003464159718e+04
9.19000000000000e+00	1.10766632958062e+04
9.20000000000000e+00	1.08578708858432e+04
9.21000000000000e+00	1.06473824264030e+04
9.22000000000000e+00	1.04482402388198e+04
9.23000000000000e+00	1.02628492183821e+04
9.24000000000000e+00	1.00928061150039e+04
9.25000000000000e+00	9.93907525797403e+03
9.26000000000000e+00	9.80149150474185e+03
9.27000000000000e+00	9.67952606767024e+03
9.28000000000000e+00	9.57181604045353e+03
9.29000000000000e+00	9.47683658825709e+03
9.30000000000000e+00	9.39264436147761e+03
9.31000000000000e+00	9.31743402541469e+03
9.32000000000000e+00	9.24932572453824e+03
9.33000000000000e+00	9.18664879462544e+03
9.34000000000000e+00	9.12799974631221e+03
9.35000000000000e+00	9.07211342116133e+03
9.36000000000000e+00	9.01804951514932e+03
9.37000000000000e+00	8.96482324123845e+03
9.38000000000000e+00	8.91183540304639e+03
9.39000000000000e+00	8.85852558209706e+03
9.40000000000000e+00	8.80421704944837e+03
9.41000000000000e+00	8.74846419495106e+03
9.42000000000000e+00	8.69071498378510e+03
9.43000000000000e+00	8.63055110718467e+03
9.44000000000000e+00	8.56743328598220e+03
9.45000000000000e+00	8.50085504055583e+03
9.46000000000000e+00	8.43073965415980e+03
9.47000000000000e+00	8.35698411828001e+03
9.48000000000000e+00	8.27995860727638e+03
9.49000000000000e+00	8.20010166503013e+03
9.50000000000000e+00	8.11844463302358e+03
9.51000000000000e+00	8.03601733730519e+03
9.52000000000000e+00	7.95393691266659e+03
9.53000000000000e+00	7.87323241378306e+03
9.54000000000000e+00	7.79467099701148e+03
9.55000000000000e+00	7.71892086785661e+03
9.56000000000000e+00	7.64660707583637e+03
9.57000000000000e+00	7.57836654367089e+03
9.58000000000000e+00	7.51519572451524e+03
9.59000000000000e+00	7.45796099127603e+03
9.60000000000000e+00	7.40719386523601e+03
9.61000000000000e+00	7.36313531939656e+03
9.62000000000000e+00	7.32514989887788e+03
9.63000000000000e+00	7.29219675380219e+03
9.64000000000000e+00	7.26274830036304e+03
9.65000000000000e+00	7.23535115328377e+03
9.66000000000000e+00	7.20854902893257e+03
9.67000000000000e+00	7.18136697770376e+03
9.68000000000000e+00	7.15314569439724e+03
9.69000000000000e+00	7.12324208862393e+03
9.70000000000000e+00	7.09141759170386e+03
9.71000000000000e+00	7.05763830808390e+03
9.72000000000000e+00	7.02173563954376e+03
9.73000000000000e+00	6.98381363054021e+03
9.74000000000000e+00	6.94399324751843e+03
9.75000000000000e+00	6.90237096182371e+03
9.76000000000000e+00	6.85918673140641e+03
9.77000000000000e+00	6.81456537686020e+03
9.78000000000000e+00	6.76869649689438e+03
9.79000000000000e+00	6.72188735649231e+03
9.80000000000000e+00	6.67429488762117e+03
9.81000000000000e+00	6.62623568132894e+03
9.82000000000000e+00	6.57801391077939e+03
9.83000000000000e+00	6.52981054704198e+03
9.84000000000000e+00	6.48189542090392e+03
9.85000000000000e+00	6.43439250615563e+03
9.86000000000000e+00	6.38743169294324e+03
9.87000000000000e+00	6.34126230011003e+03
9.88000000000000e+00	6.29653184139549e+03
9.89000000000000e+00	6.25493850687661e+03
9.90000000000000e+00	6.22048022366593e+03
9.91000000000000e+00	6.20193415912797e+03
9.92000000000000e+00	6.21666797832533e+03
9.93000000000000e+00	6.29496849128806e+03
9.94000000000000e+00	6.48581289928166e+03
9.95000000000000e+00	6.86612187035091e+03
9.96000000000000e+00	7.55849764733702e+03
9.97000000000000e+00	8.77147376336596e+03
9.98000000000000e+00	1.08951473139724e+04
9.99000000000000e+00	1.47392647781036e+04
1.00000000000000e+01	2.21993780749171e+04
1.00100000000000e+01	3.80969075142116e+04
1.00200000000000e+01	6.97668577400730e+04
1.00300000000000e+01	8.27368328077882e+04
1.00400000000000e+01	4.40425982682336e+04
1.00500000000000e+01	2.01524272205002e+04
1.00600000000000e+01	1.04146162799383e+04
1.00700000000000e+01	6.05263461020012e+03
1.00800000000000e+01	3.83620728407727e+03
1.00900000000000e+01	2.59094178015953e+03
1.01000000000000e+01	1.83568874386965e+03
1.01100000000000e+01	1.34979373951587e+03
1.01200000000000e+01	1.02233653253663e+03
1.01300000000000e+01	7.93235592985037e+02
1.01400000000000e+01	6.27941120814186e+02
1.01500000000000e+01	5.05583423889436e+02
1.01600000000000e+01	4.13013113858431e+02
1.01700000000000e+01	3.41651961260928e+02
1.01800000000000e+01	2.85743608799243e+02
1.01900000000000e+01	2.41307701694339e+02
1.02000000000000e+01	2.05546828410684e+02
1.02100000000000e+01	1.76439319339120e+02
1.02200000000000e+01	1.52508589750367e+02
1.02300000000000e+01	1.32654349258240e+02
1.02400000000000e+01	1.16047267006924e+02
1.02500000000000e+01	1.02051622611148e+02
1.02600000000000e+01	9.01764759199563e+01
1.02700000000000e+01	8.00373338653839e+01
1.02800000000000e+01	7.13299826146897e+01
1.02900000000000e+01	6.38139336598220e+01
1.03000000000000e+01	5.72930944249688e+01
1.03100000000000e+01	5.16096918909625e+01
1.03200000000000e+01	4.66350143761509e+01
1.03300000000000e+01	4.22637603569397e+01
1.03400000000000e+01	3.84074349104880e+01
1.03500000000000e+01	3.49931052172930e+01
1.03600000000000e+01	3.19602581630827e+01
1.03700000000000e+01	2.92574856561463e+01
1.03800000000000e+01	2.68413183630088e+01
1.03900000000000e+01	2.46753027288984e+01
1.04000000000000e+01	2.27279995240417e+01
1.04100000000000e+01	2.09725685617382e+01
1.04200000000000e+01	1.93865040924020e+01
1.04300000000000e+01	1.79499700214241e+01
1.04400000000000e+01	1.66461606074440e+01
1.04500000000000e+01	1.54601854889769e+01
1.04600000000000e+01	1.43793798262870e+01
1.04700000000000e+01	1.33924826117115e+01
1.04800000000000e+01	1.24898588997546e+01
1.04900000000000e+01	1.16629103894089e+01
1.05000000000000e+01	1.09040041041020e+01
1.05100000000000e+01	1.02066454823458e+01
1.05200000000000e+01	9.56480413586820e+00
1.05300000000000e+01	8.97314316288525e+00
1.05400000000000e+01	8.42716138667939e+00
1.05500000000000e+01	7.92247414967361e+00
1.05600000000000e+01	7.45550375107954e+00
1.05700000000000e+01	7.02276504214039e+00
1.05800000000000e+01	6.62127298330245e+00
1.05900000000000e+01	6.24824836955612e+00
1.06000000000000e+01	5.90138681129629e+00
1.06100000000000e+01	5.57837158139839e+00
1.06200000000000e+01	5.27733636513853e+00
1.06300000000000e+01	4.99636488055358e+00
1.06400000000000e+01	4.73389428084681e+00
1.06500000000000e+01	4.48844472956848e+00
1.06600000000000e+01	4.25864719116771e+00
1.06700000000000e+01	4.04333079072417e+00
1.06800000000000e+01	3.84138836561631e+00
1.06900000000000e+01	3.65178969293158e+00
1.07000000000000e+01	3.47363982826469e+00
1.07100000000000e+01	3.30608768427868e+00
1.07200000000000e+01	3.14842211747683e+00
1.07300000000000e+01	2.99991162274777e+00
1.07400000000000e+01	2.85993236447350e+00
1.07500000000000e+01	2.72792565721253e+00
1.07600000000000e+01	2.60337318189367e+00
1.07700000000000e+01	2.48578259305860e+00
1.07800000000000e+01	2.37470769416097e+00
1.07900000000000e+01	2.26972219938354e+00
1.08000000000000e+01	2.17045056299125e+00
1.08100000000000e+01	2.07652314358999e+00
1.08200000000000e+01	1.98763670516654e+00
1.08300000000000e+01	1.90343070200591e+00
1.08400000000000e+01	1.82364862317662e+00
1.08500000000000e+01	1.74796796087873e+00
1.08600000000000e+01	1.67617773498833e+00
1.08700000000000e+01	1.60799807874994e+00
1.08800000000000e+01	1.54323539578043e+00
1.08900000000000e+01	1.48163996383897e+00
1.09000000000000e+01	1.42305601780090e+00
1.09100000000000e+01	1.36726814695503e+00
1.09200000000000e+01	1.31412331542201e+00
1.09300000000000e+01	1.26344434118217e+00
1.09400000000000e+01	1.21511069685431e+00
1.09500000000000e+01	1.16897300595068e+00
1.09600000000000e+01	1.12490568736898e+00
1.09700000000000e+01	1.08279317671723e+00
1.09800000000000e+01	1.04252910310982e+00
1.09900000000000e+01	1.00402212341042e+00
1.10000000000000e+01	9.67173139422578e-01
1.10100000000000e+01	9.31911085117599e-01
1.10200000000000e+01	8.98164229770397e-01
1.10300000000000e+01	8.65857538346774e-01
1.10400000000000e+01	8.34927783129644e-01
1.10500000000000e+01	8.05330065046702e-01
1.10600000000000e+01	7.77010351339862e-01
1.10700000000000e+01	7.49916536079624e-01
1.10800000000000e+01	7.23995228727721e-01
1.10900000000000e+01	6.99201249205594e-01
1.11000000000000e+01	6.75491414505273e-01
1.11100000000000e+01	6.52813005835534e-01
1.11200000000000e+01	6.31116516197799e-01
1.11300000000000e+01	6.10345055065011e-01
1.11400000000000e+01	5.90464983761000e-01
1.11500000000000e+01	5.71418693917094e-01
1.11600000000000e+01	5.53159834050039e-01
1.11700000000000e+01	5.35648831294025e-01
1.11800000000000e+01	5.18846080153915e-01
1.11900000000000e+01	5.02699863647541e-01
1.12000000000000e+01	4.87183942546536e-01
1.12100000000000e+01	4.72262071981618e-01
1.12200000000000e+01	4.57901499534151e-01
1.12300000000000e+01	4.44071929303496e-01
1.12400000000000e+01	4.30739784080797e-01
1.12500000000000e+01	4.17897727018346e-01
1.12600000000000e+01	4.05512947920337e-01
1.12700000000000e+01	3.93566881138980e-01
1.12800000000000e+01	3.82036882892306e-01
1.12900000000000e+01	3.70912289334144e-01
1.13000000000000e+01	3.60169268199302e-01
1.13100000000000e+01	3.49799804311186e-01
1.13200000000000e+01	3.39778423919628e-01
1.13300000000000e+01	3.30099093941256e-01
1.13400000000000e+01	3.20738970413056e-01
1.13500000000000e+01	3.11697324994409e-01
1.13600000000000e+01	3.02950256386580e-01
1.13700000000000e+01	2.94488849232864e-01
1.13800000000000e+01	2.86305975200983e-01
1.13900000000000e+01	2.78382720913749e-01
1.14000000000000e+01	2.70715014837461e-01
1.14100000000000e+01	2.63294052037591e-01
1.14200000000000e+01	2.56104468475422e-01
1.14300000000000e+01	2.49144589146838e-01
1.14400000000000e+01	2.42405158920996e-01
1.14500000000000e+01	2.35876110873839e-01
1.14600000000000e+01	2.29552381750661e-01
1.14700000000000e+01	2.23426248895901e-01
1.14800000000000e+01	2.17484708124998e-01
1.14900000000000e+01	2.11730562558791e-01
1.15000000000000e+01	2.06152347536313e-01
1.15100000000000e+01	2.00741889351858e-01
1.15200000000000e+01	1.95496889830935e-01
1.15300000000000e+01	1.90413039820856e-01
1.15400000000000e+01	1.85478094498161e-01
1.15500000000000e+01	1.80698703530912e-01
1.15600000000000e+01	1.76061570422326e-01
1.15700000000000e+01	1.71568671961512e-01
1.15800000000000e+01	1.67218276978083e-01
1.15900000000000e+01	1.63000818813019e-01
1.16000000000000e+01	1.58920668520057e-01
1.16100000000000e+01	1.54969059436693e-01
1.16200000000000e+01	1.51145287381845e-01
1.16300000000000e+01	1.47444169619670e-01
1.16400000000000e+01	1.43859872747708e-01
1.16500000000000e+01	1.40390787040377e-01
1.16600000000000e+01	1.37026985296940e-01
1.16700000000000e+01	1.33769453089083e-01
1.16800000000000e+01	1.30605584313782e-01
1.16900000000000e+01	1.27532232249165e-01
1.17000000000000e+01	1.24545920626568e-01
1.17100000000000e+01	1.21639922812912e-01
1.17200000000000e+01	1.18809340415241e-01
1.17300000000000e+01	1.16049919021747e-01
1.17400000000000e+01	1.13360521571846e-01
1.17500000000000e+01	1.10734937047393e-01
1.17600000000000e+01	1.08174503297803e-01
1.17700000000000e+01	1.05673853805827e-01
1.17800000000000e+01	1.03237159506258e-01
1.17900000000000e+01	1.00860752491692e-01
1.18000000000000e+01	9.85451798477788e-02
1.18100000000000e+01	9.62900293584447e-02
1.18200000000000e+01	9.40952655555967e-02
1.18300000000000e+01	9.19591468170610e-02
1.18400000000000e+01	8.98838583644458e-02
1.18500000000000e+01	8.78671512632317e-02
1.18600000000000e+01	8.59077722417312e-02
1.18700000000000e+01	8.40047063855491e-02
1.18800000000000e+01	8.21555135639662e-02
1.18900000000000e+01	8.03589214384820e-02
1.19000000000000e+01	7.86126986067107e-02
1.19100000000000e+01	7.69134961129842e-02
1.19200000000000e+01	7.52617247839862e-02
1.19300000000000e+01	7.36531220160712e-02
1.19400000000000e+01	7.20874743256662e-02
1.19500000000000e+01	7.05608062631913e-02
1.19600000000000e+01	6.90725191284478e-02
1.19700000000000e+01	6.76209163365454e-02
1.19800000000000e+01	6.62040989907373e-02
1.19900000000000e+01	6.48196500110054e-02
1.20000000000000e+01	6.34681246407075e-02
1.20100000000000e+01	6.21467742409495e-02
1.20200000000000e+01	6.08557067632378e-02
1.20300000000000e+01	5.95930840909570e-02
1.20400000000000e+01	5.83605287884036e-02
1.20500000000000e+01	5.71552769438754e-02
1.20600000000000e+01	5.59787316960055e-02
1.20700000000000e+01	5.48300706063355e-02
1.20800000000000e+01	5.37095541337189e-02
1.20900000000000e+01	5.26160135443111e-02
1.21000000000000e+01	5.15503916354196e-02
1.21100000000000e+01	5.05116710636300e-02
1.21200000000000e+01	4.95010758490680e-02
1.21300000000000e+01	4.85161594329495e-02
1.21400000000000e+01	4.75568842253721e-02
1.21500000000000e+01	4.66241361423943e-02
1.21600000000000e+01	4.57139967261888e-02
1.21700000000000e+01	4.48284631019924e-02
1.21800000000000e+01	4.39645211755246e-02
1.21900000000000e+01	4.31222964039813e-02
1.22000000000000e+01	4.22995386571106e-02
1.22100000000000e+01	4.14969059786500e-02
1.22200000000000e+01	4.07109056542058e-02
1.22300000000000e+01	3.99421156063313e-02
1.22400000000000e+01	3.91894604820407e-02
1.22500000000000e+01	3.84514625760389e-02
1.22600000000000e+01	3.77282102522040e-02
1.22700000000000e+01	3.70188547662376e-02
1.22800000000000e+01	3.63210414892759e-02
1.22900000000000e+01	3.56368043783040e-02
1.23000000000000e+01	3.49637334276608e-02
1.23100000000000e+01	3.43017678618680e-02
1.23200000000000e+01	3.36510144732196e-02
1.23300000000000e+01	3.30110664564781e-02
1.23400000000000e+01	3.23813621284856e-02
1.23500000000000e+01	3.17618037024557e-02
1.23600000000000e+01	3.11528925335084e-02
1.23700000000000e+01	3.05541859226410e-02
1.23800000000000e+01	2.99661679851029e-02
1.23900000000000e+01	2.93889380186317e-02
1.24000000000000e+01	2.88227199527916e-02
1.24100000000000e+01	2.82677025014709e-02
1.24200000000000e+01	2.77236220862673e-02
1.24300000000000e+01	2.71912263123090e-02
1.24400000000000e+01	2.66703154283982e-02
1.24500000000000e+01	2.61609544955380e-02
1.24600000000000e+01	2.56627033938164e-02
1.24700000000000e+01	2.51754154687512e-02
1.24800000000000e+01	2.46994684174214e-02
1.24900000000000e+01	2.42338876135102e-02
1.25000000000000e+01	2.37788862060113e-02
1.25100000000000e+01	2.33344882414531e-02
1.25200000000000e+01	2.28999762966259e-02
1.25300000000000e+01	2.24756951211670e-02
1.25400000000000e+01	2.20612594632487e-02
1.25500000000000e+01	2.16560900005441e-02
1.25600000000000e+01	2.12603355865796e-02
1.25700000000000e+01	2.08739564379365e-02
1.25800000000000e+01	2.04966916345790e-02
1.25900000000000e+01	2.01282600505341e-02
1.26000000000000e+01	1.97683839391012e-02
1.26100000000000e+01	1.94167538609100e-02
1.26200000000000e+01	1.90732031002807e-02
1.26300000000000e+01	1.87373311656928e-02
1.26400000000000e+01	1.84088250333363e-02
1.26500000000000e+01	1.80876152423208e-02
1.26600000000000e+01	1.77734828608059e-02
1.26700000000000e+01	1.74660049885098e-02
1.26800000000000e+01	1.71651975733910e-02
1.26900000000000e+01	1.68709050327432e-02
1.27000000000000e+01	1.65830318298172e-02
1.27100000000000e+01	1.63015383475968e-02
1.27200000000000e+01	1.60263475024475e-02
1.27300000000000e+01	1.57572009943834e-02
1.27400000000000e+01	1.54941942580522e-02
1.27500000000000e+01	1.52371895220655e-02
1.27600000000000e+01	1.49860459841135e-02
1.27700000000000e+01	1.47405568906619e-02
1.27800000000000e+01	1.45007029510883e-02
1.27900000000000e+01	1.42660949151907e-02
1.28000000000000e+01	1.40367007561914e-02
1.28100000000000e+01	1.38122507932922e-02
1.28200000000000e+01	1.35926428454563e-02
1.28300000000000e+01	1.33775717679035e-02
1.28400000000000e+01	1.31670057170593e-02
1.28500000000000e+01	1.29608116353932e-02
1.28600000000000e+01	1.27586997158479e-02
1.28700000000000e+01	1.25607459687682e-02
1.28800000000000e+01	1.23666787147137e-02
1.28900000000000e+01	1.21764901595559e-02
1.29000000000000e+01	1.19899721131806e-02
1.29100000000000e+01	1.18071344193288e-02
1.29200000000000e+01	1.16278111054189e-02
1.29300000000000e+01	1.14519893626009e-02
1.29400000000000e+01	1.12793894141744e-02
1.29500000000000e+01	1.11100984359508e-02
1.29600000000000e+01	1.09438293808345e-02
1.29700000000000e+01	1.07807476363307e-02
1.29800000000000e+01	1.06205259045729e-02
1.29900000000000e+01	1.04632809332735e-02
1.30000000000000e+01	1.03087840121129e-02
1.30100000000000e+01	1.01571280123158e-02
1.30200000000000e+01	1.00082161108844e-02
1.30300000000000e+01	9.86198698956960e-03
1.30400000000000e+01	9.71834682134367e-03
1.30500000000000e+01	9.57723891032413e-03
1.30600000000000e+01	9.43855583765271e-03
1.30700000000000e+01	9.30216195521262e-03
1.30800000000000e+01	9.16793705371586e-03
1.30900000000000e+01	9.03581941182950e-03
1.31000000000000e+01	8.90558984454000e-03
1.31100000000000e+01	8.77729985926356e-03
1.31200000000000e+01	8.65066540549438e-03
1.31300000000000e+01	8.52573197486785e-03
1.31400000000000e+01	8.40239650576806e-03
1.31500000000000e+01	8.28066985092200e-03
1.31600000000000e+01	8.16058612249420e-03
1.31700000000000e+01	8.04207845075832e-03
1.31800000000000e+01	7.92521971251105e-03
1.31900000000000e+01	7.81009072333637e-03
1.32000000000000e+01	7.69665034083055e-03
1.32100000000000e+01	7.58491142069049e-03
1.32200000000000e+01	7.47493501733084e-03
1.32300000000000e+01	7.36667227815189e-03
1.32400000000000e+01	7.26013264541693e-03
1.32500000000000e+01	7.15521213622409e-03
1.32600000000000e+01	7.05183073195040e-03
1.32700000000000e+01	6.95005787258976e-03
1.32800000000000e+01	6.84974811624560e-03
1.32900000000000e+01	6.75090669339311e-03
1.33000000000000e+01	6.65352756544264e-03
1.33100000000000e+01	6.55755784645732e-03
1.33200000000000e+01	6.46304051274166e-03
1.33300000000000e+01	6.36993917421322e-03
1.33400000000000e+01	6.27835725587941e-03
1.33500000000000e+01	6.18827211966656e-03
1.33600000000000e+01	6.09966634221636e-03
1.33700000000000e+01	6.01258384448793e-03
1.33800000000000e+01	5.92708721032938e-03
1.33900000000000e+01	5.84310513542162e-03
1.34000000000000e+01	5.76062449599090e-03
1.34100000000000e+01	5.67962565116971e-03
1.34200000000000e+01	5.60012266826483e-03
1.34300000000000e+01	5.52198576531693e-03
1.34400000000000e+01	5.44524392517248e-03
1.34500000000000e+01	5.36983515863779e-03
1.34600000000000e+01	5.29567790375865e-03
1.34700000000000e+01	5.22272866656363e-03
1.34800000000000e+01	5.15098634124576e-03
1.34900000000000e+01	5.08035240869015e-03
1.35000000000000e+01	5.01084057615550e-03
1.35100000000000e+01	4.94231396626277e-03
1.35200000000000e+01	4.87482499106595e-03
1.35300000000000e+01	4.80828143375419e-03
1.35400000000000e+01	4.74267879564287e-03
1.35500000000000e+01	4.67790498490237e-03
1.35600000000000e+01	4.61400919673890e-03
1.35700000000000e+01	4.55090030962946e-03
1.35800000000000e+01	4.48860555236238e-03
1.35900000000000e+01	4.42702260078412e-03
1.36000000000000e+01	4.36622796216730e-03
1.36100000000000e+01	4.30614581278557e-03
1.36200000000000e+01	4.24678850114761e-03
1.36300000000000e+01	4.18813918162728e-03
1.36400000000000e+01	4.13023618324318e-03
1.36500000000000e+01	4.07309043499795e-03
1.36600000000000e+01	4.01669210573222e-03
1.36700000000000e+01	3.96107258496365e-03
1.36800000000000e+01	3.90627665690890e-03
1.36900000000000e+01	3.85231161377923e-03
1.37000000000000e+01	3.79918935282014e-03
1.37100000000000e+01	3.74695236376396e-03
1.37200000000000e+01	3.69561159366331e-03
1.37300000000000e+01	3.64524057275846e-03
1.37400000000000e+01	3.59577869373597e-03
1.37500000000000e+01	3.54731143084560e-03
1.37600000000000e+01	3.49979313610531e-03
1.37700000000000e+01	3.45320608802983e-03
1.37800000000000e+01	3.40756593243394e-03
1.37900000000000e+01	3.36280760882185e-03
1.38000000000000e+01	3.31895884232186e-03
1.38100000000000e+01	3.27592145818643e-03
1.38200000000000e+01	3.23367602170148e-03
1.38300000000000e+01	3.19217206633662e-03
1.38400000000000e+01	3.15138349769038e-03
1.38500000000000e+01	3.11128110889343e-03
1.38600000000000e+01	3.07178810208916e-03
1.38700000000000e+01	3.03289151420379e-03
1.38800000000000e+01	2.99459585568066e-03
1.38900000000000e+01	2.95682403643022e-03
1.39000000000000e+01	2.91955820314211e-03
1.39100000000000e+01	2.88282295560246e-03
1.39200000000000e+01	2.84655581175069e-03
1.39300000000000e+01	2.81076216037228e-03
1.39400000000000e+01	2.77543041097626e-03
1.39500000000000e+01	2.74055522623691e-03
1.39600000000000e+01	2.70609979963493e-03
1.39700000000000e+01	2.67207818640290e-03
1.39800000000000e+01	2.63849058443704e-03
1.39900000000000e+01	2.60531559312686e-03
1.40000000000000e+01	2.57258648496456e-03
1.40100000000000e+01	2.54026319169370e-03
1.40200000000000e+01	2.50836766177672e-03
1.40300000000000e+01	2.47691008148892e-03
1.40400000000000e+01	2.44591365185112e-03
1.40500000000000e+01	2.41535344974930e-03
1.40600000000000e+01	2.38524269907031e-03
1.40700000000000e+01	2.35559711687449e-03
1.40800000000000e+01	2.32640444013938e-03
1.40900000000000e+01	2.29765312455778e-03
1.41000000000000e+01	2.26934602343038e-03
1.41100000000000e+01	2.24146376374165e-03
1.41200000000000e+01	2.21399875415482e-03
1.41300000000000e+01	2.18692829662585e-03
1.41400000000000e+01	2.16023909873877e-03
1.41500000000000e+01	2.13388186776513e-03
1.41600000000000e+01	2.10786917822296e-03
1.41700000000000e+01	2.08214827878961e-03
1.41800000000000e+01	2.05672501485493e-03
1.41900000000000e+01	2.03158465150972e-03
1.42000000000000e+01	2.00670526522863e-03
1.42100000000000e+01	1.98209932325247e-03
1.42200000000000e+01	1.95778588205849e-03
1.42300000000000e+01	1.93374354069652e-03
1.42400000000000e+01	1.90999953196572e-03
1.42500000000000e+01	1.88656460453263e-03
1.42600000000000e+01	1.86342687150331e-03
1.42700000000000e+01	1.84062584635524e-03
1.42800000000000e+01	1.81817461644977e-03
1.42900000000000e+01	1.79604326601091e-03
1.43000000000000e+01	1.77425678591589e-03
1.43100000000000e+01	1.75280839928113e-03
1.43200000000000e+01	1.73167445865762e-03
1.43300000000000e+01	1.71087381687207e-03
1.43400000000000e+01	1.69038666719393e-03
1.43500000000000e+01	1.67021399766401e-03
1.43600000000000e+01	1.65033490961414e-03
1.43700000000000e+01	1.63072917844287e-03
1.43800000000000e+01	1.61142118632035e-03
1.43900000000000e+01	1.59239917647876e-03
1.44000000000000e+01	1.57366186867899e-03
1.44100000000000e+01	1.55518854194155e-03
1.44200000000000e+01	1.53699816609103e-03
1.44300000000000e+01	1.51907140545513e-03
1.44400000000000e+01	1.50143195772199e-03
1.44500000000000e+01	1.48404530136437e-03
1.44600000000000e+01	1.46693168206086e-03
1.44700000000000e+01	1.45007380509849e-03
1.44800000000000e+01	1.43346041243453e-03
1.44900000000000e+01	1.41709792178156e-03
1.45000000000000e+01	1.40097511182524e-03
1.45100000000000e+01	1.38509225900358e-03
1.45200000000000e+01	1.36942767830490e-03
1.45300000000000e+01	1.35398446741507e-03
1.45400000000000e+01	1.33876144364474e-03
1.45500000000000e+01	1.32373377130500e-03
1.45600000000000e+01	1.30890890078056e-03
1.45700000000000e+01	1.29428029126257e-03
1.45800000000000e+01	1.27982357258265e-03
1.45900000000000e+01	1.26557201733100e-03
1.46000000000000e+01	1.25148800195157e-03
1.46100000000000e+01	1.23756872107323e-03
1.46200000000000e+01	1.22383339350786e-03
1.46300000000000e+01	1.21024537497216e-03
1.46400000000000e+01	1.19683308549552e-03
1.46500000000000e+01	1.18359395336378e-03
1.46600000000000e+01	1.17050639387405e-03
1.46700000000000e+01	1.15758806430106e-03
1.46800000000000e+01	1.14483666510775e-03
1.46900000000000e+01	1.13225504986573e-03
1.47000000000000e+01	1.11984112220652e-03
1.47100000000000e+01	1.10758903419293e-03
1.47200000000000e+01	1.09549426494076e-03
1.47300000000000e+01	1.08356691141691e-03
1.47400000000000e+01	1.07180392456984e-03
1.47500000000000e+01	1.06019221532340e-03
1.47600000000000e+01	1.04873498753682e-03
1.47700000000000e+01	1.03742716537115e-03
1.47800000000000e+01	1.02625037223727e-03
1.47900000000000e+01	1.01521270558906e-03
1.48000000000000e+01	1.00429909230146e-03
1.48100000000000e+01	9.93501651063658e-04
1.48200000000000e+01	9.82834839782891e-04
1.48300000000000e+01	9.72267863790389e-04
1.48400000000000e+01	9.61808891425792e-04
1.48500000000000e+01	9.51462968017608e-04
1.48600000000000e+01	9.41217049485611e-04
1.48700000000000e+01	9.31072126477210e-04
1.48800000000000e+01	9.21027691884439e-04
1.48900000000000e+01	9.11077485804439e-04
1.49000000000000e+01	9.01243599090362e-04
1.49100000000000e+01	8.91500867739716e-04
1.49200000000000e+01	8.81867305854980e-04
1.49300000000000e+01	8.72336195978400e-04
1.49400000000000e+01	8.62914129617034e-04
1.49500000000000e+01	8.53598461525641e-04
1.49600000000000e+01	8.44397093037800e-04
1.49700000000000e+01	8.35305406240210e-04
1.49800000000000e+01	8.26329300757128e-04
1.49900000000000e+01	8.17471407320733e-04
1.50000000000000e+01	8.08719186624003e-04
1.50100000000000e+01	8.00092230913870e-04
1.50200000000000e+01	7.91563721355744e-04
1.50300000000000e+01	7.83155484995926e-04
1.50400000000000e+01	7.74855667345168e-04
1.50500000000000e+01	7.66657171479237e-04
1.50600000000000e+01	7.58563818153197e-04
1.50700000000000e+01	7.50565844325466e-04
1.50800000000000e+01	7.42658640804692e-04
1.50900000000000e+01	7.34846540832741e-04
1.51000000000000e+01	7.27113807776149e-04
1.51100000000000e+01	7.19466984920170e-04
1.51200000000000e+01	7.11904697227691e-04
1.51300000000000e+01	7.04408726055942e-04
1.51400000000000e+01	6.96996508960347e-04
1.51500000000000e+01	6.89653591435158e-04
1.51600000000000e+01	6.82380224499400e-04
1.51700000000000e+01	6.75180256358977e-04
1.51800000000000e+01	6.68058036674157e-04
1.51900000000000e+01	6.61005202826755e-04
1.52000000000000e+01	6.54026325313499e-04
1.52100000000000e+01	6.47119666137553e-04
1.52200000000000e+01	6.40295378133888e-04
1.52300000000000e+01	6.33539645147704e-04
1.52400000000000e+01	6.26849449655715e-04
1.52500000000000e+01	6.20229456460766e-04
1.52600000000000e+01	6.13671079388572e-04
1.52700000000000e+01	6.07168111800597e-04
1.52800000000000e+01	6.00718885855465e-04
1.52900000000000e+01	5.94307193519894e-04
1.53000000000000e+01	5.87929950220447e-04
1.53100000000000e+01	5.81577310704943e-04
1.53200000000000e+01	5.75250193313750e-04
1.53300000000000e+01	5.68941085826450e-04
1.53400000000000e+01	5.62636119903252e-04
1.53500000000000e+01	5.56342191867017e-04
1.53600000000000e+01	5.50061791919972e-04
1.53700000000000e+01	5.43787310306836e-04
1.53800000000000e+01	5.37523655575090e-04
1.53900000000000e+01	5.31279367790702e-04
1.54000000000000e+01	5.25057460300058e-04
1.54100000000000e+01	5.18873620159554e-04
1.54200000000000e+01	5.12731857461076e-04
1.54300000000000e+01	5.06646514681651e-04
1.54400000000000e+01	5.00629569397748e-04
1.54500000000000e+01	4.94695699319968e-04
1.54600000000000e+01	4.88854898767570e-04
1.54700000000000e+01	4.83133475539334e-04
1.54800000000000e+01	4.77530115656142e-04
1.54900000000000e+01	4.72064387912062e-04
1.55000000000000e+01	4.66742236566725e-04
1.55100000000000e+01	4.61577243136458e-04
1.55200000000000e+01	4.56573070603932e-04
1.55300000000000e+01	4.51731621915845e-04
1.55400000000000e+01	4.47041468029520e-04
1.55500000000000e+01	4.42508412763019e-04
1.55600000000000e+01	4.38114851192793e-04
1.55700000000000e+01	4.33851891956829e-04
1.55800000000000e+01	4.29714542255367e-04
1.55900000000000e+01	4.25678361303829e-04
1.56000000000000e+01	4.21728920760206e-04
1.56100000000000e+01	4.17858981838569e-04
1.56200000000000e+01	4.14048644876425e-04
1.56300000000000e+01	4.10291274396945e-04
1.56400000000000e+01	4.06570072026387e-04
1.56500000000000e+01	4.02877824476060e-04
1.56600000000000e+01	3.99204107985016e-04
1.56700000000000e+01	3.95546138544817e-04
1.56800000000000e+01	3.91895146624150e-04
1.56900000000000e+01	3.88253215507640e-04
1.57000000000000e+01	3.84613404846589e-04
1.57100000000000e+01	3.80973717773480e-04
1.57200000000000e+01	3.77341510235783e-04
1.57300000000000e+01	3.73713713909203e-04
1.57400000000000e+01	3.70094182291890e-04
1.57500000000000e+01	3.66487775956736e-04
1.57600000000000e+01	3.62896815431372e-04
1.57700000000000e+01	3.59325716094637e-04
1.57800000000000e+01	3.55781462115509e-04
1.57900000000000e+01	3.52275426210123e-04
1.58000000000000e+01	3.48804420823099e-04
1.58100000000000e+01	3.45380804728619e-04
1.58200000000000e+01	3.42005965963252e-04
1.58300000000000e+01	3.38689082372409e-04
1.58400000000000e+01	3.35433256345191e-04
1.58500000000000e+01	3.32237707179368e-04
1.58600000000000e+01	3.29111161873992e-04
1.58700000000000e+01	3.26046160222270e-04
1.58800000000000e+01	3.23044559817307e-04
1.58900000000000e+01	3.20108974771499e-04
1.59000000000000e+01	3.17230169607436e-04
1.59100000000000e+01	3.14408261071308e-04
1.59200000000000e+01	3.11636093738344e-04
1.59300000000000e+01	3.08908763464328e-04
1.59400000000000e+01	3.06224393943680e-04
1.59500000000000e+01	3.03573966250776e-04
1.59600000000000e+01	3.00952389695480e-04
1.59700000000000e+01	2.98360688513810e-04
1.59800000000000e+01	2.95792575414393e-04
1.59900000000000e+01	2.93240641115947e-04
1.60000000000000e+01	2.90712888812451e-04
1.60100000000000e+01	2.88200183730840e-04
1.60200000000000e+01	2.85705641285422e-04
1.60300000000000e+01	2.83227357867896e-04
1.60400000000000e+01	2.80767073847769e-04
1.60500000000000e+01	2.78323274718816e-04
1.60600000000000e+01	2.75898816399756e-04
1.60700000000000e+01	2.73489656476891e-04
1.60800000000000e+01	2.71095933286586e-04
1.60900000000000e+01	2.68724605334986e-04
1.61000000000000e+01	2.66372902268883e-04
1.61100000000000e+01	2.64037718962496e-04
1.61200000000000e+01	2.61724838897217e-04
1.61300000000000e+01	2.59429036457351e-04
1.61400000000000e+01	2.57158360844808e-04
1.61500000000000e+01	2.54908666882964e-04
1.61600000000000e+01	2.52678842871097e-04
1.61700000000000e+01	2.50473159578143e-04
1.61800000000000e+01	2.48290429564742e-04
1.61900000000000e+01	2.46135250663608e-04
1.62000000000000e+01	2.44001832877633e-04
1.62100000000000e+01	2.41899603683968e-04
1.62200000000000e+01	2.39822548703237e-04
1.62300000000000e+01	2.37772571170517e-04
1.62400000000000e+01	2.35752965766565e-04
1.62500000000000e+01	2.33760909432597e-04
1.62600000000000e+01	2.31794587038021e-04
1.62700000000000e+01	2.29853948476308e-04
1.62800000000000e+01	2.27938711148544e-04
1.62900000000000e+01	2.26045869873551e-04
1.63000000000000e+01	2.24173512919464e-04
1.63100000000000e+01	2.22315978616985e-04
1.63200000000000e+01	2.20476341860627e-04
1.63300000000000e+01	2.18645294477443e-04
1.63400000000000e+01	2.16823197371538e-04
1.63500000000000e+01	2.15008427119953e-04
1.63600000000000e+01	2.13195615084774e-04
1.63700000000000e+01	2.11382279854363e-04
1.63800000000000e+01	2.09570241264899e-04
1.63900000000000e+01	2.07751780324684e-04
1.64000000000000e+01	2.05930819229612e-04
1.64100000000000e+01	2.04105390644833e-04
1.64200000000000e+01	2.02276622629266e-04
1.64300000000000e+01	2.00444417852635e-04
1.64400000000000e+01	1.98611986805542e-04
1.64500000000000e+01	1.96778966776403e-04
1.64600000000000e+01	1.94951895991352e-04
1.64700000000000e+01	1.93133279135550e-04
1.64800000000000e+01	1.91324893367951e-04
1.64900000000000e+01	1.89535083597941e-04
1.65000000000000e+01	1.87765671146141e-04
1.65100000000000e+01	1.86015712799981e-04
1.65200000000000e+01	1.84292898139998e-04
1.65300000000000e+01	1.82598310221394e-04
1.65400000000000e+01	1.80933072032000e-04
1.65500000000000e+01	1.79298485705473e-04
1.65600000000000e+01	1.77695490492102e-04
1.65700000000000e+01	1.76121981251807e-04
1.65800000000000e+01	1.74580120959371e-04
1.65900000000000e+01	1.73068236305252e-04
1.66000000000000e+01	1.71588725586280e-04
1.66100000000000e+01	1.70134092570488e-04
1.66200000000000e+01	1.68708977178910e-04
1.66300000000000e+01	1.67308745716512e-04
1.66400000000000e+01	1.65934387509607e-04
1.66500000000000e+01	1.64582735155960e-04
1.66600000000000e+01	1.63254519010427e-04
1.66700000000000e+01	1.61946797054042e-04
1.66800000000000e+01	1.60660501399158e-04
1.66900000000000e+01	1.59390858977075e-04
1.67000000000000e+01	1.58138718459684e-04
1.67100000000000e+01	1.56901595213654e-04
1.67200000000000e+01	1.55680485596753e-04
1.67300000000000e+01	1.54470690244305e-04
1.67400000000000e+01	1.53271855646186e-04
1.67500000000000e+01	1.52083616615911e-04
1.67600000000000e+01	1.50903528501299e-04
1.67700000000000e+01	1.49729606470226e-04
1.67800000000000e+01	1.48561976379653e-04
1.67900000000000e+01	1.47400862868220e-04
1.68000000000000e+01	1.46242857864316e-04
1.68100000000000e+01	1.45088483830986e-04
1.68200000000000e+01	1.43940178418638e-04
1.68300000000000e+01	1.42794303096356e-04
1.68400000000000e+01	1.41652958195075e-04
1.68500000000000e+01	1.40516803363321e-04
1.68600000000000e+01	1.39386576469702e-04
1.68700000000000e+01	1.38261080177402e-04
1.68800000000000e+01	1.37143252099835e-04
1.68900000000000e+01	1.36031645758970e-04
1.69000000000000e+01	1.34929858989944e-04
1.69100000000000e+01	1.33834658457530e-04
1.69200000000000e+01	1.32747143858120e-04
1.69300000000000e+01	1.31668964200881e-04
1.69400000000000e+01	1.30600409732157e-04
1.69500000000000e+01	1.29539506708026e-04
1.69600000000000e+01	1.28489598415328e-04
1.69700000000000e+01	1.27449199013364e-04
1.69800000000000e+01	1.26420719233806e-04
1.69900000000000e+01	1.25403503122734e-04
1.70000000000000e+01	1.24398460674546e-04
1.70100000000000e+01	1.23409391558466e-04
1.70200000000000e+01	1.22434248675780e-04
1.70300000000000e+01	1.21474768034456e-04
1.70400000000000e+01	1.20530421458437e-04
1.70500000000000e+01	1.19603623099159e-04
1.70600000000000e+01	1.18692253756004e-04
1.70700000000000e+01	1.17796792388007e-04
1.70800000000000e+01	1.16916149414695e-04
1.70900000000000e+01	1.16049531410553e-04
1.71000000000000e+01	1.15196876799669e-04
1.71100000000000e+01	1.14357176719222e-04
1.71200000000000e+01	1.13526129673222e-04
1.71300000000000e+01	1.12706284726150e-04
1.71400000000000e+01	1.11895716770612e-04
1.71500000000000e+01	1.11092810494835e-04
1.71600000000000e+01	1.10296525789982e-04
1.71700000000000e+01	1.09509068011239e-04
1.71800000000000e+01	1.08725402731295e-04
1.71900000000000e+01	1.07950602566984e-04
1.72000000000000e+01	1.07180324252391e-04
1.72100000000000e+01	1.06416993371757e-04
1.72200000000000e+01	1.05659716551643e-04
1.72300000000000e+01	1.04906352008552e-04
1.72400000000000e+01	1.04161103305012e-04
1.72500000000000e+01	1.03419178828025e-04
1.72600000000000e+01	1.02684410349094e-04
1.72700000000000e+01	1.01953668229394e-04
1.72800000000000e+01	1.01228485086264e-04
1.72900000000000e+01	1.00507824431423e-04
1.73000000000000e+01	9.97914033675504e-05
1.73100000000000e+01	9.90805013952889e-05
1.73200000000000e+01	9.83734274167975e-05
1.73300000000000e+01	9.76703769042897e-05
1.73400000000000e+01	9.69705045245772e-05
1.73500000000000e+01	9.62755206028182e-05
1.73600000000000e+01	9.55837161609452e-05
1.73700000000000e+01	9.48956482470447e-05
1.73800000000000e+01	9.42108091578879e-05
1.73900000000000e+01	9.35299457990829e-05
1.74000000000000e+01	9.28543348272824e-05
1.74100000000000e+01	9.21809185993229e-05
1.74200000000000e+01	9.15115297901455e-05
1.74300000000000e+01	9.08457266284321e-05
1.74400000000000e+01	9.01852479862578e-05
1.74500000000000e+01	8.95269580890851e-05
1.74600000000000e+01	8.88740182442299e-05
1.74700000000000e+01	8.82244328788755e-05
1.74800000000000e+01	8.75786775004409e-05
1.74900000000000e+01	8.69356210532716e-05
1.75000000000000e+01	8.62968384629674e-05
1.75100000000000e+01	8.56612159783939e-05
1.75200000000000e+01	8.50279614983688e-05
1.75300000000000e+01	8.43972667918195e-05
1.75400000000000e+01	8.37685259854727e-05
1.75500000000000e+01	8.31431618681388e-05
1.75600000000000e+01	8.25195103529791e-05
1.75700000000000e+01	8.18990007896614e-05
1.75800000000000e+01	8.12802072633447e-05
1.75900000000000e+01	8.06647267003788e-05
1.76000000000000e+01	8.00519903088471e-05
1.76100000000000e+01	7.94446752167084e-05
1.76200000000000e+01	7.88396497428131e-05
1.76300000000000e+01	7.82408660500520e-05
1.76400000000000e+01	7.76456622245669e-05
1.76500000000000e+01	7.70562493515568e-05
1.76600000000000e+01	7.64735519063991e-05
1.76700000000000e+01	7.58958283420175e-05
1.76800000000000e+01	7.53244633371543e-05
1.76900000000000e+01	7.47593692642015e-05
1.77000000000000e+01	7.41996208658924e-05
1.77100000000000e+01	7.36455375570843e-05
1.77200000000000e+01	7.30967433699689e-05
1.77300000000000e+01	7.25531740562114e-05
1.77400000000000e+01	7.20151073645575e-05
1.77500000000000e+01	7.14802570566390e-05
1.77600000000000e+01	7.09509567491379e-05
1.77700000000000e+01	7.04246742962238e-05
1.77800000000000e+01	6.99023107952564e-05
1.77900000000000e+01	6.93842660993679e-05
1.78000000000000e+01	6.88680835748529e-05
1.78100000000000e+01	6.83561371469141e-05
1.78200000000000e+01	6.78472344163119e-05
1.78300000000000e+01	6.73402779986460e-05
1.78400000000000e+01	6.68367938420137e-05
1.78500000000000e+01	6.63364903596953e-05
1.78600000000000e+01	6.58393415555982e-05
1.78700000000000e+01	6.53449887121759e-05
1.78800000000000e+01	6.48528888047169e-05
1.78900000000000e+01	6.43640047315018e-05
1.79000000000000e+01	6.38788307793433e-05
1.79100000000000e+01	6.33959423359811e-05
1.79200000000000e+01	6.29153511427699e-05
1.79300000000000e+01	6.24379604249143e-05
1.79400000000000e+01	6.19624432674623e-05
1.79500000000000e+01	6.14899660182117e-05
1.79600000000000e+01	6.10188361356447e-05
1.79700000000000e+01	6.05512410289945e-05
1.79800000000000e+01	6.00852192905873e-05
1.79900000000000e+01	5.96230121095592e-05
1.80000000000000e+01	5.91645070034378e-05
1.80100000000000e+01	5.87114787838899e-05
1.80200000000000e+01	5.82624523703982e-05
1.80300000000000e+01	5.78206284370969e-05
1.80400000000000e+01	5.73852646664079e-05
1.80500000000000e+01	5.69579237803055e-05
1.80600000000000e+01	5.65382955575341e-05
1.80700000000000e+01	5.61277748813933e-05
1.80800000000000e+01	5.57256699140936e-05
1.80900000000000e+01	5.53318817887337e-05
1.81000000000000e+01	5.49456172097707e-05
1.81100000000000e+01	5.45675349252101e-05
1.81200000000000e+01	5.41960949067859e-05
1.81300000000000e+01	5.38307476125300e-05
1.81400000000000e+01	5.34697298276419e-05
1.81500000000000e+01	5.31139040074145e-05
1.81600000000000e+01	5.27605929345665e-05
1.81700000000000e+01	5.24110856767756e-05
1.81800000000000e+01	5.20626688967786e-05
1.81900000000000e+01	5.17167482083799e-05
1.82000000000000e+01	5.13722860216249e-05
1.82100000000000e+01	5.10277872552566e-05
1.82200000000000e+01	5.06849070312127e-05
1.82300000000000e+01	5.03426325431002e-05
1.82400000000000e+01	5.00004913831823e-05
1.82500000000000e+01	4.96589210175450e-05
1.82600000000000e+01	4.93175101785796e-05
1.82700000000000e+01	4.89772010781367e-05
1.82800000000000e+01	4.86371195792872e-05
1.82900000000000e+01	4.82975987110710e-05
1.83000000000000e+01	4.79602939614063e-05
1.83100000000000e+01	4.76232570482261e-05
1.83200000000000e+01	4.72891513317090e-05
1.83300000000000e+01	4.69568742597024e-05
1.83400000000000e+01	4.66268610585842e-05
1.83500000000000e+01	4.63002359294509e-05
1.83600000000000e+01	4.59772918698239e-05
1.83700000000000e+01	4.56578916155640e-05
1.83800000000000e+01	4.53428003627434e-05
1.83900000000000e+01	4.50326514070705e-05
1.84000000000000e+01	4.47270903037413e-05
1.84100000000000e+01	4.44271226192034e-05
1.84200000000000e+01	4.41325377238304e-05
1.84300000000000e+01	4.38435448431133e-05
1.84400000000000e+01	4.35599253018896e-05
1.84500000000000e+01	4.32817401370712e-05
1.84600000000000e+01	4.30085422745362e-05
1.84700000000000e+01	4.27404499285567e-05
1.84800000000000e+01	4.24763791080831e-05
1.84900000000000e+01	4.22163680697775e-05
1.85000000000000e+01	4.19596671444960e-05
1.85100000000000e+01	4.17053724674262e-05
1.85200000000000e+01	4.14535133212410e-05
1.85300000000000e+01	4.12034096952439e-05
1.85400000000000e+01	4.09544998807917e-05
1.85500000000000e+01	4.07063842259473e-05
1.85600000000000e+01	4.04586683754556e-05
1.85700000000000e+01	4.02112630792047e-05
1.85800000000000e+01	3.99642100897432e-05
1.85900000000000e+01	3.97166878108986e-05
1.86000000000000e+01	3.94690600501381e-05
1.86100000000000e+01	3.92216310882634e-05
1.86200000000000e+01	3.89738943677213e-05
1.86300000000000e+01	3.87265048197055e-05
1.86400000000000e+01	3.84790445758134e-05
1.86500000000000e+01	3.82322799585800e-05
1.86600000000000e+01	3.79861383318332e-05
1.86700000000000e+01	3.77404271149688e-05
1.86800000000000e+01	3.74958825939694e-05
1.86900000000000e+01	3.72522986429047e-05
1.87000000000000e+01	3.70099356127402e-05
1.87100000000000e+01	3.67684941293359e-05
1.87200000000000e+01	3.65285238914034e-05
1.87300000000000e+01	3.62898442721493e-05
1.87400000000000e+01	3.60523720631861e-05
1.87500000000000e+01	3.58161531951075e-05
1.87600000000000e+01	3.55807816929946e-05
1.87700000000000e+01	3.53468165624537e-05
1.87800000000000e+01	3.51138988637856e-05
1.87900000000000e+01	3.48819113481491e-05
1.88000000000000e+01	3.46508773990077e-05
1.88100000000000e+01	3.44204220919983e-05
1.88200000000000e+01	3.41909409361169e-05
1.88300000000000e+01	3.39621599210907e-05
1.88400000000000e+01	3.37339504024976e-05
1.88500000000000e+01	3.35060706405107e-05
1.88600000000000e+01	3.32789332484428e-05
1.88700000000000e+01	3.30521484088386e-05
1.88800000000000e+01	3.28255459046463e-05
1.88900000000000e+01	3.25995929728401e-05
1.89000000000000e+01	3.23737311778204e-05
1.89100000000000e+01	3.21484910152572e-05
1.89200000000000e+01	3.19235225267764e-05
1.89300000000000e+01	3.16993820999871e-05
1.89400000000000e+01	3.14757391325645e-05
1.89500000000000e+01	3.12530195616128e-05
1.89600000000000e+01	3.10316798505371e-05
1.89700000000000e+01	3.08113626731794e-05
1.89800000000000e+01	3.05926007049638e-05
1.89900000000000e+01	3.03756634923106e-05
1.90000000000000e+01	3.01605826203933e-05
1.90100000000000e+01	2.99475455850568e-05
1.90200000000000e+01	2.97365703699042e-05
1.90300000000000e+01	2.95275580255862e-05
1.90400000000000e+01	2.93202062634488e-05
1.90500000000000e+01	2.91147180240718e-05
1.90600000000000e+01	2.89103927457525e-05
1.90700000000000e+01	2.87074034706261e-05
1.90800000000000e+01	2.85051465428684e-05
1.90900000000000e+01	2.83035836773234e-05
1.91000000000000e+01	2.81029592871112e-05
1.91100000000000e+01	2.79029935308198e-05
1.91200000000000e+01	2.77041647056095e-05
1.91300000000000e+01	2.75068176024313e-05
1.91400000000000e+01	2.73119947285862e-05
1.91500000000000e+01	2.71201793479663e-05
1.91600000000000e+01	2.69320024236134e-05
1.91700000000000e+01	2.67485425874394e-05
1.91800000000000e+01	2.65699036249464e-05
1.91900000000000e+01	2.63968636966829e-05
1.92000000000000e+01	2.62295437953970e-05
1.92100000000000e+01	2.60678175523309e-05
1.92200000000000e+01	2.59115455437091e-05
1.92300000000000e+01	2.57599366237282e-05
1.92400000000000e+01	2.56128720501648e-05
1.92500000000000e+01	2.54690876324597e-05
1.92600000000000e+01	2.53283672553865e-05
1.92700000000000e+01	2.51894846387697e-05
1.92800000000000e+01	2.50520303672580e-05
1.92900000000000e+01	2.49151747626175e-05
1.93000000000000e+01	2.47789192396442e-05
1.93100000000000e+01	2.46424884598640e-05
1.93200000000000e+01	2.45061009082939e-05
1.93300000000000e+01	2.43692377876642e-05
1.93400000000000e+01	2.42320197886451e-05
1.93500000000000e+01	2.40944829458113e-05
1.93600000000000e+01	2.39565965825655e-05
1.93700000000000e+01	2.38182119744355e-05
1.93800000000000e+01	2.36796691675227e-05
1.93900000000000e+01	2.35411869947509e-05
1.94000000000000e+01	2.34023770688804e-05
1.94100000000000e+01	2.32634040325245e-05
1.94200000000000e+01	2.31246245923925e-05
1.94300000000000e+01	2.29859263686316e-05
1.94400000000000e+01	2.28471214184637e-05
1.94500000000000e+01	2.27084838996985e-05
1.94600000000000e+01	2.25699926013091e-05
1.94700000000000e+01	2.24315778918940e-05
1.94800000000000e+01	2.22935683870748e-05
1.94900000000000e+01	2.21556073447092e-05
1.95000000000000e+01	2.20179788623966e-05
1.95100000000000e+01	2.18806545190543e-05
1.95200000000000e+01	2.17437229226327e-05
1.95300000000000e+01	2.16071286475623e-05
1.95400000000000e+01	2.14707204973035e-05
1.95500000000000e+01	2.13347574308735e-05
1.95600000000000e+01	2.11993436367114e-05
1.95700000000000e+01	2.10642117506094e-05
1.95800000000000e+01	2.09299837083366e-05
1.95900000000000e+01	2.07961746796200e-05
1.96000000000000e+01	2.06631164830128e-05
1.96100000000000e+01	2.05309184442560e-05
1.96200000000000e+01	2.03994061121030e-05
1.96300000000000e+01	2.02690536349101e-05
1.96400000000000e+01	2.01394306994704e-05
1.96500000000000e+01	2.00108409092302e-05
1.96600000000000e+01	1.98830481938661e-05
1.96700000000000e+01	1.97564309627709e-05
1.96800000000000e+01	1.96306211516879e-05
1.96900000000000e+01	1.95057363820583e-05
1.97000000000000e+01	1.93829059375452e-05
1.97100000000000e+01	1.92610889871857e-05
1.97200000000000e+01	1.91412635850069e-05
1.97300000000000e+01	1.90246089674870e-05
1.97400000000000e+01	1.89129797204831e-05
1.97500000000000e+01	1.88098826858976e-05
1.97600000000000e+01	1.87206939254642e-05
1.97700000000000e+01	1.86542449555752e-05
1.97800000000000e+01	1.86244893803148e-05
1.97900000000000e+01	1.86521543762074e-05
1.98000000000000e+01	1.87682066651304e-05
1.98100000000000e+01	1.90161820534493e-05
1.98200000000000e+01	1.94578609498915e-05
1.98300000000000e+01	2.01783344448064e-05
1.98400000000000e+01	2.12942271633390e-05
1.98500000000000e+01	2.29639939330181e-05
1.98600000000000e+01	2.54043546433355e-05
1.98700000000000e+01	2.89112349514376e-05
1.98800000000000e+01	3.38879203358722e-05
1.98900000000000e+01	4.08820609848116e-05
1.99000000000000e+01	5.06265075776807e-05
1.99100000000000e+01	6.40830105670839e-05
1.99200000000000e+01	8.24781507406020e-05
1.99300000000000e+01	1.07314808369666e-04
1.99400000000000e+01	1.40336755280129e-04
1.99500000000000e+01	1.83387355958778e-04
1.99600000000000e+01	2.38103578265945e-04
1.99700000000000e+01	3.05334481934899e-04
1.99800000000000e+01	3.84155711689063e-04
1.99900000000000e+01	4.70422974059037e-04
2.00000000000000e+01	5.54964755597765e-04
