1.00000000000000e-02	1.45718859827656e+17
2.00000000000000e-02	9.10820392910613e+15
3.00000000000000e-02	1.79938167623871e+15
4.00000000000000e-02	5.69440990041269e+14
5.00000000000000e-02	2.33299460748088e+14
6.00000000000000e-02	1.12541417338344e+14
7.00000000000000e-02	6.07678296141092e+13
8.00000000000000e-02	3.56351743140230e+13
9.00000000000000e-02	2.22569196214391e+13
1.00000000000000e-01	1.46100243107581e+13
1.10000000000000e-01	9.98435514496282e+12
1.20000000000000e-01	7.05390459740581e+12
1.30000000000000e-01	5.12470156501696e+12
1.40000000000000e-01	3.81278917770991e+12
1.50000000000000e-01	2.89550601559780e+12
1.60000000000000e-01	2.23855372639320e+12
1.70000000000000e-01	1.75806774741796e+12
1.80000000000000e-01	1.40006086093850e+12
1.90000000000000e-01	1.12888847671486e+12
2.00000000000000e-01	9.20442657994787e+11
2.10000000000000e-01	7.58075701638167e+11
2.20000000000000e-01	6.30093937682322e+11
2.30000000000000e-01	5.28089261373602e+11
2.40000000000000e-01	4.45992809880930e+11
2.50000000000000e-01	3.79302215134657e+11
2.60000000000000e-01	3.24676155746905e+11
2.70000000000000e-01	2.79581328113987e+11
2.80000000000000e-01	2.42095436386552e+11
2.90000000000000e-01	2.10717945365143e+11
3.00000000000000e-01	1.84292121373495e+11
3.10000000000000e-01	1.61908189106550e+11
3.20000000000000e-01	1.42846048557667e+11
3.30000000000000e-01	1.26528465917308e+11
3.40000000000000e-01	1.12494313403364e+11
3.50000000000000e-01	1.00370529121218e+11
3.60000000000000e-01	8.98518064020405e+10
3.70000000000000e-01	8.06887967213415e+10
3.80000000000000e-01	7.26773584670201e+10
3.90000000000000e-01	6.56461604879781e+10
4.00000000000000e-01	5.94561656042143e+10
4.10000000000000e-01	5.39871017182742e+10
4.20000000000000e-01	4.91419508286026e+10
4.30000000000000e-01	4.48357703904864e+10
4.40000000000000e-01	4.09990092124994e+10
4.50000000000000e-01	3.75700043271171e+10
4.60000000000000e-01	3.44982190128726e+10
4.70000000000000e-01	3.17395549450919e+10
4.80000000000000e-01	2.92569629461172e+10
4.90000000000000e-01	2.70173344695677e+10
5.00000000000000e-01	2.49920641483424e+10
5.10000000000000e-01	2.31574977525636e+10
5.20000000000000e-01	2.14925450147995e+10
5.30000000000000e-01	1.99778076353950e+10
5.40000000000000e-01	1.85980748726118e+10
5.50000000000000e-01	1.73387705262668e+10
5.60000000000000e-01	1.61870962991513e+10
5.70000000000000e-01	1.51322709288155e+10
5.80000000000000e-01	1.41651897470068e+10
5.90000000000000e-01	1.32765880549193e+10
6.00000000000000e-01	1.24590309706488e+10
6.10000000000000e-01	1.17056701139723e+10
6.20000000000000e-01	1.10106711569241e+10
6.30000000000000e-01	1.03686701052998e+10
6.40000000000000e-01	9.77499054666396e+09
6.50000000000000e-01	9.22497675872584e+09
6.60000000000000e-01	8.71491896551831e+09
6.70000000000000e-01	8.24121250686819e+09
6.80000000000000e-01	7.80117343298447e+09
6.90000000000000e-01	7.39172013300449e+09
7.00000000000000e-01	7.01031473729536e+09
7.10000000000000e-01	6.65463476261309e+09
7.20000000000000e-01	6.32265484584877e+09
7.30000000000000e-01	6.01255561234998e+09
7.40000000000000e-01	5.72245575818099e+09
7.50000000000000e-01	5.45101354646460e+09
7.60000000000000e-01	5.19663023294198e+09
7.70000000000000e-01	4.95817510346514e+09
7.80000000000000e-01	4.73431036734108e+09
7.90000000000000e-01	4.52412822558806e+09
8.00000000000000e-01	4.32655093590261e+09
8.10000000000000e-01	4.14060775247296e+09
8.20000000000000e-01	3.96565677629133e+09
8.30000000000000e-01	3.80082212712251e+09
8.40000000000000e-01	3.64550178280957e+09
8.50000000000000e-01	3.49889050330914e+09
8.60000000000000e-01	3.36057639379058e+09
8.70000000000000e-01	3.22985937549971e+09
8.80000000000000e-01	3.10633463764793e+09
8.90000000000000e-01	2.98955775655886e+09
9.00000000000000e-01	2.87904032357807e+09
9.10000000000000e-01	2.77438575107871e+09
9.20000000000000e-01	2.67532471993559e+09
9.30000000000000e-01	2.58142958356378e+09
9.40000000000000e-01	2.49245329180021e+09
9.50000000000000e-01	2.40801189635673e+09
9.60000000000000e-01	2.32792820982851e+09
9.70000000000000e-01	2.25191709124181e+09
9.80000000000000e-01	2.17977363173700e+09
9.90000000000000e-01	2.11123723173800e+09
1.00000000000000e+00	2.04620864220476e+09
1.01000000000000e+00	1.98438536169498e+09
1.02000000000000e+00	1.92564589966584e+09
1.03000000000000e+00	1.86986955767268e+09
1.04000000000000e+00	1.81687104237670e+09
1.05000000000000e+00	1.76648903199606e+09
1.06000000000000e+00	1.71859481752959e+09
1.07000000000000e+00	1.67309200200748e+09
1.08000000000000e+00	1.62979563041878e+09
1.09000000000000e+00	1.58855528946827e+09
1.10000000000000e+00	1.54927011381746e+09
1.11000000000000e+00	1.51176360319855e+09
1.12000000000000e+00	1.47588924670385e+09
1.13000000000000e+00	1.44153024896596e+09
1.14000000000000e+00	1.40852786164157e+09
1.15000000000000e+00	1.37675485994528e+09
1.16000000000000e+00	1.34608119839276e+09
1.17000000000000e+00	1.31644269225389e+09
1.18000000000000e+00	1.28771706271273e+09
1.19000000000000e+00	1.25987561364108e+09
1.20000000000000e+00	1.23289915162082e+09
1.21000000000000e+00	1.20678159193894e+09
1.22000000000000e+00	1.18154586793442e+09
1.23000000000000e+00	1.15730623303110e+09
1.24000000000000e+00	1.13410721047244e+09
1.25000000000000e+00	1.11213035154622e+09
1.26000000000000e+00	1.09147977511371e+09
1.27000000000000e+00	1.07240499309852e+09
1.28000000000000e+00	1.05508796523621e+09
1.29000000000000e+00	1.03981522201143e+09
1.30000000000000e+00	1.02683659496174e+09
1.31000000000000e+00	1.01645795416996e+09
1.32000000000000e+00	1.00896097923759e+09
1.33000000000000e+00	1.00460100726793e+09
1.34000000000000e+00	1.00360298074445e+09
1.35000000000000e+00	1.00616370365742e+09
1.36000000000000e+00	1.01239147690647e+09
1.37000000000000e+00	1.02231614558177e+09
1.38000000000000e+00	1.03588526855585e+09
1.39000000000000e+00	1.05296548146759e+09
1.40000000000000e+00	1.07337595474943e+09
1.41000000000000e+00	1.09684317174622e+09
1.42000000000000e+00	1.12307928767979e+09
1.43000000000000e+00	1.15178362393952e+09
1.44000000000000e+00	1.18267095828563e+09
1.45000000000000e+00	1.21543190956840e+09
1.46000000000000e+00	1.24983099139953e+09
1.47000000000000e+00	1.28557230512854e+09
1.48000000000000e+00	1.32242570290437e+09
1.49000000000000e+00	1.36008089486292e+09
1.50000000000000e+00	1.39817677724304e+09
1.51000000000000e+00	1.43623643862191e+09
1.52000000000000e+00	1.47364214541601e+09
1.53000000000000e+00	1.50962842526368e+09
1.54000000000000e+00	1.54320357986512e+09
1.55000000000000e+00	1.57320978063973e+09
1.56000000000000e+00	1.59840489135367e+09
1.57000000000000e+00	1.61740800284535e+09
1.58000000000000e+00	1.62882232822743e+09
1.59000000000000e+00	1.63131442553885e+09
1.60000000000000e+00	1.62369228461220e+09
1.61000000000000e+00	1.60504489935083e+09
1.62000000000000e+00	1.57472375601477e+09
1.63000000000000e+00	1.53251456531042e+09
1.64000000000000e+00	1.47868294567326e+09
1.65000000000000e+00	1.41413984701360e+09
1.66000000000000e+00	1.34031104811413e+09
1.67000000000000e+00	1.25930009988573e+09
1.68000000000000e+00	1.17351099663645e+09
1.69000000000000e+00	1.08558675075177e+09
1.70000000000000e+00	9.98019836611992e+08
1.71000000000000e+00	9.13115889813980e+08
1.72000000000000e+00	8.32813193007149e+08
1.73000000000000e+00	7.58765503307508e+08
1.74000000000000e+00	6.92259706671908e+08
1.75000000000000e+00	6.34065047112368e+08
1.76000000000000e+00	5.84415279777171e+08
1.77000000000000e+00	5.42938657944373e+08
1.78000000000000e+00	5.08761305956926e+08
1.79000000000000e+00	4.80586662082736e+08
1.80000000000000e+00	4.56846678312987e+08
1.81000000000000e+00	4.35920280205697e+08
1.82000000000000e+00	4.16369788802920e+08
1.83000000000000e+00	3.97159835539454e+08
1.84000000000000e+00	3.77770216259362e+08
1.85000000000000e+00	3.58193544808282e+08
1.86000000000000e+00	3.38716058078226e+08
1.87000000000000e+00	3.19804869129592e+08
1.88000000000000e+00	3.01948970519675e+08
1.89000000000000e+00	2.85607321436711e+08
1.90000000000000e+00	2.71192799336635e+08
1.91000000000000e+00	2.59028362538157e+08
1.92000000000000e+00	2.49361019804107e+08
1.93000000000000e+00	2.42316251396047e+08
1.94000000000000e+00	2.37900226009678e+08
1.95000000000000e+00	2.35994960242225e+08
1.96000000000000e+00	2.36365053169326e+08
1.97000000000000e+00	2.38671742298689e+08
1.98000000000000e+00	2.42504489185632e+08
1.99000000000000e+00	2.47408477969953e+08
2.00000000000000e+00	2.52915867297111e+08
2.01000000000000e+00	2.58571406112096e+08
2.02000000000000e+00	2.63964794074812e+08
2.03000000000000e+00	2.68739616256406e+08
2.04000000000000e+00	2.72599560651076e+08
2.05000000000000e+00	2.75314811877684e+08
2.06000000000000e+00	2.76703478989448e+08
2.07000000000000e+00	2.76607214584557e+08
2.08000000000000e+00	2.74884218190715e+08
2.09000000000000e+00	2.71373755693137e+08
2.10000000000000e+00	2.65907669761864e+08
2.11000000000000e+00	2.58345795317927e+08
2.12000000000000e+00	2.48617266876376e+08
2.13000000000000e+00	2.36804641309327e+08
2.14000000000000e+00	2.23185244167802e+08
2.15000000000000e+00	2.08203869828566e+08
2.16000000000000e+00	1.92420744360415e+08
2.17000000000000e+00	1.76379505110545e+08
2.18000000000000e+00	1.60537481399573e+08
2.19000000000000e+00	1.45199990150734e+08
2.20000000000000e+00	1.30544125871304e+08
2.21000000000000e+00	1.16653623571127e+08
2.22000000000000e+00	1.03573307996042e+08
2.23000000000000e+00	9.13672585478540e+07
2.24000000000000e+00	8.01257066789771e+07
2.25000000000000e+00	6.99692834343484e+07
2.26000000000000e+00	6.10034901818989e+07
2.27000000000000e+00	5.32870615915428e+07
2.28000000000000e+00	4.68136414289510e+07
2.29000000000000e+00	4.15133059148939e+07
2.30000000000000e+00	3.72701621683881e+07
2.31000000000000e+00	3.39451550714028e+07
2.32000000000000e+00	3.13944650489786e+07
2.33000000000000e+00	2.94823939347077e+07
2.34000000000000e+00	2.80866339224021e+07
2.35000000000000e+00	2.71043416770023e+07
2.36000000000000e+00	2.64465399335261e+07
2.37000000000000e+00	2.60391236309222e+07
2.38000000000000e+00	2.58182266796017e+07
2.39000000000000e+00	2.57257628174160e+07
2.40000000000000e+00	2.57100808348994e+07
2.41000000000000e+00	2.57269298015286e+07
2.42000000000000e+00	2.57458664985330e+07
2.43000000000000e+00	2.57528152477337e+07
2.44000000000000e+00	2.57511653877339e+07
2.45000000000000e+00	2.57603099411453e+07
2.46000000000000e+00	2.58091333201510e+07
2.47000000000000e+00	2.59336740571986e+07
2.48000000000000e+00	2.61696314726611e+07
2.49000000000000e+00	2.65502656387259e+07
2.50000000000000e+00	2.71023140675750e+07
2.51000000000000e+00	2.78423469980812e+07
2.52000000000000e+00	2.87754287727784e+07
2.53000000000000e+00	2.98916006817404e+07
2.54000000000000e+00	3.11655946735786e+07
2.55000000000000e+00	3.25590103256621e+07
2.56000000000000e+00	3.40202380803050e+07
2.57000000000000e+00	3.54868740894975e+07
2.58000000000000e+00	3.68880652243368e+07
2.59000000000000e+00	3.81451884482401e+07
2.60000000000000e+00	3.91707768946921e+07
2.61000000000000e+00	3.98741364983273e+07
2.62000000000000e+00	4.01645353885590e+07
2.63000000000000e+00	3.99670053059170e+07
2.64000000000000e+00	3.92501361516696e+07
2.65000000000000e+00	3.80475728156157e+07
2.66000000000000e+00	3.64676821418202e+07
2.67000000000000e+00	3.46669663940165e+07
2.68000000000000e+00	3.28096292491499e+07
2.69000000000000e+00	3.10254468989354e+07
2.70000000000000e+00	2.93910842663537e+07
2.71000000000000e+00	2.79305579462177e+07
2.72000000000000e+00	2.66281177203051e+07
2.73000000000000e+00	2.54459570231194e+07
2.74000000000000e+00	2.43385914223048e+07
2.75000000000000e+00	2.32647298291983e+07
2.76000000000000e+00	2.21931268684462e+07
2.77000000000000e+00	2.11042090302446e+07
2.78000000000000e+00	1.99882226696010e+07
2.79000000000000e+00	1.88420378957089e+07
2.80000000000000e+00	1.76661278812148e+07
2.81000000000000e+00	1.64624367102664e+07
2.82000000000000e+00	1.52347677056102e+07
2.83000000000000e+00	1.39884527943207e+07
2.84000000000000e+00	1.27309056889392e+07
2.85000000000000e+00	1.14723588580032e+07
2.86000000000000e+00	1.02254311520191e+07
2.87000000000000e+00	9.00532939848603e+06
2.88000000000000e+00	7.82882393259028e+06
2.89000000000000e+00	6.71271490863688e+06
2.90000000000000e+00	5.67320250039189e+06
2.91000000000000e+00	4.72472094643146e+06
2.92000000000000e+00	3.87891446675348e+06
2.93000000000000e+00	3.14474104064777e+06
2.94000000000000e+00	2.52758212048401e+06
2.95000000000000e+00	2.02912061197988e+06
2.96000000000000e+00	1.64670660759451e+06
2.97000000000000e+00	1.37314907248433e+06
2.98000000000000e+00	1.19715643597354e+06
2.99000000000000e+00	1.10403295105020e+06
3.00000000000000e+00	1.07711960456032e+06
3.01000000000000e+00	1.09922106083587e+06
3.02000000000000e+00	1.15392029979768e+06
3.03000000000000e+00	1.22665104341304e+06
3.04000000000000e+00	1.30534904955892e+06
3.05000000000000e+00	1.38087525665054e+06
3.06000000000000e+00	1.44714419859168e+06
3.07000000000000e+00	1.50111688520459e+06
3.08000000000000e+00	1.54243081677886e+06
3.09000000000000e+00	1.57282272459051e+06
3.10000000000000e+00	1.59556850625995e+06
3.11000000000000e+00	1.61465874142655e+06
3.12000000000000e+00	1.63412436749197e+06
3.13000000000000e+00	1.65740956479117e+06
3.14000000000000e+00	1.68684856855508e+06
3.15000000000000e+00	1.72334009364506e+06
3.16000000000000e+00	1.76637187508820e+06
3.17000000000000e+00	1.81407483124794e+06
3.18000000000000e+00	1.86365130816232e+06
3.19000000000000e+00	1.91197271461307e+06
3.20000000000000e+00	1.95597347564339e+06
3.21000000000000e+00	1.99303874819878e+06
3.22000000000000e+00	2.02104044786652e+06
3.23000000000000e+00	2.03828608030958e+06
3.24000000000000e+00	2.04345902576813e+06
3.25000000000000e+00	2.03546876805910e+06
3.26000000000000e+00	2.01370614555935e+06
3.27000000000000e+00	1.97822345223932e+06
3.28000000000000e+00	1.92964896936305e+06
3.29000000000000e+00	1.86945942061568e+06
3.30000000000000e+00	1.79984751215625e+06
3.31000000000000e+00	1.72353064038997e+06
3.32000000000000e+00	1.64351599803043e+06
3.33000000000000e+00	1.56288636288933e+06
3.34000000000000e+00	1.48434758660048e+06
3.35000000000000e+00	1.41012685138629e+06
3.36000000000000e+00	1.34174802760543e+06
3.37000000000000e+00	1.27998281634136e+06
3.38000000000000e+00	1.22505627817938e+06
3.39000000000000e+00	1.17668235539029e+06
3.40000000000000e+00	1.13423824419836e+06
3.41000000000000e+00	1.09688910029926e+06
3.42000000000000e+00	1.06365884515202e+06
3.43000000000000e+00	1.03356196636150e+06
3.44000000000000e+00	1.00562522336122e+06
3.45000000000000e+00	9.78956919816360e+05
3.46000000000000e+00	9.52786070997352e+05
3.47000000000000e+00	9.26535972291264e+05
3.48000000000000e+00	8.99857131129492e+05
3.49000000000000e+00	8.72608065502796e+05
3.50000000000000e+00	8.44848489826250e+05
3.51000000000000e+00	8.16827173976237e+05
3.52000000000000e+00	7.88914469221483e+05
3.53000000000000e+00	7.61499418151599e+05
3.54000000000000e+00	7.34942413558627e+05
3.55000000000000e+00	7.09514277122687e+05
3.56000000000000e+00	6.85339710004050e+05
3.57000000000000e+00	6.62411313052059e+05
3.58000000000000e+00	6.40647943692716e+05
3.59000000000000e+00	6.19863302641477e+05
3.60000000000000e+00	5.99905831281599e+05
3.61000000000000e+00	5.80639657822064e+05
3.62000000000000e+00	5.61979032024939e+05
3.63000000000000e+00	5.43927598158956e+05
3.64000000000000e+00	5.26549373145525e+05
3.65000000000000e+00	5.09989137561706e+05
3.66000000000000e+00	4.94439624072549e+05
3.67000000000000e+00	4.80114422486973e+05
3.68000000000000e+00	4.67205523861957e+05
3.69000000000000e+00	4.55846350930658e+05
3.70000000000000e+00	4.46057366356477e+05
3.71000000000000e+00	4.37726728136748e+05
3.72000000000000e+00	4.30609265289731e+05
3.73000000000000e+00	4.24330902053961e+05
3.74000000000000e+00	4.18435464389301e+05
3.75000000000000e+00	4.12431349089000e+05
3.76000000000000e+00	4.05828409972872e+05
3.77000000000000e+00	3.98165885510133e+05
3.78000000000000e+00	3.89046745740068e+05
3.79000000000000e+00	3.78127570091716e+05
3.80000000000000e+00	3.65135574148988e+05
3.81000000000000e+00	3.49878473286655e+05
3.82000000000000e+00	3.32259603135639e+05
3.83000000000000e+00	3.12293053396898e+05
3.84000000000000e+00	2.90116723865723e+05
3.85000000000000e+00	2.66004940315136e+05
3.86000000000000e+00	2.40368223976917e+05
3.87000000000000e+00	2.13739203688081e+05
3.88000000000000e+00	1.86765518437642e+05
3.89000000000000e+00	1.60181012744674e+05
3.90000000000000e+00	1.34775564317372e+05
3.91000000000000e+00	1.11350890807137e+05
3.92000000000000e+00	9.06790174352943e+04
3.93000000000000e+00	7.34514000801975e+04
3.94000000000000e+00	6.02283961528204e+04
3.95000000000000e+00	5.13901637469560e+04
3.96000000000000e+00	4.71003536315373e+04
3.97000000000000e+00	4.72878965653656e+04
3.98000000000000e+00	5.16528382189820e+04
3.99000000000000e+00	5.97071372849172e+04
4.00000000000000e+00	7.08367069126118e+04
4.01000000000000e+00	8.43795977598011e+04
4.02000000000000e+00	9.96925187274972e+04
4.03000000000000e+00	1.16198496610954e+05
4.04000000000000e+00	1.33402954291346e+05
4.05000000000000e+00	1.50883835997712e+05
4.06000000000000e+00	1.68256869361096e+05
4.07000000000000e+00	1.85137495092663e+05
4.08000000000000e+00	2.01094910785388e+05
4.09000000000000e+00	2.15631926198365e+05
4.10000000000000e+00	2.28171936751824e+05
4.11000000000000e+00	2.38083856395845e+05
4.12000000000000e+00	2.44733851255998e+05
4.13000000000000e+00	2.47560479700048e+05
4.14000000000000e+00	2.46159077105320e+05
4.15000000000000e+00	2.40357755138504e+05
4.16000000000000e+00	2.30274563457500e+05
4.17000000000000e+00	2.16331248665878e+05
4.18000000000000e+00	1.99244978560287e+05
4.19000000000000e+00	1.79963956641605e+05
4.20000000000000e+00	1.59585876237382e+05
4.21000000000000e+00	1.39246221169845e+05
4.22000000000000e+00	1.19990874271851e+05
4.23000000000000e+00	1.02650005145389e+05
4.24000000000000e+00	8.77379797114370e+04
4.25000000000000e+00	7.54014137147974e+04
4.26000000000000e+00	6.54387207510169e+04
4.27000000000000e+00	5.73858231151548e+04
4.28000000000000e+00	5.06534345838982e+04
4.29000000000000e+00	4.46706973035141e+04
4.30000000000000e+00	3.90074439419315e+04
4.31000000000000e+00	3.34442300137241e+04
4.32000000000000e+00	2.79900537459970e+04
4.33000000000000e+00	2.28567050605905e+04
4.34000000000000e+00	1.84046675135552e+04
4.35000000000000e+00	1.50767109837719e+04
4.36000000000000e+00	1.33232179390016e+04
4.37000000000000e+00	1.35271178609637e+04
4.38000000000000e+00	1.59348482322122e+04
4.39000000000000e+00	2.06014396900663e+04
4.40000000000000e+00	2.73610967915929e+04
4.41000000000000e+00	3.58287720756908e+04
4.42000000000000e+00	4.54386311002971e+04
4.43000000000000e+00	5.55108737039295e+04
4.44000000000000e+00	6.53372688811073e+04
4.45000000000000e+00	7.42731020394871e+04
4.46000000000000e+00	8.18106062780893e+04
4.47000000000000e+00	8.76280360092274e+04
4.48000000000000e+00	9.16057267469899e+04
4.49000000000000e+00	9.38069971840384e+04
4.50000000000000e+00	9.44373383502115e+04
4.51000000000000e+00	9.37978834215673e+04
4.52000000000000e+00	9.22253064441748e+04
4.53000000000000e+00	9.00524945738774e+04
4.54000000000000e+00	8.75734560652805e+04
4.55000000000000e+00	8.50168773228171e+04
4.56000000000000e+00	8.25340073352332e+04
4.57000000000000e+00	8.01945722651177e+04
4.58000000000000e+00	7.79876787590892e+04
4.59000000000000e+00	7.58311255681010e+04
4.60000000000000e+00	7.35838548794245e+04
4.61000000000000e+00	7.10601708143653e+04
4.62000000000000e+00	6.80459744220594e+04
4.63000000000000e+00	6.43184472601401e+04
4.64000000000000e+00	5.96694817250018e+04
4.65000000000000e+00	5.39367261723012e+04
4.66000000000000e+00	4.70442158682465e+04
4.67000000000000e+00	3.90525391451142e+04
4.68000000000000e+00	3.02218190674485e+04
4.69000000000000e+00	2.10798284709013e+04
4.70000000000000e+00	1.24930250836056e+04
4.71000000000000e+00	5.71869165701311e+03
4.72000000000000e+00	2.41750538089892e+03
4.73000000000000e+00	4.59036193473237e+03
4.74000000000000e+00	1.44099767692435e+04
4.75000000000000e+00	3.39363517198247e+04
4.76000000000000e+00	6.47446192752763e+04
4.77000000000000e+00	1.07538808225992e+05
4.78000000000000e+00	1.61852119335683e+05
4.79000000000000e+00	2.25941886928639e+05
4.80000000000000e+00	2.96921974788671e+05
4.81000000000000e+00	3.71127657651705e+05
4.82000000000000e+00	4.44618614487799e+05
4.83000000000000e+00	5.13668587997751e+05
4.84000000000000e+00	5.75162098290506e+05
4.85000000000000e+00	6.26797371508448e+05
4.86000000000000e+00	6.67093957780264e+05
4.87000000000000e+00	6.95319090185787e+05
4.88000000000000e+00	7.11339614897411e+05
4.89000000000000e+00	7.15431764927907e+05
4.90000000000000e+00	7.08335210828292e+05
4.91000000000000e+00	6.91089262099974e+05
4.92000000000000e+00	6.65129742528509e+05
4.93000000000000e+00	6.32166517850396e+05
4.94000000000000e+00	5.94102328494583e+05
4.95000000000000e+00	5.52956710504443e+05
4.96000000000000e+00	5.10676178452354e+05
4.97000000000000e+00	4.69045483518285e+05
4.98000000000000e+00	4.29558198670237e+05
4.99000000000000e+00	3.93359458618657e+05
5.00000000000000e+00	3.61242951954685e+05
5.01000000000000e+00	3.33653799665303e+05
5.02000000000000e+00	3.10757797210765e+05
5.03000000000000e+00	2.92488817176475e+05
5.04000000000000e+00	2.78626054771011e+05
5.05000000000000e+00	2.68846655507322e+05
5.06000000000000e+00	2.62769999727971e+05
5.07000000000000e+00	2.59978330282921e+05
5.08000000000000e+00	2.60026317985299e+05
5.09000000000000e+00	2.62430797623849e+05
5.10000000000000e+00	2.66660120405471e+05
5.11000000000000e+00	2.72122931744221e+05
5.12000000000000e+00	2.78156671588201e+05
5.13000000000000e+00	2.84026174870158e+05
5.14000000000000e+00	2.88964143789226e+05
5.15000000000000e+00	2.92159198244539e+05
5.16000000000000e+00	2.92796619270269e+05
5.17000000000000e+00	2.90114138762714e+05
5.18000000000000e+00	2.83447833855755e+05
5.19000000000000e+00	2.72316556171143e+05
5.20000000000000e+00	2.56511703848702e+05
5.21000000000000e+00	2.36182200164467e+05
5.22000000000000e+00	2.11925197804000e+05
5.23000000000000e+00	1.84824899338243e+05
5.24000000000000e+00	1.56419850795824e+05
5.25000000000000e+00	1.28600185310393e+05
5.26000000000000e+00	1.03405777330439e+05
5.27000000000000e+00	8.27562096760959e+04
5.28000000000000e+00	6.81615490427466e+04
5.29000000000000e+00	6.04611969583984e+04
5.30000000000000e+00	5.96854862942473e+04
5.31000000000000e+00	6.50544790137668e+04
5.32000000000000e+00	7.51404194436871e+04
5.33000000000000e+00	8.81434669793623e+04
5.34000000000000e+00	1.02202995297411e+05
5.35000000000000e+00	1.15680046938219e+05
5.36000000000000e+00	1.27339548120949e+05
5.37000000000000e+00	1.36420824678767e+05
5.38000000000000e+00	1.42603095411875e+05
5.39000000000000e+00	1.45913078588899e+05
5.40000000000000e+00	1.46606195308638e+05
5.41000000000000e+00	1.45052483306285e+05
5.42000000000000e+00	1.41673540433078e+05
5.43000000000000e+00	1.36896197843858e+05
5.44000000000000e+00	1.31140497216253e+05
5.45000000000000e+00	1.24817840536508e+05
5.46000000000000e+00	1.18332534447451e+05
5.47000000000000e+00	1.12067576764749e+05
5.48000000000000e+00	1.06372220173014e+05
5.49000000000000e+00	1.01543677251908e+05
5.50000000000000e+00	9.78032177831804e+04
5.51000000000000e+00	9.52947666379493e+04
5.52000000000000e+00	9.40786673872417e+04
5.53000000000000e+00	9.41402145878145e+04
5.54000000000000e+00	9.54017542361285e+04
5.55000000000000e+00	9.77383951671200e+04
5.56000000000000e+00	1.00987464803839e+05
5.57000000000000e+00	1.04963776346533e+05
5.58000000000000e+00	1.09465298526666e+05
5.59000000000000e+00	1.14282156738922e+05
5.60000000000000e+00	1.19201514683114e+05
5.61000000000000e+00	1.24024154016840e+05
5.62000000000000e+00	1.28555441148158e+05
5.63000000000000e+00	1.32633733184728e+05
5.64000000000000e+00	1.36117891806924e+05
5.65000000000000e+00	1.38902369464963e+05
5.66000000000000e+00	1.40913222741457e+05
5.67000000000000e+00	1.42112571647807e+05
5.68000000000000e+00	1.42485314451570e+05
5.69000000000000e+00	1.42035526693365e+05
5.70000000000000e+00	1.40786638024229e+05
5.71000000000000e+00	1.38771252371972e+05
5.72000000000000e+00	1.36030666975223e+05
5.73000000000000e+00	1.32626116840783e+05
5.74000000000000e+00	1.28634083398880e+05
5.75000000000000e+00	1.24178031096883e+05
5.76000000000000e+00	1.19445474755440e+05
5.77000000000000e+00	1.14714433851180e+05
5.78000000000000e+00	1.10383362042389e+05
5.79000000000000e+00	1.06985651988170e+05
5.80000000000000e+00	1.05201071630128e+05
5.81000000000000e+00	1.05832868342189e+05
5.82000000000000e+00	1.09769521637882e+05
5.83000000000000e+00	1.17909294587958e+05
5.84000000000000e+00	1.31058674014980e+05
5.85000000000000e+00	1.49819957807255e+05
5.86000000000000e+00	1.74463606981555e+05
5.87000000000000e+00	2.04840379671830e+05
5.88000000000000e+00	2.40338294422746e+05
5.89000000000000e+00	2.79890683289932e+05
5.90000000000000e+00	3.22080657758205e+05
5.91000000000000e+00	3.65250161087132e+05
5.92000000000000e+00	4.07659584136830e+05
5.93000000000000e+00	4.47606106644675e+05
5.94000000000000e+00	4.83547791863356e+05
5.95000000000000e+00	5.14131385385747e+05
5.96000000000000e+00	5.38235735452300e+05
5.97000000000000e+00	5.54975345062646e+05
5.98000000000000e+00	5.63694533657376e+05
5.99000000000000e+00	5.63968293896023e+05
6.00000000000000e+00	5.55611684245379e+05
6.01000000000000e+00	5.38719081618553e+05
6.02000000000000e+00	5.13705147170858e+05
6.03000000000000e+00	4.81299384918362e+05
6.04000000000000e+00	4.42588469162652e+05
6.05000000000000e+00	3.98961188383359e+05
6.06000000000000e+00	3.52048223280127e+05
6.07000000000000e+00	3.03624777650786e+05
6.08000000000000e+00	2.55473236838368e+05
6.09000000000000e+00	2.09277380931806e+05
6.10000000000000e+00	1.66486028149094e+05
6.11000000000000e+00	1.28229184171056e+05
6.12000000000000e+00	9.52644723861220e+04
6.13000000000000e+00	6.79639615761593e+04
6.14000000000000e+00	4.63387933446162e+04
6.15000000000000e+00	3.01044438287047e+04
6.16000000000000e+00	1.87547353782904e+04
6.17000000000000e+00	1.16482857702564e+04
6.18000000000000e+00	8.08475892052727e+03
6.19000000000000e+00	7.36632276878174e+03
6.20000000000000e+00	8.84443933275634e+03
6.21000000000000e+00	1.19468469608044e+04
6.22000000000000e+00	1.61913011483851e+04
6.23000000000000e+00	2.11858430746638e+04
6.24000000000000e+00	2.66204034186824e+04
6.25000000000000e+00	3.22567329470952e+04
6.26000000000000e+00	3.79112971592388e+04
6.27000000000000e+00	4.34438444543557e+04
6.28000000000000e+00	4.87434529337780e+04
6.29000000000000e+00	5.37199077831399e+04
6.30000000000000e+00	5.82950803126124e+04
6.31000000000000e+00	6.23990100582218e+04
6.32000000000000e+00	6.59652434995507e+04
6.33000000000000e+00	6.89364616130035e+04
6.34000000000000e+00	7.12619490243486e+04
6.35000000000000e+00	7.29073130221410e+04
6.36000000000000e+00	7.38591648273485e+04
6.37000000000000e+00	7.41240050239020e+04
6.38000000000000e+00	7.37405642357280e+04
6.39000000000000e+00	7.27767824592682e+04
6.40000000000000e+00	7.13312434360647e+04
6.41000000000000e+00	6.95375411034762e+04
6.42000000000000e+00	6.75530870920569e+04
6.43000000000000e+00	6.55605691215132e+04
6.44000000000000e+00	6.37524771126582e+04
6.45000000000000e+00	6.23221399101156e+04
6.46000000000000e+00	6.14509701102382e+04
6.47000000000000e+00	6.12918857378062e+04
6.48000000000000e+00	6.19627948385296e+04
6.49000000000000e+00	6.35330321896419e+04
6.50000000000000e+00	6.60259327729559e+04
6.51000000000000e+00	6.94173688812212e+04
6.52000000000000e+00	7.36469766733486e+04
6.53000000000000e+00	7.86277939005125e+04
6.54000000000000e+00	8.42595907241844e+04
6.55000000000000e+00	9.04500285755389e+04
6.56000000000000e+00	9.71279488022220e+04
6.57000000000000e+00	1.04252491700018e+05
6.58000000000000e+00	1.11829116321912e+05
6.59000000000000e+00	1.19909177664643e+05
6.60000000000000e+00	1.28581603122056e+05
6.61000000000000e+00	1.37965999426192e+05
6.62000000000000e+00	1.48194223293400e+05
6.63000000000000e+00	1.59378577238598e+05
6.64000000000000e+00	1.71599142269103e+05
6.65000000000000e+00	1.84872174971424e+05
6.66000000000000e+00	1.99139394181017e+05
6.67000000000000e+00	2.14246641406967e+05
6.68000000000000e+00	2.29941077241062e+05
6.69000000000000e+00	2.45861774014893e+05
6.70000000000000e+00	2.61546971126150e+05
6.71000000000000e+00	2.76436659595153e+05
6.72000000000000e+00	2.89886703504007e+05
6.73000000000000e+00	3.01183549216568e+05
6.74000000000000e+00	3.09575867888145e+05
6.75000000000000e+00	3.14305776631635e+05
6.76000000000000e+00	3.14675580336724e+05
6.77000000000000e+00	3.10115460081990e+05
6.78000000000000e+00	3.00261239483026e+05
6.79000000000000e+00	2.85046934591835e+05
6.80000000000000e+00	2.64758263594469e+05
6.81000000000000e+00	2.40069261177669e+05
6.82000000000000e+00	2.12008448476284e+05
6.83000000000000e+00	1.81881143208530e+05
6.84000000000000e+00	1.51135927476178e+05
6.85000000000000e+00	1.21215938604764e+05
6.86000000000000e+00	9.34073120138000e+04
6.87000000000000e+00	6.87195216845086e+04
6.88000000000000e+00	4.78172837915995e+04
6.89000000000000e+00	3.10047522009616e+04
6.90000000000000e+00	1.82604098656819e+04
6.91000000000000e+00	9.30342311705713e+03
6.92000000000000e+00	3.67566017923226e+03
6.93000000000000e+00	8.20941747129143e+02
6.94000000000000e+00	1.52439068913325e+02
6.95000000000000e+00	1.10242516285285e+03
6.96000000000000e+00	3.15462430297304e+03
6.97000000000000e+00	5.86203900563178e+03
6.98000000000000e+00	8.85424863464512e+03
6.99000000000000e+00	1.18381066894014e+04
7.00000000000000e+00	1.45943471340487e+04
7.01000000000000e+00	1.69719904765628e+04
7.02000000000000e+00	1.88812560304884e+04
7.03000000000000e+00	2.02847890842698e+04
7.04000000000000e+00	2.11887158000640e+04
7.05000000000000e+00	2.16318716573753e+04
7.06000000000000e+00	2.16762615318366e+04
7.07000000000000e+00	2.13973240516622e+04
7.08000000000000e+00	2.08751543905962e+04
7.09000000000000e+00	2.01881602841843e+04
7.10000000000000e+00	1.94079813152770e+04
7.11000000000000e+00	1.85961766997623e+04
7.12000000000000e+00	1.78022239751666e+04
7.13000000000000e+00	1.70635957925679e+04
7.14000000000000e+00	1.64063192465628e+04
7.15000000000000e+00	1.58463349020924e+04
7.16000000000000e+00	1.53918190094450e+04
7.17000000000000e+00	1.50447672770676e+04
7.18000000000000e+00	1.48033637680866e+04
7.19000000000000e+00	1.46632189258116e+04
7.20000000000000e+00	1.46195298178813e+04
7.21000000000000e+00	1.46672402864881e+04
7.22000000000000e+00	1.48027128930941e+04
7.23000000000000e+00	1.50242659669803e+04
7.24000000000000e+00	1.53331116539603e+04
7.25000000000000e+00	1.57342499093085e+04
7.26000000000000e+00	1.62369413710014e+04
7.27000000000000e+00	1.68548901397379e+04
7.28000000000000e+00	1.76059745617877e+04
7.29000000000000e+00	1.85113294998406e+04
7.30000000000000e+00	1.95935681010707e+04
7.31000000000000e+00	2.08733381359010e+04
7.32000000000000e+00	2.23670194838974e+04
7.33000000000000e+00	2.40830332413592e+04
7.34000000000000e+00	2.60183663623474e+04
7.35000000000000e+00	2.81559451169639e+04
7.36000000000000e+00	3.04631735411223e+04
7.37000000000000e+00	3.28925637026180e+04
7.38000000000000e+00	3.53823197942573e+04
7.39000000000000e+00	3.78601512838562e+04
7.40000000000000e+00	4.02476491203296e+04
7.41000000000000e+00	4.24657555123601e+04
7.42000000000000e+00	4.44394572611745e+04
7.43000000000000e+00	4.61080272346941e+04
7.44000000000000e+00	4.74213250681985e+04
7.45000000000000e+00	4.83517932683554e+04
7.46000000000000e+00	4.88924508133872e+04
7.47000000000000e+00	4.90548173250398e+04
7.48000000000000e+00	4.88721022973756e+04
7.49000000000000e+00	4.83897906297870e+04
7.50000000000000e+00	4.76670990691461e+04
7.51000000000000e+00	4.67641096525468e+04
7.52000000000000e+00	4.57405421553653e+04
7.53000000000000e+00	4.46492664481182e+04
7.54000000000000e+00	4.35290897869138e+04
7.55000000000000e+00	4.24090374449353e+04
7.56000000000000e+00	4.12999551442396e+04
7.57000000000000e+00	4.02008234076272e+04
7.58000000000000e+00	3.90999532357337e+04
7.59000000000000e+00	3.79791617156825e+04
7.60000000000000e+00	3.68162010705948e+04
7.61000000000000e+00	3.55904710404530e+04
7.62000000000000e+00	3.42837687199343e+04
7.63000000000000e+00	3.28828605330025e+04
7.64000000000000e+00	3.13798563874208e+04
7.65000000000000e+00	2.97714278458957e+04
7.66000000000000e+00	2.80586233768707e+04
7.67000000000000e+00	2.62460884874842e+04
7.68000000000000e+00	2.43410940549727e+04
7.69000000000000e+00	2.23543164056735e+04
7.70000000000000e+00	2.03018044935314e+04
7.71000000000000e+00	1.82084029707153e+04
7.72000000000000e+00	1.61124045749943e+04
7.73000000000000e+00	1.40717609062067e+04
7.74000000000000e+00	1.21707191661436e+04
7.75000000000000e+00	1.05238040138694e+04
7.76000000000000e+00	9.27955741432093e+03
7.77000000000000e+00	8.61779312686476e+03
7.78000000000000e+00	8.74260622538070e+03
7.79000000000000e+00	9.86713720242755e+03
7.80000000000000e+00	1.21908084224658e+04
7.81000000000000e+00	1.58699344522220e+04
7.82000000000000e+00	2.09860624840542e+04
7.83000000000000e+00	2.75175048062178e+04
7.84000000000000e+00	3.53222526792093e+04
7.85000000000000e+00	4.41371748899476e+04
7.86000000000000e+00	5.35956099505880e+04
7.87000000000000e+00	6.32639773280569e+04
7.88000000000000e+00	7.26884669557205e+04
7.89000000000000e+00	8.14419850098521e+04
7.90000000000000e+00	8.91698433727477e+04
7.91000000000000e+00	9.56146811128738e+04
7.92000000000000e+00	1.00630202705210e+05
7.93000000000000e+00	1.04173183198139e+05
7.94000000000000e+00	1.06297688860677e+05
7.95000000000000e+00	1.07123912567996e+05
7.96000000000000e+00	1.06824539642188e+05
7.97000000000000e+00	1.05597953837011e+05
7.98000000000000e+00	1.03651447352777e+05
7.99000000000000e+00	1.01189401450045e+05
8.00000000000000e+00	9.83968526606102e+04
8.01000000000000e+00	9.54366304913177e+04
8.02000000000000e+00	9.24377880991141e+04
8.03000000000000e+00	8.95037702878333e+04
8.04000000000000e+00	8.67041021138229e+04
8.05000000000000e+00	8.40892101326400e+04
8.06000000000000e+00	8.16889829205950e+04
8.07000000000000e+00	7.95214161209283e+04
8.08000000000000e+00	7.75963360766169e+04
8.09000000000000e+00	7.59178039155950e+04
8.10000000000000e+00	7.44874564187251e+04
8.11000000000000e+00	7.33030814294377e+04
8.12000000000000e+00	7.23566726211922e+04
8.13000000000000e+00	7.16376965845437e+04
8.14000000000000e+00	7.11243090745872e+04
8.15000000000000e+00	7.07941471039846e+04
8.16000000000000e+00	7.06155064143832e+04
8.17000000000000e+00	7.05539279416503e+04
8.18000000000000e+00	7.05727956165632e+04
8.19000000000000e+00	7.06355344264422e+04
8.20000000000000e+00	7.07058272849967e+04
8.21000000000000e+00	7.07539082821330e+04
8.22000000000000e+00	7.07476991099213e+04
8.23000000000000e+00	7.06651920001762e+04
8.24000000000000e+00	7.04829036339528e+04
8.25000000000000e+00	7.01818325032421e+04
8.26000000000000e+00	6.97414865826927e+04
8.27000000000000e+00	6.91409345845939e+04
8.28000000000000e+00	6.83592804668879e+04
8.29000000000000e+00	6.73739386702544e+04
8.30000000000000e+00	6.61692778917870e+04
8.31000000000000e+00	6.47340072277501e+04
8.32000000000000e+00	6.30726038562795e+04
8.33000000000000e+00	6.12012134428742e+04
8.34000000000000e+00	5.91532849965802e+04
8.35000000000000e+00	5.69821056475152e+04
8.36000000000000e+00	5.47535052555391e+04
8.37000000000000e+00	5.25449048664084e+04
8.38000000000000e+00	5.04394899670036e+04
8.39000000000000e+00	4.85176583555777e+04
8.40000000000000e+00	4.68502166122616e+04
8.41000000000000e+00	4.54910174117942e+04
8.42000000000000e+00	4.44723538862588e+04
8.43000000000000e+00	4.38023961726627e+04
8.44000000000000e+00	4.34651565803038e+04
8.45000000000000e+00	4.34234517630310e+04
8.46000000000000e+00	4.36239521619234e+04
8.47000000000000e+00	4.40036555298049e+04
8.48000000000000e+00	4.44964677053604e+04
8.49000000000000e+00	4.50410731908072e+04
8.50000000000000e+00	4.55853409004091e+04
8.51000000000000e+00	4.60909769903187e+04
8.52000000000000e+00	4.65333508683408e+04
8.53000000000000e+00	4.69031090012381e+04
8.54000000000000e+00	4.72035365526986e+04
8.55000000000000e+00	4.74471921314421e+04
8.56000000000000e+00	4.76542213229868e+04
8.57000000000000e+00	4.78476642892460e+04
8.58000000000000e+00	4.80516643988083e+04
8.59000000000000e+00	4.82878020003461e+04
8.60000000000000e+00	4.85740922543027e+04
8.61000000000000e+00	4.89215795691182e+04
8.62000000000000e+00	4.93326923472020e+04
8.63000000000000e+00	4.98029313643105e+04
8.64000000000000e+00	5.03185996668648e+04
8.65000000000000e+00	5.08578041855105e+04
8.66000000000000e+00	5.13910695646198e+04
8.67000000000000e+00	5.18811798224381e+04
8.68000000000000e+00	5.22870774728281e+04
8.69000000000000e+00	5.25630414450850e+04
8.70000000000000e+00	5.26635409372783e+04
8.71000000000000e+00	5.25439963846587e+04
8.72000000000000e+00	5.21664910998292e+04
8.73000000000000e+00	5.15005176677309e+04
8.74000000000000e+00	5.05297455758204e+04
8.75000000000000e+00	4.92520492958364e+04
8.76000000000000e+00	4.76848289108093e+04
8.77000000000000e+00	4.58617364483592e+04
8.78000000000000e+00	4.38374897528962e+04
8.79000000000000e+00	4.16802957867102e+04
8.80000000000000e+00	3.94705077800198e+04
8.81000000000000e+00	3.72943353484117e+04
8.82000000000000e+00	3.52355301623245e+04
8.83000000000000e+00	3.33698960196978e+04
8.84000000000000e+00	3.17583696981031e+04
8.85000000000000e+00	3.04438326489801e+04
8.86000000000000e+00	2.94477736287610e+04
8.87000000000000e+00	2.87716053744143e+04
8.88000000000000e+00	2.83986553073874e+04
8.89000000000000e+00	2.82983072084809e+04
8.90000000000000e+00	2.84293427900659e+04
8.91000000000000e+00	2.87462097747144e+04
8.92000000000000e+00	2.92007624438712e+04
8.93000000000000e+00	2.97489949830176e+04
8.94000000000000e+00	3.03495464171923e+04
8.95000000000000e+00	3.09685648863188e+04
8.96000000000000e+00	3.15774207394949e+04
8.97000000000000e+00	3.21545899142526e+04
8.98000000000000e+00	3.26838398204554e+04
8.99000000000000e+00	3.31551347183019e+04
9.00000000000000e+00	3.35633616929652e+04
9.01000000000000e+00	3.39084705737157e+04
9.02000000000000e+00	3.41940983015994e+04
9.03000000000000e+00	3.44266065146292e+04
9.04000000000000e+00	3.46151656807519e+04
9.05000000000000e+00	3.47677725299081e+04
9.06000000000000e+00	3.48935236587192e+04
9.07000000000000e+00	3.49990626105595e+04
9.08000000000000e+00	3.50905970986690e+04
9.09000000000000e+00	3.51729036573339e+04
9.10000000000000e+00	3.52498803789322e+04
9.11000000000000e+00	3.53229043465798e+04
9.12000000000000e+00	3.53927877349853e+04
9.13000000000000e+00	3.54580585037090e+04
9.14000000000000e+00	3.55167240128055e+04
9.15000000000000e+00	3.55648124906085e+04
9.16000000000000e+00	3.55985155986477e+04
9.17000000000000e+00	3.56142255432433e+04
9.18000000000000e+00	3.56095818517543e+04
9.19000000000000e+00	3.55828100032132e+04
9.20000000000000e+00	3.55342144425035e+04
9.21000000000000e+00	3.54661562995666e+04
9.22000000000000e+00	3.53817091110742e+04
9.23000000000000e+00	3.52859946925111e+04
9.24000000000000e+00	3.51836655827761e+04
9.25000000000000e+00	3.50799810783096e+04
9.26000000000000e+00	3.49790603372735e+04
9.27000000000000e+00	3.48849543609841e+04
9.28000000000000e+00	3.48005590698664e+04
9.29000000000000e+00	3.47279208244450e+04
9.30000000000000e+00	3.46682242011869e+04
9.31000000000000e+00	3.46225736313429e+04
9.32000000000000e+00	3.45907166165419e+04
9.33000000000000e+00	3.45729661845329e+04
9.34000000000000e+00	3.45686854000825e+04
9.35000000000000e+00	3.45772836202167e+04
9.36000000000000e+00	3.45979656665921e+04
9.37000000000000e+00	3.46294176909255e+04
9.38000000000000e+00	3.46701151147578e+04
9.39000000000000e+00	3.47186667547228e+04
9.40000000000000e+00	3.47730199854026e+04
9.41000000000000e+00	3.48314280840806e+04
9.42000000000000e+00	3.48917171440355e+04
9.43000000000000e+00	3.49520345415285e+04
9.44000000000000e+00	3.50105263602829e+04
9.45000000000000e+00	3.50652386424232e+04
9.46000000000000e+00	3.51153348883569e+04
9.47000000000000e+00	3.51596461438599e+04
9.48000000000000e+00	3.51984361381969e+04
9.49000000000000e+00	3.52316340789189e+04
9.50000000000000e+00	3.52607485082909e+04
9.51000000000000e+00	3.52862675930093e+04
9.52000000000000e+00	3.53087419214228e+04
9.53000000000000e+00	3.53282268072408e+04
9.54000000000000e+00	3.53431764932322e+04
9.55000000000000e+00	3.53518790825069e+04
9.56000000000000e+00	3.53531883608802e+04
9.57000000000000e+00	3.53478133893376e+04
9.58000000000000e+00	3.53381584000471e+04
9.59000000000000e+00	3.53283920747924e+04
9.60000000000000e+00	3.53226961856074e+04
9.61000000000000e+00	3.53243076092294e+04
9.62000000000000e+00	3.53338676544802e+04
9.63000000000000e+00	3.53505658969740e+04
9.64000000000000e+00	3.53716272706286e+04
9.65000000000000e+00	3.53939651289212e+04
9.66000000000000e+00	3.54152142686533e+04
9.67000000000000e+00	3.54339198721946e+04
9.68000000000000e+00	3.54498952012603e+04
9.69000000000000e+00	3.54627239845877e+04
9.70000000000000e+00	3.54727778700765e+04
9.71000000000000e+00	3.54808663665156e+04
9.72000000000000e+00	3.54867767661533e+04
9.73000000000000e+00	3.54909695092345e+04
9.74000000000000e+00	3.54934028546463e+04
9.75000000000000e+00	3.54939077723861e+04
9.76000000000000e+00	3.54925616689533e+04
9.77000000000000e+00	3.54888473734565e+04
9.78000000000000e+00	3.54824691477608e+04
9.79000000000000e+00	3.54733926534507e+04
9.80000000000000e+00	3.54613733854836e+04
9.81000000000000e+00	3.54466576389478e+04
9.82000000000000e+00	3.54294766379050e+04
9.83000000000000e+00	3.54098511272649e+04
9.84000000000000e+00	3.53878551283830e+04
9.85000000000000e+00	3.53638407605856e+04
9.86000000000000e+00	3.53376539514054e+04
9.87000000000000e+00	3.53105127901770e+04
9.88000000000000e+00	3.52854193408274e+04
9.89000000000000e+00	3.52719059640284e+04
9.90000000000000e+00	3.52932706408927e+04
9.91000000000000e+00	3.54005723438370e+04
9.92000000000000e+00	3.56949111520467e+04
9.93000000000000e+00	3.63548581122729e+04
9.94000000000000e+00	3.76718994425714e+04
9.95000000000000e+00	4.01070018816277e+04
9.96000000000000e+00	4.43982624523461e+04
9.97000000000000e+00	5.18088472669719e+04
9.98000000000000e+00	6.47066331065232e+04
9.99000000000000e+00	8.80154732144932e+04
1.00000000000000e+01	1.33284549203958e+05
1.00100000000000e+01	2.29972942922626e+05
1.00200000000000e+01	4.23425374990919e+05
1.00300000000000e+01	5.04852664569646e+05
1.00400000000000e+01	2.70189906846152e+05
1.00500000000000e+01	1.24293664086606e+05
1.00600000000000e+01	6.45784006133528e+04
1.00700000000000e+01	3.77313872532199e+04
1.00800000000000e+01	2.40421200455670e+04
1.00900000000000e+01	1.63242164657128e+04
1.01000000000000e+01	1.16270778179339e+04
1.01100000000000e+01	8.59472586908884e+03
1.01200000000000e+01	6.54395857168807e+03
1.01300000000000e+01	5.10417321359351e+03
1.01400000000000e+01	4.06172826684307e+03
1.01500000000000e+01	3.28735741297335e+03
1.01600000000000e+01	2.69942022680374e+03
1.01700000000000e+01	2.24459730008492e+03
1.01800000000000e+01	1.88698369901309e+03
1.01900000000000e+01	1.60174527116045e+03
1.02000000000000e+01	1.37137052238760e+03
1.02100000000000e+01	1.18318740117487e+03
1.02200000000000e+01	1.02792420077369e+03
1.02300000000000e+01	8.98643606291319e+02
1.02400000000000e+01	7.90118012067553e+02
1.02500000000000e+01	6.98332103010737e+02
1.02600000000000e+01	6.20169550382116e+02
1.02700000000000e+01	5.53192363703601e+02
1.02800000000000e+01	4.95470658008549e+02
1.02900000000000e+01	4.45463540204763e+02
1.03000000000000e+01	4.01921690722377e+02
1.03100000000000e+01	3.63837461077363e+02
1.03200000000000e+01	3.30384418252903e+02
1.03300000000000e+01	3.00881604109721e+02
1.03400000000000e+01	2.74761172935756e+02
1.03500000000000e+01	2.51554956055667e+02
1.03600000000000e+01	2.30865610434733e+02
1.03700000000000e+01	2.12362602581614e+02
1.03800000000000e+01	1.95762857607522e+02
1.03900000000000e+01	1.80827534856198e+02
1.04000000000000e+01	1.67352963815950e+02
1.04100000000000e+01	1.55163429882551e+02
1.04200000000000e+01	1.44109969214007e+02
1.04300000000000e+01	1.34062581974384e+02
1.04400000000000e+01	1.24910268546328e+02
1.04500000000000e+01	1.16556183729551e+02
1.04600000000000e+01	1.08915429994352e+02
1.04700000000000e+01	1.01913929706415e+02
1.04800000000000e+01	9.54868223667490e+01
1.04900000000000e+01	8.95781505407127e+01
1.05000000000000e+01	8.41368159594130e+01
1.05100000000000e+01	7.91184540269529e+01
1.05200000000000e+01	7.44836447886005e+01
1.05300000000000e+01	7.01961412071856e+01
1.05400000000000e+01	6.62253991318676e+01
1.05500000000000e+01	6.25426776696170e+01
1.05600000000000e+01	5.91228728776658e+01
1.05700000000000e+01	5.59428081082736e+01
1.05800000000000e+01	5.29819845702239e+01
1.05900000000000e+01	5.02218695440324e+01
1.06000000000000e+01	4.76460004483027e+01
1.06100000000000e+01	4.52393285162461e+01
1.06200000000000e+01	4.29880632694688e+01
1.06300000000000e+01	4.08799129609761e+01
1.06400000000000e+01	3.89035543686280e+01
1.06500000000000e+01	3.70488842835327e+01
1.06600000000000e+01	3.53065965687284e+01
1.06700000000000e+01	3.36683447684524e+01
1.06800000000000e+01	3.21264119806680e+01
1.06900000000000e+01	3.06737829691193e+01
1.07000000000000e+01	2.93038928484131e+01
1.07100000000000e+01	2.80111701402071e+01
1.07200000000000e+01	2.67903802561839e+01
1.07300000000000e+01	2.56365165195576e+01
1.07400000000000e+01	2.45451917405588e+01
1.07500000000000e+01	2.35123266963997e+01
1.07600000000000e+01	2.25345427909626e+01
1.07700000000000e+01	2.16080283341897e+01
1.07800000000000e+01	2.07299581959113e+01
1.07900000000000e+01	1.98972075648607e+01
1.08000000000000e+01	1.91071212740605e+01
1.08100000000000e+01	1.83571117401774e+01
1.08200000000000e+01	1.76448578504063e+01
1.08300000000000e+01	1.69680152443032e+01
1.08400000000000e+01	1.63244083875818e+01
1.08500000000000e+01	1.57120458178461e+01
1.08600000000000e+01	1.51291026766116e+01
1.08700000000000e+01	1.45736956501889e+01
1.08800000000000e+01	1.40442848219072e+01
1.08900000000000e+01	1.35391204414750e+01
1.09000000000000e+01	1.30569587984482e+01
1.09100000000000e+01	1.25962952430112e+01
1.09200000000000e+01	1.21559637598996e+01
1.09300000000000e+01	1.17347401112308e+01
1.09400000000000e+01	1.13314492174715e+01
1.09500000000000e+01	1.09452185905818e+01
1.09600000000000e+01	1.05750156373089e+01
1.09700000000000e+01	1.02200562615020e+01
1.09800000000000e+01	9.87946059894335e+00
1.09900000000000e+01	9.55252566228955e+00
1.10000000000000e+01	9.23861093989889e+00
1.10100000000000e+01	8.93713899568703e+00
1.10200000000000e+01	8.64756108044975e+00
1.10300000000000e+01	8.36945529284886e+00
1.10400000000000e+01	8.10232774268618e+00
1.10500000000000e+01	7.84579391377583e+00
1.10600000000000e+01	7.59959844038999e+00
1.10700000000000e+01	7.36324663595173e+00
1.10800000000000e+01	7.13643954133127e+00
1.10900000000000e+01	6.91888414960958e+00
1.11000000000000e+01	6.71016288542122e+00
1.11100000000000e+01	6.50995537200181e+00
1.11200000000000e+01	6.31782502120964e+00
1.11300000000000e+01	6.13344030599047e+00
1.11400000000000e+01	5.95640847029618e+00
1.11500000000000e+01	5.78634530517612e+00
1.11600000000000e+01	5.62284734722108e+00
1.11700000000000e+01	5.46559766362807e+00
1.11800000000000e+01	5.31420582967858e+00
1.11900000000000e+01	5.16837556200059e+00
1.12000000000000e+01	5.02775389357469e+00
1.12100000000000e+01	4.89212221842428e+00
1.12200000000000e+01	4.76116649243536e+00
1.12300000000000e+01	4.63467152696603e+00
1.12400000000000e+01	4.51238383013237e+00
1.12500000000000e+01	4.39418105830285e+00
1.12600000000000e+01	4.27979603141241e+00
1.12700000000000e+01	4.16911824190739e+00
1.12800000000000e+01	4.06199209236846e+00
1.12900000000000e+01	3.95825856612453e+00
1.13000000000000e+01	3.85778160996421e+00
1.13100000000000e+01	3.76044647746359e+00
1.13200000000000e+01	3.66610593773636e+00
1.13300000000000e+01	3.57468314896096e+00
1.13400000000000e+01	3.48601575915931e+00
1.13500000000000e+01	3.40005144171763e+00
1.13600000000000e+01	3.31664333407319e+00
1.13700000000000e+01	3.23568049464807e+00
1.13800000000000e+01	3.15711725745546e+00
1.13900000000000e+01	3.08081867753615e+00
1.14000000000000e+01	3.00672565322359e+00
1.14100000000000e+01	2.93478186171344e+00
1.14200000000000e+01	2.86487115192283e+00
1.14300000000000e+01	2.79696046913504e+00
1.14400000000000e+01	2.73097247014955e+00
1.14500000000000e+01	2.66685651250303e+00
1.14600000000000e+01	2.60454110824128e+00
1.14700000000000e+01	2.54396257097758e+00
1.14800000000000e+01	2.48507630673110e+00
1.14900000000000e+01	2.42780789440879e+00
1.15000000000000e+01	2.37213785630039e+00
1.15100000000000e+01	2.31798042778121e+00
1.15200000000000e+01	2.26529467244586e+00
1.15300000000000e+01	2.21405036478580e+00
1.15400000000000e+01	2.16418648318671e+00
1.15500000000000e+01	2.11570335342011e+00
1.15600000000000e+01	2.06855552577514e+00
1.15700000000000e+01	2.02272116153423e+00
1.15800000000000e+01	1.97819735700463e+00
1.15900000000000e+01	1.93495299562336e+00
1.16000000000000e+01	1.89295293204565e+00
1.16100000000000e+01	1.85220132988571e+00
1.16200000000000e+01	1.81265653761481e+00
1.16300000000000e+01	1.77428268538898e+00
1.16400000000000e+01	1.73703846702598e+00
1.16500000000000e+01	1.70087692430954e+00
1.16600000000000e+01	1.66575659109036e+00
1.16700000000000e+01	1.63161164585172e+00
1.16800000000000e+01	1.59838920478944e+00
1.16900000000000e+01	1.56602213166865e+00
1.17000000000000e+01	1.53446144582700e+00
1.17100000000000e+01	1.50366452965384e+00
1.17200000000000e+01	1.47356644380516e+00
1.17300000000000e+01	1.44412937344650e+00
1.17400000000000e+01	1.41533142761926e+00
1.17500000000000e+01	1.38713430230252e+00
1.17600000000000e+01	1.35952489292223e+00
1.17700000000000e+01	1.33248554802811e+00
1.17800000000000e+01	1.30603382078140e+00
1.17900000000000e+01	1.28015158766027e+00
1.18000000000000e+01	1.25485267982135e+00
1.18100000000000e+01	1.23013880062985e+00
1.18200000000000e+01	1.20601644957255e+00
1.18300000000000e+01	1.18248379410731e+00
1.18400000000000e+01	1.15954845880047e+00
1.18500000000000e+01	1.13719717124739e+00
1.18600000000000e+01	1.11543073836314e+00
1.18700000000000e+01	1.09423262103297e+00
1.18800000000000e+01	1.07358262478263e+00
1.18900000000000e+01	1.05347041680487e+00
1.19000000000000e+01	1.03387286433119e+00
1.19100000000000e+01	1.01476376384416e+00
1.19200000000000e+01	9.96129892461056e-01
1.19300000000000e+01	9.77944166103782e-01
1.19400000000000e+01	9.60180994830140e-01
1.19500000000000e+01	9.42824322836894e-01
1.19600000000000e+01	9.25854670567380e-01
1.19700000000000e+01	9.09253806406432e-01
1.19800000000000e+01	8.92996433542361e-01
1.19900000000000e+01	8.77076924478984e-01
1.20000000000000e+01	8.61468962074740e-01
1.20100000000000e+01	8.46172368699368e-01
1.20200000000000e+01	8.31177527255310e-01
1.20300000000000e+01	8.16473038651365e-01
1.20400000000000e+01	8.02064234767978e-01
1.20500000000000e+01	7.87936789640070e-01
1.20600000000000e+01	7.74103296138052e-01
1.20700000000000e+01	7.60552340298006e-01
1.20800000000000e+01	7.47298051018791e-01
1.20900000000000e+01	7.34333323941158e-01
1.21000000000000e+01	7.21665105548256e-01
1.21100000000000e+01	7.09294939731578e-01
1.21200000000000e+01	6.97215239084561e-01
1.21300000000000e+01	6.85422869172378e-01
1.21400000000000e+01	6.73919996606267e-01
1.21500000000000e+01	6.62698525510060e-01
1.21600000000000e+01	6.51737989543065e-01
1.21700000000000e+01	6.41037816832438e-01
1.21800000000000e+01	6.30580828006980e-01
1.21900000000000e+01	6.20360005086339e-01
1.22000000000000e+01	6.10353698316635e-01
1.22100000000000e+01	6.00554811998414e-01
1.22200000000000e+01	5.90944838472721e-01
1.22300000000000e+01	5.81518045157021e-01
1.22400000000000e+01	5.72255363598374e-01
1.22500000000000e+01	5.63147596990968e-01
1.22600000000000e+01	5.54192791155457e-01
1.22700000000000e+01	5.45375009488103e-01
1.22800000000000e+01	5.36681112546178e-01
1.22900000000000e+01	5.28117895465536e-01
1.23000000000000e+01	5.19665822531834e-01
1.23100000000000e+01	5.11325171492917e-01
1.23200000000000e+01	5.03094198923290e-01
1.23300000000000e+01	4.94961003128427e-01
1.23400000000000e+01	4.86934959665723e-01
1.23500000000000e+01	4.79010839917962e-01
1.23600000000000e+01	4.71190714216915e-01
1.23700000000000e+01	4.63475803022696e-01
1.23800000000000e+01	4.55868149009876e-01
1.23900000000000e+01	4.48379235577331e-01
1.24000000000000e+01	4.41003019870049e-01
1.24100000000000e+01	4.33754407106897e-01
1.24200000000000e+01	4.26628427515917e-01
1.24300000000000e+01	4.19631835582296e-01
1.24400000000000e+01	4.12771103919663e-01
1.24500000000000e+01	4.06038612822762e-01
1.24600000000000e+01	3.99438911584521e-01
1.24700000000000e+01	3.92968978342891e-01
1.24800000000000e+01	3.86630356447509e-01
1.24900000000000e+01	3.80416768011596e-01
1.25000000000000e+01	3.74330845850573e-01
1.25100000000000e+01	3.68366949713867e-01
1.25200000000000e+01	3.62524250855948e-01
1.25300000000000e+01	3.56802227770128e-01
1.25400000000000e+01	3.51201410274089e-01
1.25500000000000e+01	3.45715454733160e-01
1.25600000000000e+01	3.40346753453624e-01
1.25700000000000e+01	3.35091392817788e-01
1.25800000000000e+01	3.29948770472326e-01
1.25900000000000e+01	3.24916477550723e-01
1.26000000000000e+01	3.19989479117942e-01
1.26100000000000e+01	3.15165451608430e-01
1.26200000000000e+01	3.10441749344906e-01
1.26300000000000e+01	3.05814412195126e-01
1.26400000000000e+01	3.01277084888037e-01
1.26500000000000e+01	2.96831096454329e-01
1.26600000000000e+01	2.92472853123502e-01
1.26700000000000e+01	2.88197751642397e-01
1.26800000000000e+01	2.84005399473849e-01
1.26900000000000e+01	2.79895503721395e-01
1.27000000000000e+01	2.75865844879877e-01
1.27100000000000e+01	2.71917985755203e-01
1.27200000000000e+01	2.68049468441633e-01
1.27300000000000e+01	2.64257912021574e-01
1.27400000000000e+01	2.60547030364003e-01
1.27500000000000e+01	2.56914142493599e-01
1.27600000000000e+01	2.53356078000985e-01
1.27700000000000e+01	2.49874012667111e-01
1.27800000000000e+01	2.46463357343111e-01
1.27900000000000e+01	2.43123637171116e-01
1.28000000000000e+01	2.39850093189141e-01
1.28100000000000e+01	2.36641304314775e-01
1.28200000000000e+01	2.33495914974818e-01
1.28300000000000e+01	2.30409482741028e-01
1.28400000000000e+01	2.27381319830479e-01
1.28500000000000e+01	2.24410881954052e-01
1.28600000000000e+01	2.21492499746075e-01
1.28700000000000e+01	2.18628024680888e-01
1.28800000000000e+01	2.15814393325437e-01
1.28900000000000e+01	2.13050810846652e-01
1.29000000000000e+01	2.10335708302260e-01
1.29100000000000e+01	2.07668125378206e-01
1.29200000000000e+01	2.05045616986129e-01
1.29300000000000e+01	2.02468416766552e-01
1.29400000000000e+01	1.99933536463736e-01
1.29500000000000e+01	1.97442899671111e-01
1.29600000000000e+01	1.94990301030816e-01
1.29700000000000e+01	1.92579093101725e-01
1.29800000000000e+01	1.90204267099506e-01
1.29900000000000e+01	1.87869292065445e-01
1.30000000000000e+01	1.85569405045451e-01
1.30100000000000e+01	1.83306635131197e-01
1.30200000000000e+01	1.81080158004398e-01
1.30300000000000e+01	1.78889053804085e-01
1.30400000000000e+01	1.76731138054828e-01
1.30500000000000e+01	1.74607476125161e-01
1.30600000000000e+01	1.72514658275446e-01
1.30700000000000e+01	1.70451317660959e-01
1.30800000000000e+01	1.68416055946439e-01
1.30900000000000e+01	1.66407083761114e-01
1.31000000000000e+01	1.64421014329485e-01
1.31100000000000e+01	1.62459541116404e-01
1.31200000000000e+01	1.60516740847659e-01
1.31300000000000e+01	1.58594049356642e-01
1.31400000000000e+01	1.56689385053697e-01
1.31500000000000e+01	1.54804377974953e-01
1.31600000000000e+01	1.52938634901515e-01
1.31700000000000e+01	1.51091838223969e-01
1.31800000000000e+01	1.49264475428490e-01
1.31900000000000e+01	1.47460179808520e-01
1.32000000000000e+01	1.45676849176727e-01
1.32100000000000e+01	1.43916447445970e-01
1.32200000000000e+01	1.42178051444265e-01
1.32300000000000e+01	1.40462897265543e-01
1.32400000000000e+01	1.38770589815227e-01
1.32500000000000e+01	1.37099361431998e-01
1.32600000000000e+01	1.35448643064720e-01
1.32700000000000e+01	1.33818450153005e-01
1.32800000000000e+01	1.32208018178778e-01
1.32900000000000e+01	1.30617284364191e-01
1.33000000000000e+01	1.29044850040558e-01
1.33100000000000e+01	1.27491338782423e-01
1.33200000000000e+01	1.25956644108027e-01
1.33300000000000e+01	1.24442059600812e-01
1.33400000000000e+01	1.22947667704416e-01
1.33500000000000e+01	1.21474242815749e-01
1.33600000000000e+01	1.20022315452166e-01
1.33700000000000e+01	1.18591947930930e-01
1.33800000000000e+01	1.17184583654566e-01
1.33900000000000e+01	1.15799612561782e-01
1.34000000000000e+01	1.14437034580571e-01
1.34100000000000e+01	1.13095638450780e-01
1.34200000000000e+01	1.11776913487804e-01
1.34300000000000e+01	1.10478381610244e-01
1.34400000000000e+01	1.09200234172836e-01
1.34500000000000e+01	1.07942315985276e-01
1.34600000000000e+01	1.06701911610069e-01
1.34700000000000e+01	1.05479543136647e-01
1.34800000000000e+01	1.04274997814002e-01
1.34900000000000e+01	1.03085891845066e-01
1.35000000000000e+01	1.01912923733713e-01
1.35100000000000e+01	1.00753715799414e-01
1.35200000000000e+01	9.96095172851627e-02
1.35300000000000e+01	9.84779392009836e-02
1.35400000000000e+01	9.73599024458654e-02
1.35500000000000e+01	9.62529014564727e-02
1.35600000000000e+01	9.51578007527225e-02
1.35700000000000e+01	9.40728335325213e-02
1.35800000000000e+01	9.29994617849862e-02
1.35900000000000e+01	9.19343201751694e-02
1.36000000000000e+01	9.08801808557078e-02
1.36100000000000e+01	8.98347348124424e-02
1.36200000000000e+01	8.87993927224114e-02
1.36300000000000e+01	8.77731205360599e-02
1.36400000000000e+01	8.67570540143725e-02
1.36500000000000e+01	8.57515181045740e-02
1.36600000000000e+01	8.47561711532967e-02
1.36700000000000e+01	8.37720080914358e-02
1.36800000000000e+01	8.28005717522604e-02
1.36900000000000e+01	8.18411339450659e-02
1.37000000000000e+01	8.08948149667174e-02
1.37100000000000e+01	7.99621096522629e-02
1.37200000000000e+01	7.90438871296550e-02
1.37300000000000e+01	7.81415832504712e-02
1.37400000000000e+01	7.72542415806728e-02
1.37500000000000e+01	7.63833929758913e-02
1.37600000000000e+01	7.55284042235490e-02
1.37700000000000e+01	7.46892302672508e-02
1.37800000000000e+01	7.38659159779394e-02
1.37900000000000e+01	7.30575942908931e-02
1.38000000000000e+01	7.22652172395480e-02
1.38100000000000e+01	7.14858872327574e-02
1.38200000000000e+01	7.07203622785385e-02
1.38300000000000e+01	6.99665766719247e-02
1.38400000000000e+01	6.92249137166031e-02
1.38500000000000e+01	6.84939803949776e-02
1.38600000000000e+01	6.77732102471000e-02
1.38700000000000e+01	6.70613694668693e-02
1.38800000000000e+01	6.63596551779440e-02
1.38900000000000e+01	6.56658286774067e-02
1.39000000000000e+01	6.49793527006730e-02
1.39100000000000e+01	6.43014556808240e-02
1.39200000000000e+01	6.36305958544042e-02
1.39300000000000e+01	6.29667691815630e-02
1.39400000000000e+01	6.23095774032173e-02
1.39500000000000e+01	6.16597332315942e-02
1.39600000000000e+01	6.10158966804248e-02
1.39700000000000e+01	6.03786210498114e-02
1.39800000000000e+01	5.97479662809956e-02
1.39900000000000e+01	5.91235024518054e-02
1.40000000000000e+01	5.85055002032532e-02
1.40100000000000e+01	5.78941867379540e-02
1.40200000000000e+01	5.72894008054608e-02
1.40300000000000e+01	5.66916052659673e-02
1.40400000000000e+01	5.61013896979892e-02
1.40500000000000e+01	5.55182422662805e-02
1.40600000000000e+01	5.49421795511759e-02
1.40700000000000e+01	5.43743184490684e-02
1.40800000000000e+01	5.38140888086150e-02
1.40900000000000e+01	5.32612836987189e-02
1.41000000000000e+01	5.27156950493425e-02
1.41100000000000e+01	5.21777611823623e-02
1.41200000000000e+01	5.16467054062344e-02
1.41300000000000e+01	5.11220463026087e-02
1.41400000000000e+01	5.06040185901541e-02
1.41500000000000e+01	5.00908695670040e-02
1.41600000000000e+01	4.95835804333539e-02
1.41700000000000e+01	4.90804705877666e-02
1.41800000000000e+01	4.85821921587928e-02
1.41900000000000e+01	4.80878114345376e-02
1.42000000000000e+01	4.75973084325639e-02
1.42100000000000e+01	4.71108629050091e-02
1.42200000000000e+01	4.66291117038229e-02
1.42300000000000e+01	4.61517322382864e-02
1.42400000000000e+01	4.56788147059504e-02
1.42500000000000e+01	4.52111004869646e-02
1.42600000000000e+01	4.47480534620574e-02
1.42700000000000e+01	4.42911028801642e-02
1.42800000000000e+01	4.38403188023151e-02
1.42900000000000e+01	4.33951658517237e-02
1.43000000000000e+01	4.29560107179878e-02
1.43100000000000e+01	4.25232958196613e-02
1.43200000000000e+01	4.20957982581561e-02
1.43300000000000e+01	4.16744353598324e-02
1.43400000000000e+01	4.12589041871678e-02
1.43500000000000e+01	4.08488629446874e-02
1.43600000000000e+01	4.04441132753631e-02
1.43700000000000e+01	4.00441969761238e-02
1.43800000000000e+01	3.96497495700362e-02
1.43900000000000e+01	3.92601332086149e-02
1.44000000000000e+01	3.88761318376724e-02
1.44100000000000e+01	3.84964986193542e-02
1.44200000000000e+01	3.81223784655381e-02
1.44300000000000e+01	3.77528215996074e-02
1.44400000000000e+01	3.73887075413178e-02
1.44500000000000e+01	3.70292134704571e-02
1.44600000000000e+01	3.66748790995433e-02
1.44700000000000e+01	3.63253078691380e-02
1.44800000000000e+01	3.59802514363608e-02
1.44900000000000e+01	3.56397851098548e-02
1.45000000000000e+01	3.53038984985213e-02
1.45100000000000e+01	3.49722764564089e-02
1.45200000000000e+01	3.46447579117254e-02
1.45300000000000e+01	3.43212157545481e-02
1.45400000000000e+01	3.40018828387679e-02
1.45500000000000e+01	3.36860398395133e-02
1.45600000000000e+01	3.33739027877244e-02
1.45700000000000e+01	3.30652213075720e-02
1.45800000000000e+01	3.27595104871021e-02
1.45900000000000e+01	3.24578664945148e-02
1.46000000000000e+01	3.21589086166062e-02
1.46100000000000e+01	3.18625921310232e-02
1.46200000000000e+01	3.15699788313837e-02
1.46300000000000e+01	3.12799260135594e-02
1.46400000000000e+01	3.09928677586274e-02
1.46500000000000e+01	3.07089761083881e-02
1.46600000000000e+01	3.04277135177678e-02
1.46700000000000e+01	3.01496657429695e-02
1.46800000000000e+01	2.98747937407389e-02
1.46900000000000e+01	2.96028853482271e-02
1.47000000000000e+01	2.93343175312666e-02
1.47100000000000e+01	2.90686571880180e-02
1.47200000000000e+01	2.88060091116014e-02
1.47300000000000e+01	2.85463603932583e-02
1.47400000000000e+01	2.82900499055077e-02
1.47500000000000e+01	2.80365611257041e-02
1.47600000000000e+01	2.77861874956519e-02
1.47700000000000e+01	2.75384286921742e-02
1.47800000000000e+01	2.72931090323788e-02
1.47900000000000e+01	2.70502719531560e-02
1.48000000000000e+01	2.68099109328568e-02
1.48100000000000e+01	2.65713588805900e-02
1.48200000000000e+01	2.63353031094290e-02
1.48300000000000e+01	2.61009333045949e-02
1.48400000000000e+01	2.58682994971980e-02
1.48500000000000e+01	2.56378216026392e-02
1.48600000000000e+01	2.54088945625707e-02
1.48700000000000e+01	2.51817386723260e-02
1.48800000000000e+01	2.49563524258879e-02
1.48900000000000e+01	2.47324034163410e-02
1.49000000000000e+01	2.45107641014862e-02
1.49100000000000e+01	2.42905969317837e-02
1.49200000000000e+01	2.40723991033178e-02
1.49300000000000e+01	2.38560102545895e-02
1.49400000000000e+01	2.36417861290687e-02
1.49500000000000e+01	2.34294196173650e-02
1.49600000000000e+01	2.32193109129675e-02
1.49700000000000e+01	2.30114337959843e-02
1.49800000000000e+01	2.28056290975510e-02
1.49900000000000e+01	2.26023988116974e-02
1.50000000000000e+01	2.24011707643517e-02
1.50100000000000e+01	2.22023363730286e-02
1.50200000000000e+01	2.20056552340158e-02
1.50300000000000e+01	2.18112629809873e-02
1.50400000000000e+01	2.16191705461819e-02
1.50500000000000e+01	2.14291104616368e-02
1.50600000000000e+01	2.12412030044598e-02
1.50700000000000e+01	2.10550358465177e-02
1.50800000000000e+01	2.08706465894395e-02
1.50900000000000e+01	2.06882487001934e-02
1.51000000000000e+01	2.05071811751403e-02
1.51100000000000e+01	2.03279382087194e-02
1.51200000000000e+01	2.01501951952121e-02
1.51300000000000e+01	1.99735274803946e-02
1.51400000000000e+01	1.97986526248797e-02
1.51500000000000e+01	1.96248799844280e-02
1.51600000000000e+01	1.94523712883914e-02
1.51700000000000e+01	1.92811795277953e-02
1.51800000000000e+01	1.91116460185046e-02
1.51900000000000e+01	1.89432595934677e-02
1.52000000000000e+01	1.87763759861695e-02
1.52100000000000e+01	1.86108162748068e-02
1.52200000000000e+01	1.84468741192961e-02
1.52300000000000e+01	1.82843085770260e-02
1.52400000000000e+01	1.81230400049941e-02
1.52500000000000e+01	1.79630058862944e-02
1.52600000000000e+01	1.78042338016367e-02
1.52700000000000e+01	1.76462257180457e-02
1.52800000000000e+01	1.74892650599368e-02
1.52900000000000e+01	1.73326945396164e-02
1.53000000000000e+01	1.71765582965830e-02
1.53100000000000e+01	1.70205020638408e-02
1.53200000000000e+01	1.68644292189687e-02
1.53300000000000e+01	1.67083179477841e-02
1.53400000000000e+01	1.65517604989733e-02
1.53500000000000e+01	1.63947682354181e-02
1.53600000000000e+01	1.62376068744653e-02
1.53700000000000e+01	1.60799851407310e-02
1.53800000000000e+01	1.59219936740428e-02
1.53900000000000e+01	1.57640072249765e-02
1.54000000000000e+01	1.56061159012285e-02
1.54100000000000e+01	1.54487239684191e-02
1.54200000000000e+01	1.52918400855350e-02
1.54300000000000e+01	1.51361419308300e-02
1.54400000000000e+01	1.49817542889325e-02
1.54500000000000e+01	1.48293045275103e-02
1.54600000000000e+01	1.46791032000316e-02
1.54700000000000e+01	1.45318928355343e-02
1.54800000000000e+01	1.43876018228222e-02
1.54900000000000e+01	1.42469485408518e-02
1.55000000000000e+01	1.41101317025837e-02
1.55100000000000e+01	1.39774753986920e-02
1.55200000000000e+01	1.38491632644480e-02
1.55300000000000e+01	1.37252297340007e-02
1.55400000000000e+01	1.36054572156913e-02
1.55500000000000e+01	1.34900440401399e-02
1.55600000000000e+01	1.33784750034369e-02
1.55700000000000e+01	1.32703953489780e-02
1.55800000000000e+01	1.31657181440790e-02
1.55900000000000e+01	1.30637229499302e-02
1.56000000000000e+01	1.29639703279327e-02
1.56100000000000e+01	1.28663611183960e-02
1.56200000000000e+01	1.27700817692813e-02
1.56300000000000e+01	1.26751901774915e-02
1.56400000000000e+01	1.25809316848968e-02
1.56500000000000e+01	1.24872737161462e-02
1.56600000000000e+01	1.23937550278664e-02
1.56700000000000e+01	1.23002924401429e-02
1.56800000000000e+01	1.22067649134772e-02
1.56900000000000e+01	1.21131301535042e-02
1.57000000000000e+01	1.20192251507299e-02
1.57100000000000e+01	1.19249451620712e-02
1.57200000000000e+01	1.18305093997310e-02
1.57300000000000e+01	1.17358335672019e-02
1.57400000000000e+01	1.16410281312310e-02
1.57500000000000e+01	1.15463498060726e-02
1.57600000000000e+01	1.14517300584798e-02
1.57700000000000e+01	1.13574016514638e-02
1.57800000000000e+01	1.12634981562034e-02
1.57900000000000e+01	1.11705627396326e-02
1.58000000000000e+01	1.10782821484516e-02
1.58100000000000e+01	1.09872205914605e-02
1.58200000000000e+01	1.08973518204667e-02
1.58300000000000e+01	1.08089272917199e-02
1.58400000000000e+01	1.07222274364726e-02
1.58500000000000e+01	1.06370264269642e-02
1.58600000000000e+01	1.05537730870221e-02
1.58700000000000e+01	1.04721637139193e-02
1.58800000000000e+01	1.03922200052594e-02
1.58900000000000e+01	1.03142027442964e-02
1.59000000000000e+01	1.02376208130802e-02
1.59100000000000e+01	1.01626876579932e-02
1.59200000000000e+01	1.00890149057295e-02
1.59300000000000e+01	1.00165790847201e-02
1.59400000000000e+01	9.94519809562629e-03
1.59500000000000e+01	9.87466594877976e-03
1.59600000000000e+01	9.80474156641890e-03
1.59700000000000e+01	9.73558789316159e-03
1.59800000000000e+01	9.66695759265082e-03
1.59900000000000e+01	9.59857753421991e-03
1.60000000000000e+01	9.53066798593628e-03
1.60100000000000e+01	9.46308814318614e-03
1.60200000000000e+01	9.39583097106743e-03
1.60300000000000e+01	9.32879266616007e-03
1.60400000000000e+01	9.26210984390871e-03
1.60500000000000e+01	9.19577800576132e-03
1.60600000000000e+01	9.12977451681021e-03
1.60700000000000e+01	9.06408674771331e-03
1.60800000000000e+01	8.99864609973904e-03
1.60900000000000e+01	8.93367501760101e-03
1.61000000000000e+01	8.86916940507051e-03
1.61100000000000e+01	8.80495455202105e-03
1.61200000000000e+01	8.74125680909747e-03
1.61300000000000e+01	8.67787385203277e-03
1.61400000000000e+01	8.61510819680898e-03
1.61500000000000e+01	8.55279411491995e-03
1.61600000000000e+01	8.49092729507713e-03
1.61700000000000e+01	8.42969478178801e-03
1.61800000000000e+01	8.36894859632644e-03
1.61900000000000e+01	8.30888858982527e-03
1.62000000000000e+01	8.24946150959899e-03
1.62100000000000e+01	8.19074157593364e-03
1.62200000000000e+01	8.13273639308412e-03
1.62300000000000e+01	8.07538826890655e-03
1.62400000000000e+01	8.01889851115618e-03
1.62500000000000e+01	7.96315787359475e-03
1.62600000000000e+01	7.90803026045111e-03
1.62700000000000e+01	7.85362373516593e-03
1.62800000000000e+01	7.79989297953813e-03
1.62900000000000e+01	7.74671128942633e-03
1.63000000000000e+01	7.69408185925490e-03
1.63100000000000e+01	7.64170935647885e-03
1.63200000000000e+01	7.58980496256725e-03
1.63300000000000e+01	7.53798542422171e-03
1.63400000000000e+01	7.48629097341558e-03
1.63500000000000e+01	7.43464033866346e-03
1.63600000000000e+01	7.38291195546208e-03
1.63700000000000e+01	7.33095643673059e-03
1.63800000000000e+01	7.27886267744934e-03
1.63900000000000e+01	7.22639856839829e-03
1.64000000000000e+01	7.17363723539149e-03
1.64100000000000e+01	7.12053491175799e-03
1.64200000000000e+01	7.06710511524664e-03
1.64300000000000e+01	7.01334415099035e-03
1.64400000000000e+01	6.95942426154793e-03
1.64500000000000e+01	6.90533175318270e-03
1.64600000000000e+01	6.85120100458688e-03
1.64700000000000e+01	6.79725064994716e-03
1.64800000000000e+01	6.74341521270448e-03
1.64900000000000e+01	6.69004978254945e-03
1.65000000000000e+01	6.63723222844554e-03
1.65100000000000e+01	6.58495516643938e-03
1.65200000000000e+01	6.53340252516850e-03
1.65300000000000e+01	6.48270804175980e-03
1.65400000000000e+01	6.43291514903910e-03
1.65500000000000e+01	6.38396228069618e-03
1.65600000000000e+01	6.33605537762007e-03
1.65700000000000e+01	6.28901206128657e-03
1.65800000000000e+01	6.24288172710998e-03
1.65900000000000e+01	6.19772973164827e-03
1.66000000000000e+01	6.15352648331448e-03
1.66100000000000e+01	6.11012681528232e-03
1.66200000000000e+01	6.06763606309856e-03
1.66300000000000e+01	6.02581721586943e-03
1.66400000000000e+01	5.98486963221686e-03
1.66500000000000e+01	5.94457612351137e-03
1.66600000000000e+01	5.90496683443661e-03
1.66700000000000e+01	5.86599107271590e-03
1.66800000000000e+01	5.82763341851047e-03
1.66900000000000e+01	5.78977550123752e-03
1.67000000000000e+01	5.75245015624838e-03
1.67100000000000e+01	5.71551803136827e-03
1.67200000000000e+01	5.67901800498542e-03
1.67300000000000e+01	5.64283151785117e-03
1.67400000000000e+01	5.60689664645281e-03
1.67500000000000e+01	5.57125182650278e-03
1.67600000000000e+01	5.53575880476481e-03
1.67700000000000e+01	5.50039553721595e-03
1.67800000000000e+01	5.46511792235385e-03
1.67900000000000e+01	5.42998431062749e-03
1.68000000000000e+01	5.39482082537434e-03
1.68100000000000e+01	5.35969584395008e-03
1.68200000000000e+01	5.32465146494787e-03
1.68300000000000e+01	5.28963104682595e-03
1.68400000000000e+01	5.25460639083353e-03
1.68500000000000e+01	5.21970837538198e-03
1.68600000000000e+01	5.18485984035444e-03
1.68700000000000e+01	5.15007490810214e-03
1.68800000000000e+01	5.11548184901261e-03
1.68900000000000e+01	5.08102730784776e-03
1.69000000000000e+01	5.04680028121924e-03
1.69100000000000e+01	5.01268145181600e-03
1.69200000000000e+01	4.97878674729115e-03
1.69300000000000e+01	4.94512290524966e-03
1.69400000000000e+01	4.91171240299723e-03
1.69500000000000e+01	4.87845479615108e-03
1.69600000000000e+01	4.84552213361054e-03
1.69700000000000e+01	4.81281526981521e-03
1.69800000000000e+01	4.78047112606058e-03
1.69900000000000e+01	4.74844940759378e-03
1.70000000000000e+01	4.71675943290709e-03
1.70100000000000e+01	4.68560753324063e-03
1.70200000000000e+01	4.65486804808278e-03
1.70300000000000e+01	4.62461581042891e-03
1.70400000000000e+01	4.59488566537279e-03
1.70500000000000e+01	4.56563417227088e-03
1.70600000000000e+01	4.53696295996610e-03
1.70700000000000e+01	4.50880742804676e-03
1.70800000000000e+01	4.48107648290274e-03
1.70900000000000e+01	4.45383555797802e-03
1.71000000000000e+01	4.42701677056819e-03
1.71100000000000e+01	4.40058368497586e-03
1.71200000000000e+01	4.37443915180254e-03
1.71300000000000e+01	4.34863155323717e-03
1.71400000000000e+01	4.32309806224760e-03
1.71500000000000e+01	4.29777754018006e-03
1.71600000000000e+01	4.27264597567032e-03
1.71700000000000e+01	4.24772468318020e-03
1.71800000000000e+01	4.22293426486920e-03
1.71900000000000e+01	4.19835789133326e-03
1.72000000000000e+01	4.17391698967323e-03
1.72100000000000e+01	4.14964244534301e-03
1.72200000000000e+01	4.12552509578134e-03
1.72300000000000e+01	4.10149664985972e-03
1.72400000000000e+01	4.07772195965592e-03
1.72500000000000e+01	4.05396119402712e-03
1.72600000000000e+01	4.03039439932001e-03
1.72700000000000e+01	4.00697146489521e-03
1.72800000000000e+01	3.98364293301784e-03
1.72900000000000e+01	3.96045464978201e-03
1.73000000000000e+01	3.93735792294661e-03
1.73100000000000e+01	3.91435680388013e-03
1.73200000000000e+01	3.89149343467341e-03
1.73300000000000e+01	3.86866808727740e-03
1.73400000000000e+01	3.84589491555881e-03
1.73500000000000e+01	3.82329265469093e-03
1.73600000000000e+01	3.80070659306945e-03
1.73700000000000e+01	3.77820974428187e-03
1.73800000000000e+01	3.75576880959736e-03
1.73900000000000e+01	3.73342734757564e-03
1.74000000000000e+01	3.71120082843623e-03
1.74100000000000e+01	3.68902627542800e-03
1.74200000000000e+01	3.66691885606181e-03
1.74300000000000e+01	3.64488413303331e-03
1.74400000000000e+01	3.62300537952474e-03
1.74500000000000e+01	3.60114420865428e-03
1.74600000000000e+01	3.57944099578257e-03
1.74700000000000e+01	3.55780317527224e-03
1.74800000000000e+01	3.53622850499895e-03
1.74900000000000e+01	3.51470646495895e-03
1.75000000000000e+01	3.49328854408937e-03
1.75100000000000e+01	3.47196425631191e-03
1.75200000000000e+01	3.45064601392237e-03
1.75300000000000e+01	3.42934224490350e-03
1.75400000000000e+01	3.40808384224061e-03
1.75500000000000e+01	3.38692854562864e-03
1.75600000000000e+01	3.36572097480756e-03
1.75700000000000e+01	3.34458654378656e-03
1.75800000000000e+01	3.32348819102014e-03
1.75900000000000e+01	3.30245839286519e-03
1.76000000000000e+01	3.28145354487034e-03
1.76100000000000e+01	3.26061654534382e-03
1.76200000000000e+01	3.23982838127946e-03
1.76300000000000e+01	3.21919020195733e-03
1.76400000000000e+01	3.19868693287557e-03
1.76500000000000e+01	3.17833726031106e-03
1.76600000000000e+01	3.15821201672890e-03
1.76700000000000e+01	3.13822883612326e-03
1.76800000000000e+01	3.11845692360581e-03
1.76900000000000e+01	3.09890233700680e-03
1.77000000000000e+01	3.07946778715833e-03
1.77100000000000e+01	3.06022723783169e-03
1.77200000000000e+01	3.04115680653557e-03
1.77300000000000e+01	3.02225443753266e-03
1.77400000000000e+01	3.00352162905695e-03
1.77500000000000e+01	2.98486377089520e-03
1.77600000000000e+01	2.96635960157529e-03
1.77700000000000e+01	2.94795325257742e-03
1.77800000000000e+01	2.92968251445879e-03
1.77900000000000e+01	2.91148635426758e-03
1.78000000000000e+01	2.89334054367074e-03
1.78100000000000e+01	2.87532588844281e-03
1.78200000000000e+01	2.85738246857823e-03
1.78300000000000e+01	2.83946450076107e-03
1.78400000000000e+01	2.82164678135278e-03
1.78500000000000e+01	2.80390736167876e-03
1.78600000000000e+01	2.78624565444752e-03
1.78700000000000e+01	2.76865683548794e-03
1.78800000000000e+01	2.75110833486646e-03
1.78900000000000e+01	2.73364142244975e-03
1.79000000000000e+01	2.71628731684505e-03
1.79100000000000e+01	2.69897616332898e-03
1.79200000000000e+01	2.68173637192699e-03
1.79300000000000e+01	2.66457905339611e-03
1.79400000000000e+01	2.64743023346841e-03
1.79500000000000e+01	2.63036747212841e-03
1.79600000000000e+01	2.61332692254007e-03
1.79700000000000e+01	2.59636726850238e-03
1.79800000000000e+01	2.57944926162206e-03
1.79900000000000e+01	2.56264256364555e-03
1.80000000000000e+01	2.54595202900855e-03
1.80100000000000e+01	2.52944553740165e-03
1.80200000000000e+01	2.51306034130606e-03
1.80300000000000e+01	2.49694420830241e-03
1.80400000000000e+01	2.48107414559432e-03
1.80500000000000e+01	2.46548479934032e-03
1.80600000000000e+01	2.45018976973401e-03
1.80700000000000e+01	2.43525869729785e-03
1.80800000000000e+01	2.42062939226163e-03
1.80900000000000e+01	2.40634086576484e-03
1.81000000000000e+01	2.39233446346874e-03
1.81100000000000e+01	2.37864855830422e-03
1.81200000000000e+01	2.36522505363192e-03
1.81300000000000e+01	2.35200811750400e-03
1.81400000000000e+01	2.33893804954617e-03
1.81500000000000e+01	2.32606159816531e-03
1.81600000000000e+01	2.31329436870603e-03
1.81700000000000e+01	2.30061210958040e-03
1.81800000000000e+01	2.28796108179763e-03
1.81900000000000e+01	2.27537893840557e-03
1.82000000000000e+01	2.26282845175243e-03
1.82100000000000e+01	2.25025164405491e-03
1.82200000000000e+01	2.23771362267845e-03
1.82300000000000e+01	2.22513820201480e-03
1.82400000000000e+01	2.21255200614595e-03
1.82500000000000e+01	2.19995855962955e-03
1.82600000000000e+01	2.18732403652820e-03
1.82700000000000e+01	2.17470596558980e-03
1.82800000000000e+01	2.16208096788727e-03
1.82900000000000e+01	2.14944062416317e-03
1.83000000000000e+01	2.13685882584450e-03
1.83100000000000e+01	2.12424905314767e-03
1.83200000000000e+01	2.11173784820547e-03
1.83300000000000e+01	2.09926880514327e-03
1.83400000000000e+01	2.08689919246655e-03
1.83500000000000e+01	2.07460467884049e-03
1.83600000000000e+01	2.06246617809142e-03
1.83700000000000e+01	2.05044096114006e-03
1.83800000000000e+01	2.03859342507064e-03
1.83900000000000e+01	2.02691584069329e-03
1.84000000000000e+01	2.01542250794176e-03
1.84100000000000e+01	2.00415189776764e-03
1.84200000000000e+01	1.99308817872360e-03
1.84300000000000e+01	1.98226320280347e-03
1.84400000000000e+01	1.97164624564778e-03
1.84500000000000e+01	1.96124093266716e-03
1.84600000000000e+01	1.95102784889569e-03
1.84700000000000e+01	1.94102006417909e-03
1.84800000000000e+01	1.93117635186810e-03
1.84900000000000e+01	1.92149161759282e-03
1.85000000000000e+01	1.91190452452141e-03
1.85100000000000e+01	1.90243039682087e-03
1.85200000000000e+01	1.89304252570004e-03
1.85300000000000e+01	1.88370343044572e-03
1.85400000000000e+01	1.87438770786410e-03
1.85500000000000e+01	1.86507726680638e-03
1.85600000000000e+01	1.85577462497198e-03
1.85700000000000e+01	1.84645517918289e-03
1.85800000000000e+01	1.83710718457465e-03
1.85900000000000e+01	1.82774068363283e-03
1.86000000000000e+01	1.81833824355424e-03
1.86100000000000e+01	1.80890031823615e-03
1.86200000000000e+01	1.79945081500788e-03
1.86300000000000e+01	1.78997271821976e-03
1.86400000000000e+01	1.78047386089878e-03
1.86500000000000e+01	1.77098251227310e-03
1.86600000000000e+01	1.76148909713945e-03
1.86700000000000e+01	1.75199812894335e-03
1.86800000000000e+01	1.74251727236388e-03
1.86900000000000e+01	1.73306988924641e-03
1.87000000000000e+01	1.72364876833916e-03
1.87100000000000e+01	1.71427249101211e-03
1.87200000000000e+01	1.70492127701370e-03
1.87300000000000e+01	1.69560011951261e-03
1.87400000000000e+01	1.68630537476759e-03
1.87500000000000e+01	1.67705828921394e-03
1.87600000000000e+01	1.66783390434550e-03
1.87700000000000e+01	1.65863287327735e-03
1.87800000000000e+01	1.64947011696828e-03
1.87900000000000e+01	1.64032155919585e-03
1.88000000000000e+01	1.63118849721058e-03
1.88100000000000e+01	1.62206606646840e-03
1.88200000000000e+01	1.61296608868664e-03
1.88300000000000e+01	1.60387003939628e-03
1.88400000000000e+01	1.59479010973378e-03
1.88500000000000e+01	1.58570912844430e-03
1.88600000000000e+01	1.57662190213961e-03
1.88700000000000e+01	1.56752256712385e-03
1.88800000000000e+01	1.55843317407889e-03
1.88900000000000e+01	1.54933353601854e-03
1.89000000000000e+01	1.54022168351426e-03
1.89100000000000e+01	1.53111614251444e-03
1.89200000000000e+01	1.52198949799860e-03
1.89300000000000e+01	1.51289657832324e-03
1.89400000000000e+01	1.50379350596285e-03
1.89500000000000e+01	1.49472336113124e-03
1.89600000000000e+01	1.48567903638509e-03
1.89700000000000e+01	1.47666738004847e-03
1.89800000000000e+01	1.46771920925646e-03
1.89900000000000e+01	1.45883068436647e-03
1.90000000000000e+01	1.45000366572468e-03
1.90100000000000e+01	1.44124752260424e-03
1.90200000000000e+01	1.43258007574796e-03
1.90300000000000e+01	1.42398018238899e-03
1.90400000000000e+01	1.41546143556025e-03
1.90500000000000e+01	1.40697817562604e-03
1.90600000000000e+01	1.39855237811388e-03
1.90700000000000e+01	1.39016975839108e-03
1.90800000000000e+01	1.38179145269082e-03
1.90900000000000e+01	1.37343674537290e-03
1.91000000000000e+01	1.36509039954455e-03
1.91100000000000e+01	1.35677713308184e-03
1.91200000000000e+01	1.34847745010540e-03
1.91300000000000e+01	1.34025097248526e-03
1.91400000000000e+01	1.33211102466230e-03
1.91500000000000e+01	1.32410818847509e-03
1.91600000000000e+01	1.31626893440018e-03
1.91700000000000e+01	1.30862497633177e-03
1.91800000000000e+01	1.30120373753732e-03
1.91900000000000e+01	1.29404858448473e-03
1.92000000000000e+01	1.28715096414727e-03
1.92100000000000e+01	1.28050557863059e-03
1.92200000000000e+01	1.27412151807157e-03
1.92300000000000e+01	1.26795604994836e-03
1.92400000000000e+01	1.26198297926794e-03
1.92500000000000e+01	1.25616169750125e-03
1.92600000000000e+01	1.25047595392810e-03
1.92700000000000e+01	1.24487158716837e-03
1.92800000000000e+01	1.23931819781773e-03
1.92900000000000e+01	1.23378529304410e-03
1.93000000000000e+01	1.22826700712735e-03
1.93100000000000e+01	1.22273090426128e-03
1.93200000000000e+01	1.21716726660394e-03
1.93300000000000e+01	1.21158536286964e-03
1.93400000000000e+01	1.20596630359027e-03
1.93500000000000e+01	1.20031187574036e-03
1.93600000000000e+01	1.19462054836933e-03
1.93700000000000e+01	1.18890925561982e-03
1.93800000000000e+01	1.18317042607612e-03
1.93900000000000e+01	1.17740500994401e-03
1.94000000000000e+01	1.17161369367003e-03
1.94100000000000e+01	1.16581868526054e-03
1.94200000000000e+01	1.16000380083646e-03
1.94300000000000e+01	1.15417346329167e-03
1.94400000000000e+01	1.14834202745700e-03
1.94500000000000e+01	1.14249940496381e-03
1.94600000000000e+01	1.13664460564077e-03
1.94700000000000e+01	1.13078393608550e-03
1.94800000000000e+01	1.12491452678983e-03
1.94900000000000e+01	1.11905152602858e-03
1.95000000000000e+01	1.11318589934711e-03
1.95100000000000e+01	1.10732980446921e-03
1.95200000000000e+01	1.10146079287620e-03
1.95300000000000e+01	1.09560309321910e-03
1.95400000000000e+01	1.08975845398818e-03
1.95500000000000e+01	1.08390386276430e-03
1.95600000000000e+01	1.07807131966261e-03
1.95700000000000e+01	1.07224341505078e-03
1.95800000000000e+01	1.06643314609228e-03
1.95900000000000e+01	1.06063469748177e-03
1.96000000000000e+01	1.05486872323304e-03
1.96100000000000e+01	1.04912789384490e-03
1.96200000000000e+01	1.04341266769471e-03
1.96300000000000e+01	1.03774185435977e-03
1.96400000000000e+01	1.03209907217469e-03
1.96500000000000e+01	1.02649086714128e-03
1.96600000000000e+01	1.02091438055331e-03
1.96700000000000e+01	1.01537109925552e-03
1.96800000000000e+01	1.00987290707777e-03
1.96900000000000e+01	1.00440435654266e-03
1.97000000000000e+01	9.98957977608000e-04
1.97100000000000e+01	9.93525598617743e-04
1.97200000000000e+01	9.88126290046391e-04
1.97300000000000e+01	9.82699070878097e-04
1.97400000000000e+01	9.77254749338636e-04
1.97500000000000e+01	9.71739685431441e-04
1.97600000000000e+01	9.66089668273183e-04
1.97700000000000e+01	9.60207791762345e-04
1.97800000000000e+01	9.53929516981139e-04
1.97900000000000e+01	9.47030024112406e-04
1.98000000000000e+01	9.39162520347319e-04
1.98100000000000e+01	9.29874349398239e-04
1.98200000000000e+01	9.18543135927457e-04
1.98300000000000e+01	9.04351895571205e-04
1.98400000000000e+01	8.86307138423059e-04
1.98500000000000e+01	8.63247293264215e-04
1.98600000000000e+01	8.33833622784987e-04
1.98700000000000e+01	7.96724997760183e-04
1.98800000000000e+01	7.50597691349689e-04
1.98900000000000e+01	6.94373971686133e-04
1.99000000000000e+01	6.27411161336291e-04
1.99100000000000e+01	5.49750589920441e-04
1.99200000000000e+01	4.62418294162163e-04
1.99300000000000e+01	3.67779062069507e-04
1.99400000000000e+01	2.69895258412688e-04
1.99500000000000e+01	1.74884195328826e-04
1.99600000000000e+01	9.11310641182041e-05
1.99700000000000e+01	2.91517720505751e-05
1.99800000000000e+01	6.87390028314585e-07
1.99900000000000e+01	1.64368313830989e-05
2.00000000000000e+01	8.18161958663229e-05
