1.00000000000000e-02	6.64346184643555e+16
2.00000000000000e-02	4.15242570121300e+15
3.00000000000000e-02	8.20340024586939e+14
4.00000000000000e-02	2.59607560477384e+14
5.00000000000000e-02	1.06361764222582e+14
6.00000000000000e-02	5.13075257688343e+13
7.00000000000000e-02	2.77041285318514e+13
8.00000000000000e-02	1.62460675567980e+13
9.00000000000000e-02	1.01468105303047e+13
1.00000000000000e-01	6.66072608836796e+12
1.10000000000000e-01	4.55190638308270e+12
1.20000000000000e-01	3.21589659749055e+12
1.30000000000000e-01	2.33634407627801e+12
1.40000000000000e-01	1.73824868536449e+12
1.50000000000000e-01	1.32005194388563e+12
1.60000000000000e-01	1.02053534244051e+12
1.70000000000000e-01	8.01484763237851e+11
1.80000000000000e-01	6.38266815205644e+11
1.90000000000000e-01	5.14644367157982e+11
2.00000000000000e-01	4.19614327889766e+11
2.10000000000000e-01	3.45589150302319e+11
2.20000000000000e-01	2.87246464878046e+11
2.30000000000000e-01	2.40743826513338e+11
2.40000000000000e-01	2.03312893701303e+11
2.50000000000000e-01	1.72908688475072e+11
2.60000000000000e-01	1.48006680733890e+11
2.70000000000000e-01	1.27449437779120e+11
2.80000000000000e-01	1.10358569032548e+11
2.90000000000000e-01	9.60546822231548e+10
3.00000000000000e-01	8.40074794949035e+10
3.10000000000000e-01	7.38029195272675e+10
3.20000000000000e-01	6.51118715924488e+10
3.30000000000000e-01	5.76741128980005e+10
3.40000000000000e-01	5.12754231451829e+10
3.50000000000000e-01	4.57486944427012e+10
3.60000000000000e-01	4.09531055791096e+10
3.70000000000000e-01	3.67763460804950e+10
3.80000000000000e-01	3.31240578132730e+10
3.90000000000000e-01	2.99186645017188e+10
4.00000000000000e-01	2.70965970621868e+10
4.10000000000000e-01	2.46037088134612e+10
4.20000000000000e-01	2.23946307243932e+10
4.30000000000000e-01	2.04314524420147e+10
4.40000000000000e-01	1.86825377033309e+10
4.50000000000000e-01	1.71192820294365e+10
4.60000000000000e-01	1.57187996252284e+10
4.70000000000000e-01	1.44614639778420e+10
4.80000000000000e-01	1.33297034062548e+10
4.90000000000000e-01	1.23087189889306e+10
5.00000000000000e-01	1.13855427928480e+10
5.10000000000000e-01	1.05489749182808e+10
5.20000000000000e-01	9.79008313096602e+09
5.30000000000000e-01	9.09950047302466e+09
5.40000000000000e-01	8.47053600401107e+09
5.50000000000000e-01	7.89648387931288e+09
5.60000000000000e-01	7.37141688584808e+09
5.70000000000000e-01	6.89064812131874e+09
5.80000000000000e-01	6.44972239177703e+09
5.90000000000000e-01	6.04455720439102e+09
6.00000000000000e-01	5.67183689056575e+09
6.10000000000000e-01	5.32836514409592e+09
6.20000000000000e-01	5.01157624583180e+09
6.30000000000000e-01	4.71887008553218e+09
6.40000000000000e-01	4.44820850688861e+09
6.50000000000000e-01	4.19739278205901e+09
6.60000000000000e-01	3.96488340546656e+09
6.70000000000000e-01	3.74891179192060e+09
6.80000000000000e-01	3.54821826654262e+09
6.90000000000000e-01	3.36156797715930e+09
7.00000000000000e-01	3.18763994661203e+09
7.10000000000000e-01	3.02543888965562e+09
7.20000000000000e-01	2.87402506646856e+09
7.30000000000000e-01	2.73263584982441e+09
7.40000000000000e-01	2.60034682433280e+09
7.50000000000000e-01	2.47654923981285e+09
7.60000000000000e-01	2.36053035523834e+09
7.70000000000000e-01	2.25173684715879e+09
7.80000000000000e-01	2.14963732349771e+09
7.90000000000000e-01	2.05373159689047e+09
8.00000000000000e-01	1.96360075327223e+09
8.10000000000000e-01	1.87875781450686e+09
8.20000000000000e-01	1.79894162356879e+09
8.30000000000000e-01	1.72369511747582e+09
8.40000000000000e-01	1.65280385023990e+09
8.50000000000000e-01	1.58588208651210e+09
8.60000000000000e-01	1.52270933664943e+09
8.70000000000000e-01	1.46302688777546e+09
8.80000000000000e-01	1.40660921857236e+09
8.90000000000000e-01	1.35324906964086e+09
9.00000000000000e-01	1.30275418376424e+09
9.10000000000000e-01	1.25492976174752e+09
9.20000000000000e-01	1.20963445776973e+09
9.30000000000000e-01	1.16670100747701e+09
9.40000000000000e-01	1.12598714939429e+09
9.50000000000000e-01	1.08734927186729e+09
9.60000000000000e-01	1.05066309241119e+09
9.70000000000000e-01	1.01584427478080e+09
9.80000000000000e-01	9.82769099612098e+08
9.90000000000000e-01	9.51326468311843e+08
1.00000000000000e+00	9.21472398054299e+08
1.01000000000000e+00	8.93062624900751e+08
1.02000000000000e+00	8.66031315977611e+08
1.03000000000000e+00	8.40342903733311e+08
1.04000000000000e+00	8.15895024856870e+08
1.05000000000000e+00	7.92640131060300e+08
1.06000000000000e+00	7.70498423170183e+08
1.07000000000000e+00	7.49442434041987e+08
1.08000000000000e+00	7.29396063280042e+08
1.09000000000000e+00	7.10288080780196e+08
1.10000000000000e+00	6.92107356601304e+08
1.11000000000000e+00	6.74777058711831e+08
1.12000000000000e+00	6.58244985665807e+08
1.13000000000000e+00	6.42461742177219e+08
1.14000000000000e+00	6.27394114918319e+08
1.15000000000000e+00	6.12980853218616e+08
1.16000000000000e+00	5.99167356635981e+08
1.17000000000000e+00	5.85930091359710e+08
1.18000000000000e+00	5.73223531607704e+08
1.19000000000000e+00	5.61005230950225e+08
1.20000000000000e+00	5.49262786034200e+08
1.21000000000000e+00	5.37965825844481e+08
1.22000000000000e+00	5.27108375023103e+08
1.23000000000000e+00	5.16706269844175e+08
1.24000000000000e+00	5.06746033198266e+08
1.25000000000000e+00	4.97274967393301e+08
1.26000000000000e+00	4.88311068549386e+08
1.27000000000000e+00	4.79919993274194e+08
1.28000000000000e+00	4.72143365774201e+08
1.29000000000000e+00	4.65076695456674e+08
1.30000000000000e+00	4.58780012063745e+08
1.31000000000000e+00	4.53357706739005e+08
1.32000000000000e+00	4.48891646025398e+08
1.33000000000000e+00	4.45478938139026e+08
1.34000000000000e+00	4.43190798499187e+08
1.35000000000000e+00	4.42108932418257e+08
1.36000000000000e+00	4.42278924231009e+08
1.37000000000000e+00	4.43729850480766e+08
1.38000000000000e+00	4.46469473463607e+08
1.39000000000000e+00	4.50465306178063e+08
1.40000000000000e+00	4.55671461234689e+08
1.41000000000000e+00	4.62002458158152e+08
1.42000000000000e+00	4.69352713277901e+08
1.43000000000000e+00	4.77594038805949e+08
1.44000000000000e+00	4.86576935193998e+08
1.45000000000000e+00	4.96133637619839e+08
1.46000000000000e+00	5.06092610833551e+08
1.47000000000000e+00	5.16237747539044e+08
1.48000000000000e+00	5.26371193317897e+08
1.49000000000000e+00	5.36256075246121e+08
1.50000000000000e+00	5.45635298036707e+08
1.51000000000000e+00	5.54238981140361e+08
1.52000000000000e+00	5.61748040040084e+08
1.53000000000000e+00	5.67843138950723e+08
1.54000000000000e+00	5.72139139964646e+08
1.55000000000000e+00	5.74243113025321e+08
1.56000000000000e+00	5.73771427414779e+08
1.57000000000000e+00	5.70325914674381e+08
1.58000000000000e+00	5.63528551920314e+08
1.59000000000000e+00	5.53073470819016e+08
1.60000000000000e+00	5.38716190757987e+08
1.61000000000000e+00	5.20350057739254e+08
1.62000000000000e+00	4.97980563669519e+08
1.63000000000000e+00	4.71801235278436e+08
1.64000000000000e+00	4.42195997149507e+08
1.65000000000000e+00	4.09779606355194e+08
1.66000000000000e+00	3.75360501333346e+08
1.67000000000000e+00	3.39944153223127e+08
1.68000000000000e+00	3.04603175187281e+08
1.69000000000000e+00	2.70420954014091e+08
1.70000000000000e+00	2.38358188171375e+08
1.71000000000000e+00	2.09213723558501e+08
1.72000000000000e+00	1.83569602468772e+08
1.73000000000000e+00	1.61810250007011e+08
1.74000000000000e+00	1.44120646234135e+08
1.75000000000000e+00	1.30491962918642e+08
1.76000000000000e+00	1.20772925624076e+08
1.77000000000000e+00	1.14702210336704e+08
1.78000000000000e+00	1.11959358096782e+08
1.79000000000000e+00	1.12175997985047e+08
1.80000000000000e+00	1.14940101851291e+08
1.81000000000000e+00	1.19786956843283e+08
1.82000000000000e+00	1.26210215869069e+08
1.83000000000000e+00	1.33692760133756e+08
1.84000000000000e+00	1.41760323948762e+08
1.85000000000000e+00	1.50044059418780e+08
1.86000000000000e+00	1.58268912401207e+08
1.87000000000000e+00	1.66273311976201e+08
1.88000000000000e+00	1.73971681819551e+08
1.89000000000000e+00	1.81350216223654e+08
1.90000000000000e+00	1.88458859775864e+08
1.91000000000000e+00	1.95383038989541e+08
1.92000000000000e+00	2.02250818014438e+08
1.93000000000000e+00	2.09186757084070e+08
1.94000000000000e+00	2.16303721240562e+08
1.95000000000000e+00	2.23680487302903e+08
1.96000000000000e+00	2.31347450717871e+08
1.97000000000000e+00	2.39282851081709e+08
1.98000000000000e+00	2.47411481527982e+08
1.99000000000000e+00	2.55611399749465e+08
2.00000000000000e+00	2.63718950282937e+08
2.01000000000000e+00	2.71537026024267e+08
2.02000000000000e+00	2.78858216999554e+08
2.03000000000000e+00	2.85470243125203e+08
2.04000000000000e+00	2.91169412847291e+08
2.05000000000000e+00	2.95781618875850e+08
2.06000000000000e+00	2.99149466536814e+08
2.07000000000000e+00	3.01123433190888e+08
2.08000000000000e+00	3.01558281819241e+08
2.09000000000000e+00	3.00271418350059e+08
2.10000000000000e+00	2.97055308825965e+08
2.11000000000000e+00	2.91697708005091e+08
2.12000000000000e+00	2.84034599273044e+08
2.13000000000000e+00	2.74032487024504e+08
2.14000000000000e+00	2.61858829014675e+08
2.15000000000000e+00	2.47872972223705e+08
2.16000000000000e+00	2.32587653333914e+08
2.17000000000000e+00	2.16537267441123e+08
2.18000000000000e+00	2.00203144061735e+08
2.19000000000000e+00	1.83925608524936e+08
2.20000000000000e+00	1.67925980434753e+08
2.21000000000000e+00	1.52334447913969e+08
2.22000000000000e+00	1.37250873036819e+08
2.23000000000000e+00	1.22809142373035e+08
2.24000000000000e+00	1.09186147698016e+08
2.25000000000000e+00	9.66032471824459e+07
2.26000000000000e+00	8.52637880368831e+07
2.27000000000000e+00	7.53054012255200e+07
2.28000000000000e+00	6.67675567124986e+07
2.29000000000000e+00	5.95885724423319e+07
2.30000000000000e+00	5.36252947047910e+07
2.31000000000000e+00	4.86818145897890e+07
2.32000000000000e+00	4.45398436164632e+07
2.33000000000000e+00	4.09821743892686e+07
2.34000000000000e+00	3.78099771306980e+07
2.35000000000000e+00	3.48628048884782e+07
2.36000000000000e+00	3.20251522268728e+07
2.37000000000000e+00	2.92306912463082e+07
2.38000000000000e+00	2.64574110539600e+07
2.39000000000000e+00	2.37158743994353e+07
2.40000000000000e+00	2.10386052971279e+07
2.41000000000000e+00	1.84717617889599e+07
2.42000000000000e+00	1.60683640876919e+07
2.43000000000000e+00	1.38836672869378e+07
2.44000000000000e+00	1.19682536914549e+07
2.45000000000000e+00	1.03661495548762e+07
2.46000000000000e+00	9.11072974043132e+06
2.47000000000000e+00	8.22514676734411e+06
2.48000000000000e+00	7.72172467607684e+06
2.49000000000000e+00	7.60224316841711e+06
2.50000000000000e+00	7.85719129029816e+06
2.51000000000000e+00	8.46600868047297e+06
2.52000000000000e+00	9.39633903805482e+06
2.53000000000000e+00	1.06044447744251e+07
2.54000000000000e+00	1.20360570094763e+07
2.55000000000000e+00	1.36290119154020e+07
2.56000000000000e+00	1.53161787326361e+07
2.57000000000000e+00	1.70273482902406e+07
2.58000000000000e+00	1.86920859274671e+07
2.59000000000000e+00	2.02409077243182e+07
2.60000000000000e+00	2.16031214827029e+07
2.61000000000000e+00	2.27095860368996e+07
2.62000000000000e+00	2.34922456415715e+07
2.63000000000000e+00	2.38943381734851e+07
2.64000000000000e+00	2.38862432446242e+07
2.65000000000000e+00	2.34820230866398e+07
2.66000000000000e+00	2.27465535662218e+07
2.67000000000000e+00	2.17810502652115e+07
2.68000000000000e+00	2.06961962151639e+07
2.69000000000000e+00	1.95844192272087e+07
2.70000000000000e+00	1.85044187778911e+07
2.71000000000000e+00	1.74818117477358e+07
2.72000000000000e+00	1.65162858924649e+07
2.73000000000000e+00	1.55949961042014e+07
2.74000000000000e+00	1.47009143372308e+07
2.75000000000000e+00	1.38217409746473e+07
2.76000000000000e+00	1.29518019548812e+07
2.77000000000000e+00	1.20926689967820e+07
2.78000000000000e+00	1.12500146683980e+07
2.79000000000000e+00	1.04302048164294e+07
2.80000000000000e+00	9.63746373228181e+06
2.81000000000000e+00	8.87295717017247e+06
2.82000000000000e+00	8.13485116265962e+06
2.83000000000000e+00	7.41882430799499e+06
2.84000000000000e+00	6.72005997807195e+06
2.85000000000000e+00	6.03447268381464e+06
2.86000000000000e+00	5.35996282814198e+06
2.87000000000000e+00	4.69742865862500e+06
2.88000000000000e+00	4.05106784533792e+06
2.89000000000000e+00	3.42788944061196e+06
2.90000000000000e+00	2.83735311905558e+06
2.91000000000000e+00	2.29036964438825e+06
2.92000000000000e+00	1.79867906144880e+06
2.93000000000000e+00	1.37379928524432e+06
2.94000000000000e+00	1.02609252910398e+06
2.95000000000000e+00	7.63645110834969e+05
2.96000000000000e+00	5.91227721598698e+05
2.97000000000000e+00	5.09434137499933e+05
2.98000000000000e+00	5.14528542617810e+05
2.99000000000000e+00	5.98859261534693e+05
3.00000000000000e+00	7.51900001626818e+05
3.01000000000000e+00	9.61424252580555e+05
3.02000000000000e+00	1.21454578093646e+06
3.03000000000000e+00	1.49849083177346e+06
3.04000000000000e+00	1.80105615422447e+06
3.05000000000000e+00	2.11098113962642e+06
3.06000000000000e+00	2.41819806509710e+06
3.07000000000000e+00	2.71431001953850e+06
3.08000000000000e+00	2.99265515621473e+06
3.09000000000000e+00	3.24836034391467e+06
3.10000000000000e+00	3.47856964885228e+06
3.11000000000000e+00	3.68192379915004e+06
3.12000000000000e+00	3.85823870905473e+06
3.13000000000000e+00	4.00821574348149e+06
3.14000000000000e+00	4.13250260464262e+06
3.15000000000000e+00	4.23170551424979e+06
3.16000000000000e+00	4.30637492471787e+06
3.17000000000000e+00	4.35695270130492e+06
3.18000000000000e+00	4.38460195208038e+06
3.19000000000000e+00	4.39123955633806e+06
3.20000000000000e+00	4.37972246176118e+06
3.21000000000000e+00	4.35361716794937e+06
3.22000000000000e+00	4.31646585962123e+06
3.23000000000000e+00	4.27115715407748e+06
3.24000000000000e+00	4.21967584130798e+06
3.25000000000000e+00	4.16314729947396e+06
3.26000000000000e+00	4.10232748303275e+06
3.27000000000000e+00	4.03793220714897e+06
3.28000000000000e+00	3.97103451957584e+06
3.29000000000000e+00	3.90327699728341e+06
3.30000000000000e+00	3.83678479766783e+06
3.31000000000000e+00	3.77386582352605e+06
3.32000000000000e+00	3.71703088914289e+06
3.33000000000000e+00	3.66824028752612e+06
3.34000000000000e+00	3.62863574743293e+06
3.35000000000000e+00	3.59822337130498e+06
3.36000000000000e+00	3.57563483479036e+06
3.37000000000000e+00	3.55821262402447e+06
3.38000000000000e+00	3.54236134344005e+06
3.39000000000000e+00	3.52409749588806e+06
3.40000000000000e+00	3.49957756351347e+06
3.41000000000000e+00	3.46547372477694e+06
3.42000000000000e+00	3.41946094784465e+06
3.43000000000000e+00	3.36035654462968e+06
3.44000000000000e+00	3.28800160757116e+06
3.45000000000000e+00	3.20337049882461e+06
3.46000000000000e+00	3.10825822235153e+06
3.47000000000000e+00	3.00528669522505e+06
3.48000000000000e+00	2.89765711288203e+06
3.49000000000000e+00	2.78894792402160e+06
3.50000000000000e+00	2.68290935556612e+06
3.51000000000000e+00	2.58323943463797e+06
3.52000000000000e+00	2.49331948844512e+06
3.53000000000000e+00	2.41605625337714e+06
3.54000000000000e+00	2.35354392538654e+06
3.55000000000000e+00	2.30703979445962e+06
3.56000000000000e+00	2.27688641528945e+06
3.57000000000000e+00	2.26249154318975e+06
3.58000000000000e+00	2.26248020907470e+06
3.59000000000000e+00	2.27481415004931e+06
3.60000000000000e+00	2.29708727818254e+06
3.61000000000000e+00	2.32652333674752e+06
3.62000000000000e+00	2.36032476916647e+06
3.63000000000000e+00	2.39572348970394e+06
3.64000000000000e+00	2.43022268384413e+06
3.65000000000000e+00	2.46158476438313e+06
3.66000000000000e+00	2.48814948537116e+06
3.67000000000000e+00	2.50872226951922e+06
3.68000000000000e+00	2.52265445250325e+06
3.69000000000000e+00	2.52969295502210e+06
3.70000000000000e+00	2.52969437536699e+06
3.71000000000000e+00	2.52260487422393e+06
3.72000000000000e+00	2.50823009745833e+06
3.73000000000000e+00	2.48620098542580e+06
3.74000000000000e+00	2.45591963089704e+06
3.75000000000000e+00	2.41683754787455e+06
3.76000000000000e+00	2.36831501561195e+06
3.77000000000000e+00	2.30976428147535e+06
3.78000000000000e+00	2.24070510341147e+06
3.79000000000000e+00	2.16072803612082e+06
3.80000000000000e+00	2.06967757997797e+06
3.81000000000000e+00	1.96775246873759e+06
3.82000000000000e+00	1.85577845672402e+06
3.83000000000000e+00	1.73535049922383e+06
3.84000000000000e+00	1.60893259332034e+06
3.85000000000000e+00	1.47989939343550e+06
3.86000000000000e+00	1.35234995298657e+06
3.87000000000000e+00	1.23081691909226e+06
3.88000000000000e+00	1.11989177807920e+06
3.89000000000000e+00	1.02377417961918e+06
3.90000000000000e+00	9.45947868724334e+05
3.91000000000000e+00	8.88793113233269e+05
3.92000000000000e+00	8.53366488150533e+05
3.93000000000000e+00	8.39418152643752e+05
3.94000000000000e+00	8.45285185376489e+05
3.95000000000000e+00	8.68072855037895e+05
3.96000000000000e+00	9.03801132380969e+05
3.97000000000000e+00	9.47618342501788e+05
3.98000000000000e+00	9.94119134478010e+05
3.99000000000000e+00	1.03772390250293e+06
4.00000000000000e+00	1.07311445701112e+06
4.01000000000000e+00	1.09565274997892e+06
4.02000000000000e+00	1.10180039050730e+06
4.03000000000000e+00	1.08937544214450e+06
4.04000000000000e+00	1.05782442759473e+06
4.05000000000000e+00	1.00820606742233e+06
4.06000000000000e+00	9.43047871615378e+05
4.07000000000000e+00	8.66029841678026e+05
4.08000000000000e+00	7.81427037497653e+05
4.09000000000000e+00	6.93632441561571e+05
4.10000000000000e+00	6.06605132979798e+05
4.11000000000000e+00	5.23530028869027e+05
4.12000000000000e+00	4.46668214698797e+05
4.13000000000000e+00	3.77371728345882e+05
4.14000000000000e+00	3.16222268090955e+05
4.15000000000000e+00	2.63219198912179e+05
4.16000000000000e+00	2.17972846841573e+05
4.17000000000000e+00	1.79851146546490e+05
4.18000000000000e+00	1.48104704688571e+05
4.19000000000000e+00	1.21938858491593e+05
4.20000000000000e+00	1.00569023618439e+05
4.21000000000000e+00	8.32559998912380e+04
4.22000000000000e+00	6.93303704777495e+04
4.23000000000000e+00	5.82024741875369e+04
4.24000000000000e+00	4.93723710263158e+04
4.25000000000000e+00	4.24279078740469e+04
4.26000000000000e+00	3.70405049092709e+04
4.27000000000000e+00	3.29596181112536e+04
4.28000000000000e+00	3.00028834043749e+04
4.29000000000000e+00	2.80466452168331e+04
4.30000000000000e+00	2.70176861757093e+04
4.31000000000000e+00	2.68839607968790e+04
4.32000000000000e+00	2.76465933985387e+04
4.33000000000000e+00	2.93317927045033e+04
4.34000000000000e+00	3.19817206413508e+04
4.35000000000000e+00	3.56425250200001e+04
4.36000000000000e+00	4.03501070511882e+04
4.37000000000000e+00	4.61087499244441e+04
4.38000000000000e+00	5.28699385205274e+04
4.39000000000000e+00	6.05076773946273e+04
4.40000000000000e+00	6.88012443083077e+04
4.41000000000000e+00	7.74264037265208e+04
4.42000000000000e+00	8.59657562628823e+04
4.43000000000000e+00	9.39384654979660e+04
4.44000000000000e+00	1.00850696664838e+05
4.45000000000000e+00	1.06253933362058e+05
4.46000000000000e+00	1.09805717788500e+05
4.47000000000000e+00	1.11310286658273e+05
4.48000000000000e+00	1.10739500525765e+05
4.49000000000000e+00	1.08217434555980e+05
4.50000000000000e+00	1.03987257714863e+05
4.51000000000000e+00	9.83647042577091e+04
4.52000000000000e+00	9.16888373766341e+04
4.53000000000000e+00	8.42850936769643e+04
4.54000000000000e+00	7.64388700023867e+04
4.55000000000000e+00	6.83837440139194e+04
4.56000000000000e+00	6.03030187315334e+04
4.57000000000000e+00	5.23406459710964e+04
4.58000000000000e+00	4.46167967917874e+04
4.59000000000000e+00	3.72528417005266e+04
4.60000000000000e+00	3.03998304120574e+04
4.61000000000000e+00	2.42725232971862e+04
4.62000000000000e+00	1.91910036644983e+04
4.63000000000000e+00	1.56243397663854e+04
4.64000000000000e+00	1.42355130416620e+04
4.65000000000000e+00	1.59163623631503e+04
4.66000000000000e+00	2.18023722097709e+04
4.67000000000000e+00	3.32529251560208e+04
4.68000000000000e+00	5.17854622888657e+04
4.69000000000000e+00	7.89531951550556e+04
4.70000000000000e+00	1.16175273939145e+05
4.71000000000000e+00	1.64526297990816e+05
4.72000000000000e+00	2.24525300082011e+05
4.73000000000000e+00	2.95955497537549e+05
4.74000000000000e+00	3.77779551926293e+05
4.75000000000000e+00	4.68152673520683e+05
4.76000000000000e+00	5.64576580600856e+05
4.77000000000000e+00	6.64145266026337e+05
4.78000000000000e+00	7.63804212132108e+05
4.79000000000000e+00	8.60622330194946e+05
4.80000000000000e+00	9.51978385937737e+05
4.81000000000000e+00	1.03560845681571e+06
4.82000000000000e+00	1.10969226335745e+06
4.83000000000000e+00	1.17278090009970e+06
4.84000000000000e+00	1.22379551447187e+06
4.85000000000000e+00	1.26201475933749e+06
4.86000000000000e+00	1.28705887685743e+06
4.87000000000000e+00	1.29889296915095e+06
4.88000000000000e+00	1.29776408212180e+06
4.89000000000000e+00	1.28425153678652e+06
4.90000000000000e+00	1.25928468079550e+06
4.91000000000000e+00	1.22400623461500e+06
4.92000000000000e+00	1.17992947177691e+06
4.93000000000000e+00	1.12879524402525e+06
4.94000000000000e+00	1.07254296797146e+06
4.95000000000000e+00	1.01321935429939e+06
4.96000000000000e+00	9.52783583210642e+05
4.97000000000000e+00	8.93061156490343e+05
4.98000000000000e+00	8.35558404691050e+05
4.99000000000000e+00	7.81406530306182e+05
5.00000000000000e+00	7.31345222551058e+05
5.01000000000000e+00	6.85710254191640e+05
5.02000000000000e+00	6.44538049431461e+05
5.03000000000000e+00	6.07624195824514e+05
5.04000000000000e+00	5.74652074945210e+05
5.05000000000000e+00	5.45273366087407e+05
5.06000000000000e+00	5.19214282544025e+05
5.07000000000000e+00	4.96334156732504e+05
5.08000000000000e+00	4.76673474496493e+05
5.09000000000000e+00	4.60474758465973e+05
5.10000000000000e+00	4.48174039560079e+05
5.11000000000000e+00	4.40383968915337e+05
5.12000000000000e+00	4.37817368867539e+05
5.13000000000000e+00	4.41240735764248e+05
5.14000000000000e+00	4.51365150005569e+05
5.15000000000000e+00	4.68744368668196e+05
5.16000000000000e+00	4.93666140001133e+05
5.17000000000000e+00	5.26093021471661e+05
5.18000000000000e+00	5.65556294287706e+05
5.19000000000000e+00	6.11140392801512e+05
5.20000000000000e+00	6.61489244032416e+05
5.21000000000000e+00	7.14816027027644e+05
5.22000000000000e+00	7.69017347192394e+05
5.23000000000000e+00	8.21818613822282e+05
5.24000000000000e+00	8.70928249201145e+05
5.25000000000000e+00	9.14230836237892e+05
5.26000000000000e+00	9.50030189117246e+05
5.27000000000000e+00	9.77167794593730e+05
5.28000000000000e+00	9.95203760839987e+05
5.29000000000000e+00	1.00436710993695e+06
5.30000000000000e+00	1.00558393054475e+06
5.31000000000000e+00	1.00022811838785e+06
5.32000000000000e+00	9.89948678819541e+05
5.33000000000000e+00	9.76467263485568e+05
5.34000000000000e+00	9.61298292477628e+05
5.35000000000000e+00	9.45689569321003e+05
5.36000000000000e+00	9.30511885773894e+05
5.37000000000000e+00	9.16276102434031e+05
5.38000000000000e+00	9.03188498732630e+05
5.39000000000000e+00	8.91161683812244e+05
5.40000000000000e+00	8.79990616866959e+05
5.41000000000000e+00	8.69346051567002e+05
5.42000000000000e+00	8.58900203984637e+05
5.43000000000000e+00	8.48327852692674e+05
5.44000000000000e+00	8.37323621038053e+05
5.45000000000000e+00	8.25658113217991e+05
5.46000000000000e+00	8.13156805466564e+05
5.47000000000000e+00	7.99663845724309e+05
5.48000000000000e+00	7.85052117073017e+05
5.49000000000000e+00	7.69226065158887e+05
5.50000000000000e+00	7.52069369008743e+05
5.51000000000000e+00	7.33527344284237e+05
5.52000000000000e+00	7.13570458313389e+05
5.53000000000000e+00	6.92235023036859e+05
5.54000000000000e+00	6.69612416103377e+05
5.55000000000000e+00	6.45849811463437e+05
5.56000000000000e+00	6.21128134545358e+05
5.57000000000000e+00	5.95663004168104e+05
5.58000000000000e+00	5.69669490046765e+05
5.59000000000000e+00	5.43378041194527e+05
5.60000000000000e+00	5.16991484339479e+05
5.61000000000000e+00	4.90733274363710e+05
5.62000000000000e+00	4.64786352597572e+05
5.63000000000000e+00	4.39350526473802e+05
5.64000000000000e+00	4.14593263544629e+05
5.65000000000000e+00	3.90682775193055e+05
5.66000000000000e+00	3.67766232148770e+05
5.67000000000000e+00	3.45991832452323e+05
5.68000000000000e+00	3.25478021326032e+05
5.69000000000000e+00	3.06324269952656e+05
5.70000000000000e+00	2.88610688179981e+05
5.71000000000000e+00	2.72378549047411e+05
5.72000000000000e+00	2.57633969414044e+05
5.73000000000000e+00	2.44346824292062e+05
5.74000000000000e+00	2.32422821953300e+05
5.75000000000000e+00	2.21736599139804e+05
5.76000000000000e+00	2.12116828659050e+05
5.77000000000000e+00	2.03370101767894e+05
5.78000000000000e+00	1.95286053240052e+05
5.79000000000000e+00	1.87652826783864e+05
5.80000000000000e+00	1.80279265131637e+05
5.81000000000000e+00	1.72997093698645e+05
5.82000000000000e+00	1.65667975492969e+05
5.83000000000000e+00	1.58192544747556e+05
5.84000000000000e+00	1.50509495174703e+05
5.85000000000000e+00	1.42602082355859e+05
5.86000000000000e+00	1.34490662606097e+05
5.87000000000000e+00	1.26232269406451e+05
5.88000000000000e+00	1.17917819244802e+05
5.89000000000000e+00	1.09650532156252e+05
5.90000000000000e+00	1.01552963389901e+05
5.91000000000000e+00	9.37371928508845e+04
5.92000000000000e+00	8.63077289178584e+04
5.93000000000000e+00	7.93421653615421e+04
5.94000000000000e+00	7.28972460121079e+04
5.95000000000000e+00	6.69998524493793e+04
5.96000000000000e+00	6.16550172750634e+04
5.97000000000000e+00	5.68472903024692e+04
5.98000000000000e+00	5.25466496123134e+04
5.99000000000000e+00	4.87128068856137e+04
6.00000000000000e+00	4.53003587042847e+04
6.01000000000000e+00	4.22623730339490e+04
6.02000000000000e+00	3.95546161437375e+04
6.03000000000000e+00	3.71338003356558e+04
6.04000000000000e+00	3.49612266770536e+04
6.05000000000000e+00	3.30025217017637e+04
6.06000000000000e+00	3.12253770296433e+04
6.07000000000000e+00	2.96009188389100e+04
6.08000000000000e+00	2.81018121833979e+04
6.09000000000000e+00	2.67045492973497e+04
6.10000000000000e+00	2.53903438581484e+04
6.11000000000000e+00	2.41442896725630e+04
6.12000000000000e+00	2.29578174165650e+04
6.13000000000000e+00	2.18292118496131e+04
6.14000000000000e+00	2.07609817424592e+04
6.15000000000000e+00	1.97626499124660e+04
6.16000000000000e+00	1.88458120599407e+04
6.17000000000000e+00	1.80220807943446e+04
6.18000000000000e+00	1.73017353092399e+04
6.19000000000000e+00	1.66892257036952e+04
6.20000000000000e+00	1.61825664263637e+04
6.21000000000000e+00	1.57700414915054e+04
6.22000000000000e+00	1.54317647005992e+04
6.23000000000000e+00	1.51397058554795e+04
6.24000000000000e+00	1.48610611223545e+04
6.25000000000000e+00	1.45609684992905e+04
6.26000000000000e+00	1.42065497492057e+04
6.27000000000000e+00	1.37700510249812e+04
6.28000000000000e+00	1.32311061784081e+04
6.29000000000000e+00	1.25793853470124e+04
6.30000000000000e+00	1.18147984201757e+04
6.31000000000000e+00	1.09477824097183e+04
6.32000000000000e+00	9.99832324251481e+03
6.33000000000000e+00	8.99468920342344e+03
6.34000000000000e+00	7.96984527175278e+03
6.35000000000000e+00	6.95923921818333e+03
6.36000000000000e+00	5.99616383072037e+03
6.37000000000000e+00	5.10861790236270e+03
6.38000000000000e+00	4.31716278628284e+03
6.39000000000000e+00	3.63346643173964e+03
6.40000000000000e+00	3.06043651252458e+03
6.41000000000000e+00	2.59359060734016e+03
6.42000000000000e+00	2.22283857264513e+03
6.43000000000000e+00	1.93483282518240e+03
6.44000000000000e+00	1.71488058162752e+03
6.45000000000000e+00	1.54874684675456e+03
6.46000000000000e+00	1.42387181158897e+03
6.47000000000000e+00	1.33013487016811e+03
6.48000000000000e+00	1.26011586784277e+03
6.49000000000000e+00	1.20905816814995e+03
6.50000000000000e+00	1.17455241319813e+03
6.51000000000000e+00	1.15604864806681e+03
6.52000000000000e+00	1.15420799605722e+03
6.53000000000000e+00	1.17033892780702e+03
6.54000000000000e+00	1.20579688618930e+03
6.55000000000000e+00	1.26153160461655e+03
6.56000000000000e+00	1.33778485317138e+03
6.57000000000000e+00	1.43397559063997e+03
6.58000000000000e+00	1.54871385152510e+03
6.59000000000000e+00	1.67990781869353e+03
6.60000000000000e+00	1.82491549470212e+03
6.61000000000000e+00	1.98076822856967e+03
6.62000000000000e+00	2.14430775287860e+03
6.63000000000000e+00	2.31231335498781e+03
6.64000000000000e+00	2.48179855282059e+03
6.65000000000000e+00	2.65013227985927e+03
6.66000000000000e+00	2.81543196332504e+03
6.67000000000000e+00	2.97684819390175e+03
6.68000000000000e+00	3.13487480223429e+03
6.69000000000000e+00	3.29158558340547e+03
6.70000000000000e+00	3.45075899496703e+03
6.71000000000000e+00	3.61791094026347e+03
6.72000000000000e+00	3.80006692683400e+03
6.73000000000000e+00	4.00560796522883e+03
6.74000000000000e+00	4.24359364045673e+03
6.75000000000000e+00	4.52319615686612e+03
6.76000000000000e+00	4.85288087661260e+03
6.77000000000000e+00	5.23920554208850e+03
6.78000000000000e+00	5.68576789148479e+03
6.79000000000000e+00	6.19201416669926e+03
6.80000000000000e+00	6.75205042659148e+03
6.81000000000000e+00	7.35410910176842e+03
6.82000000000000e+00	7.98012734969035e+03
6.83000000000000e+00	8.60682089756825e+03
6.84000000000000e+00	9.20690050051569e+03
6.85000000000000e+00	9.75164494665533e+03
6.86000000000000e+00	1.02136435666121e+04
6.87000000000000e+00	1.05696032138890e+04
6.88000000000000e+00	1.08024734267143e+04
6.89000000000000e+00	1.09022457395287e+04
6.90000000000000e+00	1.08666146687249e+04
6.91000000000000e+00	1.06993670178723e+04
6.92000000000000e+00	1.04094536421622e+04
6.93000000000000e+00	1.00091566657045e+04
6.94000000000000e+00	9.51278731536964e+03
6.95000000000000e+00	8.93584246814747e+03
6.96000000000000e+00	8.29451723141185e+03
6.97000000000000e+00	7.60512554763276e+03
6.98000000000000e+00	6.88426162063828e+03
6.99000000000000e+00	6.14819433134573e+03
7.00000000000000e+00	5.41239442540594e+03
7.01000000000000e+00	4.69096217951911e+03
7.02000000000000e+00	3.99615380573200e+03
7.03000000000000e+00	3.33796927920623e+03
7.04000000000000e+00	2.72434900985445e+03
7.05000000000000e+00	2.16148071712102e+03
7.06000000000000e+00	1.65456783545552e+03
7.07000000000000e+00	1.20871251978298e+03
7.08000000000000e+00	8.29651596741768e+02
7.09000000000000e+00	5.24411503923647e+02
7.10000000000000e+00	3.01528411943624e+02
7.11000000000000e+00	1.70859170730194e+02
7.12000000000000e+00	1.42886711931177e+02
7.13000000000000e+00	2.27658863611074e+02
7.14000000000000e+00	4.33414117763407e+02
7.15000000000000e+00	7.65105915429909e+02
7.16000000000000e+00	1.22305510179661e+03
7.17000000000000e+00	1.80202257204519e+03
7.18000000000000e+00	2.49095236084045e+03
7.19000000000000e+00	3.27344132826169e+03
7.20000000000000e+00	4.12918442439213e+03
7.21000000000000e+00	5.03585596282654e+03
7.22000000000000e+00	5.97142599296840e+03
7.23000000000000e+00	6.91643603106004e+03
7.24000000000000e+00	7.85563845051842e+03
7.25000000000000e+00	8.77911725933834e+03
7.26000000000000e+00	9.68270118522923e+03
7.27000000000000e+00	1.05673885952454e+04
7.28000000000000e+00	1.14380924593361e+04
7.29000000000000e+00	1.23022833157769e+04
7.30000000000000e+00	1.31679631429788e+04
7.31000000000000e+00	1.40413860835176e+04
7.32000000000000e+00	1.49256848455718e+04
7.33000000000000e+00	1.58194003056502e+04
7.34000000000000e+00	1.67153580231517e+04
7.35000000000000e+00	1.76007989872665e+04
7.36000000000000e+00	1.84576478252130e+04
7.37000000000000e+00	1.92643358297979e+04
7.38000000000000e+00	1.99968389223078e+04
7.39000000000000e+00	2.06314964057807e+04
7.40000000000000e+00	2.11467119265118e+04
7.41000000000000e+00	2.15249594317004e+04
7.42000000000000e+00	2.17544378816901e+04
7.43000000000000e+00	2.18301777568706e+04
7.44000000000000e+00	2.17535493890284e+04
7.45000000000000e+00	2.15327514305181e+04
7.46000000000000e+00	2.11814435800361e+04
7.47000000000000e+00	2.07174724240129e+04
7.48000000000000e+00	2.01617394621109e+04
7.49000000000000e+00	1.95361476193594e+04
7.50000000000000e+00	1.88625100805406e+04
7.51000000000000e+00	1.81609013455975e+04
7.52000000000000e+00	1.74494239655183e+04
7.53000000000000e+00	1.67430948573263e+04
7.54000000000000e+00	1.60547134308866e+04
7.55000000000000e+00	1.53951367373994e+04
7.56000000000000e+00	1.47739636947838e+04
7.57000000000000e+00	1.42004210652985e+04
7.58000000000000e+00	1.36839110725226e+04
7.59000000000000e+00	1.32345670910834e+04
7.60000000000000e+00	1.28626602667885e+04
7.61000000000000e+00	1.25787086462392e+04
7.62000000000000e+00	1.23918988939492e+04
7.63000000000000e+00	1.23096381448792e+04
7.64000000000000e+00	1.23362119694732e+04
7.65000000000000e+00	1.24717972981162e+04
7.66000000000000e+00	1.27121251666597e+04
7.67000000000000e+00	1.30483579819098e+04
7.68000000000000e+00	1.34672661056518e+04
7.69000000000000e+00	1.39518164413356e+04
7.70000000000000e+00	1.44824769054186e+04
7.71000000000000e+00	1.50380052795765e+04
7.72000000000000e+00	1.55966854831408e+04
7.73000000000000e+00	1.61369468446653e+04
7.74000000000000e+00	1.66385398795197e+04
7.75000000000000e+00	1.70821544624029e+04
7.76000000000000e+00	1.74500361856910e+04
7.77000000000000e+00	1.77250394396114e+04
7.78000000000000e+00	1.78908043029372e+04
7.79000000000000e+00	1.79314789644922e+04
7.80000000000000e+00	1.78327545505434e+04
7.81000000000000e+00	1.75826473120439e+04
7.82000000000000e+00	1.71730965615036e+04
7.83000000000000e+00	1.66010300954564e+04
7.84000000000000e+00	1.58702240954984e+04
7.85000000000000e+00	1.49917798048353e+04
7.86000000000000e+00	1.39844164552968e+04
7.87000000000000e+00	1.28745727268608e+04
7.88000000000000e+00	1.16950321098984e+04
7.89000000000000e+00	1.04829196252713e+04
7.90000000000000e+00	9.27765400488076e+03
7.91000000000000e+00	8.11752281437549e+03
7.92000000000000e+00	7.03717391178920e+03
7.93000000000000e+00	6.06508661908050e+03
7.94000000000000e+00	5.22198131754232e+03
7.95000000000000e+00	4.52026485075562e+03
7.96000000000000e+00	3.96406851617583e+03
7.97000000000000e+00	3.55050549903409e+03
7.98000000000000e+00	3.27109289725341e+03
7.99000000000000e+00	3.11363789085796e+03
8.00000000000000e+00	3.06385848519406e+03
8.01000000000000e+00	3.10694168886625e+03
8.02000000000000e+00	3.22859317797398e+03
8.03000000000000e+00	3.41580782035443e+03
8.04000000000000e+00	3.65684541335213e+03
8.05000000000000e+00	3.94133417119774e+03
8.06000000000000e+00	4.25971237444654e+03
8.07000000000000e+00	4.60270169586300e+03
8.08000000000000e+00	4.96084022323275e+03
8.09000000000000e+00	5.32397172822360e+03
8.10000000000000e+00	5.68109397323997e+03
8.11000000000000e+00	6.02038780748310e+03
8.12000000000000e+00	6.32944254533321e+03
8.13000000000000e+00	6.59579056603621e+03
8.14000000000000e+00	6.80751604052764e+03
8.15000000000000e+00	6.95412062900604e+03
8.16000000000000e+00	7.02706996005193e+03
8.17000000000000e+00	7.02101671499072e+03
8.18000000000000e+00	6.93424753526179e+03
8.19000000000000e+00	6.76909805610528e+03
8.20000000000000e+00	6.53217073472543e+03
8.21000000000000e+00	6.23437553805481e+03
8.22000000000000e+00	5.89004082470618e+03
8.23000000000000e+00	5.51614249741392e+03
8.24000000000000e+00	5.13105692447082e+03
8.25000000000000e+00	4.75328570927735e+03
8.26000000000000e+00	4.39984605037463e+03
8.27000000000000e+00	4.08576202356271e+03
8.28000000000000e+00	3.82295294418072e+03
8.29000000000000e+00	3.62020629006617e+03
8.30000000000000e+00	3.48354294471147e+03
8.31000000000000e+00	3.41619670689822e+03
8.32000000000000e+00	3.41969071744535e+03
8.33000000000000e+00	3.49433670582762e+03
8.34000000000000e+00	3.64000844682447e+03
8.35000000000000e+00	3.85665323952510e+03
8.36000000000000e+00	4.14480449042025e+03
8.37000000000000e+00	4.50554531646276e+03
8.38000000000000e+00	4.94018317057706e+03
8.39000000000000e+00	5.44972441446324e+03
8.40000000000000e+00	6.03398272016531e+03
8.41000000000000e+00	6.68997046306673e+03
8.42000000000000e+00	7.41105273692863e+03
8.43000000000000e+00	8.18541661002205e+03
8.44000000000000e+00	8.99519110808400e+03
8.45000000000000e+00	9.81617702509548e+03
8.46000000000000e+00	1.06180086727050e+04
8.47000000000000e+00	1.13651272974751e+04
8.48000000000000e+00	1.20183703521289e+04
8.49000000000000e+00	1.25375244677885e+04
8.50000000000000e+00	1.28838491993877e+04
8.51000000000000e+00	1.30235027123869e+04
8.52000000000000e+00	1.29306380400812e+04
8.53000000000000e+00	1.25913764626913e+04
8.54000000000000e+00	1.20071956593003e+04
8.55000000000000e+00	1.11968449821980e+04
8.56000000000000e+00	1.01971214641652e+04
8.57000000000000e+00	9.06031037243229e+03
8.58000000000000e+00	7.84949393165847e+03
8.59000000000000e+00	6.63125094702322e+03
8.60000000000000e+00	5.46815181036079e+03
8.61000000000000e+00	4.41161996135742e+03
8.62000000000000e+00	3.49754305281529e+03
8.63000000000000e+00	2.74461663089363e+03
8.64000000000000e+00	2.15532188492409e+03
8.65000000000000e+00	1.71917147530117e+03
8.66000000000000e+00	1.41679047493800e+03
8.67000000000000e+00	1.22413773595610e+03
8.68000000000000e+00	1.11632360194674e+03
8.69000000000000e+00	1.07024436288428e+03
8.70000000000000e+00	1.06630815075294e+03
8.71000000000000e+00	1.08933874065688e+03
8.72000000000000e+00	1.12859088045234e+03
8.73000000000000e+00	1.17735518399516e+03
8.74000000000000e+00	1.23219208933464e+03
8.75000000000000e+00	1.29193468882788e+03
8.76000000000000e+00	1.35693642507986e+03
8.77000000000000e+00	1.42800177542599e+03
8.78000000000000e+00	1.50599879658307e+03
8.79000000000000e+00	1.59125082640549e+03
8.80000000000000e+00	1.68347857942119e+03
8.81000000000000e+00	1.78172279545107e+03
8.82000000000000e+00	1.88447360127948e+03
8.83000000000000e+00	1.98987491760478e+03
8.84000000000000e+00	2.09593137933908e+03
8.85000000000000e+00	2.20079307203113e+03
8.86000000000000e+00	2.30271816283305e+03
8.87000000000000e+00	2.40036179291305e+03
8.88000000000000e+00	2.49260780944981e+03
8.89000000000000e+00	2.57877922841172e+03
8.90000000000000e+00	2.65828966883300e+03
8.91000000000000e+00	2.73085037866516e+03
8.92000000000000e+00	2.79619663617365e+03
8.93000000000000e+00	2.85417887728634e+03
8.94000000000000e+00	2.90457320344197e+03
8.95000000000000e+00	2.94732745470828e+03
8.96000000000000e+00	2.98223620699451e+03
8.97000000000000e+00	3.00926483556499e+03
8.98000000000000e+00	3.02833262795159e+03
8.99000000000000e+00	3.03943565884856e+03
9.00000000000000e+00	3.04265096719120e+03
9.01000000000000e+00	3.03812833478041e+03
9.02000000000000e+00	3.02595727675528e+03
9.03000000000000e+00	3.00605486615998e+03
9.04000000000000e+00	2.97831862727905e+03
9.05000000000000e+00	2.94217921092513e+03
9.06000000000000e+00	2.89713209665574e+03
9.07000000000000e+00	2.84243502996013e+03
9.08000000000000e+00	2.77773879340891e+03
9.09000000000000e+00	2.70313828250065e+03
9.10000000000000e+00	2.61963355239968e+03
9.11000000000000e+00	2.52916992535433e+03
9.12000000000000e+00	2.43513165739810e+03
9.13000000000000e+00	2.34211690277340e+03
9.14000000000000e+00	2.25590252047254e+03
9.15000000000000e+00	2.18315379363502e+03
9.16000000000000e+00	2.13090616885984e+03
9.17000000000000e+00	2.10594400286453e+03
9.18000000000000e+00	2.11398999606479e+03
9.19000000000000e+00	2.15910076343444e+03
9.20000000000000e+00	2.24304217915971e+03
9.21000000000000e+00	2.36491448383505e+03
9.22000000000000e+00	2.52117711813247e+03
9.23000000000000e+00	2.70582274084358e+03
9.24000000000000e+00	2.91094221277632e+03
9.25000000000000e+00	3.12738207278642e+03
9.26000000000000e+00	3.34561479709028e+03
9.27000000000000e+00	3.55653314621130e+03
9.28000000000000e+00	3.75204357494147e+03
9.29000000000000e+00	3.92577985900787e+03
9.30000000000000e+00	4.07330204652705e+03
9.31000000000000e+00	4.19225747648555e+03
9.32000000000000e+00	4.28220399559733e+03
9.33000000000000e+00	4.34454905139182e+03
9.34000000000000e+00	4.38185563521510e+03
9.35000000000000e+00	4.39779164781119e+03
9.36000000000000e+00	4.39639983602165e+03
9.37000000000000e+00	4.38184203212674e+03
9.38000000000000e+00	4.35809685103161e+03
9.39000000000000e+00	4.32868337730921e+03
9.40000000000000e+00	4.29658112606353e+03
9.41000000000000e+00	4.26429072004267e+03
9.42000000000000e+00	4.23357955200749e+03
9.43000000000000e+00	4.20588561035959e+03
9.44000000000000e+00	4.18219957824127e+03
9.45000000000000e+00	4.16315224279689e+03
9.46000000000000e+00	4.14927657416345e+03
9.47000000000000e+00	4.14082838320345e+03
9.48000000000000e+00	4.13796138920331e+03
9.49000000000000e+00	4.14073342842312e+03
9.50000000000000e+00	4.14909137098770e+03
9.51000000000000e+00	4.16270257148840e+03
9.52000000000000e+00	4.18101777272095e+03
9.53000000000000e+00	4.20322515332037e+03
9.54000000000000e+00	4.22828148661354e+03
9.55000000000000e+00	4.25498263619773e+03
9.56000000000000e+00	4.28214596459227e+03
9.57000000000000e+00	4.30880401559216e+03
9.58000000000000e+00	4.33447323632706e+03
9.59000000000000e+00	4.35886541097238e+03
9.60000000000000e+00	4.38190427662711e+03
9.61000000000000e+00	4.40363061098109e+03
9.62000000000000e+00	4.42395285310876e+03
9.63000000000000e+00	4.44262207625262e+03
9.64000000000000e+00	4.45935242479366e+03
9.65000000000000e+00	4.47390665667125e+03
9.66000000000000e+00	4.48615602468302e+03
9.67000000000000e+00	4.49619762686828e+03
9.68000000000000e+00	4.50415064450205e+03
9.69000000000000e+00	4.51032690049398e+03
9.70000000000000e+00	4.51496430531326e+03
9.71000000000000e+00	4.51848866218907e+03
9.72000000000000e+00	4.52102298598410e+03
9.73000000000000e+00	4.52284495326288e+03
9.74000000000000e+00	4.52418557095487e+03
9.75000000000000e+00	4.52514732801179e+03
9.76000000000000e+00	4.52586619390975e+03
9.77000000000000e+00	4.52640412751882e+03
9.78000000000000e+00	4.52682792534543e+03
9.79000000000000e+00	4.52717506937760e+03
9.80000000000000e+00	4.52753174371786e+03
9.81000000000000e+00	4.52786676280130e+03
9.82000000000000e+00	4.52833068426149e+03
9.83000000000000e+00	4.52887480281206e+03
9.84000000000000e+00	4.52955197997109e+03
9.85000000000000e+00	4.53034154965415e+03
9.86000000000000e+00	4.53126711985848e+03
9.87000000000000e+00	4.53243285824513e+03
9.88000000000000e+00	4.53416122128593e+03
9.89000000000000e+00	4.53773458650517e+03
9.90000000000000e+00	4.54602837603655e+03
9.91000000000000e+00	4.56567483793910e+03
9.92000000000000e+00	4.60976271999517e+03
9.93000000000000e+00	4.70138109270508e+03
9.94000000000000e+00	4.87852204205885e+03
9.95000000000000e+00	5.20123879241988e+03
9.96000000000000e+00	5.76604330562852e+03
9.97000000000000e+00	6.73824650276508e+03
9.98000000000000e+00	8.42805106186201e+03
9.99000000000000e+00	1.14809318449565e+04
1.00000000000000e+01	1.74114836019605e+04
1.00100000000000e+01	3.00865355242740e+04
1.00200000000000e+01	5.54764288547099e+04
1.00300000000000e+01	6.62423049313864e+04
1.00400000000000e+01	3.55035616238141e+04
1.00500000000000e+01	1.63563123065867e+04
1.00600000000000e+01	8.51045075327514e+03
1.00700000000000e+01	4.97963418321401e+03
1.00800000000000e+01	3.17753729958083e+03
1.00900000000000e+01	2.16059798395104e+03
1.01000000000000e+01	1.54111487780169e+03
1.01100000000000e+01	1.14081304341964e+03
1.01200000000000e+01	8.69841388762503e+02
1.01300000000000e+01	6.79426503815284e+02
1.01400000000000e+01	5.41427938138728e+02
1.01500000000000e+01	4.38824582676365e+02
1.01600000000000e+01	3.60848836296264e+02
1.01700000000000e+01	3.00468641454639e+02
1.01800000000000e+01	2.52950916231773e+02
1.01900000000000e+01	2.15013373457060e+02
1.02000000000000e+01	1.84345974391877e+02
1.02100000000000e+01	1.59269582087678e+02
1.02200000000000e+01	1.38560621331401e+02
1.02300000000000e+01	1.21299965587759e+02
1.02400000000000e+01	1.06797490062023e+02
1.02500000000000e+01	9.45196241595859e+01
1.02600000000000e+01	8.40543585752617e+01
1.02700000000000e+01	7.50780973904110e+01
1.02800000000000e+01	6.73352796720582e+01
1.02900000000000e+01	6.06200869383928e+01
1.03000000000000e+01	5.47683683821593e+01
1.03100000000000e+01	4.96447331071223e+01
1.03200000000000e+01	4.51398510360311e+01
1.03300000000000e+01	4.11632675001965e+01
1.03400000000000e+01	3.76389983198956e+01
1.03500000000000e+01	3.45052671264844e+01
1.03600000000000e+01	3.17085511979665e+01
1.03700000000000e+01	2.92049953701358e+01
1.03800000000000e+01	2.69568189784019e+01
1.03900000000000e+01	2.49323036993938e+01
1.04000000000000e+01	2.31039658960018e+01
1.04100000000000e+01	2.14482815236944e+01
1.04200000000000e+01	1.99457288633514e+01
1.04300000000000e+01	1.85784473470040e+01
1.04400000000000e+01	1.73318384428427e+01
1.04500000000000e+01	1.61928633388756e+01
1.04600000000000e+01	1.51501437324369e+01
1.04700000000000e+01	1.41936638502422e+01
1.04800000000000e+01	1.33149866565301e+01
1.04900000000000e+01	1.25064151840494e+01
1.05000000000000e+01	1.17609749322143e+01
1.05100000000000e+01	1.10728687477050e+01
1.05200000000000e+01	1.04368522651058e+01
1.05300000000000e+01	9.84787714179595e+00
1.05400000000000e+01	9.30190235064633e+00
1.05500000000000e+01	8.79508476645781e+00
1.05600000000000e+01	8.32400755380476e+00
1.05700000000000e+01	7.88554238362322e+00
1.05800000000000e+01	7.47694901373998e+00
1.05900000000000e+01	7.09565281388003e+00
1.06000000000000e+01	6.73954030794449e+00
1.06100000000000e+01	6.40650617149502e+00
1.06200000000000e+01	6.09470543060405e+00
1.06300000000000e+01	5.80239527828752e+00
1.06400000000000e+01	5.52817407307197e+00
1.06500000000000e+01	5.27059335440198e+00
1.06600000000000e+01	5.02840901368188e+00
1.06700000000000e+01	4.80042349942785e+00
1.06800000000000e+01	4.58568297208593e+00
1.06900000000000e+01	4.38320247429140e+00
1.07000000000000e+01	4.19204650365017e+00
1.07100000000000e+01	4.01152540862746e+00
1.07200000000000e+01	3.84088628622899e+00
1.07300000000000e+01	3.67946081413821e+00
1.07400000000000e+01	3.52665118561162e+00
1.07500000000000e+01	3.38188862900292e+00
1.07600000000000e+01	3.24471644644893e+00
1.07700000000000e+01	3.11462462240354e+00
1.07800000000000e+01	2.99121910851249e+00
1.07900000000000e+01	2.87408361861621e+00
1.08000000000000e+01	2.76285585427969e+00
1.08100000000000e+01	2.65719763717222e+00
1.08200000000000e+01	2.55674002850562e+00
1.08300000000000e+01	2.46122196280675e+00
1.08400000000000e+01	2.37029528395140e+00
1.08500000000000e+01	2.28372496295784e+00
1.08600000000000e+01	2.20123710685140e+00
1.08700000000000e+01	2.12258803235079e+00
1.08800000000000e+01	2.04754227477912e+00
1.08900000000000e+01	1.97588051743840e+00
1.09000000000000e+01	1.90741007262180e+00
1.09100000000000e+01	1.84196210670766e+00
1.09200000000000e+01	1.77932479233256e+00
1.09300000000000e+01	1.71936466139624e+00
1.09400000000000e+01	1.66190700417655e+00
1.09500000000000e+01	1.60683204268300e+00
1.09600000000000e+01	1.55399000335987e+00
1.09700000000000e+01	1.50327924008122e+00
1.09800000000000e+01	1.45458614495416e+00
1.09900000000000e+01	1.40779016172134e+00
1.10000000000000e+01	1.36283162304104e+00
1.10100000000000e+01	1.31961167295513e+00
1.10200000000000e+01	1.27806028448831e+00
1.10300000000000e+01	1.23811568312504e+00
1.10400000000000e+01	1.19972705786165e+00
1.10500000000000e+01	1.16282960985122e+00
1.10600000000000e+01	1.12737452980250e+00
1.10700000000000e+01	1.09332070078082e+00
1.10800000000000e+01	1.06062712684069e+00
1.10900000000000e+01	1.02922874401627e+00
1.11000000000000e+01	9.99092884966675e-01
1.11100000000000e+01	9.70155196588895e-01
1.11200000000000e+01	9.42370596638484e-01
1.11300000000000e+01	9.15696260849612e-01
1.11400000000000e+01	8.90058042689114e-01
1.11500000000000e+01	8.65416696235306e-01
1.11600000000000e+01	8.41709186930874e-01
1.11700000000000e+01	8.18890923105008e-01
1.11800000000000e+01	7.96906104233753e-01
1.11900000000000e+01	7.75709753423757e-01
1.12000000000000e+01	7.55262272587020e-01
1.12100000000000e+01	7.35521998766820e-01
1.12200000000000e+01	7.16449802256670e-01
1.12300000000000e+01	6.98016725935958e-01
1.12400000000000e+01	6.80181896573290e-01
1.12500000000000e+01	6.62926049105768e-01
1.12600000000000e+01	6.46216018696352e-01
1.12700000000000e+01	6.30031517650652e-01
1.12800000000000e+01	6.14359665035958e-01
1.12900000000000e+01	5.99168837638977e-01
1.13000000000000e+01	5.84444809642267e-01
1.13100000000000e+01	5.70172753561539e-01
1.13200000000000e+01	5.56322094285958e-01
1.13300000000000e+01	5.42894213220056e-01
1.13400000000000e+01	5.29865306091753e-01
1.13500000000000e+01	5.17215286362327e-01
1.13600000000000e+01	5.04936141621141e-01
1.13700000000000e+01	4.93006537244175e-01
1.13800000000000e+01	4.81420572510113e-01
1.13900000000000e+01	4.70163643378252e-01
1.14000000000000e+01	4.59222532450949e-01
1.14100000000000e+01	4.48587736622104e-01
1.14200000000000e+01	4.38244349233750e-01
1.14300000000000e+01	4.28192721761043e-01
1.14400000000000e+01	4.18417131343582e-01
1.14500000000000e+01	4.08910642886956e-01
1.14600000000000e+01	3.99667341527450e-01
1.14700000000000e+01	3.90673788693216e-01
1.14800000000000e+01	3.81922283922022e-01
1.14900000000000e+01	3.73405334224147e-01
1.15000000000000e+01	3.65121378008892e-01
1.15100000000000e+01	3.57055413320240e-01
1.15200000000000e+01	3.49205522793806e-01
1.15300000000000e+01	3.41560106663782e-01
1.15400000000000e+01	3.34117771860009e-01
1.15500000000000e+01	3.26878934905188e-01
1.15600000000000e+01	3.19830044546398e-01
1.15700000000000e+01	3.12975257104259e-01
1.15800000000000e+01	3.06311160576184e-01
1.15900000000000e+01	2.99835451584444e-01
1.16000000000000e+01	2.93539238952554e-01
1.16100000000000e+01	2.87428813865119e-01
1.16200000000000e+01	2.81496834345800e-01
1.16300000000000e+01	2.75737482001210e-01
1.16400000000000e+01	2.70142429117477e-01
1.16500000000000e+01	2.64707178672356e-01
1.16600000000000e+01	2.59426252760603e-01
1.16700000000000e+01	2.54289139544681e-01
1.16800000000000e+01	2.49285778928239e-01
1.16900000000000e+01	2.44410936919548e-01
1.17000000000000e+01	2.39653444431011e-01
1.17100000000000e+01	2.35005960963616e-01
1.17200000000000e+01	2.30460718075227e-01
1.17300000000000e+01	2.26013551594404e-01
1.17400000000000e+01	2.21660215510007e-01
1.17500000000000e+01	2.17391998630106e-01
1.17600000000000e+01	2.13210978991947e-01
1.17700000000000e+01	2.09112196466963e-01
1.17800000000000e+01	2.05100937279848e-01
1.17900000000000e+01	2.01172247481111e-01
1.18000000000000e+01	1.97328550085017e-01
1.18100000000000e+01	1.93572522310997e-01
1.18200000000000e+01	1.89903199551412e-01
1.18300000000000e+01	1.86321369715047e-01
1.18400000000000e+01	1.82826812045389e-01
1.18500000000000e+01	1.79421331655903e-01
1.18600000000000e+01	1.76101600367969e-01
1.18700000000000e+01	1.72868774058931e-01
1.18800000000000e+01	1.69717082217565e-01
1.18900000000000e+01	1.66645115186346e-01
1.19000000000000e+01	1.63651278548815e-01
1.19100000000000e+01	1.60730445377969e-01
1.19200000000000e+01	1.57879262470419e-01
1.19300000000000e+01	1.55096823743418e-01
1.19400000000000e+01	1.52376713894959e-01
1.19500000000000e+01	1.49716560289365e-01
1.19600000000000e+01	1.47113437765579e-01
1.19700000000000e+01	1.44566258310108e-01
1.19800000000000e+01	1.42071720721609e-01
1.19900000000000e+01	1.39624502149364e-01
1.20000000000000e+01	1.37225058500076e-01
1.20100000000000e+01	1.34872775130649e-01
1.20200000000000e+01	1.32563136137030e-01
1.20300000000000e+01	1.30299618596514e-01
1.20400000000000e+01	1.28077429121758e-01
1.20500000000000e+01	1.25898567152579e-01
1.20600000000000e+01	1.23763072923450e-01
1.20700000000000e+01	1.21669808503057e-01
1.20800000000000e+01	1.19621407221541e-01
1.20900000000000e+01	1.17616543883685e-01
1.21000000000000e+01	1.15657233063618e-01
1.21100000000000e+01	1.13741138830555e-01
1.21200000000000e+01	1.11871653333907e-01
1.21300000000000e+01	1.10043888605383e-01
1.21400000000000e+01	1.08260894404029e-01
1.21500000000000e+01	1.06520183938501e-01
1.21600000000000e+01	1.04820296885120e-01
1.21700000000000e+01	1.03159478503178e-01
1.21800000000000e+01	1.01535068122124e-01
1.21900000000000e+01	9.99472088258862e-02
1.22000000000000e+01	9.83917636899656e-02
1.22100000000000e+01	9.68672003711215e-02
1.22200000000000e+01	9.53721964287524e-02
1.22300000000000e+01	9.39038399595359e-02
1.22400000000000e+01	9.24600274198733e-02
1.22500000000000e+01	9.10404056557518e-02
1.22600000000000e+01	8.96427466478380e-02
1.22700000000000e+01	8.82664507018545e-02
1.22800000000000e+01	8.69073252994344e-02
1.22900000000000e+01	8.55687961097175e-02
1.23000000000000e+01	8.42454832761048e-02
1.23100000000000e+01	8.29394958532972e-02
1.23200000000000e+01	8.16487846542740e-02
1.23300000000000e+01	8.03736156524393e-02
1.23400000000000e+01	7.91133936806153e-02
1.23500000000000e+01	7.78680936992429e-02
1.23600000000000e+01	7.66386389039399e-02
1.23700000000000e+01	7.54246986799227e-02
1.23800000000000e+01	7.42262817203264e-02
1.23900000000000e+01	7.30461939326752e-02
1.24000000000000e+01	7.18829489687948e-02
1.24100000000000e+01	7.07386704507502e-02
1.24200000000000e+01	6.96137895562423e-02
1.24300000000000e+01	6.85082448784595e-02
1.24400000000000e+01	6.74239703037548e-02
1.24500000000000e+01	6.63584537135315e-02
1.24600000000000e+01	6.53145823661838e-02
1.24700000000000e+01	6.42898120900170e-02
1.24800000000000e+01	6.32857052997605e-02
1.24900000000000e+01	6.23004928524697e-02
1.25000000000000e+01	6.13357150154101e-02
1.25100000000000e+01	6.03897142316884e-02
1.25200000000000e+01	5.94620975310682e-02
1.25300000000000e+01	5.85535505063807e-02
1.25400000000000e+01	5.76637571900062e-02
1.25500000000000e+01	5.67914294042483e-02
1.25600000000000e+01	5.59379792977190e-02
1.25700000000000e+01	5.51018129706147e-02
1.25800000000000e+01	5.42831505967676e-02
1.25900000000000e+01	5.34820248039240e-02
1.26000000000000e+01	5.26972353493542e-02
1.26100000000000e+01	5.19288159163521e-02
1.26200000000000e+01	5.11759682430458e-02
1.26300000000000e+01	5.04378149635053e-02
1.26400000000000e+01	4.97135995042737e-02
1.26500000000000e+01	4.90039332713020e-02
1.26600000000000e+01	4.83078774862010e-02
1.26700000000000e+01	4.76250533125183e-02
1.26800000000000e+01	4.69550582444492e-02
1.26900000000000e+01	4.62976330105643e-02
1.27000000000000e+01	4.56532535257492e-02
1.27100000000000e+01	4.50213830329807e-02
1.27200000000000e+01	4.44018763487738e-02
1.27300000000000e+01	4.37949169867972e-02
1.27400000000000e+01	4.32003543107533e-02
1.27500000000000e+01	4.26177762026264e-02
1.27600000000000e+01	4.20476566396320e-02
1.27700000000000e+01	4.14890144520187e-02
1.27800000000000e+01	4.09422838089516e-02
1.27900000000000e+01	4.04062367021537e-02
1.28000000000000e+01	3.98807406884356e-02
1.28100000000000e+01	3.93651620747181e-02
1.28200000000000e+01	3.88600022016368e-02
1.28300000000000e+01	3.83638312736514e-02
1.28400000000000e+01	3.78772441451154e-02
1.28500000000000e+01	3.73994747692858e-02
1.28600000000000e+01	3.69297962421295e-02
1.28700000000000e+01	3.64685337096954e-02
1.28800000000000e+01	3.60154673459552e-02
1.28900000000000e+01	3.55706587206989e-02
1.29000000000000e+01	3.51327515222397e-02
1.29100000000000e+01	3.47027042254759e-02
1.29200000000000e+01	3.42796634151750e-02
1.29300000000000e+01	3.38641221865777e-02
1.29400000000000e+01	3.34549673701015e-02
1.29500000000000e+01	3.30525401314597e-02
1.29600000000000e+01	3.26564206163368e-02
1.29700000000000e+01	3.22667478555111e-02
1.29800000000000e+01	3.18831121531674e-02
1.29900000000000e+01	3.15051000171929e-02
1.30000000000000e+01	3.11329266961513e-02
1.30100000000000e+01	3.07669312046462e-02
1.30200000000000e+01	3.04060111139833e-02
1.30300000000000e+01	3.00513897454532e-02
1.30400000000000e+01	2.97015121726642e-02
1.30500000000000e+01	2.93571965001786e-02
1.30600000000000e+01	2.90176467052256e-02
1.30700000000000e+01	2.86826428948720e-02
1.30800000000000e+01	2.83521809427747e-02
1.30900000000000e+01	2.80257427238198e-02
1.31000000000000e+01	2.77031346570429e-02
1.31100000000000e+01	2.73837609363411e-02
1.31200000000000e+01	2.70678768172419e-02
1.31300000000000e+01	2.67546388560694e-02
1.31400000000000e+01	2.64444207822128e-02
1.31500000000000e+01	2.61370006983649e-02
1.31600000000000e+01	2.58324661426552e-02
1.31700000000000e+01	2.55311130653804e-02
1.31800000000000e+01	2.52326815109280e-02
1.31900000000000e+01	2.49379906062670e-02
1.32000000000000e+01	2.46464910709141e-02
1.32100000000000e+01	2.43583877222193e-02
1.32200000000000e+01	2.40738036821030e-02
1.32300000000000e+01	2.37930086938620e-02
1.32400000000000e+01	2.35157503706764e-02
1.32500000000000e+01	2.32420517575499e-02
1.32600000000000e+01	2.29713737276617e-02
1.32700000000000e+01	2.27039841771150e-02
1.32800000000000e+01	2.24395049988813e-02
1.32900000000000e+01	2.21782384771695e-02
1.33000000000000e+01	2.19198957230467e-02
1.33100000000000e+01	2.16646374492817e-02
1.33200000000000e+01	2.14123953646030e-02
1.33300000000000e+01	2.11630337892028e-02
1.33400000000000e+01	2.09169358744217e-02
1.33500000000000e+01	2.06744033587633e-02
1.33600000000000e+01	2.04351277086567e-02
1.33700000000000e+01	2.01995229707654e-02
1.33800000000000e+01	1.99672828681098e-02
1.33900000000000e+01	1.97388640454565e-02
1.34000000000000e+01	1.95141537461474e-02
1.34100000000000e+01	1.92929010048457e-02
1.34200000000000e+01	1.90751450027674e-02
1.34300000000000e+01	1.88605810094721e-02
1.34400000000000e+01	1.86495072504452e-02
1.34500000000000e+01	1.84415331958920e-02
1.34600000000000e+01	1.82364142604965e-02
1.34700000000000e+01	1.80342859379970e-02
1.34800000000000e+01	1.78349671471430e-02
1.34900000000000e+01	1.76380557740551e-02
1.35000000000000e+01	1.74439209626542e-02
1.35100000000000e+01	1.72519118377561e-02
1.35200000000000e+01	1.70621481203396e-02
1.35300000000000e+01	1.68746621272236e-02
1.35400000000000e+01	1.66891770043322e-02
1.35500000000000e+01	1.65053670463849e-02
1.35600000000000e+01	1.63236152721463e-02
1.35700000000000e+01	1.61433879485225e-02
1.35800000000000e+01	1.59648465107363e-02
1.35900000000000e+01	1.57876055178450e-02
1.36000000000000e+01	1.56121800669184e-02
1.36100000000000e+01	1.54381361361046e-02
1.36200000000000e+01	1.52657544113774e-02
1.36300000000000e+01	1.50947313432588e-02
1.36400000000000e+01	1.49252661134995e-02
1.36500000000000e+01	1.47574186127853e-02
1.36600000000000e+01	1.45913427171132e-02
1.36700000000000e+01	1.44270008023286e-02
1.36800000000000e+01	1.42647824148667e-02
1.36900000000000e+01	1.41043258785000e-02
1.37000000000000e+01	1.39460666175453e-02
1.37100000000000e+01	1.37902556391451e-02
1.37200000000000e+01	1.36364825711568e-02
1.37300000000000e+01	1.34854781055461e-02
1.37400000000000e+01	1.33368833681199e-02
1.37500000000000e+01	1.31911581581715e-02
1.37600000000000e+01	1.30480032797107e-02
1.37700000000000e+01	1.29074156074571e-02
1.37800000000000e+01	1.27694074859460e-02
1.37900000000000e+01	1.26340172830918e-02
1.38000000000000e+01	1.25011510969865e-02
1.38100000000000e+01	1.23706445766387e-02
1.38200000000000e+01	1.22421196077276e-02
1.38300000000000e+01	1.21157311713562e-02
1.38400000000000e+01	1.19913963852459e-02
1.38500000000000e+01	1.18686716605029e-02
1.38600000000000e+01	1.17476663187469e-02
1.38700000000000e+01	1.16283093311778e-02
1.38800000000000e+01	1.15103251324822e-02
1.38900000000000e+01	1.13937406618986e-02
1.39000000000000e+01	1.12783639692802e-02
1.39100000000000e+01	1.11642718438676e-02
1.39200000000000e+01	1.10514328695735e-02
1.39300000000000e+01	1.09396826295034e-02
1.39400000000000e+01	1.08291821356356e-02
1.39500000000000e+01	1.07196007488257e-02
1.39600000000000e+01	1.06110954635150e-02
1.39700000000000e+01	1.05036043865337e-02
1.39800000000000e+01	1.03972954729253e-02
1.39900000000000e+01	1.02919386567784e-02
1.40000000000000e+01	1.01876470566523e-02
1.40100000000000e+01	1.00843350973167e-02
1.40200000000000e+01	9.98219084081621e-03
1.40300000000000e+01	9.88114517584921e-03
1.40400000000000e+01	9.78130342086297e-03
1.40500000000000e+01	9.68272454665829e-03
1.40600000000000e+01	9.58532601698218e-03
1.40700000000000e+01	9.48918412579357e-03
1.40800000000000e+01	9.39440466316899e-03
1.40900000000000e+01	9.30066907872343e-03
1.41000000000000e+01	9.20828424295208e-03
1.41100000000000e+01	9.11720850943146e-03
1.41200000000000e+01	9.02722678818660e-03
1.41300000000000e+01	8.93817823922360e-03
1.41400000000000e+01	8.85039959078761e-03
1.41500000000000e+01	8.76329211979405e-03
1.41600000000000e+01	8.67718554946806e-03
1.41700000000000e+01	8.59176438184256e-03
1.41800000000000e+01	8.50716449076784e-03
1.41900000000000e+01	8.42307229759379e-03
1.42000000000000e+01	8.33969028428287e-03
1.42100000000000e+01	8.25692164529485e-03
1.42200000000000e+01	8.17500550164313e-03
1.42300000000000e+01	8.09370716083817e-03
1.42400000000000e+01	8.01314907375610e-03
1.42500000000000e+01	7.93341056388403e-03
1.42600000000000e+01	7.85457166065331e-03
1.42700000000000e+01	7.77665957472893e-03
1.42800000000000e+01	7.69973995626265e-03
1.42900000000000e+01	7.62383903367268e-03
1.43000000000000e+01	7.54895206616949e-03
1.43100000000000e+01	7.47506014145614e-03
1.43200000000000e+01	7.40204815519718e-03
1.43300000000000e+01	7.33014442294331e-03
1.43400000000000e+01	7.25913390657712e-03
1.43500000000000e+01	7.18905381732008e-03
1.43600000000000e+01	7.11982317024806e-03
1.43700000000000e+01	7.05147354908599e-03
1.43800000000000e+01	6.98400629458605e-03
1.43900000000000e+01	6.91735643800327e-03
1.44000000000000e+01	6.85168000645810e-03
1.44100000000000e+01	6.78674030466369e-03
1.44200000000000e+01	6.72265074373791e-03
1.44300000000000e+01	6.65944004964156e-03
1.44400000000000e+01	6.59700905380918e-03
1.44500000000000e+01	6.53542365485532e-03
1.44600000000000e+01	6.47467561676325e-03
1.44700000000000e+01	6.41479833691827e-03
1.44800000000000e+01	6.35564613296149e-03
1.44900000000000e+01	6.29727596063029e-03
1.45000000000000e+01	6.23960299543619e-03
1.45100000000000e+01	6.18275550122628e-03
1.45200000000000e+01	6.12656422921410e-03
1.45300000000000e+01	6.07100814169113e-03
1.45400000000000e+01	6.01612984840249e-03
1.45500000000000e+01	5.96189900276476e-03
1.45600000000000e+01	5.90825813479761e-03
1.45700000000000e+01	5.85520383283689e-03
1.45800000000000e+01	5.80270464817268e-03
1.45900000000000e+01	5.75072963669523e-03
1.46000000000000e+01	5.69929968751268e-03
1.46100000000000e+01	5.64840501218767e-03
1.46200000000000e+01	5.59797486135157e-03
1.46300000000000e+01	5.54802823013904e-03
1.46400000000000e+01	5.49858959672542e-03
1.46500000000000e+01	5.44974099545907e-03
1.46600000000000e+01	5.40121067148369e-03
1.46700000000000e+01	5.35327992307184e-03
1.46800000000000e+01	5.30585458237837e-03
1.46900000000000e+01	5.25902003447979e-03
1.47000000000000e+01	5.21259966693750e-03
1.47100000000000e+01	5.16676057083622e-03
1.47200000000000e+01	5.12140059373464e-03
1.47300000000000e+01	5.07663683992344e-03
1.47400000000000e+01	5.03237582224783e-03
1.47500000000000e+01	4.98859670722671e-03
1.47600000000000e+01	4.94528339597005e-03
1.47700000000000e+01	4.90241680939804e-03
1.47800000000000e+01	4.86001225797245e-03
1.47900000000000e+01	4.81803070781043e-03
1.48000000000000e+01	4.77640460706256e-03
1.48100000000000e+01	4.73516133976337e-03
1.48200000000000e+01	4.69431120552424e-03
1.48300000000000e+01	4.65371071725149e-03
1.48400000000000e+01	4.61340203433127e-03
1.48500000000000e+01	4.57347203644403e-03
1.48600000000000e+01	4.53372547059057e-03
1.48700000000000e+01	4.49432170469249e-03
1.48800000000000e+01	4.45525964585005e-03
1.48900000000000e+01	4.41636267681002e-03
1.49000000000000e+01	4.37787302403070e-03
1.49100000000000e+01	4.33962976624548e-03
1.49200000000000e+01	4.30169136970909e-03
1.49300000000000e+01	4.26413195235632e-03
1.49400000000000e+01	4.22688246198373e-03
1.49500000000000e+01	4.18994921361966e-03
1.49600000000000e+01	4.15337435540418e-03
1.49700000000000e+01	4.11722358500352e-03
1.49800000000000e+01	4.08142793226335e-03
1.49900000000000e+01	4.04601953735539e-03
1.50000000000000e+01	4.01095501624570e-03
1.50100000000000e+01	3.97630466490486e-03
1.50200000000000e+01	3.94203594294586e-03
1.50300000000000e+01	3.90816292752874e-03
1.50400000000000e+01	3.87472585857177e-03
1.50500000000000e+01	3.84154520983713e-03
1.50600000000000e+01	3.80877481452864e-03
1.50700000000000e+01	3.77630289938830e-03
1.50800000000000e+01	3.74410924638967e-03
1.50900000000000e+01	3.71229651030735e-03
1.51000000000000e+01	3.68064592844414e-03
1.51100000000000e+01	3.64931995260171e-03
1.51200000000000e+01	3.61831296243770e-03
1.51300000000000e+01	3.58742395018777e-03
1.51400000000000e+01	3.55685391107990e-03
1.51500000000000e+01	3.52646943001217e-03
1.51600000000000e+01	3.49627405564764e-03
1.51700000000000e+01	3.46630340393329e-03
1.51800000000000e+01	3.43662800417711e-03
1.51900000000000e+01	3.40714688923983e-03
1.52000000000000e+01	3.37789927822805e-03
1.52100000000000e+01	3.34893656104938e-03
1.52200000000000e+01	3.32017034376129e-03
1.52300000000000e+01	3.29167393436995e-03
1.52400000000000e+01	3.26337544072355e-03
1.52500000000000e+01	3.23528822840148e-03
1.52600000000000e+01	3.20742584723774e-03
1.52700000000000e+01	3.17971368443060e-03
1.52800000000000e+01	3.15213197477199e-03
1.52900000000000e+01	3.12460992322864e-03
1.53000000000000e+01	3.09718680540299e-03
1.53100000000000e+01	3.06968999536615e-03
1.53200000000000e+01	3.04223374365156e-03
1.53300000000000e+01	3.01473705907828e-03
1.53400000000000e+01	2.98717957837887e-03
1.53500000000000e+01	2.95953242326540e-03
1.53600000000000e+01	2.93176952846708e-03
1.53700000000000e+01	2.90399443777222e-03
1.53800000000000e+01	2.87608997978318e-03
1.53900000000000e+01	2.84820475537586e-03
1.54000000000000e+01	2.82025392921600e-03
1.54100000000000e+01	2.79241184241329e-03
1.54200000000000e+01	2.76470027479640e-03
1.54300000000000e+01	2.73712200394434e-03
1.54400000000000e+01	2.70981898154312e-03
1.54500000000000e+01	2.68283511975087e-03
1.54600000000000e+01	2.65622733774285e-03
1.54700000000000e+01	2.63013077330807e-03
1.54800000000000e+01	2.60459994458007e-03
1.54900000000000e+01	2.57969792722018e-03
1.55000000000000e+01	2.55546159393491e-03
1.55100000000000e+01	2.53196995367702e-03
1.55200000000000e+01	2.50928272188023e-03
1.55300000000000e+01	2.48733527282520e-03
1.55400000000000e+01	2.46615986140030e-03
1.55500000000000e+01	2.44579232651679e-03
1.55600000000000e+01	2.42605122719160e-03
1.55700000000000e+01	2.40697989031187e-03
1.55800000000000e+01	2.38845675540358e-03
1.55900000000000e+01	2.37050039902075e-03
1.56000000000000e+01	2.35288288024800e-03
1.56100000000000e+01	2.33563016675701e-03
1.56200000000000e+01	2.31865546011432e-03
1.56300000000000e+01	2.30189068372740e-03
1.56400000000000e+01	2.28525301138422e-03
1.56500000000000e+01	2.26872466633853e-03
1.56600000000000e+01	2.25217434384237e-03
1.56700000000000e+01	2.23566980675259e-03
1.56800000000000e+01	2.21913006203511e-03
1.56900000000000e+01	2.20254770986032e-03
1.57000000000000e+01	2.18593368579652e-03
1.57100000000000e+01	2.16920544072158e-03
1.57200000000000e+01	2.15246615403347e-03
1.57300000000000e+01	2.13567733545144e-03
1.57400000000000e+01	2.11888154125477e-03
1.57500000000000e+01	2.10204705478362e-03
1.57600000000000e+01	2.08525645869545e-03
1.57700000000000e+01	2.06849647990401e-03
1.57800000000000e+01	2.05180808953941e-03
1.57900000000000e+01	2.03529582416313e-03
1.58000000000000e+01	2.01887547035505e-03
1.58100000000000e+01	2.00267726497653e-03
1.58200000000000e+01	1.98669098561746e-03
1.58300000000000e+01	1.97096259207492e-03
1.58400000000000e+01	1.95554871161129e-03
1.58500000000000e+01	1.94038203769519e-03
1.58600000000000e+01	1.92557100567816e-03
1.58700000000000e+01	1.91105503592193e-03
1.58800000000000e+01	1.89683824570625e-03
1.58900000000000e+01	1.88297356677176e-03
1.59000000000000e+01	1.86938135545939e-03
1.59100000000000e+01	1.85605550773138e-03
1.59200000000000e+01	1.84295556779830e-03
1.59300000000000e+01	1.83006254912628e-03
1.59400000000000e+01	1.81735827200433e-03
1.59500000000000e+01	1.80482479282804e-03
1.59600000000000e+01	1.79239827141137e-03
1.59700000000000e+01	1.78009406782485e-03
1.59800000000000e+01	1.76790093707225e-03
1.59900000000000e+01	1.75571597555652e-03
1.60000000000000e+01	1.74364665483783e-03
1.60100000000000e+01	1.73160524789217e-03
1.60200000000000e+01	1.71961912823919e-03
1.60300000000000e+01	1.70766931263543e-03
1.60400000000000e+01	1.69579943270804e-03
1.60500000000000e+01	1.68394367493851e-03
1.60600000000000e+01	1.67217678637702e-03
1.60700000000000e+01	1.66048222586268e-03
1.60800000000000e+01	1.64879716507791e-03
1.60900000000000e+01	1.63718100982993e-03
1.61000000000000e+01	1.62566468162697e-03
1.61100000000000e+01	1.61419801027820e-03
1.61200000000000e+01	1.60280922682112e-03
1.61300000000000e+01	1.59150555959124e-03
1.61400000000000e+01	1.58026749773233e-03
1.61500000000000e+01	1.56913949405395e-03
1.61600000000000e+01	1.55807695736782e-03
1.61700000000000e+01	1.54711447589845e-03
1.61800000000000e+01	1.53623799413191e-03
1.61900000000000e+01	1.52551401655952e-03
1.62000000000000e+01	1.51484771847293e-03
1.62100000000000e+01	1.50435044179957e-03
1.62200000000000e+01	1.49398528641795e-03
1.62300000000000e+01	1.48372085882501e-03
1.62400000000000e+01	1.47358622140541e-03
1.62500000000000e+01	1.46361521587264e-03
1.62600000000000e+01	1.45375379232956e-03
1.62700000000000e+01	1.44400967269675e-03
1.62800000000000e+01	1.43437478409401e-03
1.62900000000000e+01	1.42486627596959e-03
1.63000000000000e+01	1.41541635105205e-03
1.63100000000000e+01	1.40603896132628e-03
1.63200000000000e+01	1.39673297750420e-03
1.63300000000000e+01	1.38743989426994e-03
1.63400000000000e+01	1.37818274260896e-03
1.63500000000000e+01	1.36890353918668e-03
1.63600000000000e+01	1.35962286405108e-03
1.63700000000000e+01	1.35029755617365e-03
1.63800000000000e+01	1.34093247597347e-03
1.63900000000000e+01	1.33151162631074e-03
1.64000000000000e+01	1.32200663841427e-03
1.64100000000000e+01	1.31244590104931e-03
1.64200000000000e+01	1.30282461417581e-03
1.64300000000000e+01	1.29314460001818e-03
1.64400000000000e+01	1.28342640866272e-03
1.64500000000000e+01	1.27366759902323e-03
1.64600000000000e+01	1.26390143114012e-03
1.64700000000000e+01	1.25416237749867e-03
1.64800000000000e+01	1.24444418891180e-03
1.64900000000000e+01	1.23480413261907e-03
1.65000000000000e+01	1.22526737639652e-03
1.65100000000000e+01	1.21581945908893e-03
1.65200000000000e+01	1.20650994653255e-03
1.65300000000000e+01	1.19734815068813e-03
1.65400000000000e+01	1.18834473259435e-03
1.65500000000000e+01	1.17951151893132e-03
1.65600000000000e+01	1.17084840556398e-03
1.65700000000000e+01	1.16234963421054e-03
1.65800000000000e+01	1.15401956429999e-03
1.65900000000000e+01	1.14586492826527e-03
1.66000000000000e+01	1.13788574264415e-03
1.66100000000000e+01	1.13004756017767e-03
1.66200000000000e+01	1.12236771991196e-03
1.66300000000000e+01	1.11482683607039e-03
1.66400000000000e+01	1.10742765565406e-03
1.66500000000000e+01	1.10015207423061e-03
1.66600000000000e+01	1.09300564920567e-03
1.66700000000000e+01	1.08596710534895e-03
1.66800000000000e+01	1.07904779332005e-03
1.66900000000000e+01	1.07221176901817e-03
1.67000000000000e+01	1.06546746945547e-03
1.67100000000000e+01	1.05879644286832e-03
1.67200000000000e+01	1.05221025076164e-03
1.67300000000000e+01	1.04567316891325e-03
1.67400000000000e+01	1.03918530740362e-03
1.67500000000000e+01	1.03274234114518e-03
1.67600000000000e+01	1.02633224466348e-03
1.67700000000000e+01	1.01993742669987e-03
1.67800000000000e+01	1.01356104796829e-03
1.67900000000000e+01	1.00720269654009e-03
1.68000000000000e+01	1.00084343567276e-03
1.68100000000000e+01	9.94482705727335e-04
1.68200000000000e+01	9.88137349715743e-04
1.68300000000000e+01	9.81792064899530e-04
1.68400000000000e+01	9.75446386417723e-04
1.68500000000000e+01	9.69117827066920e-04
1.68600000000000e+01	9.62800877308551e-04
1.68700000000000e+01	9.56496074961835e-04
1.68800000000000e+01	9.50220573290735e-04
1.68900000000000e+01	9.43964544661862e-04
1.69000000000000e+01	9.37751174203914e-04
1.69100000000000e+01	9.31562215421303e-04
1.69200000000000e+01	9.25404773724331e-04
1.69300000000000e+01	9.19286108148389e-04
1.69400000000000e+01	9.13214939204162e-04
1.69500000000000e+01	9.07174502657779e-04
1.69600000000000e+01	9.01188462075171e-04
1.69700000000000e+01	8.95244793483013e-04
1.69800000000000e+01	8.89362661666598e-04
1.69900000000000e+01	8.83540921640682e-04
1.70000000000000e+01	8.77785054821134e-04
1.70100000000000e+01	8.72111675395930e-04
1.70200000000000e+01	8.66527311021403e-04
1.70300000000000e+01	8.61026062391745e-04
1.70400000000000e+01	8.55616388024947e-04
1.70500000000000e+01	8.50306089870219e-04
1.70600000000000e+01	8.45088572750364e-04
1.70700000000000e+01	8.39969497469820e-04
1.70800000000000e+01	8.34930073104020e-04
1.70900000000000e+01	8.29976549085927e-04
1.71000000000000e+01	8.25104074525017e-04
1.71100000000000e+01	8.20304060952688e-04
1.71200000000000e+01	8.15552532889250e-04
1.71300000000000e+01	8.10858587995583e-04
1.71400000000000e+01	8.06216402092033e-04
1.71500000000000e+01	8.01616309609337e-04
1.71600000000000e+01	7.97044564020976e-04
1.71700000000000e+01	7.92514422611073e-04
1.71800000000000e+01	7.88003605979228e-04
1.71900000000000e+01	7.83533380285423e-04
1.72000000000000e+01	7.79083411175978e-04
1.72100000000000e+01	7.74665157483017e-04
1.72200000000000e+01	7.70278583413738e-04
1.72300000000000e+01	7.65903635664580e-04
1.72400000000000e+01	7.61569485331914e-04
1.72500000000000e+01	7.57247487574622e-04
1.72600000000000e+01	7.52955143106225e-04
1.72700000000000e+01	7.48684825833257e-04
1.72800000000000e+01	7.44432811235380e-04
1.72900000000000e+01	7.40203850431157e-04
1.73000000000000e+01	7.35991031811928e-04
1.73100000000000e+01	7.31798356809922e-04
1.73200000000000e+01	7.27626691038369e-04
1.73300000000000e+01	7.23464384458824e-04
1.73400000000000e+01	7.19310843591313e-04
1.73500000000000e+01	7.15179294585293e-04
1.73600000000000e+01	7.11058299705047e-04
1.73700000000000e+01	7.06947771907269e-04
1.73800000000000e+01	7.02849907049438e-04
1.73900000000000e+01	6.98766062866545e-04
1.74000000000000e+01	6.94704356718851e-04
1.74100000000000e+01	6.90647839127396e-04
1.74200000000000e+01	6.86604519568284e-04
1.74300000000000e+01	6.82576950644123e-04
1.74400000000000e+01	6.78572569340464e-04
1.74500000000000e+01	6.74573613074971e-04
1.74600000000000e+01	6.70598294018342e-04
1.74700000000000e+01	6.66637351055193e-04
1.74800000000000e+01	6.62688827630504e-04
1.74900000000000e+01	6.58745780376971e-04
1.75000000000000e+01	6.54824319142079e-04
1.75100000000000e+01	6.50913116985915e-04
1.75200000000000e+01	6.47006590381231e-04
1.75300000000000e+01	6.43103335301756e-04
1.75400000000000e+01	6.39202838132719e-04
1.75500000000000e+01	6.35317445106392e-04
1.75600000000000e+01	6.31429067428846e-04
1.75700000000000e+01	6.27550162331112e-04
1.75800000000000e+01	6.23672405279681e-04
1.75900000000000e+01	6.19809505591053e-04
1.76000000000000e+01	6.15951829539273e-04
1.76100000000000e+01	6.12121514712718e-04
1.76200000000000e+01	6.08300917078828e-04
1.76300000000000e+01	6.04510395326378e-04
1.76400000000000e+01	6.00739731505502e-04
1.76500000000000e+01	5.96999827754044e-04
1.76600000000000e+01	5.93296679239117e-04
1.76700000000000e+01	5.89620777123310e-04
1.76800000000000e+01	5.85980609059279e-04
1.76900000000000e+01	5.82383197743131e-04
1.77000000000000e+01	5.78808892508423e-04
1.77100000000000e+01	5.75271583177835e-04
1.77200000000000e+01	5.71762357047944e-04
1.77300000000000e+01	5.68279566693206e-04
1.77400000000000e+01	5.64830559774328e-04
1.77500000000000e+01	5.61396208665397e-04
1.77600000000000e+01	5.57991307829414e-04
1.77700000000000e+01	5.54601029227338e-04
1.77800000000000e+01	5.51232532416209e-04
1.77900000000000e+01	5.47882912652131e-04
1.78000000000000e+01	5.44540314742253e-04
1.78100000000000e+01	5.41216180461565e-04
1.78200000000000e+01	5.37907295264392e-04
1.78300000000000e+01	5.34605003561238e-04
1.78400000000000e+01	5.31316700150611e-04
1.78500000000000e+01	5.28043696810361e-04
1.78600000000000e+01	5.24785867085512e-04
1.78700000000000e+01	5.21539416086575e-04
1.78800000000000e+01	5.18299870688429e-04
1.78900000000000e+01	5.15077435375424e-04
1.79000000000000e+01	5.11871508830451e-04
1.79100000000000e+01	5.08675410248350e-04
1.79200000000000e+01	5.05488073933156e-04
1.79300000000000e+01	5.02316820904485e-04
1.79400000000000e+01	4.99148871505977e-04
1.79500000000000e+01	4.95992526687794e-04
1.79600000000000e+01	4.92842063048761e-04
1.79700000000000e+01	4.89707346992964e-04
1.79800000000000e+01	4.86575931251837e-04
1.79900000000000e+01	4.83467173582337e-04
1.80000000000000e+01	4.80375837585008e-04
1.80100000000000e+01	4.77319748284034e-04
1.80200000000000e+01	4.74288189063486e-04
1.80300000000000e+01	4.71302996586326e-04
1.80400000000000e+01	4.68365899700545e-04
1.80500000000000e+01	4.65482304005046e-04
1.80600000000000e+01	4.62649954288020e-04
1.80700000000000e+01	4.59886875889225e-04
1.80800000000000e+01	4.57182429376796e-04
1.80900000000000e+01	4.54539215986359e-04
1.81000000000000e+01	4.51948768033811e-04
1.81100000000000e+01	4.49415809275928e-04
1.81200000000000e+01	4.46933027789773e-04
1.81300000000000e+01	4.44490948341110e-04
1.81400000000000e+01	4.42077201565088e-04
1.81500000000000e+01	4.39695988119716e-04
1.81600000000000e+01	4.37332470959217e-04
1.81700000000000e+01	4.34989173265766e-04
1.81800000000000e+01	4.32649888613342e-04
1.81900000000000e+01	4.30323168201580e-04
1.82000000000000e+01	4.27999525444586e-04
1.82100000000000e+01	4.25671500452984e-04
1.82200000000000e+01	4.23347933300272e-04
1.82300000000000e+01	4.21021332146549e-04
1.82400000000000e+01	4.18689811517163e-04
1.82500000000000e+01	4.16354067984130e-04
1.82600000000000e+01	4.14014527891106e-04
1.82700000000000e+01	4.11675248991541e-04
1.82800000000000e+01	4.09331836875921e-04
1.82900000000000e+01	4.06985080334774e-04
1.83000000000000e+01	4.04650960949218e-04
1.83100000000000e+01	4.02312075839262e-04
1.83200000000000e+01	3.99989069733392e-04
1.83300000000000e+01	3.97673604108147e-04
1.83400000000000e+01	3.95374231587683e-04
1.83500000000000e+01	3.93094844220578e-04
1.83600000000000e+01	3.90836117372730e-04
1.83700000000000e+01	3.88604586279368e-04
1.83800000000000e+01	3.86403070521216e-04
1.83900000000000e+01	3.84234314597144e-04
1.84000000000000e+01	3.82101976381786e-04
1.84100000000000e+01	3.80008271194526e-04
1.84200000000000e+01	3.77954352749897e-04
1.84300000000000e+01	3.75942178233147e-04
1.84400000000000e+01	3.73970973951068e-04
1.84500000000000e+01	3.72040486222667e-04
1.84600000000000e+01	3.70147032837151e-04
1.84700000000000e+01	3.68289076093234e-04
1.84800000000000e+01	3.66463762412909e-04
1.84900000000000e+01	3.64665210469614e-04
1.85000000000000e+01	3.62889766448645e-04
1.85100000000000e+01	3.61132374741356e-04
1.85200000000000e+01	3.59388910130866e-04
1.85300000000000e+01	3.57655310537265e-04
1.85400000000000e+01	3.55926743901328e-04
1.85500000000000e+01	3.54199764679018e-04
1.85600000000000e+01	3.52471847769813e-04
1.85700000000000e+01	3.50740436202338e-04
1.85800000000000e+01	3.49005064889227e-04
1.85900000000000e+01	3.47262899014079e-04
1.86000000000000e+01	3.45515358928514e-04
1.86100000000000e+01	3.43760759326019e-04
1.86200000000000e+01	3.42001588004004e-04
1.86300000000000e+01	3.40237544358361e-04
1.86400000000000e+01	3.38470103832428e-04
1.86500000000000e+01	3.36701740982868e-04
1.86600000000000e+01	3.34933534468098e-04
1.86700000000000e+01	3.33165478687168e-04
1.86800000000000e+01	3.31400726787447e-04
1.86900000000000e+01	3.29640016838776e-04
1.87000000000000e+01	3.27883989073674e-04
1.87100000000000e+01	3.26134201766201e-04
1.87200000000000e+01	3.24389720881375e-04
1.87300000000000e+01	3.22651486199585e-04
1.87400000000000e+01	3.20918794277115e-04
1.87500000000000e+01	3.19192089158118e-04
1.87600000000000e+01	3.17471050962185e-04
1.87700000000000e+01	3.15754151625682e-04
1.87800000000000e+01	3.14042313338510e-04
1.87900000000000e+01	3.12333697158661e-04
1.88000000000000e+01	3.10629344034792e-04
1.88100000000000e+01	3.08926703461547e-04
1.88200000000000e+01	3.07226140977479e-04
1.88300000000000e+01	3.05526030653359e-04
1.88400000000000e+01	3.03826825198114e-04
1.88500000000000e+01	3.02127925572735e-04
1.88600000000000e+01	3.00429113446942e-04
1.88700000000000e+01	2.98727689173419e-04
1.88800000000000e+01	2.97026018278212e-04
1.88900000000000e+01	2.95322104852690e-04
1.89000000000000e+01	2.93617108913748e-04
1.89100000000000e+01	2.91910434369399e-04
1.89200000000000e+01	2.90203537094883e-04
1.89300000000000e+01	2.88496888705384e-04
1.89400000000000e+01	2.86792835230590e-04
1.89500000000000e+01	2.85091470796292e-04
1.89600000000000e+01	2.83396240623261e-04
1.89700000000000e+01	2.81707686957674e-04
1.89800000000000e+01	2.80028451948209e-04
1.89900000000000e+01	2.78361053996964e-04
1.90000000000000e+01	2.76705839705476e-04
1.90100000000000e+01	2.75065317065663e-04
1.90200000000000e+01	2.73438255655297e-04
1.90300000000000e+01	2.71825261427935e-04
1.90400000000000e+01	2.70224342211202e-04
1.90500000000000e+01	2.68634495709107e-04
1.90600000000000e+01	2.67052934382562e-04
1.90700000000000e+01	2.65476967598966e-04
1.90800000000000e+01	2.63905357248498e-04
1.90900000000000e+01	2.62336312555000e-04
1.91000000000000e+01	2.60768598684702e-04
1.91100000000000e+01	2.59205294580974e-04
1.91200000000000e+01	2.57647349242037e-04
1.91300000000000e+01	2.56101484777355e-04
1.91400000000000e+01	2.54572576501623e-04
1.91500000000000e+01	2.53067316302557e-04
1.91600000000000e+01	2.51593083375543e-04
1.91700000000000e+01	2.50157966753270e-04
1.91800000000000e+01	2.48765182250565e-04
1.91900000000000e+01	2.47420785254350e-04
1.92000000000000e+01	2.46126086934898e-04
1.92100000000000e+01	2.44880740730308e-04
1.92200000000000e+01	2.43682285355196e-04
1.92300000000000e+01	2.42526776281369e-04
1.92400000000000e+01	2.41407891758517e-04
1.92500000000000e+01	2.40319176226908e-04
1.92600000000000e+01	2.39254025604316e-04
1.92700000000000e+01	2.38204935986990e-04
1.92800000000000e+01	2.37166087326505e-04
1.92900000000000e+01	2.36131639536562e-04
1.93000000000000e+01	2.35097661552464e-04
1.93100000000000e+01	2.34060759368758e-04
1.93200000000000e+01	2.33019064496311e-04
1.93300000000000e+01	2.31972202879780e-04
1.93400000000000e+01	2.30918072368700e-04
1.93500000000000e+01	2.29857642063904e-04
1.93600000000000e+01	2.28791236550628e-04
1.93700000000000e+01	2.27718098889957e-04
1.93800000000000e+01	2.26640776438088e-04
1.93900000000000e+01	2.25558194964396e-04
1.94000000000000e+01	2.24471719394740e-04
1.94100000000000e+01	2.23382279900827e-04
1.94200000000000e+01	2.22289481388777e-04
1.94300000000000e+01	2.21193552143885e-04
1.94400000000000e+01	2.20095796119566e-04
1.94500000000000e+01	2.18996341878170e-04
1.94600000000000e+01	2.17894991163285e-04
1.94700000000000e+01	2.16792944504117e-04
1.94800000000000e+01	2.15689643434661e-04
1.94900000000000e+01	2.14585375325742e-04
1.95000000000000e+01	2.13481030320759e-04
1.95100000000000e+01	2.12376344637493e-04
1.95200000000000e+01	2.11272190518547e-04
1.95300000000000e+01	2.10168042976973e-04
1.95400000000000e+01	2.09064262496753e-04
1.95500000000000e+01	2.07961547241412e-04
1.95600000000000e+01	2.06860929819930e-04
1.95700000000000e+01	2.05761617425628e-04
1.95800000000000e+01	2.04666096627841e-04
1.95900000000000e+01	2.03573814978539e-04
1.96000000000000e+01	2.02485095743176e-04
1.96100000000000e+01	2.01401610395930e-04
1.96200000000000e+01	2.00323440296568e-04
1.96300000000000e+01	1.99251732771454e-04
1.96400000000000e+01	1.98185815618247e-04
1.96500000000000e+01	1.97127495493995e-04
1.96600000000000e+01	1.96075102971711e-04
1.96700000000000e+01	1.95029475995178e-04
1.96800000000000e+01	1.93990486410714e-04
1.96900000000000e+01	1.92957587159032e-04
1.97000000000000e+01	1.91926825522022e-04
1.97100000000000e+01	1.90900449332767e-04
1.97200000000000e+01	1.89875421930845e-04
1.97300000000000e+01	1.88845951371637e-04
1.97400000000000e+01	1.87806083412887e-04
1.97500000000000e+01	1.86744699914068e-04
1.97600000000000e+01	1.85642189283179e-04
1.97700000000000e+01	1.84470645727978e-04
1.97800000000000e+01	1.83184678076974e-04
1.97900000000000e+01	1.81718677750981e-04
1.98000000000000e+01	1.79977004905227e-04
1.98100000000000e+01	1.77826849590876e-04
1.98200000000000e+01	1.75092103247624e-04
1.98300000000000e+01	1.71547611939311e-04
1.98400000000000e+01	1.66917770017145e-04
1.98500000000000e+01	1.60888562853682e-04
1.98600000000000e+01	1.53121908008560e-04
1.98700000000000e+01	1.43290646749760e-04
1.98800000000000e+01	1.31124997289169e-04
1.98900000000000e+01	1.16476429210960e-04
1.99000000000000e+01	9.93993312111337e-05
1.99100000000000e+01	8.02446981993585e-05
1.99200000000000e+01	5.97701078161765e-05
1.99300000000000e+01	3.92539032315569e-05
1.99400000000000e+01	2.06062062012204e-05
1.99500000000000e+01	6.44299899759849e-06
1.99600000000000e+01	6.62015603629664e-08
1.99700000000000e+01	5.24642050001403e-06
1.99800000000000e+01	2.56368789925979e-05
1.99900000000000e+01	6.36055985598138e-05
2.00000000000000e+01	1.18312648796831e-04
