1.00000000000000e-02	1.31722820030190e+17
2.00000000000000e-02	8.23321254683032e+15
3.00000000000000e-02	1.62645111693896e+15
4.00000000000000e-02	5.14687788499173e+14
5.00000000000000e-02	2.10851366745644e+14
6.00000000000000e-02	1.01704132835483e+14
7.00000000000000e-02	5.49110542516847e+13
8.00000000000000e-02	3.21965097931553e+13
9.00000000000000e-02	2.01064383500631e+13
1.00000000000000e-01	1.31966406526251e+13
1.10000000000000e-01	9.01693438662429e+12
1.20000000000000e-01	6.36929387447841e+12
1.30000000000000e-01	4.62646733507481e+12
1.40000000000000e-01	3.44133606939015e+12
1.50000000000000e-01	2.61281458855978e+12
1.60000000000000e-01	2.01951900934713e+12
1.70000000000000e-01	1.58563314645988e+12
1.80000000000000e-01	1.26238298548894e+12
1.90000000000000e-01	1.01758087755068e+12
2.00000000000000e-01	8.29439883772325e+11
2.10000000000000e-01	6.82907003232101e+11
2.20000000000000e-01	5.67421773051400e+11
2.30000000000000e-01	4.75397019582065e+11
2.40000000000000e-01	4.01338023246787e+11
2.50000000000000e-01	3.41191321002073e+11
2.60000000000000e-01	2.91937570752458e+11
2.70000000000000e-01	2.51284617987202e+11
2.80000000000000e-01	2.17494186444756e+11
2.90000000000000e-01	1.89218335315987e+11
3.00000000000000e-01	1.65411679594282e+11
3.10000000000000e-01	1.45250396201487e+11
3.20000000000000e-01	1.28083039526099e+11
3.30000000000000e-01	1.13393923562991e+11
3.40000000000000e-01	1.00761862307555e+11
3.50000000000000e-01	8.98519719087706e+10
3.60000000000000e-01	8.03889037754605e+10
3.70000000000000e-01	7.21476686128563e+10
3.80000000000000e-01	6.49441821236597e+10
3.90000000000000e-01	5.86246822554547e+10
4.00000000000000e-01	5.30621643596472e+10
4.10000000000000e-01	4.81489924194060e+10
4.20000000000000e-01	4.37977400911576e+10
4.30000000000000e-01	3.99317943854758e+10
4.40000000000000e-01	3.64879729296238e+10
4.50000000000000e-01	3.34112557319614e+10
4.60000000000000e-01	3.06560954784985e+10
4.70000000000000e-01	2.81830940278722e+10
4.80000000000000e-01	2.59577493804402e+10
4.90000000000000e-01	2.39507191726563e+10
5.00000000000000e-01	2.21368522096731e+10
5.10000000000000e-01	2.04939732706378e+10
5.20000000000000e-01	1.90039190226188e+10
5.30000000000000e-01	1.76487040982708e+10
5.40000000000000e-01	1.64144484538951e+10
5.50000000000000e-01	1.52885009100449e+10
5.60000000000000e-01	1.42591489766131e+10
5.70000000000000e-01	1.33168682747222e+10
5.80000000000000e-01	1.24532918851297e+10
5.90000000000000e-01	1.16599577274569e+10
6.00000000000000e-01	1.09303477651467e+10
6.10000000000000e-01	1.02583203852974e+10
6.20000000000000e-01	9.63862925085595e+09
6.30000000000000e-01	9.06646209199420e+09
6.40000000000000e-01	8.53750297221764e+09
6.50000000000000e-01	8.04759683608721e+09
6.60000000000000e-01	7.59361799161320e+09
6.70000000000000e-01	7.17204388066090e+09
6.80000000000000e-01	6.78057278569438e+09
6.90000000000000e-01	6.41652932269885e+09
7.00000000000000e-01	6.07748141421454e+09
7.10000000000000e-01	5.76150970033753e+09
7.20000000000000e-01	5.46659210629580e+09
7.30000000000000e-01	5.19130449686089e+09
7.40000000000000e-01	4.93390431666394e+09
7.50000000000000e-01	4.69306594238532e+09
7.60000000000000e-01	4.46749513167457e+09
7.70000000000000e-01	4.25606663344219e+09
7.80000000000000e-01	4.05775058592553e+09
7.90000000000000e-01	3.87153565503019e+09
8.00000000000000e-01	3.69652266314058e+09
8.10000000000000e-01	3.53193611808634e+09
8.20000000000000e-01	3.37711743277457e+09
8.30000000000000e-01	3.23125514120019e+09
8.40000000000000e-01	3.09385376954806e+09
8.50000000000000e-01	2.96420725281464e+09
8.60000000000000e-01	2.84188033008967e+09
8.70000000000000e-01	2.72635612631495e+09
8.80000000000000e-01	2.61715306092296e+09
8.90000000000000e-01	2.51394116213051e+09
9.00000000000000e-01	2.41626485107703e+09
9.10000000000000e-01	2.32380504607747e+09
9.20000000000000e-01	2.23624721851773e+09
9.30000000000000e-01	2.15326924868965e+09
9.40000000000000e-01	2.07461106515815e+09
9.50000000000000e-01	1.99996351805983e+09
9.60000000000000e-01	1.92910984286138e+09
9.70000000000000e-01	1.86184752034408e+09
9.80000000000000e-01	1.79796186593660e+09
9.90000000000000e-01	1.73723284766913e+09
1.00000000000000e+00	1.67953990010694e+09
1.01000000000000e+00	1.62464984583313e+09
1.02000000000000e+00	1.57242766926781e+09
1.03000000000000e+00	1.52275630896076e+09
1.04000000000000e+00	1.47547251761704e+09
1.05000000000000e+00	1.43045819427700e+09
1.06000000000000e+00	1.38757996898622e+09
1.07000000000000e+00	1.34677312001997e+09
1.08000000000000e+00	1.30787344186196e+09
1.09000000000000e+00	1.27079434430111e+09
1.10000000000000e+00	1.23548347776407e+09
1.11000000000000e+00	1.20178706035508e+09
1.12000000000000e+00	1.16964400463101e+09
1.13000000000000e+00	1.13897468757493e+09
1.14000000000000e+00	1.10969389451840e+09
1.15000000000000e+00	1.08172579882153e+09
1.16000000000000e+00	1.05496787832876e+09
1.17000000000000e+00	1.02937930023825e+09
1.18000000000000e+00	1.00487041397724e+09
1.19000000000000e+00	9.81400702320850e+08
1.20000000000000e+00	9.58921397442238e+08
1.21000000000000e+00	9.37375215903712e+08
1.22000000000000e+00	9.16750516223541e+08
1.23000000000000e+00	8.97035556510641e+08
1.24000000000000e+00	8.78192856645275e+08
1.25000000000000e+00	8.60274196050886e+08
1.26000000000000e+00	8.43261577333590e+08
1.27000000000000e+00	8.27236331953147e+08
1.28000000000000e+00	8.12197865017595e+08
1.29000000000000e+00	7.98241234378352e+08
1.30000000000000e+00	7.85407250616040e+08
1.31000000000000e+00	7.73789208466392e+08
1.32000000000000e+00	7.63453655420156e+08
1.33000000000000e+00	7.54453727760046e+08
1.34000000000000e+00	7.46843193496954e+08
1.35000000000000e+00	7.40683563890690e+08
1.36000000000000e+00	7.35987623186869e+08
1.37000000000000e+00	7.32768839608092e+08
1.38000000000000e+00	7.30997969018404e+08
1.39000000000000e+00	7.30643121597818e+08
1.40000000000000e+00	7.31655092861017e+08
1.41000000000000e+00	7.33961760922189e+08
1.42000000000000e+00	7.37475950370030e+08
1.43000000000000e+00	7.42119013381594e+08
1.44000000000000e+00	7.47804912657335e+08
1.45000000000000e+00	7.54437300636940e+08
1.46000000000000e+00	7.61937237087248e+08
1.47000000000000e+00	7.70186922699632e+08
1.48000000000000e+00	7.79114146210119e+08
1.49000000000000e+00	7.88580990661609e+08
1.50000000000000e+00	7.98447134964932e+08
1.51000000000000e+00	8.08533440044610e+08
1.52000000000000e+00	8.18600642862395e+08
1.53000000000000e+00	8.28371701682059e+08
1.54000000000000e+00	8.37460457746355e+08
1.55000000000000e+00	8.45411398819486e+08
1.56000000000000e+00	8.51750723956261e+08
1.57000000000000e+00	8.55891497008352e+08
1.58000000000000e+00	8.57228677273287e+08
1.59000000000000e+00	8.55140898049031e+08
1.60000000000000e+00	8.49014602829181e+08
1.61000000000000e+00	8.38318751923340e+08
1.62000000000000e+00	8.22577656235992e+08
1.63000000000000e+00	8.01476292057793e+08
1.64000000000000e+00	7.74879099230646e+08
1.65000000000000e+00	7.42951790029937e+08
1.66000000000000e+00	7.06131679630685e+08
1.67000000000000e+00	6.65230675885370e+08
1.68000000000000e+00	6.21315012915962e+08
1.69000000000000e+00	5.75666635543953e+08
1.70000000000000e+00	5.29621901347832e+08
1.71000000000000e+00	4.84530814761487e+08
1.72000000000000e+00	4.41638913651653e+08
1.73000000000000e+00	4.02089871864580e+08
1.74000000000000e+00	3.66841450799622e+08
1.75000000000000e+00	3.36554158290908e+08
1.76000000000000e+00	3.11556641529240e+08
1.77000000000000e+00	2.91816869063403e+08
1.78000000000000e+00	2.76988039214235e+08
1.79000000000000e+00	2.66461897437868e+08
1.80000000000000e+00	2.59416954338459e+08
1.81000000000000e+00	2.54923770456690e+08
1.82000000000000e+00	2.52043394604011e+08
1.83000000000000e+00	2.49959770961122e+08
1.84000000000000e+00	2.48065967419389e+08
1.85000000000000e+00	2.46032377175923e+08
1.86000000000000e+00	2.43716376815908e+08
1.87000000000000e+00	2.41142644930388e+08
1.88000000000000e+00	2.38411828634071e+08
1.89000000000000e+00	2.35668442415363e+08
1.90000000000000e+00	2.33092868607579e+08
1.91000000000000e+00	2.30852324248725e+08
1.92000000000000e+00	2.29121329084883e+08
1.93000000000000e+00	2.28029708390367e+08
1.94000000000000e+00	2.27672080856589e+08
1.95000000000000e+00	2.28092695324478e+08
1.96000000000000e+00	2.29291763907319e+08
1.97000000000000e+00	2.31228650919719e+08
1.98000000000000e+00	2.33827233373445e+08
1.99000000000000e+00	2.36983894215106e+08
2.00000000000000e+00	2.40565145633570e+08
2.01000000000000e+00	2.44409896976710e+08
2.02000000000000e+00	2.48335698634513e+08
2.03000000000000e+00	2.52134782926474e+08
2.04000000000000e+00	2.55573235940709e+08
2.05000000000000e+00	2.58409847735549e+08
2.06000000000000e+00	2.60390388465226e+08
2.07000000000000e+00	2.61250928645483e+08
2.08000000000000e+00	2.60729504396625e+08
2.09000000000000e+00	2.58555784489188e+08
2.10000000000000e+00	2.54481555653068e+08
2.11000000000000e+00	2.48313002396914e+08
2.12000000000000e+00	2.39954545015729e+08
2.13000000000000e+00	2.29480083200690e+08
2.14000000000000e+00	2.17165635978885e+08
2.15000000000000e+00	2.03453613552591e+08
2.16000000000000e+00	1.88895321192731e+08
2.17000000000000e+00	1.74022882426439e+08
2.18000000000000e+00	1.59279715662098e+08
2.19000000000000e+00	1.44957327356977e+08
2.20000000000000e+00	1.31221954262165e+08
2.21000000000000e+00	1.18147706798921e+08
2.22000000000000e+00	1.05774612212778e+08
2.23000000000000e+00	9.41649254372143e+07
2.24000000000000e+00	8.34114630611230e+07
2.25000000000000e+00	7.36440913921887e+07
2.26000000000000e+00	6.49825696424026e+07
2.27000000000000e+00	5.75024419115203e+07
2.28000000000000e+00	5.12119901380426e+07
2.29000000000000e+00	4.60512713459768e+07
2.30000000000000e+00	4.19041789013390e+07
2.31000000000000e+00	3.86190456840802e+07
2.32000000000000e+00	3.60272588485853e+07
2.33000000000000e+00	3.39551811893393e+07
2.34000000000000e+00	3.22344803178824e+07
2.35000000000000e+00	3.07137400435479e+07
2.36000000000000e+00	2.92628936296761e+07
2.37000000000000e+00	2.77814236939738e+07
2.38000000000000e+00	2.62003318020887e+07
2.39000000000000e+00	2.44796042211093e+07
2.40000000000000e+00	2.26076871691468e+07
2.41000000000000e+00	2.05978003447410e+07
2.42000000000000e+00	1.84878822754798e+07
2.43000000000000e+00	1.63344303800324e+07
2.44000000000000e+00	1.42059328670825e+07
2.45000000000000e+00	1.21757642243311e+07
2.46000000000000e+00	1.03135587654465e+07
2.47000000000000e+00	8.68124289755589e+06
2.48000000000000e+00	7.32799555136012e+06
2.49000000000000e+00	6.28790780270413e+06
2.50000000000000e+00	5.57607276451996e+06
2.51000000000000e+00	5.18716497868571e+06
2.52000000000000e+00	5.09387442345386e+06
2.53000000000000e+00	5.24800721014051e+06
2.54000000000000e+00	5.58431488847236e+06
2.55000000000000e+00	6.02712136376952e+06
2.56000000000000e+00	6.49863842546761e+06
2.57000000000000e+00	6.92735320628035e+06
2.58000000000000e+00	7.25525374483924e+06
2.59000000000000e+00	7.44230002325621e+06
2.60000000000000e+00	7.46645688586792e+06
2.61000000000000e+00	7.32326595817872e+06
2.62000000000000e+00	7.02245401117886e+06
2.63000000000000e+00	6.58541590239745e+06
2.64000000000000e+00	6.04414504414731e+06
2.65000000000000e+00	5.43807447640111e+06
2.66000000000000e+00	4.80915701988186e+06
2.67000000000000e+00	4.19425724667642e+06
2.68000000000000e+00	3.61905502718270e+06
2.69000000000000e+00	3.09567805922489e+06
2.70000000000000e+00	2.62485009624829e+06
2.71000000000000e+00	2.20052996153449e+06
2.72000000000000e+00	1.81481715256703e+06
2.73000000000000e+00	1.46217373739516e+06
2.74000000000000e+00	1.14196630189862e+06
2.75000000000000e+00	8.59759741734380e+05
2.76000000000000e+00	6.27025943158502e+05
2.77000000000000e+00	4.59856110643506e+05
2.78000000000000e+00	3.76887280611855e+05
2.79000000000000e+00	3.97133047918499e+05
2.80000000000000e+00	5.37797636807153e+05
2.81000000000000e+00	8.12341127543389e+05
2.82000000000000e+00	1.22864688181137e+06
2.83000000000000e+00	1.78740923762400e+06
2.84000000000000e+00	2.48083002997159e+06
2.85000000000000e+00	3.29186827672842e+06
2.86000000000000e+00	4.19434384161540e+06
2.87000000000000e+00	5.15427730783715e+06
2.88000000000000e+00	6.13232848568005e+06
2.89000000000000e+00	7.08668173710050e+06
2.90000000000000e+00	7.97695814182830e+06
2.91000000000000e+00	8.76727382437456e+06
2.92000000000000e+00	9.42844263017865e+06
2.93000000000000e+00	9.94063856448627e+06
2.94000000000000e+00	1.02938587397909e+07
2.95000000000000e+00	1.04888185760399e+07
2.96000000000000e+00	1.05369443473553e+07
2.97000000000000e+00	1.04585324559669e+07
2.98000000000000e+00	1.02810242646093e+07
2.99000000000000e+00	1.00343602087923e+07
3.00000000000000e+00	9.74818699073152e+06
3.01000000000000e+00	9.44799046170170e+06
3.02000000000000e+00	9.15332245077252e+06
3.03000000000000e+00	8.87763911927594e+06
3.04000000000000e+00	8.62877954878831e+06
3.05000000000000e+00	8.41022042797797e+06
3.06000000000000e+00	8.22199134771986e+06
3.07000000000000e+00	8.06238990280616e+06
3.08000000000000e+00	7.92795242197599e+06
3.09000000000000e+00	7.81398586676445e+06
3.10000000000000e+00	7.71518330535236e+06
3.11000000000000e+00	7.62541640356485e+06
3.12000000000000e+00	7.53797214780894e+06
3.13000000000000e+00	7.44548102529201e+06
3.14000000000000e+00	7.34000966622598e+06
3.15000000000000e+00	7.21344271733949e+06
3.16000000000000e+00	7.05890200089982e+06
3.17000000000000e+00	6.87119387761476e+06
3.18000000000000e+00	6.64829808518792e+06
3.19000000000000e+00	6.39211769833008e+06
3.20000000000000e+00	6.10793573197407e+06
3.21000000000000e+00	5.80376495996434e+06
3.22000000000000e+00	5.48809038352887e+06
3.23000000000000e+00	5.16934486046196e+06
3.24000000000000e+00	4.85420615776218e+06
3.25000000000000e+00	4.54808296598878e+06
3.26000000000000e+00	4.25496338525051e+06
3.27000000000000e+00	3.97798287751997e+06
3.28000000000000e+00	3.71948641521573e+06
3.29000000000000e+00	3.48140917889921e+06
3.30000000000000e+00	3.26488555427389e+06
3.31000000000000e+00	3.07042523603873e+06
3.32000000000000e+00	2.89793840877159e+06
3.33000000000000e+00	2.74651741306631e+06
3.34000000000000e+00	2.61447425790873e+06
3.35000000000000e+00	2.49945065757450e+06
3.36000000000000e+00	2.39859879111456e+06
3.37000000000000e+00	2.30872821428704e+06
3.38000000000000e+00	2.22668377135673e+06
3.39000000000000e+00	2.14971228934784e+06
3.40000000000000e+00	2.07562724046103e+06
3.41000000000000e+00	2.00295796340511e+06
3.42000000000000e+00	1.93089495716758e+06
3.43000000000000e+00	1.85919091479531e+06
3.44000000000000e+00	1.78799510163522e+06
3.45000000000000e+00	1.71766676281427e+06
3.46000000000000e+00	1.64865047066700e+06
3.47000000000000e+00	1.58137621669436e+06
3.48000000000000e+00	1.51629628266466e+06
3.49000000000000e+00	1.45375873015345e+06
3.50000000000000e+00	1.39401645609804e+06
3.51000000000000e+00	1.33730027615024e+06
3.52000000000000e+00	1.28374058977621e+06
3.53000000000000e+00	1.23338893283894e+06
3.54000000000000e+00	1.18614228754554e+06
3.55000000000000e+00	1.14172829090755e+06
3.56000000000000e+00	1.09969534629481e+06
3.57000000000000e+00	1.05946032839192e+06
3.58000000000000e+00	1.02033233800164e+06
3.59000000000000e+00	9.81606602742385e+05
3.60000000000000e+00	9.42611966928243e+05
3.61000000000000e+00	9.02767641877734e+05
3.62000000000000e+00	8.61604933471419e+05
3.63000000000000e+00	8.18780204952588e+05
3.64000000000000e+00	7.74131735392010e+05
3.65000000000000e+00	7.27616905928776e+05
3.66000000000000e+00	6.79391479072954e+05
3.67000000000000e+00	6.29718498688673e+05
3.68000000000000e+00	5.79021842962645e+05
3.69000000000000e+00	5.27785988298518e+05
3.70000000000000e+00	4.76545678671479e+05
3.71000000000000e+00	4.25842818600905e+05
3.72000000000000e+00	3.76220049613485e+05
3.73000000000000e+00	3.28197690945166e+05
3.74000000000000e+00	2.82278979710998e+05
3.75000000000000e+00	2.38936999978658e+05
3.76000000000000e+00	1.98588607530875e+05
3.77000000000000e+00	1.61568731871359e+05
3.78000000000000e+00	1.28126969940196e+05
3.79000000000000e+00	9.84224552565530e+04
3.80000000000000e+00	7.25441738115505e+04
3.81000000000000e+00	5.05409043576526e+04
3.82000000000000e+00	3.24487000051067e+04
3.83000000000000e+00	1.83133260847109e+04
3.84000000000000e+00	8.20271155997667e+03
3.85000000000000e+00	2.20965683386164e+03
3.86000000000000e+00	4.42901542244034e+02
3.87000000000000e+00	3.01095305712708e+03
3.88000000000000e+00	1.00003740178548e+04
3.89000000000000e+00	2.14517404253616e+04
3.90000000000000e+00	3.73355263047443e+04
3.91000000000000e+00	5.75309466671556e+04
3.92000000000000e+00	8.18078712845198e+04
3.93000000000000e+00	1.09812733640688e+05
3.94000000000000e+00	1.41065492505259e+05
3.95000000000000e+00	1.74961358039257e+05
3.96000000000000e+00	2.10792297039295e+05
3.97000000000000e+00	2.47784685957632e+05
3.98000000000000e+00	2.85151430541875e+05
3.99000000000000e+00	3.22155695567550e+05
4.00000000000000e+00	3.58153729732992e+05
4.01000000000000e+00	3.92628255573784e+05
4.02000000000000e+00	4.25162167483363e+05
4.03000000000000e+00	4.55399456972857e+05
4.04000000000000e+00	4.82991373661894e+05
4.05000000000000e+00	5.07561133572104e+05
4.06000000000000e+00	5.28667824844247e+05
4.07000000000000e+00	5.45823724169596e+05
4.08000000000000e+00	5.58527000682890e+05
4.09000000000000e+00	5.66284289074231e+05
4.10000000000000e+00	5.68648774082505e+05
4.11000000000000e+00	5.65303509843930e+05
4.12000000000000e+00	5.56037859418499e+05
4.13000000000000e+00	5.40831024628491e+05
4.14000000000000e+00	5.19870842811880e+05
4.15000000000000e+00	4.93573248379718e+05
4.16000000000000e+00	4.62600028883888e+05
4.17000000000000e+00	4.27827577592519e+05
4.18000000000000e+00	3.90330443571215e+05
4.19000000000000e+00	3.51304844590188e+05
4.20000000000000e+00	3.12018101827272e+05
4.21000000000000e+00	2.73749717430795e+05
4.22000000000000e+00	2.37751725832763e+05
4.23000000000000e+00	2.05213581763859e+05
4.24000000000000e+00	1.77243459182943e+05
4.25000000000000e+00	1.54848206130977e+05
4.26000000000000e+00	1.38911800516729e+05
4.27000000000000e+00	1.30170770681854e+05
4.28000000000000e+00	1.29196748914611e+05
4.29000000000000e+00	1.36381499427580e+05
4.30000000000000e+00	1.51941099538295e+05
4.31000000000000e+00	1.75927593321435e+05
4.32000000000000e+00	2.08244976820374e+05
4.33000000000000e+00	2.48654726307101e+05
4.34000000000000e+00	2.96767502597420e+05
4.35000000000000e+00	3.52023582646604e+05
4.36000000000000e+00	4.13653334609286e+05
4.37000000000000e+00	4.80628988399052e+05
4.38000000000000e+00	5.51675194229267e+05
4.39000000000000e+00	6.25215589149923e+05
4.40000000000000e+00	6.99398485121321e+05
4.41000000000000e+00	7.72151026725073e+05
4.42000000000000e+00	8.41239674757734e+05
4.43000000000000e+00	9.04372318362023e+05
4.44000000000000e+00	9.59421659464479e+05
4.45000000000000e+00	1.00453710797530e+06
4.46000000000000e+00	1.03837442971617e+06
4.47000000000000e+00	1.06019902955050e+06
4.48000000000000e+00	1.06997862381329e+06
4.49000000000000e+00	1.06836144301373e+06
4.50000000000000e+00	1.05657917651952e+06
4.51000000000000e+00	1.03629973151358e+06
4.52000000000000e+00	1.00945954020551e+06
4.53000000000000e+00	9.78099578304962e+05
4.54000000000000e+00	9.44224925060055e+05
4.55000000000000e+00	9.09671020994180e+05
4.56000000000000e+00	8.76044878057630e+05
4.57000000000000e+00	8.44727685662537e+05
4.58000000000000e+00	8.16832165674533e+05
4.59000000000000e+00	7.93244195503327e+05
4.60000000000000e+00	7.74659932582211e+05
4.61000000000000e+00	7.61615522203219e+05
4.62000000000000e+00	7.54500040933987e+05
4.63000000000000e+00	7.53597315839243e+05
4.64000000000000e+00	7.59076740852200e+05
4.65000000000000e+00	7.71021045972561e+05
4.66000000000000e+00	7.89410225930318e+05
4.67000000000000e+00	8.14162638574368e+05
4.68000000000000e+00	8.45089744197697e+05
4.69000000000000e+00	8.81931433656971e+05
4.70000000000000e+00	9.24346933347920e+05
4.71000000000000e+00	9.71884190355221e+05
4.72000000000000e+00	1.02399200221605e+06
4.73000000000000e+00	1.08001579305936e+06
4.74000000000000e+00	1.13925606582689e+06
4.75000000000000e+00	1.20094168762144e+06
4.76000000000000e+00	1.26434836679593e+06
4.77000000000000e+00	1.32878082961259e+06
4.78000000000000e+00	1.39365688412774e+06
4.79000000000000e+00	1.45846262508301e+06
4.80000000000000e+00	1.52279387775604e+06
4.81000000000000e+00	1.58623313228732e+06
4.82000000000000e+00	1.64838149689532e+06
4.83000000000000e+00	1.70879446761346e+06
4.84000000000000e+00	1.76697361734188e+06
4.85000000000000e+00	1.82231966852724e+06
4.86000000000000e+00	1.87416543615213e+06
4.87000000000000e+00	1.92172955444523e+06
4.88000000000000e+00	1.96414846572722e+06
4.89000000000000e+00	2.00040153560676e+06
4.90000000000000e+00	2.02943634782017e+06
4.91000000000000e+00	2.05005506679465e+06
4.92000000000000e+00	2.06121737879126e+06
4.93000000000000e+00	2.06191282074124e+06
4.94000000000000e+00	2.05140883387469e+06
4.95000000000000e+00	2.02935222654843e+06
4.96000000000000e+00	1.99575507557003e+06
4.97000000000000e+00	1.95111628251040e+06
4.98000000000000e+00	1.89640738331717e+06
4.99000000000000e+00	1.83306672477041e+06
5.00000000000000e+00	1.76292886532329e+06
5.01000000000000e+00	1.68810911720223e+06
5.02000000000000e+00	1.61089373328829e+06
5.03000000000000e+00	1.53360219821379e+06
5.04000000000000e+00	1.45833017280265e+06
5.05000000000000e+00	1.38679859333108e+06
5.06000000000000e+00	1.32022388698611e+06
5.07000000000000e+00	1.25914314388720e+06
5.08000000000000e+00	1.20343948506102e+06
5.09000000000000e+00	1.15236554809056e+06
5.10000000000000e+00	1.10468468203458e+06
5.11000000000000e+00	1.05886319635448e+06
5.12000000000000e+00	1.01324866887828e+06
5.13000000000000e+00	9.66316829440518e+05
5.14000000000000e+00	9.16840908208689e+05
5.15000000000000e+00	8.64021167782035e+05
5.16000000000000e+00	8.07560284595905e+05
5.17000000000000e+00	7.47724657667413e+05
5.18000000000000e+00	6.85254807946776e+05
5.19000000000000e+00	6.21304246561053e+05
5.20000000000000e+00	5.57314817214948e+05
5.21000000000000e+00	4.94824188891764e+05
5.22000000000000e+00	4.35333283372085e+05
5.23000000000000e+00	3.80166525827253e+05
5.24000000000000e+00	3.30345614516500e+05
5.25000000000000e+00	2.86533463500535e+05
5.26000000000000e+00	2.49032196692233e+05
5.27000000000000e+00	2.17797153191272e+05
5.28000000000000e+00	1.92510920980210e+05
5.29000000000000e+00	1.72644541300746e+05
5.30000000000000e+00	1.57551500237268e+05
5.31000000000000e+00	1.46522281902168e+05
5.32000000000000e+00	1.38848773503977e+05
5.33000000000000e+00	1.33866530520834e+05
5.34000000000000e+00	1.30967079627250e+05
5.35000000000000e+00	1.29617087709246e+05
5.36000000000000e+00	1.29352242803518e+05
5.37000000000000e+00	1.29770580677778e+05
5.38000000000000e+00	1.30520516708806e+05
5.39000000000000e+00	1.31292053852846e+05
5.40000000000000e+00	1.31805939793577e+05
5.41000000000000e+00	1.31802273689071e+05
5.42000000000000e+00	1.31049065237298e+05
5.43000000000000e+00	1.29335566135420e+05
5.44000000000000e+00	1.26487599804802e+05
5.45000000000000e+00	1.22375896664301e+05
5.46000000000000e+00	1.16937021028770e+05
5.47000000000000e+00	1.10181524807914e+05
5.48000000000000e+00	1.02206247866613e+05
5.49000000000000e+00	9.32011270967185e+04
5.50000000000000e+00	8.34325258104152e+04
5.51000000000000e+00	7.32381416808136e+04
5.52000000000000e+00	6.29926387721689e+04
5.53000000000000e+00	5.30795188271344e+04
5.54000000000000e+00	4.38565503439369e+04
5.55000000000000e+00	3.56260831191892e+04
5.56000000000000e+00	2.86186766217680e+04
5.57000000000000e+00	2.29830622059626e+04
5.58000000000000e+00	1.87891492595003e+04
5.59000000000000e+00	1.60384558020329e+04
5.60000000000000e+00	1.46794700108578e+04
5.61000000000000e+00	1.46247038801146e+04
5.62000000000000e+00	1.57659226091972e+04
5.63000000000000e+00	1.79874111824775e+04
5.64000000000000e+00	2.11740775830647e+04
5.65000000000000e+00	2.52166848779999e+04
5.66000000000000e+00	3.00140239084452e+04
5.67000000000000e+00	3.54719366594741e+04
5.68000000000000e+00	4.15039589818007e+04
5.69000000000000e+00	4.80287004486667e+04
5.70000000000000e+00	5.49760586747837e+04
5.71000000000000e+00	6.22838387203622e+04
5.72000000000000e+00	6.99032951258676e+04
5.73000000000000e+00	7.78036062794057e+04
5.74000000000000e+00	8.59639732353089e+04
5.75000000000000e+00	9.43782610734147e+04
5.76000000000000e+00	1.03045797640036e+05
5.77000000000000e+00	1.11968113115720e+05
5.78000000000000e+00	1.21138262103594e+05
5.79000000000000e+00	1.30536797265761e+05
5.80000000000000e+00	1.40124547772887e+05
5.81000000000000e+00	1.49837604707782e+05
5.82000000000000e+00	1.59578241235915e+05
5.83000000000000e+00	1.69224838945403e+05
5.84000000000000e+00	1.78621087875225e+05
5.85000000000000e+00	1.87600751256869e+05
5.86000000000000e+00	1.95985682669162e+05
5.87000000000000e+00	2.03606817214698e+05
5.88000000000000e+00	2.10323153630943e+05
5.89000000000000e+00	2.16020888031429e+05
5.90000000000000e+00	2.20642457494983e+05
5.91000000000000e+00	2.24168458464962e+05
5.92000000000000e+00	2.26623775115803e+05
5.93000000000000e+00	2.28061601664867e+05
5.94000000000000e+00	2.28560663009712e+05
5.95000000000000e+00	2.28206063967753e+05
5.96000000000000e+00	2.27084754702946e+05
5.97000000000000e+00	2.25286601350478e+05
5.98000000000000e+00	2.22887556897880e+05
5.99000000000000e+00	2.19958542281076e+05
6.00000000000000e+00	2.16552536295754e+05
6.01000000000000e+00	2.12716191639467e+05
6.02000000000000e+00	2.08485226671932e+05
6.03000000000000e+00	2.03887213086755e+05
6.04000000000000e+00	1.98945071501532e+05
6.05000000000000e+00	1.93677442587132e+05
6.06000000000000e+00	1.88095482583264e+05
6.07000000000000e+00	1.82207731266268e+05
6.08000000000000e+00	1.76016819646999e+05
6.09000000000000e+00	1.69524556612472e+05
6.10000000000000e+00	1.62735849109257e+05
6.11000000000000e+00	1.55664469521870e+05
6.12000000000000e+00	1.48332324085109e+05
6.13000000000000e+00	1.40780134267863e+05
6.14000000000000e+00	1.33060160732222e+05
6.15000000000000e+00	1.25246713228100e+05
6.16000000000000e+00	1.17422627246192e+05
6.17000000000000e+00	1.09682694666270e+05
6.18000000000000e+00	1.02133752115336e+05
6.19000000000000e+00	9.48775418308959e+04
6.20000000000000e+00	8.80204250031047e+04
6.21000000000000e+00	8.16516264330274e+04
6.22000000000000e+00	7.58514533003454e+04
6.23000000000000e+00	7.06772374682785e+04
6.24000000000000e+00	6.61682416415191e+04
6.25000000000000e+00	6.23424950241006e+04
6.26000000000000e+00	5.91982739207352e+04
6.27000000000000e+00	5.67184069031784e+04
6.28000000000000e+00	5.48677110760261e+04
6.29000000000000e+00	5.36003576866157e+04
6.30000000000000e+00	5.28591051090405e+04
6.31000000000000e+00	5.25795469790014e+04
6.32000000000000e+00	5.26907465514393e+04
6.33000000000000e+00	5.31226506511252e+04
6.34000000000000e+00	5.38033250479188e+04
6.35000000000000e+00	5.46679395415164e+04
6.36000000000000e+00	5.56575377393004e+04
6.37000000000000e+00	5.67232123838132e+04
6.38000000000000e+00	5.78265170693903e+04
6.39000000000000e+00	5.89418362446269e+04
6.40000000000000e+00	6.00544809552786e+04
6.41000000000000e+00	6.11606081510860e+04
6.42000000000000e+00	6.22640174119657e+04
6.43000000000000e+00	6.33760512365162e+04
6.44000000000000e+00	6.45079655562131e+04
6.45000000000000e+00	6.56649867397325e+04
6.46000000000000e+00	6.68473796845926e+04
6.47000000000000e+00	6.80397960671353e+04
6.48000000000000e+00	6.92139363675851e+04
6.49000000000000e+00	7.03266124996078e+04
6.50000000000000e+00	7.13244962180549e+04
6.51000000000000e+00	7.21451775291805e+04
6.52000000000000e+00	7.27277773268012e+04
6.53000000000000e+00	7.30167387885974e+04
6.54000000000000e+00	7.29686750869322e+04
6.55000000000000e+00	7.25577518241144e+04
6.56000000000000e+00	7.17827085057777e+04
6.57000000000000e+00	7.06654369852711e+04
6.58000000000000e+00	6.92525010874668e+04
6.59000000000000e+00	6.76108219529747e+04
6.60000000000000e+00	6.58220178018084e+04
6.61000000000000e+00	6.39706387477142e+04
6.62000000000000e+00	6.21389657111841e+04
6.63000000000000e+00	6.03949947676385e+04
6.64000000000000e+00	5.87939190222563e+04
6.65000000000000e+00	5.73682852401004e+04
6.66000000000000e+00	5.61347816130812e+04
6.67000000000000e+00	5.50905810841467e+04
6.68000000000000e+00	5.42213054202423e+04
6.69000000000000e+00	5.35000134366142e+04
6.70000000000000e+00	5.28946763074589e+04
6.71000000000000e+00	5.23721845634055e+04
6.72000000000000e+00	5.18985831034561e+04
6.73000000000000e+00	5.14429867315765e+04
6.74000000000000e+00	5.09815291351196e+04
6.75000000000000e+00	5.04931895730784e+04
6.76000000000000e+00	4.99644227193454e+04
6.77000000000000e+00	4.93867104682436e+04
6.78000000000000e+00	4.87576338411505e+04
6.79000000000000e+00	4.80824433164396e+04
6.80000000000000e+00	4.73711750056209e+04
6.81000000000000e+00	4.66423569298410e+04
6.82000000000000e+00	4.59231335305737e+04
6.83000000000000e+00	4.52499359707188e+04
6.84000000000000e+00	4.46657521912148e+04
6.85000000000000e+00	4.42222006993894e+04
6.86000000000000e+00	4.39737527911520e+04
6.87000000000000e+00	4.39817649537340e+04
6.88000000000000e+00	4.43051650998398e+04
6.89000000000000e+00	4.50013414093782e+04
6.90000000000000e+00	4.61218140029883e+04
6.91000000000000e+00	4.77100729469405e+04
6.92000000000000e+00	4.97970913256891e+04
6.93000000000000e+00	5.24023596953768e+04
6.94000000000000e+00	5.55297148580032e+04
6.95000000000000e+00	5.91692701466293e+04
6.96000000000000e+00	6.32962882579964e+04
6.97000000000000e+00	6.78733172609458e+04
6.98000000000000e+00	7.28527236208010e+04
6.99000000000000e+00	7.81800449763233e+04
7.00000000000000e+00	8.37990010128244e+04
7.01000000000000e+00	8.96565003000585e+04
7.02000000000000e+00	9.57058094662657e+04
7.03000000000000e+00	1.01911525984748e+05
7.04000000000000e+00	1.08247057921330e+05
7.05000000000000e+00	1.14692869769047e+05
7.06000000000000e+00	1.21236172350103e+05
7.07000000000000e+00	1.27861764338125e+05
7.08000000000000e+00	1.34544964505708e+05
7.09000000000000e+00	1.41249200525012e+05
7.10000000000000e+00	1.47920889727876e+05
7.11000000000000e+00	1.54488645542659e+05
7.12000000000000e+00	1.60864699229279e+05
7.13000000000000e+00	1.66949374346438e+05
7.14000000000000e+00	1.72634316688100e+05
7.15000000000000e+00	1.77811350020861e+05
7.16000000000000e+00	1.82378957407298e+05
7.17000000000000e+00	1.86249910084852e+05
7.18000000000000e+00	1.89361335219631e+05
7.19000000000000e+00	1.91676980052327e+05
7.20000000000000e+00	1.93197658867547e+05
7.21000000000000e+00	1.93949890924366e+05
7.22000000000000e+00	1.93992950018270e+05
7.23000000000000e+00	1.93408313152723e+05
7.24000000000000e+00	1.92283057387199e+05
7.25000000000000e+00	1.90720102326726e+05
7.26000000000000e+00	1.88810418237232e+05
7.27000000000000e+00	1.86644188713834e+05
7.28000000000000e+00	1.84291543625652e+05
7.29000000000000e+00	1.81815745904929e+05
7.30000000000000e+00	1.79259416545874e+05
7.31000000000000e+00	1.76647768391694e+05
7.32000000000000e+00	1.73997512801382e+05
7.33000000000000e+00	1.71311626716272e+05
7.34000000000000e+00	1.68585513828365e+05
7.35000000000000e+00	1.65812316023237e+05
7.36000000000000e+00	1.62977967821183e+05
7.37000000000000e+00	1.60078584793034e+05
7.38000000000000e+00	1.57107719806802e+05
7.39000000000000e+00	1.54066583063969e+05
7.40000000000000e+00	1.50967804083058e+05
7.41000000000000e+00	1.47832393790865e+05
7.42000000000000e+00	1.44695066814156e+05
7.43000000000000e+00	1.41606530050665e+05
7.44000000000000e+00	1.38621702670409e+05
7.45000000000000e+00	1.35805278787733e+05
7.46000000000000e+00	1.33223061056775e+05
7.47000000000000e+00	1.30937008796770e+05
7.48000000000000e+00	1.29002575347269e+05
7.49000000000000e+00	1.27454816986435e+05
7.50000000000000e+00	1.26314949646612e+05
7.51000000000000e+00	1.25578936487901e+05
7.52000000000000e+00	1.25220770021040e+05
7.53000000000000e+00	1.25193937142272e+05
7.54000000000000e+00	1.25436052264522e+05
7.55000000000000e+00	1.25871503999975e+05
7.56000000000000e+00	1.26423901327851e+05
7.57000000000000e+00	1.27016327546024e+05
7.58000000000000e+00	1.27581981011545e+05
7.59000000000000e+00	1.28070297713478e+05
7.60000000000000e+00	1.28444566826786e+05
7.61000000000000e+00	1.28689767738681e+05
7.62000000000000e+00	1.28809136926435e+05
7.63000000000000e+00	1.28818382264287e+05
7.64000000000000e+00	1.28749241112476e+05
7.65000000000000e+00	1.28635734175571e+05
7.66000000000000e+00	1.28515598406735e+05
7.67000000000000e+00	1.28428210350023e+05
7.68000000000000e+00	1.28407097087298e+05
7.69000000000000e+00	1.28477778229763e+05
7.70000000000000e+00	1.28659477082093e+05
7.71000000000000e+00	1.28961677899042e+05
7.72000000000000e+00	1.29383082987392e+05
7.73000000000000e+00	1.29913230037419e+05
7.74000000000000e+00	1.30541490389260e+05
7.75000000000000e+00	1.31245430867306e+05
7.76000000000000e+00	1.32003016201569e+05
7.77000000000000e+00	1.32785733388086e+05
7.78000000000000e+00	1.33560621013942e+05
7.79000000000000e+00	1.34294772935442e+05
7.80000000000000e+00	1.34952361985708e+05
7.81000000000000e+00	1.35502114704192e+05
7.82000000000000e+00	1.35919311308942e+05
7.83000000000000e+00	1.36190029248513e+05
7.84000000000000e+00	1.36308830226169e+05
7.85000000000000e+00	1.36278836015185e+05
7.86000000000000e+00	1.36112765641745e+05
7.87000000000000e+00	1.35829005491846e+05
7.88000000000000e+00	1.35452761886957e+05
7.89000000000000e+00	1.35006074096453e+05
7.90000000000000e+00	1.34519670638799e+05
7.91000000000000e+00	1.34014572726892e+05
7.92000000000000e+00	1.33514789666985e+05
7.93000000000000e+00	1.33036681458981e+05
7.94000000000000e+00	1.32588711417395e+05
7.95000000000000e+00	1.32174838748332e+05
7.96000000000000e+00	1.31789469763494e+05
7.97000000000000e+00	1.31420531639134e+05
7.98000000000000e+00	1.31055224876286e+05
7.99000000000000e+00	1.30681451323737e+05
8.00000000000000e+00	1.30287248654725e+05
8.01000000000000e+00	1.29865538525413e+05
8.02000000000000e+00	1.29417407198506e+05
8.03000000000000e+00	1.28944908187304e+05
8.04000000000000e+00	1.28450805609692e+05
8.05000000000000e+00	1.27947165610639e+05
8.06000000000000e+00	1.27437897955452e+05
8.07000000000000e+00	1.26929800549911e+05
8.08000000000000e+00	1.26427871407894e+05
8.09000000000000e+00	1.25930533995090e+05
8.10000000000000e+00	1.25431180891171e+05
8.11000000000000e+00	1.24921501718381e+05
8.12000000000000e+00	1.24384803341659e+05
8.13000000000000e+00	1.23804152890516e+05
8.14000000000000e+00	1.23154503324543e+05
8.15000000000000e+00	1.22416817068453e+05
8.16000000000000e+00	1.21566688913286e+05
8.17000000000000e+00	1.20589443989295e+05
8.18000000000000e+00	1.19476855868573e+05
8.19000000000000e+00	1.18228294765261e+05
8.20000000000000e+00	1.16855292793030e+05
8.21000000000000e+00	1.15377670709284e+05
8.22000000000000e+00	1.13830584323653e+05
8.23000000000000e+00	1.12251258308056e+05
8.24000000000000e+00	1.10688210548113e+05
8.25000000000000e+00	1.09191930983654e+05
8.26000000000000e+00	1.07807804737957e+05
8.27000000000000e+00	1.06577479799998e+05
8.28000000000000e+00	1.05537064189041e+05
8.29000000000000e+00	1.04704704090897e+05
8.30000000000000e+00	1.04097055968563e+05
8.31000000000000e+00	1.03714035885417e+05
8.32000000000000e+00	1.03547669303422e+05
8.33000000000000e+00	1.03581924114597e+05
8.34000000000000e+00	1.03793500059063e+05
8.35000000000000e+00	1.04149164190244e+05
8.36000000000000e+00	1.04613581872601e+05
8.37000000000000e+00	1.05148586947715e+05
8.38000000000000e+00	1.05711933411781e+05
8.39000000000000e+00	1.06259166271748e+05
8.40000000000000e+00	1.06750241267733e+05
8.41000000000000e+00	1.07142917034247e+05
8.42000000000000e+00	1.07403629502504e+05
8.43000000000000e+00	1.07501224127502e+05
8.44000000000000e+00	1.07413441995278e+05
8.45000000000000e+00	1.07122588612891e+05
8.46000000000000e+00	1.06618861214921e+05
8.47000000000000e+00	1.05898836355473e+05
8.48000000000000e+00	1.04971027366881e+05
8.49000000000000e+00	1.03852272579623e+05
8.50000000000000e+00	1.02570790323837e+05
8.51000000000000e+00	1.01161601124135e+05
8.52000000000000e+00	9.96690675351723e+04
8.53000000000000e+00	9.81382438310609e+04
8.54000000000000e+00	9.66151659223757e+04
8.55000000000000e+00	9.51408132003318e+04
8.56000000000000e+00	9.37524713721774e+04
8.57000000000000e+00	9.24807859023028e+04
8.58000000000000e+00	9.13464690072096e+04
8.59000000000000e+00	9.03672645854307e+04
8.60000000000000e+00	8.95502843341662e+04
8.61000000000000e+00	8.88987847867362e+04
8.62000000000000e+00	8.84047017378003e+04
8.63000000000000e+00	8.80597690894955e+04
8.64000000000000e+00	8.78503330612996e+04
8.65000000000000e+00	8.77588175891501e+04
8.66000000000000e+00	8.77658029760671e+04
8.67000000000000e+00	8.78495977896768e+04
8.68000000000000e+00	8.79917786464203e+04
8.69000000000000e+00	8.81689621983710e+04
8.70000000000000e+00	8.83636042649218e+04
8.71000000000000e+00	8.85559499029113e+04
8.72000000000000e+00	8.87304599887890e+04
8.73000000000000e+00	8.88709939122229e+04
8.74000000000000e+00	8.89687838539910e+04
8.75000000000000e+00	8.90116232440984e+04
8.76000000000000e+00	8.89934941927055e+04
8.77000000000000e+00	8.89116404263912e+04
8.78000000000000e+00	8.87674502477933e+04
8.79000000000000e+00	8.85641573983211e+04
8.80000000000000e+00	8.83101340303347e+04
8.81000000000000e+00	8.80226356378088e+04
8.82000000000000e+00	8.77147576276709e+04
8.83000000000000e+00	8.74053114083822e+04
8.84000000000000e+00	8.71101574739796e+04
8.85000000000000e+00	8.68434156084035e+04
8.86000000000000e+00	8.66157607977915e+04
8.87000000000000e+00	8.64328375732910e+04
8.88000000000000e+00	8.62945983261343e+04
8.89000000000000e+00	8.61963287369809e+04
8.90000000000000e+00	8.61289954714412e+04
8.91000000000000e+00	8.60840665575906e+04
8.92000000000000e+00	8.60455983345777e+04
8.93000000000000e+00	8.60047498032816e+04
8.94000000000000e+00	8.59491556505718e+04
8.95000000000000e+00	8.58729763898849e+04
8.96000000000000e+00	8.57725093022444e+04
8.97000000000000e+00	8.56445374845312e+04
8.98000000000000e+00	8.54911662555704e+04
8.99000000000000e+00	8.53152422111784e+04
9.00000000000000e+00	8.51231382788917e+04
9.01000000000000e+00	8.49261186666317e+04
9.02000000000000e+00	8.47345089541133e+04
9.03000000000000e+00	8.45579093079054e+04
9.04000000000000e+00	8.44039056181811e+04
9.05000000000000e+00	8.42786827138236e+04
9.06000000000000e+00	8.41835898804289e+04
9.07000000000000e+00	8.41126490857853e+04
9.08000000000000e+00	8.40601590463827e+04
9.09000000000000e+00	8.40207472880366e+04
9.10000000000000e+00	8.39857364652571e+04
9.11000000000000e+00	8.39520923553531e+04
9.12000000000000e+00	8.39138003578478e+04
9.13000000000000e+00	8.38684762066729e+04
9.14000000000000e+00	8.38160032867918e+04
9.15000000000000e+00	8.37553410176653e+04
9.16000000000000e+00	8.36883462679046e+04
9.17000000000000e+00	8.36166255973111e+04
9.18000000000000e+00	8.35412161089508e+04
9.19000000000000e+00	8.34657495487371e+04
9.20000000000000e+00	8.33871240670078e+04
9.21000000000000e+00	8.33102203297217e+04
9.22000000000000e+00	8.32273548661363e+04
9.23000000000000e+00	8.31402428112383e+04
9.24000000000000e+00	8.30397659641427e+04
9.25000000000000e+00	8.29224866472157e+04
9.26000000000000e+00	8.27810555235424e+04
9.27000000000000e+00	8.26100153313030e+04
9.28000000000000e+00	8.24049174973627e+04
9.29000000000000e+00	8.21670850854286e+04
9.30000000000000e+00	8.18956264737717e+04
9.31000000000000e+00	8.15971267405551e+04
9.32000000000000e+00	8.12798395175196e+04
9.33000000000000e+00	8.09500625899296e+04
9.34000000000000e+00	8.06194381977954e+04
9.35000000000000e+00	8.02951822503554e+04
9.36000000000000e+00	7.99868771310816e+04
9.37000000000000e+00	7.97015592231877e+04
9.38000000000000e+00	7.94414405189948e+04
9.39000000000000e+00	7.92115435903142e+04
9.40000000000000e+00	7.90103918605531e+04
9.41000000000000e+00	7.88367570179514e+04
9.42000000000000e+00	7.86905632805565e+04
9.43000000000000e+00	7.85655889751447e+04
9.44000000000000e+00	7.84600916962927e+04
9.45000000000000e+00	7.83682530433438e+04
9.46000000000000e+00	7.82849952538522e+04
9.47000000000000e+00	7.82055828004996e+04
9.48000000000000e+00	7.81284232265112e+04
9.49000000000000e+00	7.80481501614265e+04
9.50000000000000e+00	7.79678191630041e+04
9.51000000000000e+00	7.78830398303431e+04
9.52000000000000e+00	7.77938710619062e+04
9.53000000000000e+00	7.76979748278656e+04
9.54000000000000e+00	7.75923753190380e+04
9.55000000000000e+00	7.74709284733344e+04
9.56000000000000e+00	7.73340187662809e+04
9.57000000000000e+00	7.71830479639543e+04
9.58000000000000e+00	7.70257674282091e+04
9.59000000000000e+00	7.68748179167741e+04
9.60000000000000e+00	7.67386016839098e+04
9.61000000000000e+00	7.66285647409088e+04
9.62000000000000e+00	7.65471459405937e+04
9.63000000000000e+00	7.64932909242109e+04
9.64000000000000e+00	7.64617337409554e+04
9.65000000000000e+00	7.64460439517773e+04
9.66000000000000e+00	7.64406858741415e+04
9.67000000000000e+00	7.64417856186947e+04
9.68000000000000e+00	7.64472708800490e+04
9.69000000000000e+00	7.64553878566790e+04
9.70000000000000e+00	7.64651354162770e+04
9.71000000000000e+00	7.64768212864520e+04
9.72000000000000e+00	7.64878194159869e+04
9.73000000000000e+00	7.64977138544157e+04
9.74000000000000e+00	7.65052274429271e+04
9.75000000000000e+00	7.65084843982706e+04
9.76000000000000e+00	7.65064491045149e+04
9.77000000000000e+00	7.64966401711770e+04
9.78000000000000e+00	7.64776006734686e+04
9.79000000000000e+00	7.64491489963380e+04
9.80000000000000e+00	7.64099499527647e+04
9.81000000000000e+00	7.63602796431184e+04
9.82000000000000e+00	7.63010131336308e+04
9.83000000000000e+00	7.62317942357297e+04
9.84000000000000e+00	7.61538051396895e+04
9.85000000000000e+00	7.60673307281956e+04
9.86000000000000e+00	7.59733883398029e+04
9.87000000000000e+00	7.58746831133520e+04
9.88000000000000e+00	7.57780575397348e+04
9.89000000000000e+00	7.57046784959618e+04
9.90000000000000e+00	7.57043961247545e+04
9.91000000000000e+00	7.58873157328421e+04
9.92000000000000e+00	7.64694278694188e+04
9.93000000000000e+00	7.78324769984935e+04
9.94000000000000e+00	8.05988503444036e+04
9.95000000000000e+00	8.57504323914244e+04
9.96000000000000e+00	9.48597438793426e+04
9.97000000000000e+00	1.10614954594049e+05
9.98000000000000e+00	1.38052836100792e+05
9.99000000000000e+00	1.87644458801347e+05
1.00000000000000e+01	2.83942677722573e+05
1.00100000000000e+01	4.89545907212728e+05
1.00200000000000e+01	9.00645257373468e+05
1.00300000000000e+01	1.07299467261919e+06
1.00400000000000e+01	5.73793007535607e+05
1.00500000000000e+01	2.63744658317203e+05
1.00600000000000e+01	1.36921317012773e+05
1.00700000000000e+01	7.99351169029691e+04
1.00800000000000e+01	5.08930861956478e+04
1.00900000000000e+01	3.45283166348684e+04
1.01000000000000e+01	2.45739055282199e+04
1.01100000000000e+01	1.81510867739225e+04
1.01200000000000e+01	1.38096507662622e+04
1.01300000000000e+01	1.07633402029230e+04
1.01400000000000e+01	8.55893266444421e+03
1.01500000000000e+01	6.92222976232948e+03
1.01600000000000e+01	5.68027045079898e+03
1.01700000000000e+01	4.72000149262808e+03
1.01800000000000e+01	3.96533978796134e+03
1.01900000000000e+01	3.36374078163026e+03
1.02000000000000e+01	2.87809800547699e+03
1.02100000000000e+01	2.48158689509576e+03
1.02200000000000e+01	2.15459764555118e+03
1.02300000000000e+01	1.88246410448715e+03
1.02400000000000e+01	1.65412709626616e+03
1.02500000000000e+01	1.46109907555830e+03
1.02600000000000e+01	1.29679974738685e+03
1.02700000000000e+01	1.15607530046368e+03
1.02800000000000e+01	1.03485602547321e+03
1.02900000000000e+01	9.29878973491736e+02
1.03000000000000e+01	8.38520370957574e+02
1.03100000000000e+01	7.58646087342477e+02
1.03200000000000e+01	6.88512338322877e+02
1.03300000000000e+01	6.26689492805697e+02
1.03400000000000e+01	5.71977542373416e+02
1.03500000000000e+01	5.23389646174800e+02
1.03600000000000e+01	4.80090839591917e+02
1.03700000000000e+01	4.41383373572169e+02
1.03800000000000e+01	4.06669655505389e+02
1.03900000000000e+01	3.75452881395713e+02
1.04000000000000e+01	3.47298616757288e+02
1.04100000000000e+01	3.21840082260495e+02
1.04200000000000e+01	2.98763999673232e+02
1.04300000000000e+01	2.77796790914375e+02
1.04400000000000e+01	2.58705459040508e+02
1.04500000000000e+01	2.41285646825738e+02
1.04600000000000e+01	2.25359161598340e+02
1.04700000000000e+01	2.10771282225985e+02
1.04800000000000e+01	1.97386263800288e+02
1.04900000000000e+01	1.85084940233977e+02
1.05000000000000e+01	1.73760693301174e+02
1.05100000000000e+01	1.63321079122672e+02
1.05200000000000e+01	1.53682828325917e+02
1.05300000000000e+01	1.44770533089049e+02
1.05400000000000e+01	1.36519613633354e+02
1.05500000000000e+01	1.28870040439203e+02
1.05600000000000e+01	1.21769098963749e+02
1.05700000000000e+01	1.15168297643870e+02
1.05800000000000e+01	1.09024864943090e+02
1.05900000000000e+01	1.03300275743046e+02
1.06000000000000e+01	9.79596927086397e+01
1.06100000000000e+01	9.29714251743513e+01
1.06200000000000e+01	8.83072278365076e+01
1.06300000000000e+01	8.39408575369716e+01
1.06400000000000e+01	7.98491825843643e+01
1.06500000000000e+01	7.60105947442592e+01
1.06600000000000e+01	7.24061357234529e+01
1.06700000000000e+01	6.90179199594517e+01
1.06800000000000e+01	6.58298676974508e+01
1.06900000000000e+01	6.28277498655659e+01
1.07000000000000e+01	5.99976938717795e+01
1.07100000000000e+01	5.73278513103947e+01
1.07200000000000e+01	5.48073199408472e+01
1.07300000000000e+01	5.24260065960579e+01
1.07400000000000e+01	5.01746070801970e+01
1.07500000000000e+01	4.80444332355458e+01
1.07600000000000e+01	4.60284411822599e+01
1.07700000000000e+01	4.41188762007147e+01
1.07800000000000e+01	4.23097812179785e+01
1.07900000000000e+01	4.05945912326554e+01
1.08000000000000e+01	3.89679791711730e+01
1.08100000000000e+01	3.74242068644321e+01
1.08200000000000e+01	3.59586477275624e+01
1.08300000000000e+01	3.45663746811141e+01
1.08400000000000e+01	3.32430437182347e+01
1.08500000000000e+01	3.19842134267599e+01
1.08600000000000e+01	3.07861881033932e+01
1.08700000000000e+01	2.96452909357235e+01
1.08800000000000e+01	2.85579818870201e+01
1.08900000000000e+01	2.75209670125852e+01
1.09000000000000e+01	2.65312722329115e+01
1.09100000000000e+01	2.55862323055341e+01
1.09200000000000e+01	2.46830866033959e+01
1.09300000000000e+01	2.38193748975220e+01
1.09400000000000e+01	2.29926962067215e+01
1.09500000000000e+01	2.22012975115443e+01
1.09600000000000e+01	2.14429572314469e+01
1.09700000000000e+01	2.07161298698245e+01
1.09800000000000e+01	2.00188611807241e+01
1.09900000000000e+01	1.93498272978518e+01
1.10000000000000e+01	1.87076439453340e+01
1.10100000000000e+01	1.80910914344627e+01
1.10200000000000e+01	1.74990999921214e+01
1.10300000000000e+01	1.69306731253297e+01
1.10400000000000e+01	1.63848552681026e+01
1.10500000000000e+01	1.58608871691986e+01
1.10600000000000e+01	1.53581651750041e+01
1.10700000000000e+01	1.48756447074277e+01
1.10800000000000e+01	1.44128219345886e+01
1.10900000000000e+01	1.39689074375877e+01
1.11000000000000e+01	1.35432107249500e+01
1.11100000000000e+01	1.31349507521481e+01
1.11200000000000e+01	1.27432517175192e+01
1.11300000000000e+01	1.23674430232098e+01
1.11400000000000e+01	1.20067159986035e+01
1.11500000000000e+01	1.16602667715487e+01
1.11600000000000e+01	1.13272817300098e+01
1.11700000000000e+01	1.10071083165847e+01
1.11800000000000e+01	1.06989768464668e+01
1.11900000000000e+01	1.04022055600413e+01
1.12000000000000e+01	1.01160874126458e+01
1.12100000000000e+01	9.84018967168464e+00
1.12200000000000e+01	9.57394737225267e+00
1.12300000000000e+01	9.31678575179446e+00
1.12400000000000e+01	9.06827822743330e+00
1.12500000000000e+01	8.82808255394179e+00
1.12600000000000e+01	8.59577575221959e+00
1.12700000000000e+01	8.37103207319007e+00
1.12800000000000e+01	8.15354344167480e+00
1.12900000000000e+01	7.94299805431428e+00
1.13000000000000e+01	7.73915693127339e+00
1.13100000000000e+01	7.54171951436100e+00
1.13200000000000e+01	7.35041601044896e+00
1.13300000000000e+01	7.16508601250705e+00
1.13400000000000e+01	6.98537788482595e+00
1.13500000000000e+01	6.81119385809374e+00
1.13600000000000e+01	6.64224264040146e+00
1.13700000000000e+01	6.47827791232637e+00
1.13800000000000e+01	6.31922272107832e+00
1.13900000000000e+01	6.16481989733672e+00
1.14000000000000e+01	6.01491014718162e+00
1.14100000000000e+01	5.86937030179559e+00
1.14200000000000e+01	5.72798896290213e+00
1.14300000000000e+01	5.59067937984373e+00
1.14400000000000e+01	5.45731594682116e+00
1.14500000000000e+01	5.32776104782434e+00
1.14600000000000e+01	5.20188438342655e+00
1.14700000000000e+01	5.07954004264297e+00
1.14800000000000e+01	4.96064499809333e+00
1.14900000000000e+01	4.84505947448793e+00
1.15000000000000e+01	4.73270115507884e+00
1.15100000000000e+01	4.62344481212121e+00
1.15200000000000e+01	4.51717784969931e+00
1.15300000000000e+01	4.41385101273958e+00
1.15400000000000e+01	4.31332680606413e+00
1.15500000000000e+01	4.21561648679076e+00
1.15600000000000e+01	4.12062669637477e+00
1.15700000000000e+01	4.02829910572800e+00
1.15800000000000e+01	3.93863790557858e+00
1.15900000000000e+01	3.85155048654780e+00
1.16000000000000e+01	3.76700962507524e+00
1.16100000000000e+01	3.68499320371441e+00
1.16200000000000e+01	3.60541209990336e+00
1.16300000000000e+01	3.52822380765142e+00
1.16400000000000e+01	3.45330279740483e+00
1.16500000000000e+01	3.38058412817497e+00
1.16600000000000e+01	3.30996459806441e+00
1.16700000000000e+01	3.24134023561603e+00
1.16800000000000e+01	3.17455630169916e+00
1.16900000000000e+01	3.10952564172631e+00
1.17000000000000e+01	3.04613529959014e+00
1.17100000000000e+01	2.98427687003920e+00
1.17200000000000e+01	2.92384667311355e+00
1.17300000000000e+01	2.86476440070048e+00
1.17400000000000e+01	2.80696426556119e+00
1.17500000000000e+01	2.75040279627139e+00
1.17600000000000e+01	2.69503183868358e+00
1.17700000000000e+01	2.64081563413219e+00
1.17800000000000e+01	2.58778820959170e+00
1.17900000000000e+01	2.53592083053525e+00
1.18000000000000e+01	2.48523189812654e+00
1.18100000000000e+01	2.43572401802851e+00
1.18200000000000e+01	2.38740928551279e+00
1.18300000000000e+01	2.34030107086837e+00
1.18400000000000e+01	2.29438505936602e+00
1.18500000000000e+01	2.24965481879598e+00
1.18600000000000e+01	2.20609095482486e+00
1.18700000000000e+01	2.16368675265764e+00
1.18800000000000e+01	2.12238441506110e+00
1.18900000000000e+01	2.08216282011931e+00
1.19000000000000e+01	2.04297556962694e+00
1.19100000000000e+01	2.00477926173305e+00
1.19200000000000e+01	1.96752895526106e+00
1.19300000000000e+01	1.93118846018205e+00
1.19400000000000e+01	1.89570377138142e+00
1.19500000000000e+01	1.86103035878899e+00
1.19600000000000e+01	1.82714138022424e+00
1.19700000000000e+01	1.79399428116983e+00
1.19800000000000e+01	1.76154672654293e+00
1.19900000000000e+01	1.72976539643899e+00
1.20000000000000e+01	1.69862522923402e+00
1.20100000000000e+01	1.66811176130193e+00
1.20200000000000e+01	1.63820565899188e+00
1.20300000000000e+01	1.60889148184654e+00
1.20400000000000e+01	1.58016448260212e+00
1.20500000000000e+01	1.55201074563832e+00
1.20600000000000e+01	1.52444233017237e+00
1.20700000000000e+01	1.49745344268360e+00
1.20800000000000e+01	1.47105250340563e+00
1.20900000000000e+01	1.44523891469871e+00
1.21000000000000e+01	1.42001437657586e+00
1.21100000000000e+01	1.39538642718156e+00
1.21200000000000e+01	1.37135073802216e+00
1.21300000000000e+01	1.34788501831970e+00
1.21400000000000e+01	1.32499782071244e+00
1.21500000000000e+01	1.30267289066363e+00
1.21600000000000e+01	1.28087568575422e+00
1.21700000000000e+01	1.25959858391325e+00
1.21800000000000e+01	1.23880337364757e+00
1.21900000000000e+01	1.21848027420860e+00
1.22000000000000e+01	1.19859215696185e+00
1.22100000000000e+01	1.17911901143111e+00
1.22200000000000e+01	1.16002976786876e+00
1.22300000000000e+01	1.14130188220440e+00
1.22400000000000e+01	1.12290483520907e+00
1.22500000000000e+01	1.10482408571027e+00
1.22600000000000e+01	1.08704502244725e+00
1.22700000000000e+01	1.06954301902037e+00
1.22800000000000e+01	1.05229568884982e+00
1.22900000000000e+01	1.03530606453005e+00
1.23000000000000e+01	1.01854571097857e+00
1.23100000000000e+01	1.00201138820096e+00
1.23200000000000e+01	9.85693388698337e-01
1.23300000000000e+01	9.69582524898206e-01
1.23400000000000e+01	9.53679507791669e-01
1.23500000000000e+01	9.37986662561559e-01
1.23600000000000e+01	9.22503250350920e-01
1.23700000000000e+01	9.07232802317772e-01
1.23800000000000e+01	8.92177904379601e-01
1.23900000000000e+01	8.77360908676057e-01
1.24000000000000e+01	8.62771063453458e-01
1.24100000000000e+01	8.48436162771030e-01
1.24200000000000e+01	8.34347512862161e-01
1.24300000000000e+01	8.20516987760031e-01
1.24400000000000e+01	8.06957101580360e-01
1.24500000000000e+01	7.93653926372120e-01
1.24600000000000e+01	7.80612316159561e-01
1.24700000000000e+01	7.67835560999905e-01
1.24800000000000e+01	7.55314495772397e-01
1.24900000000000e+01	7.43044855231575e-01
1.25000000000000e+01	7.31027372248606e-01
1.25100000000000e+01	7.19258638953468e-01
1.25200000000000e+01	7.07725555482165e-01
1.25300000000000e+01	6.96434650844234e-01
1.25400000000000e+01	6.85382797660147e-01
1.25500000000000e+01	6.74561425432098e-01
1.25600000000000e+01	6.63971160351186e-01
1.25700000000000e+01	6.53605723485624e-01
1.25800000000000e+01	6.43467055381564e-01
1.25900000000000e+01	6.33544734189215e-01
1.26000000000000e+01	6.23832070501108e-01
1.26100000000000e+01	6.14323508612574e-01
1.26200000000000e+01	6.05014654501718e-01
1.26300000000000e+01	5.95896796528865e-01
1.26400000000000e+01	5.86958299198554e-01
1.26500000000000e+01	5.78200791799886e-01
1.26600000000000e+01	5.69615926717110e-01
1.26700000000000e+01	5.61197989891345e-01
1.26800000000000e+01	5.52942804220767e-01
1.26900000000000e+01	5.44850971186621e-01
1.27000000000000e+01	5.36918866158514e-01
1.27100000000000e+01	5.29148649457849e-01
1.27200000000000e+01	5.21536215311667e-01
1.27300000000000e+01	5.14076822792140e-01
1.27400000000000e+01	5.06776850630937e-01
1.27500000000000e+01	4.99627305614102e-01
1.27600000000000e+01	4.92632660285555e-01
1.27700000000000e+01	4.85781905142406e-01
1.27800000000000e+01	4.79077293669911e-01
1.27900000000000e+01	4.72508522403122e-01
1.28000000000000e+01	4.66073704828448e-01
1.28100000000000e+01	4.59765107999891e-01
1.28200000000000e+01	4.53584163825931e-01
1.28300000000000e+01	4.47518078045182e-01
1.28400000000000e+01	4.41567829483147e-01
1.28500000000000e+01	4.35731635466830e-01
1.28600000000000e+01	4.29997449842769e-01
1.28700000000000e+01	4.24372054418641e-01
1.28800000000000e+01	4.18845581901751e-01
1.28900000000000e+01	4.13418677229744e-01
1.29000000000000e+01	4.08087617559432e-01
1.29100000000000e+01	4.02849562987436e-01
1.29200000000000e+01	3.97702784554062e-01
1.29300000000000e+01	3.92646122708604e-01
1.29400000000000e+01	3.87671657641541e-01
1.29500000000000e+01	3.82783127318805e-01
1.29600000000000e+01	3.77971974604065e-01
1.29700000000000e+01	3.73241727042776e-01
1.29800000000000e+01	3.68585501645992e-01
1.29900000000000e+01	3.64006566171075e-01
1.30000000000000e+01	3.59497631847016e-01
1.30100000000000e+01	3.55062577135149e-01
1.30200000000000e+01	3.50697863579775e-01
1.30300000000000e+01	3.46403587864043e-01
1.30400000000000e+01	3.42175469428196e-01
1.30500000000000e+01	3.38013692791472e-01
1.30600000000000e+01	3.33914778005540e-01
1.30700000000000e+01	3.29873418072728e-01
1.30800000000000e+01	3.25887679111469e-01
1.30900000000000e+01	3.21953304505480e-01
1.31000000000000e+01	3.18066235263293e-01
1.31100000000000e+01	3.14225484661732e-01
1.31200000000000e+01	3.10423792135619e-01
1.31300000000000e+01	3.06662652426653e-01
1.31400000000000e+01	3.02936810217806e-01
1.31500000000000e+01	2.99250142227094e-01
1.31600000000000e+01	2.95602325490970e-01
1.31700000000000e+01	2.91991554146315e-01
1.31800000000000e+01	2.88421064585662e-01
1.31900000000000e+01	2.84895097087738e-01
1.32000000000000e+01	2.81410042364711e-01
1.32100000000000e+01	2.77970371755094e-01
1.32200000000000e+01	2.74575135660923e-01
1.32300000000000e+01	2.71225825597076e-01
1.32400000000000e+01	2.67921000932465e-01
1.32500000000000e+01	2.64659374326682e-01
1.32600000000000e+01	2.61436215306367e-01
1.32700000000000e+01	2.58255532952072e-01
1.32800000000000e+01	2.55112912395666e-01
1.32900000000000e+01	2.52009265238230e-01
1.33000000000000e+01	2.48941650528971e-01
1.33100000000000e+01	2.45911481592837e-01
1.33200000000000e+01	2.42920288449442e-01
1.33300000000000e+01	2.39966424784650e-01
1.33400000000000e+01	2.37053162843480e-01
1.33500000000000e+01	2.34182536383541e-01
1.33600000000000e+01	2.31352302576979e-01
1.33700000000000e+01	2.28564856381785e-01
1.33800000000000e+01	2.25822947710233e-01
1.33900000000000e+01	2.23125368807656e-01
1.34000000000000e+01	2.20470829570027e-01
1.34100000000000e+01	2.17858598579316e-01
1.34200000000000e+01	2.15290814267137e-01
1.34300000000000e+01	2.12762146050508e-01
1.34400000000000e+01	2.10273830807327e-01
1.34500000000000e+01	2.07824345631827e-01
1.34600000000000e+01	2.05410837628826e-01
1.34700000000000e+01	2.03031062654275e-01
1.34800000000000e+01	2.00686641313327e-01
1.34900000000000e+01	1.98372960090592e-01
1.35000000000000e+01	1.96091338790108e-01
1.35100000000000e+01	1.93837178676426e-01
1.35200000000000e+01	1.91610943710584e-01
1.35300000000000e+01	1.89411073418486e-01
1.35400000000000e+01	1.87237100974288e-01
1.35500000000000e+01	1.85085300040392e-01
1.35600000000000e+01	1.82956541221151e-01
1.35700000000000e+01	1.80848958191282e-01
1.35800000000000e+01	1.78762758334888e-01
1.35900000000000e+01	1.76693583779036e-01
1.36000000000000e+01	1.74646162666063e-01
1.36100000000000e+01	1.72616614186976e-01
1.36200000000000e+01	1.70606335208756e-01
1.36300000000000e+01	1.68613629052632e-01
1.36400000000000e+01	1.66641392803241e-01
1.36500000000000e+01	1.64690231885848e-01
1.36600000000000e+01	1.62759471530677e-01
1.36700000000000e+01	1.60850313942631e-01
1.36800000000000e+01	1.58965460260273e-01
1.36900000000000e+01	1.57105394942394e-01
1.37000000000000e+01	1.55269697363455e-01
1.37100000000000e+01	1.53461843631374e-01
1.37200000000000e+01	1.51681637144083e-01
1.37300000000000e+01	1.49932739381698e-01
1.37400000000000e+01	1.48212651773938e-01
1.37500000000000e+01	1.46524309891072e-01
1.37600000000000e+01	1.44867756759708e-01
1.37700000000000e+01	1.43241619239037e-01
1.37800000000000e+01	1.41645981474935e-01
1.37900000000000e+01	1.40079790677546e-01
1.38000000000000e+01	1.38544013406801e-01
1.38100000000000e+01	1.37034762034791e-01
1.38200000000000e+01	1.35551206209608e-01
1.38300000000000e+01	1.34091040713778e-01
1.38400000000000e+01	1.32654528214911e-01
1.38500000000000e+01	1.31239433974931e-01
1.38600000000000e+01	1.29843063992732e-01
1.38700000000000e+01	1.28465217959928e-01
1.38800000000000e+01	1.27106594908881e-01
1.38900000000000e+01	1.25763128115143e-01
1.39000000000000e+01	1.24435108300287e-01
1.39100000000000e+01	1.23122790225675e-01
1.39200000000000e+01	1.21824538169336e-01
1.39300000000000e+01	1.20539794006473e-01
1.39400000000000e+01	1.19269068065561e-01
1.39500000000000e+01	1.18012230754277e-01
1.39600000000000e+01	1.16766926096044e-01
1.39700000000000e+01	1.15534734259869e-01
1.39800000000000e+01	1.14315244193810e-01
1.39900000000000e+01	1.13108144984164e-01
1.40000000000000e+01	1.11914136223522e-01
1.40100000000000e+01	1.10732752511805e-01
1.40200000000000e+01	1.09563882732675e-01
1.40300000000000e+01	1.08408905161915e-01
1.40400000000000e+01	1.07268448866996e-01
1.40500000000000e+01	1.06142018852781e-01
1.40600000000000e+01	1.05029818151058e-01
1.40700000000000e+01	1.03933129330026e-01
1.40800000000000e+01	1.02851048073894e-01
1.40900000000000e+01	1.01783645147295e-01
1.41000000000000e+01	1.00730687873371e-01
1.41100000000000e+01	9.96917345701582e-02
1.41200000000000e+01	9.86668511430693e-02
1.41300000000000e+01	9.76543688222967e-02
1.41400000000000e+01	9.66543928380771e-02
1.41500000000000e+01	9.56648009965819e-02
1.41600000000000e+01	9.46857958204440e-02
1.41700000000000e+01	9.37153839641351e-02
1.41800000000000e+01	9.27540396202957e-02
1.41900000000000e+01	9.18007378754460e-02
1.42000000000000e+01	9.08552665797304e-02
1.42100000000000e+01	8.99175420700064e-02
1.42200000000000e+01	8.89891970222097e-02
1.42300000000000e+01	8.80686284857847e-02
1.42400000000000e+01	8.71571513397163e-02
1.42500000000000e+01	8.62560132056560e-02
1.42600000000000e+01	8.53643348526053e-02
1.42700000000000e+01	8.44841310875389e-02
1.42800000000000e+01	8.36156906850238e-02
1.42900000000000e+01	8.27579937392000e-02
1.43000000000000e+01	8.19126601335533e-02
1.43100000000000e+01	8.10790703998993e-02
1.43200000000000e+01	8.02563351000606e-02
1.43300000000000e+01	7.94452852166659e-02
1.43400000000000e+01	7.86448294473066e-02
1.43500000000000e+01	7.78557212160133e-02
1.43600000000000e+01	7.70766882513280e-02
1.43700000000000e+01	7.63068586657989e-02
1.43800000000000e+01	7.55478050908981e-02
1.43900000000000e+01	7.47984399460594e-02
1.44000000000000e+01	7.40596217945723e-02
1.44100000000000e+01	7.33292470957548e-02
1.44200000000000e+01	7.26095780939173e-02
1.44300000000000e+01	7.18987185555000e-02
1.44400000000000e+01	7.11985536661127e-02
1.44500000000000e+01	7.05071692493620e-02
1.44600000000000e+01	6.98255940872417e-02
1.44700000000000e+01	6.91534082027972e-02
1.44800000000000e+01	6.84898002196876e-02
1.44900000000000e+01	6.78356968060922e-02
1.45000000000000e+01	6.71895083418265e-02
1.45100000000000e+01	6.65521942598252e-02
1.45200000000000e+01	6.59229878812918e-02
1.45300000000000e+01	6.53010043349753e-02
1.45400000000000e+01	6.46873269790968e-02
1.45500000000000e+01	6.40805809216116e-02
1.45600000000000e+01	6.34805495628747e-02
1.45700000000000e+01	6.28878070540913e-02
1.45800000000000e+01	6.23006874663936e-02
1.45900000000000e+01	6.17208585064428e-02
1.46000000000000e+01	6.11468370463362e-02
1.46100000000000e+01	6.05782240268948e-02
1.46200000000000e+01	6.00162128416772e-02
1.46300000000000e+01	5.94590475388685e-02
1.46400000000000e+01	5.89082485973751e-02
1.46500000000000e+01	5.83634396669050e-02
1.46600000000000e+01	5.78236005896547e-02
1.46700000000000e+01	5.72898460071099e-02
1.46800000000000e+01	5.67623856118559e-02
1.46900000000000e+01	5.62406365842322e-02
1.47000000000000e+01	5.57253815603700e-02
1.47100000000000e+01	5.52157277333244e-02
1.47200000000000e+01	5.47117693473461e-02
1.47300000000000e+01	5.42141296347259e-02
1.47400000000000e+01	5.37224249733568e-02
1.47500000000000e+01	5.32364220825649e-02
1.47600000000000e+01	5.27562043029992e-02
1.47700000000000e+01	5.22810244494979e-02
1.47800000000000e+01	5.18107107695334e-02
1.47900000000000e+01	5.13454391662580e-02
1.48000000000000e+01	5.08844802957837e-02
1.48100000000000e+01	5.04275380352413e-02
1.48200000000000e+01	4.99750470564326e-02
1.48300000000000e+01	4.95259806584780e-02
1.48400000000000e+01	4.90805239922140e-02
1.48500000000000e+01	4.86387840049620e-02
1.48600000000000e+01	4.82003003265629e-02
1.48700000000000e+01	4.77653924729345e-02
1.48800000000000e+01	4.73338110826027e-02
1.48900000000000e+01	4.69050180210714e-02
1.49000000000000e+01	4.64804872650478e-02
1.49100000000000e+01	4.60592864607830e-02
1.49200000000000e+01	4.56415530026611e-02
1.49300000000000e+01	4.52275441712660e-02
1.49400000000000e+01	4.48175223617259e-02
1.49500000000000e+01	4.44113115511659e-02
1.49600000000000e+01	4.40093504710205e-02
1.49700000000000e+01	4.36115906100487e-02
1.49800000000000e+01	4.32180404911274e-02
1.49900000000000e+01	4.28290321423731e-02
1.50000000000000e+01	4.24443190965185e-02
1.50100000000000e+01	4.20641932848214e-02
1.50200000000000e+01	4.16880344912591e-02
1.50300000000000e+01	4.13164813634531e-02
1.50400000000000e+01	4.09490392256081e-02
1.50500000000000e+01	4.05858458903033e-02
1.50600000000000e+01	4.02264868391278e-02
1.50700000000000e+01	3.98706852645256e-02
1.50800000000000e+01	3.95182206421330e-02
1.50900000000000e+01	3.91697048535777e-02
1.51000000000000e+01	3.88237549570638e-02
1.51100000000000e+01	3.84811530770882e-02
1.51200000000000e+01	3.81416414014140e-02
1.51300000000000e+01	3.78042106591675e-02
1.51400000000000e+01	3.74700690662552e-02
1.51500000000000e+01	3.71382582664651e-02
1.51600000000000e+01	3.68088098952966e-02
1.51700000000000e+01	3.64822876024922e-02
1.51800000000000e+01	3.61584107270698e-02
1.51900000000000e+01	3.58369424428560e-02
1.52000000000000e+01	3.55184795806161e-02
1.52100000000000e+01	3.52025626429620e-02
1.52200000000000e+01	3.48896763368923e-02
1.52300000000000e+01	3.45795519485898e-02
1.52400000000000e+01	3.42718513174079e-02
1.52500000000000e+01	3.39665260988294e-02
1.52600000000000e+01	3.36634917444381e-02
1.52700000000000e+01	3.33623729567026e-02
1.52800000000000e+01	3.30629573496727e-02
1.52900000000000e+01	3.27643201374089e-02
1.53000000000000e+01	3.24666548911290e-02
1.53100000000000e+01	3.21691146177154e-02
1.53200000000000e+01	3.18717568572608e-02
1.53300000000000e+01	3.15742998649660e-02
1.53400000000000e+01	3.12759749132455e-02
1.53500000000000e+01	3.09770380919014e-02
1.53600000000000e+01	3.06777568217536e-02
1.53700000000000e+01	3.03775826722909e-02
1.53800000000000e+01	3.00769156432874e-02
1.53900000000000e+01	2.97762347935457e-02
1.54000000000000e+01	2.94757120920768e-02
1.54100000000000e+01	2.91761127748207e-02
1.54200000000000e+01	2.88778329581350e-02
1.54300000000000e+01	2.85816109996136e-02
1.54400000000000e+01	2.82880594879706e-02
1.54500000000000e+01	2.79981452257956e-02
1.54600000000000e+01	2.77124554259895e-02
1.54700000000000e+01	2.74323925339518e-02
1.54800000000000e+01	2.71580292230523e-02
1.54900000000000e+01	2.68905106651494e-02
1.55000000000000e+01	2.66302119454398e-02
1.55100000000000e+01	2.63779468685394e-02
1.55200000000000e+01	2.61338560499560e-02
1.55300000000000e+01	2.58982032395169e-02
1.55400000000000e+01	2.56703752531374e-02
1.55500000000000e+01	2.54507459310207e-02
1.55600000000000e+01	2.52383428250933e-02
1.55700000000000e+01	2.50326898446118e-02
1.55800000000000e+01	2.48332866482872e-02
1.55900000000000e+01	2.46392459633171e-02
1.56000000000000e+01	2.44494047424502e-02
1.56100000000000e+01	2.42635762043833e-02
1.56200000000000e+01	2.40802773759907e-02
1.56300000000000e+01	2.38995157760523e-02
1.56400000000000e+01	2.37201555757819e-02
1.56500000000000e+01	2.35418479306881e-02
1.56600000000000e+01	2.33638243603760e-02
1.56700000000000e+01	2.31860603356966e-02
1.56800000000000e+01	2.30082762533549e-02
1.56900000000000e+01	2.28301298204385e-02
1.57000000000000e+01	2.26514471593420e-02
1.57100000000000e+01	2.24722089328665e-02
1.57200000000000e+01	2.22926501796971e-02
1.57300000000000e+01	2.21127876899522e-02
1.57400000000000e+01	2.19326538654338e-02
1.57500000000000e+01	2.17526080788979e-02
1.57600000000000e+01	2.15729447765339e-02
1.57700000000000e+01	2.13936802697994e-02
1.57800000000000e+01	2.12154837414350e-02
1.57900000000000e+01	2.10387945112099e-02
1.58000000000000e+01	2.08637699047871e-02
1.58100000000000e+01	2.06907283446244e-02
1.58200000000000e+01	2.05200739496294e-02
1.58300000000000e+01	2.03522772945991e-02
1.58400000000000e+01	2.01875403397165e-02
1.58500000000000e+01	2.00258060010802e-02
1.58600000000000e+01	1.98676695889709e-02
1.58700000000000e+01	1.97126463481102e-02
1.58800000000000e+01	1.95610059049376e-02
1.58900000000000e+01	1.94126935291085e-02
1.59000000000000e+01	1.92673695592748e-02
1.59100000000000e+01	1.91249669231126e-02
1.59200000000000e+01	1.89850648238761e-02
1.59300000000000e+01	1.88474640763472e-02
1.59400000000000e+01	1.87119740646778e-02
1.59500000000000e+01	1.85779442563285e-02
1.59600000000000e+01	1.84452919689962e-02
1.59700000000000e+01	1.83139534259152e-02
1.59800000000000e+01	1.81835737922034e-02
1.59900000000000e+01	1.80537871742042e-02
1.60000000000000e+01	1.79250059102869e-02
1.60100000000000e+01	1.77966721386327e-02
1.60200000000000e+01	1.76689597014692e-02
1.60300000000000e+01	1.75418830787522e-02
1.60400000000000e+01	1.74153439311750e-02
1.60500000000000e+01	1.72894399212997e-02
1.60600000000000e+01	1.71642703605852e-02
1.60700000000000e+01	1.70396691905617e-02
1.60800000000000e+01	1.69155458599138e-02
1.60900000000000e+01	1.67923820840523e-02
1.61000000000000e+01	1.66699677824441e-02
1.61100000000000e+01	1.65482139762479e-02
1.61200000000000e+01	1.64274079709275e-02
1.61300000000000e+01	1.63073054787981e-02
1.61400000000000e+01	1.61883385325387e-02
1.61500000000000e+01	1.60702324119000e-02
1.61600000000000e+01	1.59529429506169e-02
1.61700000000000e+01	1.58368220967117e-02
1.61800000000000e+01	1.57217236601555e-02
1.61900000000000e+01	1.56080211949882e-02
1.62000000000000e+01	1.54953532496358e-02
1.62100000000000e+01	1.53841548716188e-02
1.62200000000000e+01	1.52741467108817e-02
1.62300000000000e+01	1.51656055355929e-02
1.62400000000000e+01	1.50585251111408e-02
1.62500000000000e+01	1.49528629171523e-02
1.62600000000000e+01	1.48485460305543e-02
1.62700000000000e+01	1.47454676636709e-02
1.62800000000000e+01	1.46436350600087e-02
1.62900000000000e+01	1.45429338902379e-02
1.63000000000000e+01	1.44431566326299e-02
1.63100000000000e+01	1.43439615025031e-02
1.63200000000000e+01	1.42457106183074e-02
1.63300000000000e+01	1.41475403646206e-02
1.63400000000000e+01	1.40496701959385e-02
1.63500000000000e+01	1.39519788012665e-02
1.63600000000000e+01	1.38540318500324e-02
1.63700000000000e+01	1.37557547053592e-02
1.63800000000000e+01	1.36571958030460e-02
1.63900000000000e+01	1.35578354575233e-02
1.64000000000000e+01	1.34580973802077e-02
1.64100000000000e+01	1.33576140282182e-02
1.64200000000000e+01	1.32566104573777e-02
1.64300000000000e+01	1.31549955336269e-02
1.64400000000000e+01	1.30531442989526e-02
1.64500000000000e+01	1.29508667847296e-02
1.64600000000000e+01	1.28486095840078e-02
1.64700000000000e+01	1.27466707497293e-02
1.64800000000000e+01	1.26449576594096e-02
1.64900000000000e+01	1.25441067542953e-02
1.65000000000000e+01	1.24443726578764e-02
1.65100000000000e+01	1.23456323682110e-02
1.65200000000000e+01	1.22482599217890e-02
1.65300000000000e+01	1.21525546559095e-02
1.65400000000000e+01	1.20583660492510e-02
1.65500000000000e+01	1.19660204858915e-02
1.65600000000000e+01	1.18755109407195e-02
1.65700000000000e+01	1.17866289818851e-02
1.65800000000000e+01	1.16995419166752e-02
1.65900000000000e+01	1.16141939897000e-02
1.66000000000000e+01	1.15307809474454e-02
1.66100000000000e+01	1.14487797069280e-02
1.66200000000000e+01	1.13684624239070e-02
1.66300000000000e+01	1.12895117808977e-02
1.66400000000000e+01	1.12120744368411e-02
1.66500000000000e+01	1.11359425227131e-02
1.66600000000000e+01	1.10611711109703e-02
1.66700000000000e+01	1.09875664071835e-02
1.66800000000000e+01	1.09151259092881e-02
1.66900000000000e+01	1.08436017863927e-02
1.67000000000000e+01	1.07729857257247e-02
1.67100000000000e+01	1.07032530109295e-02
1.67200000000000e+01	1.06343354146303e-02
1.67300000000000e+01	1.05659164081861e-02
1.67400000000000e+01	1.04981126733909e-02
1.67500000000000e+01	1.04307639542745e-02
1.67600000000000e+01	1.03637737052655e-02
1.67700000000000e+01	1.02969395265005e-02
1.67800000000000e+01	1.02304067310144e-02
1.67900000000000e+01	1.01640571811637e-02
1.68000000000000e+01	1.00976578655330e-02
1.68100000000000e+01	1.00313786008140e-02
1.68200000000000e+01	9.96525593242754e-03
1.68300000000000e+01	9.89909432213752e-03
1.68400000000000e+01	9.83306171231809e-03
1.68500000000000e+01	9.76718286491706e-03
1.68600000000000e+01	9.70146729743605e-03
1.68700000000000e+01	9.63587634717442e-03
1.68800000000000e+01	9.57062658182761e-03
1.68900000000000e+01	9.50561854541189e-03
1.69000000000000e+01	9.44110520793320e-03
1.69100000000000e+01	9.37679966152063e-03
1.69200000000000e+01	9.31289585036565e-03
1.69300000000000e+01	9.24940672276168e-03
1.69400000000000e+01	9.18639728600987e-03
1.69500000000000e+01	9.12374084206812e-03
1.69600000000000e+01	9.06161397219536e-03
1.69700000000000e+01	8.99997590475612e-03
1.69800000000000e+01	8.93899929169976e-03
1.69900000000000e+01	8.87869092684196e-03
1.70000000000000e+01	8.81900763289220e-03
1.70100000000000e+01	8.76023239820239e-03
1.70200000000000e+01	8.70237337999109e-03
1.70300000000000e+01	8.64534937962953e-03
1.70400000000000e+01	8.58928496094674e-03
1.70500000000000e+01	8.53419964205869e-03
1.70600000000000e+01	8.48010319057189e-03
1.70700000000000e+01	8.42703311008458e-03
1.70800000000000e+01	8.37481814161781e-03
1.70900000000000e+01	8.32344516847108e-03
1.71000000000000e+01	8.27292215022349e-03
1.71100000000000e+01	8.22312381978313e-03
1.71200000000000e+01	8.17384801453821e-03
1.71300000000000e+01	8.12518536767233e-03
1.71400000000000e+01	8.07703905175267e-03
1.71500000000000e+01	8.02934996500249e-03
1.71600000000000e+01	7.98199734391388e-03
1.71700000000000e+01	7.93504130875891e-03
1.71800000000000e+01	7.88831354403192e-03
1.71900000000000e+01	7.84198952516089e-03
1.72000000000000e+01	7.79595658723054e-03
1.72100000000000e+01	7.75018427548701e-03
1.72200000000000e+01	7.70481641031359e-03
1.72300000000000e+01	7.65954497655192e-03
1.72400000000000e+01	7.61467883529946e-03
1.72500000000000e+01	7.57002034281265e-03
1.72600000000000e+01	7.52565512861680e-03
1.72700000000000e+01	7.48149060404691e-03
1.72800000000000e+01	7.43755828068382e-03
1.72900000000000e+01	7.39387238947973e-03
1.73000000000000e+01	7.35041255418681e-03
1.73100000000000e+01	7.30713440195790e-03
1.73200000000000e+01	7.26404696773443e-03
1.73300000000000e+01	7.22108506787612e-03
1.73400000000000e+01	7.17827439824371e-03
1.73500000000000e+01	7.13569859087516e-03
1.73600000000000e+01	7.09322502583343e-03
1.73700000000000e+01	7.05085304659753e-03
1.73800000000000e+01	7.00868815352366e-03
1.73900000000000e+01	6.96659505343055e-03
1.74000000000000e+01	6.92481838925150e-03
1.74100000000000e+01	6.88307495206038e-03
1.74200000000000e+01	6.84150891046081e-03
1.74300000000000e+01	6.80008159821792e-03
1.74400000000000e+01	6.75893076458675e-03
1.74500000000000e+01	6.71781599162008e-03
1.74600000000000e+01	6.67698171993001e-03
1.74700000000000e+01	6.63632023357972e-03
1.74800000000000e+01	6.59577949062238e-03
1.74900000000000e+01	6.55532270706487e-03
1.75000000000000e+01	6.51506323882149e-03
1.75100000000000e+01	6.47496452916577e-03
1.75200000000000e+01	6.43492660109180e-03
1.75300000000000e+01	6.39491849554429e-03
1.75400000000000e+01	6.35498110081493e-03
1.75500000000000e+01	6.31517681873248e-03
1.75600000000000e+01	6.27538583954017e-03
1.75700000000000e+01	6.23567227094040e-03
1.75800000000000e+01	6.19601278804308e-03
1.75900000000000e+01	6.15652906705020e-03
1.76000000000000e+01	6.11709476553133e-03
1.76100000000000e+01	6.07796014167854e-03
1.76200000000000e+01	6.03891961416427e-03
1.76300000000000e+01	6.00020536382318e-03
1.76400000000000e+01	5.96168586839585e-03
1.76500000000000e+01	5.92349903746809e-03
1.76600000000000e+01	5.88571750309924e-03
1.76700000000000e+01	5.84820358367387e-03
1.76800000000000e+01	5.81107068683302e-03
1.76900000000000e+01	5.77434574307156e-03
1.77000000000000e+01	5.73788951465359e-03
1.77100000000000e+01	5.70179726543172e-03
1.77200000000000e+01	5.66600925893508e-03
1.77300000000000e+01	5.63052186990541e-03
1.77400000000000e+01	5.59535313638370e-03
1.77500000000000e+01	5.56036780080158e-03
1.77600000000000e+01	5.52567108241939e-03
1.77700000000000e+01	5.49110346840354e-03
1.77800000000000e+01	5.45681698202179e-03
1.77900000000000e+01	5.42268665842769e-03
1.78000000000000e+01	5.38867795407201e-03
1.78100000000000e+01	5.35486140323644e-03
1.78200000000000e+01	5.32118024519699e-03
1.78300000000000e+01	5.28758858585574e-03
1.78400000000000e+01	5.25417164322718e-03
1.78500000000000e+01	5.22090296332985e-03
1.78600000000000e+01	5.18778144113265e-03
1.78700000000000e+01	5.15478402811790e-03
1.78800000000000e+01	5.12190264072097e-03
1.78900000000000e+01	5.08917534539011e-03
1.79000000000000e+01	5.05664641562728e-03
1.79100000000000e+01	5.02419977624614e-03
1.79200000000000e+01	4.99187462416403e-03
1.79300000000000e+01	4.95974282038836e-03
1.79400000000000e+01	4.92759175010671e-03
1.79500000000000e+01	4.89562682772414e-03
1.79600000000000e+01	4.86370546576637e-03
1.79700000000000e+01	4.83193687916023e-03
1.79800000000000e+01	4.80023477366531e-03
1.79900000000000e+01	4.76877833498078e-03
1.80000000000000e+01	4.73749094738942e-03
1.80100000000000e+01	4.70654849966318e-03
1.80200000000000e+01	4.67586978601419e-03
1.80300000000000e+01	4.64568085913658e-03
1.80400000000000e+01	4.61595190907748e-03
1.80500000000000e+01	4.58674733797935e-03
1.80600000000000e+01	4.55811454957324e-03
1.80700000000000e+01	4.53012596806528e-03
1.80800000000000e+01	4.50273535171955e-03
1.80900000000000e+01	4.47596786429701e-03
1.81000000000000e+01	4.44972695230229e-03
1.81100000000000e+01	4.42407155141083e-03
1.81200000000000e+01	4.39890603034720e-03
1.81300000000000e+01	4.37416020312415e-03
1.81400000000000e+01	4.34968899273004e-03
1.81500000000000e+01	4.32556715730296e-03
1.81600000000000e+01	4.30160462741995e-03
1.81700000000000e+01	4.27784720147586e-03
1.81800000000000e+01	4.25417036883099e-03
1.81900000000000e+01	4.23059014709815e-03
1.82000000000000e+01	4.20709122395911e-03
1.82100000000000e+01	4.18351229535993e-03
1.82200000000000e+01	4.15999546365896e-03
1.82300000000000e+01	4.13648717055194e-03
1.82400000000000e+01	4.11291627925264e-03
1.82500000000000e+01	4.08932189747716e-03
1.82600000000000e+01	4.06569622158070e-03
1.82700000000000e+01	4.04209094205826e-03
1.82800000000000e+01	4.01843127823809e-03
1.82900000000000e+01	3.99474493703494e-03
1.83000000000000e+01	3.97123163827710e-03
1.83100000000000e+01	3.94763655564706e-03
1.83200000000000e+01	3.92421497640419e-03
1.83300000000000e+01	3.90090414490972e-03
1.83400000000000e+01	3.87773771879136e-03
1.83500000000000e+01	3.85475409047376e-03
1.83600000000000e+01	3.83200936662228e-03
1.83700000000000e+01	3.80954821252221e-03
1.83800000000000e+01	3.78737738202735e-03
1.83900000000000e+01	3.76552378634095e-03
1.84000000000000e+01	3.74404369591642e-03
1.84100000000000e+01	3.72293817456982e-03
1.84200000000000e+01	3.70224796237971e-03
1.84300000000000e+01	3.68199179446322e-03
1.84400000000000e+01	3.66209407973789e-03
1.84500000000000e+01	3.64264916879587e-03
1.84600000000000e+01	3.62353329994249e-03
1.84700000000000e+01	3.60481831595464e-03
1.84800000000000e+01	3.58638033415216e-03
1.84900000000000e+01	3.56822845041264e-03
1.85000000000000e+01	3.55032657712631e-03
1.85100000000000e+01	3.53259653552031e-03
1.85200000000000e+01	3.51501746408841e-03
1.85300000000000e+01	3.49753009826441e-03
1.85400000000000e+01	3.48008726542775e-03
1.85500000000000e+01	3.46268334410599e-03
1.85600000000000e+01	3.44525686572216e-03
1.85700000000000e+01	3.42782816440862e-03
1.85800000000000e+01	3.41034747621023e-03
1.85900000000000e+01	3.39282347541087e-03
1.86000000000000e+01	3.37523386953105e-03
1.86100000000000e+01	3.35760681216114e-03
1.86200000000000e+01	3.33992212440731e-03
1.86300000000000e+01	3.32221265127549e-03
1.86400000000000e+01	3.30446563981716e-03
1.86500000000000e+01	3.28669699599204e-03
1.86600000000000e+01	3.26895255894834e-03
1.86700000000000e+01	3.25121375205091e-03
1.86800000000000e+01	3.23352129500309e-03
1.86900000000000e+01	3.21585588144123e-03
1.87000000000000e+01	3.19826663848292e-03
1.87100000000000e+01	3.18072593087587e-03
1.87200000000000e+01	3.16325901650435e-03
1.87300000000000e+01	3.14584889485894e-03
1.87400000000000e+01	3.12848880307395e-03
1.87500000000000e+01	3.11120885445532e-03
1.87600000000000e+01	3.09397212630960e-03
1.87700000000000e+01	3.07680528808409e-03
1.87800000000000e+01	3.05967580856343e-03
1.87900000000000e+01	3.04259908753140e-03
1.88000000000000e+01	3.02555207200649e-03
1.88100000000000e+01	3.00852573952726e-03
1.88200000000000e+01	2.99153300999932e-03
1.88300000000000e+01	2.97457339189162e-03
1.88400000000000e+01	2.95761090951617e-03
1.88500000000000e+01	2.94064761538806e-03
1.88600000000000e+01	2.92367388279485e-03
1.88700000000000e+01	2.90670315906811e-03
1.88800000000000e+01	2.88974303797513e-03
1.88900000000000e+01	2.87276492826136e-03
1.89000000000000e+01	2.85576518364762e-03
1.89100000000000e+01	2.83876953281540e-03
1.89200000000000e+01	2.82176817718891e-03
1.89300000000000e+01	2.80478944139644e-03
1.89400000000000e+01	2.78782507514472e-03
1.89500000000000e+01	2.77089079529534e-03
1.89600000000000e+01	2.75402884213754e-03
1.89700000000000e+01	2.73725155677838e-03
1.89800000000000e+01	2.72053829183761e-03
1.89900000000000e+01	2.70395977218242e-03
1.90000000000000e+01	2.68751908969669e-03
1.90100000000000e+01	2.67121057103320e-03
1.90200000000000e+01	2.65503650391280e-03
1.90300000000000e+01	2.63901119108495e-03
1.90400000000000e+01	2.62310670131305e-03
1.90500000000000e+01	2.60732165088264e-03
1.90600000000000e+01	2.59161359678032e-03
1.90700000000000e+01	2.57595651291179e-03
1.90800000000000e+01	2.56036038867036e-03
1.90900000000000e+01	2.54480083035521e-03
1.91000000000000e+01	2.52923586995983e-03
1.91100000000000e+01	2.51372542024225e-03
1.91200000000000e+01	2.49829192539536e-03
1.91300000000000e+01	2.48296555533693e-03
1.91400000000000e+01	2.46780035639005e-03
1.91500000000000e+01	2.45288238115618e-03
1.91600000000000e+01	2.43826835175739e-03
1.91700000000000e+01	2.42401698160474e-03
1.91800000000000e+01	2.41019987414202e-03
1.91900000000000e+01	2.39684803127723e-03
1.92000000000000e+01	2.38399472223100e-03
1.92100000000000e+01	2.37160924396036e-03
1.92200000000000e+01	2.35970099081399e-03
1.92300000000000e+01	2.34817781390262e-03
1.92400000000000e+01	2.33705241762114e-03
1.92500000000000e+01	2.32618830957505e-03
1.92600000000000e+01	2.31556849981383e-03
1.92700000000000e+01	2.30512014186907e-03
1.92800000000000e+01	2.29476666428322e-03
1.92900000000000e+01	2.28445159998399e-03
1.93000000000000e+01	2.27415690024443e-03
1.93100000000000e+01	2.26382974743046e-03
1.93200000000000e+01	2.25345215505275e-03
1.93300000000000e+01	2.24303418038592e-03
1.93400000000000e+01	2.23254802061631e-03
1.93500000000000e+01	2.22199699334934e-03
1.93600000000000e+01	2.21139777022637e-03
1.93700000000000e+01	2.20075506099349e-03
1.93800000000000e+01	2.19004256336648e-03
1.93900000000000e+01	2.17930081527262e-03
1.94000000000000e+01	2.16853087000335e-03
1.94100000000000e+01	2.15772846954115e-03
1.94200000000000e+01	2.14688988688663e-03
1.94300000000000e+01	2.13604228483092e-03
1.94400000000000e+01	2.12516740465129e-03
1.94500000000000e+01	2.11427249295219e-03
1.94600000000000e+01	2.10337446242762e-03
1.94700000000000e+01	2.09246609193524e-03
1.94800000000000e+01	2.08154207433809e-03
1.94900000000000e+01	2.07062377464829e-03
1.95000000000000e+01	2.05970120183065e-03
1.95100000000000e+01	2.04879024229246e-03
1.95200000000000e+01	2.03788088396088e-03
1.95300000000000e+01	2.02696814222544e-03
1.95400000000000e+01	2.01607368837472e-03
1.95500000000000e+01	2.00518606176239e-03
1.95600000000000e+01	1.99433325096368e-03
1.95700000000000e+01	1.98347169517841e-03
1.95800000000000e+01	1.97267906943552e-03
1.95900000000000e+01	1.96189098346514e-03
1.96000000000000e+01	1.95115716611453e-03
1.96100000000000e+01	1.94047046504681e-03
1.96200000000000e+01	1.92984920999790e-03
1.96300000000000e+01	1.91928687223153e-03
1.96400000000000e+01	1.90877703367839e-03
1.96500000000000e+01	1.89834904957032e-03
1.96600000000000e+01	1.88798022171405e-03
1.96700000000000e+01	1.87769039716168e-03
1.96800000000000e+01	1.86744411715600e-03
1.96900000000000e+01	1.85728724687378e-03
1.97000000000000e+01	1.84714408895912e-03
1.97100000000000e+01	1.83706710286711e-03
1.97200000000000e+01	1.82701809519837e-03
1.97300000000000e+01	1.81696467124827e-03
1.97400000000000e+01	1.80689303520680e-03
1.97500000000000e+01	1.79672295377304e-03
1.97600000000000e+01	1.78638255498145e-03
1.97700000000000e+01	1.77570264181746e-03
1.97800000000000e+01	1.76446813356332e-03
1.97900000000000e+01	1.75237657481201e-03
1.98000000000000e+01	1.73892576405850e-03
1.98100000000000e+01	1.72346421080772e-03
1.98200000000000e+01	1.70510082729184e-03
1.98300000000000e+01	1.68267775932584e-03
1.98400000000000e+01	1.65473455876764e-03
1.98500000000000e+01	1.61960111419923e-03
1.98600000000000e+01	1.57526180088712e-03
1.98700000000000e+01	1.51964060916275e-03
1.98800000000000e+01	1.45058202970786e-03
1.98900000000000e+01	1.36613732013882e-03
1.99000000000000e+01	1.26472979286897e-03
1.99100000000000e+01	1.14552318653309e-03
1.99200000000000e+01	1.00874627960147e-03
1.99300000000000e+01	8.56124313159966e-04
1.99400000000000e+01	6.91397992871208e-04
1.99500000000000e+01	5.20890303369781e-04
1.99600000000000e+01	3.53966674980795e-04
1.99700000000000e+01	2.03300574553058e-04
1.99800000000000e+01	8.43798230549970e-05
1.99900000000000e+01	1.36183902197938e-05
2.00000000000000e+01	4.14857643402398e-06
