1.00000000000000e-02	1.10183427884868e+17
2.00000000000000e-02	6.88721744912460e+15
3.00000000000000e-02	1.36066438897588e+15
4.00000000000000e-02	4.30619222302425e+14
5.00000000000000e-02	1.76434045301526e+14
6.00000000000000e-02	8.51173030034234e+13
7.00000000000000e-02	4.59645486611968e+13
8.00000000000000e-02	2.69570406293599e+13
9.00000000000000e-02	1.68387322641124e+13
1.00000000000000e-01	1.10548370951991e+13
1.10000000000000e-01	7.55588645845070e+12
1.20000000000000e-01	5.33907319875838e+12
1.30000000000000e-01	3.87956144762506e+12
1.40000000000000e-01	2.88696456446010e+12
1.50000000000000e-01	2.19284464734963e+12
1.60000000000000e-01	1.69567431420184e+12
1.70000000000000e-01	1.33203453831791e+12
1.80000000000000e-01	1.06104010023652e+12
1.90000000000000e-01	8.55751388596192e+11
2.00000000000000e-01	6.97929646889319e+11
2.10000000000000e-01	5.74988382476671e+11
2.20000000000000e-01	4.78054607031260e+11
2.30000000000000e-01	4.00791414734532e+11
2.40000000000000e-01	3.38598563516773e+11
2.50000000000000e-01	2.88063752041286e+11
2.60000000000000e-01	2.46667868449399e+11
2.70000000000000e-01	2.12488996668383e+11
2.80000000000000e-01	1.84069353473438e+11
2.90000000000000e-01	1.60276572419441e+11
3.00000000000000e-01	1.40236678902425e+11
3.10000000000000e-01	1.23256642020401e+11
3.20000000000000e-01	1.08793783625042e+11
3.30000000000000e-01	9.64105039149541e+10
3.40000000000000e-01	8.57579619717588e+10
3.50000000000000e-01	7.65533975436284e+10
3.60000000000000e-01	6.85646574539138e+10
3.70000000000000e-01	6.16048497253637e+10
3.80000000000000e-01	5.55174719790349e+10
3.90000000000000e-01	5.01743186215499e+10
4.00000000000000e-01	4.54686464127307e+10
4.10000000000000e-01	4.13105157585502e+10
4.20000000000000e-01	3.76252736758429e+10
4.30000000000000e-01	3.43490937344027e+10
4.40000000000000e-01	3.14293043375737e+10
4.50000000000000e-01	2.88190656431333e+10
4.60000000000000e-01	2.64801066323368e+10
4.70000000000000e-01	2.43792782917506e+10
4.80000000000000e-01	2.24878323856647e+10
4.90000000000000e-01	2.07807155719541e+10
5.00000000000000e-01	1.92367604193206e+10
5.10000000000000e-01	1.78375453756393e+10
5.20000000000000e-01	1.65675229965475e+10
5.30000000000000e-01	1.54117107895512e+10
5.40000000000000e-01	1.43585938899813e+10
5.50000000000000e-01	1.33968807155063e+10
5.60000000000000e-01	1.25170835720374e+10
5.70000000000000e-01	1.17113170824320e+10
5.80000000000000e-01	1.09720299012906e+10
5.90000000000000e-01	1.02925168449885e+10
6.00000000000000e-01	9.66710770465158e+09
6.10000000000000e-01	9.09073425168953e+09
6.20000000000000e-01	8.55881892798242e+09
6.30000000000000e-01	8.06718489299568e+09
6.40000000000000e-01	7.61239897800371e+09
6.50000000000000e-01	7.19090994857739e+09
6.60000000000000e-01	6.79998714247820e+09
6.70000000000000e-01	6.43679039320543e+09
6.80000000000000e-01	6.09921134689712e+09
6.90000000000000e-01	5.78497785640902e+09
7.00000000000000e-01	5.49216425828556e+09
7.10000000000000e-01	5.21906748027843e+09
7.20000000000000e-01	4.96401725183282e+09
7.30000000000000e-01	4.72574562970940e+09
7.40000000000000e-01	4.50270053203745e+09
7.50000000000000e-01	4.29398251057885e+09
7.60000000000000e-01	4.09825805803599e+09
7.70000000000000e-01	3.91477512094869e+09
7.80000000000000e-01	3.74245202040552e+09
7.90000000000000e-01	3.58060965733772e+09
8.00000000000000e-01	3.42837765131922e+09
8.10000000000000e-01	3.28513606203999e+09
8.20000000000000e-01	3.15028293948844e+09
8.30000000000000e-01	3.02318677364015e+09
8.40000000000000e-01	2.90338886699028e+09
8.50000000000000e-01	2.79027090407450e+09
8.60000000000000e-01	2.68352920221622e+09
8.70000000000000e-01	2.58264561358794e+09
8.80000000000000e-01	2.48726190446848e+09
8.90000000000000e-01	2.39709456288312e+09
9.00000000000000e-01	2.31173814536450e+09
9.10000000000000e-01	2.23091649100044e+09
9.20000000000000e-01	2.15435499980855e+09
9.30000000000000e-01	2.08181827926039e+09
9.40000000000000e-01	2.01302977209656e+09
9.50000000000000e-01	1.94780372104660e+09
9.60000000000000e-01	1.88587958263922e+09
9.70000000000000e-01	1.82714323555247e+09
9.80000000000000e-01	1.77137926983222e+09
9.90000000000000e-01	1.71842600860686e+09
1.00000000000000e+00	1.66817706423616e+09
1.01000000000000e+00	1.62041422005451e+09
1.02000000000000e+00	1.57504966446409e+09
1.03000000000000e+00	1.53199231331975e+09
1.04000000000000e+00	1.49108653779700e+09
1.05000000000000e+00	1.45223710714963e+09
1.06000000000000e+00	1.41533114609522e+09
1.07000000000000e+00	1.38030949528180e+09
1.08000000000000e+00	1.34701162312501e+09
1.09000000000000e+00	1.31532948956375e+09
1.10000000000000e+00	1.28521983085038e+09
1.11000000000000e+00	1.25650988618229e+09
1.12000000000000e+00	1.22911276690114e+09
1.13000000000000e+00	1.20292723267807e+09
1.14000000000000e+00	1.17782682683865e+09
1.15000000000000e+00	1.15372236107480e+09
1.16000000000000e+00	1.13048843688325e+09
1.17000000000000e+00	1.10806787978614e+09
1.18000000000000e+00	1.08638394545758e+09
1.19000000000000e+00	1.06537223020617e+09
1.20000000000000e+00	1.04501921093573e+09
1.21000000000000e+00	1.02532517994230e+09
1.22000000000000e+00	1.00629773687857e+09
1.23000000000000e+00	9.88020774819439e+08
1.24000000000000e+00	9.70538617550445e+08
1.25000000000000e+00	9.54008837030708e+08
1.26000000000000e+00	9.38533492787172e+08
1.27000000000000e+00	9.24327870912089e+08
1.28000000000000e+00	9.11541077954231e+08
1.29000000000000e+00	9.00458725406978e+08
1.30000000000000e+00	8.91296188511405e+08
1.31000000000000e+00	8.84341326099000e+08
1.32000000000000e+00	8.79850578814957e+08
1.33000000000000e+00	8.78078245898414e+08
1.34000000000000e+00	8.79258089847871e+08
1.35000000000000e+00	8.83590653447690e+08
1.36000000000000e+00	8.91214451992661e+08
1.37000000000000e+00	9.02216369874514e+08
1.38000000000000e+00	9.16592541911185e+08
1.39000000000000e+00	9.34289029413662e+08
1.40000000000000e+00	9.55206872010944e+08
1.41000000000000e+00	9.79128489733698e+08
1.42000000000000e+00	1.00585233288332e+09
1.43000000000000e+00	1.03512720543317e+09
1.44000000000000e+00	1.06669240522537e+09
1.45000000000000e+00	1.10026109379686e+09
1.46000000000000e+00	1.13558929770302e+09
1.47000000000000e+00	1.17234353715494e+09
1.48000000000000e+00	1.21025941927994e+09
1.49000000000000e+00	1.24896888399631e+09
1.50000000000000e+00	1.28806557967656e+09
1.51000000000000e+00	1.32702811868573e+09
1.52000000000000e+00	1.36522280493866e+09
1.53000000000000e+00	1.40188720070455e+09
1.54000000000000e+00	1.43608231376329e+09
1.55000000000000e+00	1.46672908635290e+09
1.56000000000000e+00	1.49270864582301e+09
1.57000000000000e+00	1.51279042877639e+09
1.58000000000000e+00	1.52575265550515e+09
1.59000000000000e+00	1.53044488528585e+09
1.60000000000000e+00	1.52586600577049e+09
1.61000000000000e+00	1.51124639998614e+09
1.62000000000000e+00	1.48605054331793e+09
1.63000000000000e+00	1.45012266952851e+09
1.64000000000000e+00	1.40370140064848e+09
1.65000000000000e+00	1.34756194034942e+09
1.66000000000000e+00	1.28293224455419e+09
1.67000000000000e+00	1.21160643438040e+09
1.68000000000000e+00	1.13565963284279e+09
1.69000000000000e+00	1.05736803837712e+09
1.70000000000000e+00	9.78911132135936e+08
1.71000000000000e+00	9.02331975933902e+08
1.72000000000000e+00	8.29402293525975e+08
1.73000000000000e+00	7.61702373623574e+08
1.74000000000000e+00	7.00544608034427e+08
1.75000000000000e+00	6.46814045036370e+08
1.76000000000000e+00	6.00905930182603e+08
1.77000000000000e+00	5.62634139834512e+08
1.78000000000000e+00	5.31306168034122e+08
1.79000000000000e+00	5.05763911342659e+08
1.80000000000000e+00	4.84531648762570e+08
1.81000000000000e+00	4.66019927257879e+08
1.82000000000000e+00	4.48778311612063e+08
1.83000000000000e+00	4.31722832808235e+08
1.84000000000000e+00	4.14273025706826e+08
1.85000000000000e+00	3.96369205586761e+08
1.86000000000000e+00	3.78239211309153e+08
1.87000000000000e+00	3.60307628949999e+08
1.88000000000000e+00	3.43018216083523e+08
1.89000000000000e+00	3.26798517498918e+08
1.90000000000000e+00	3.12050574125899e+08
1.91000000000000e+00	2.99106268091113e+08
1.92000000000000e+00	2.88262035531022e+08
1.93000000000000e+00	2.79717987596014e+08
1.94000000000000e+00	2.73594158892552e+08
1.95000000000000e+00	2.69907871490415e+08
1.96000000000000e+00	2.68575511455986e+08
1.97000000000000e+00	2.69413379985063e+08
1.98000000000000e+00	2.72147639033090e+08
1.99000000000000e+00	2.76435984670998e+08
2.00000000000000e+00	2.81875613686045e+08
2.01000000000000e+00	2.88029940845491e+08
2.02000000000000e+00	2.94454210758635e+08
2.03000000000000e+00	3.00707298861910e+08
2.04000000000000e+00	3.06368220954196e+08
2.05000000000000e+00	3.11057183597991e+08
2.06000000000000e+00	3.14431523787014e+08
2.07000000000000e+00	3.16174891359757e+08
2.08000000000000e+00	3.16002701595259e+08
2.09000000000000e+00	3.13633422980906e+08
2.10000000000000e+00	3.08803368067285e+08
2.11000000000000e+00	3.01310680667192e+08
2.12000000000000e+00	2.91058857973606e+08
2.13000000000000e+00	2.78149501843734e+08
2.14000000000000e+00	2.62923858900344e+08
2.15000000000000e+00	2.45927630479839e+08
2.16000000000000e+00	2.27845336613719e+08
2.17000000000000e+00	2.09342356218928e+08
2.18000000000000e+00	1.90979108059863e+08
2.19000000000000e+00	1.73132921175896e+08
2.20000000000000e+00	1.56025568004465e+08
2.21000000000000e+00	1.39763455451292e+08
2.22000000000000e+00	1.24406434036355e+08
2.23000000000000e+00	1.10033873150825e+08
2.24000000000000e+00	9.67569136701435e+07
2.25000000000000e+00	8.47235495380011e+07
2.26000000000000e+00	7.40661081439423e+07
2.27000000000000e+00	6.48609164985569e+07
2.28000000000000e+00	5.71068590371636e+07
2.29000000000000e+00	5.07254228403096e+07
2.30000000000000e+00	4.55810153416632e+07
2.31000000000000e+00	4.15073184785782e+07
2.32000000000000e+00	3.83311398576499e+07
2.33000000000000e+00	3.58882183096793e+07
2.34000000000000e+00	3.40304770828966e+07
2.35000000000000e+00	3.26347845920051e+07
2.36000000000000e+00	3.15978014916434e+07
2.37000000000000e+00	3.08358202664287e+07
2.38000000000000e+00	3.02797460252118e+07
2.39000000000000e+00	2.98674667705810e+07
2.40000000000000e+00	2.95440665013014e+07
2.41000000000000e+00	2.92638591188952e+07
2.42000000000000e+00	2.89961809462322e+07
2.43000000000000e+00	2.87301925340973e+07
2.44000000000000e+00	2.84761344225608e+07
2.45000000000000e+00	2.82647131452849e+07
2.46000000000000e+00	2.81397873220762e+07
2.47000000000000e+00	2.81550111992742e+07
2.48000000000000e+00	2.83642311445610e+07
2.49000000000000e+00	2.88186359206298e+07
2.50000000000000e+00	2.95573148685806e+07
2.51000000000000e+00	3.06027121542679e+07
2.52000000000000e+00	3.19556186784974e+07
2.53000000000000e+00	3.35897976704045e+07
2.54000000000000e+00	3.54518440777654e+07
2.55000000000000e+00	3.74647280314635e+07
2.56000000000000e+00	3.95322592752316e+07
2.57000000000000e+00	4.15452035486832e+07
2.58000000000000e+00	4.33896929649891e+07
2.59000000000000e+00	4.49527277089854e+07
2.60000000000000e+00	4.61230182290834e+07
2.61000000000000e+00	4.67998037549989e+07
2.62000000000000e+00	4.68959117363417e+07
2.63000000000000e+00	4.63539930300473e+07
2.64000000000000e+00	4.51754136561893e+07
2.65000000000000e+00	4.34380307258943e+07
2.66000000000000e+00	4.13003554907364e+07
2.67000000000000e+00	3.89662364203358e+07
2.68000000000000e+00	3.66348627924466e+07
2.69000000000000e+00	3.44571263664510e+07
2.70000000000000e+00	3.25170164093063e+07
2.71000000000000e+00	3.08354635673739e+07
2.72000000000000e+00	2.93875024552275e+07
2.73000000000000e+00	2.81235853909984e+07
2.74000000000000e+00	2.69840817309665e+07
2.75000000000000e+00	2.59136019557524e+07
2.76000000000000e+00	2.48671607830751e+07
2.77000000000000e+00	2.38136787416647e+07
2.78000000000000e+00	2.27328984748948e+07
2.79000000000000e+00	2.16143960461038e+07
2.80000000000000e+00	2.04528974741836e+07
2.81000000000000e+00	1.92471314916668e+07
2.82000000000000e+00	1.79987603840331e+07
2.83000000000000e+00	1.67119801640577e+07
2.84000000000000e+00	1.53944626004958e+07
2.85000000000000e+00	1.40568463131806e+07
2.86000000000000e+00	1.27129400221862e+07
2.87000000000000e+00	1.13797827835926e+07
2.88000000000000e+00	1.00763800059568e+07
2.89000000000000e+00	8.82256741553548e+06
2.90000000000000e+00	7.63817058898095e+06
2.91000000000000e+00	6.54121740304381e+06
2.92000000000000e+00	5.54756864273514e+06
2.93000000000000e+00	4.66989392723331e+06
2.94000000000000e+00	3.91721389154056e+06
2.95000000000000e+00	3.29414255311672e+06
2.96000000000000e+00	2.80036295917747e+06
2.97000000000000e+00	2.43006726211979e+06
2.98000000000000e+00	2.17271947499726e+06
2.99000000000000e+00	2.01356699916548e+06
3.00000000000000e+00	1.93556166289294e+06
3.01000000000000e+00	1.92088280233405e+06
3.02000000000000e+00	1.95246749222922e+06
3.03000000000000e+00	2.01513692994824e+06
3.04000000000000e+00	2.09615730914537e+06
3.05000000000000e+00	2.18554653818475e+06
3.06000000000000e+00	2.27586984778735e+06
3.07000000000000e+00	2.36228967657187e+06
3.08000000000000e+00	2.44199027444595e+06
3.09000000000000e+00	2.51378919188146e+06
3.10000000000000e+00	2.57781540523649e+06
3.11000000000000e+00	2.63486073879152e+06
3.12000000000000e+00	2.68623784662689e+06
3.13000000000000e+00	2.73315433681961e+06
3.14000000000000e+00	2.77662391346461e+06
3.15000000000000e+00	2.81711635436365e+06
3.16000000000000e+00	2.85475617519213e+06
3.17000000000000e+00	2.88932031699759e+06
3.18000000000000e+00	2.92045927725553e+06
3.19000000000000e+00	2.94809753004495e+06
3.20000000000000e+00	2.97239813580429e+06
3.21000000000000e+00	2.99376347481640e+06
3.22000000000000e+00	3.01244208527436e+06
3.23000000000000e+00	3.02841312306675e+06
3.24000000000000e+00	3.04099314432758e+06
3.25000000000000e+00	3.04912279296083e+06
3.26000000000000e+00	3.05147771009924e+06
3.27000000000000e+00	3.04693374241268e+06
3.28000000000000e+00	3.03457098422762e+06
3.29000000000000e+00	3.01419742917594e+06
3.30000000000000e+00	2.98617044972508e+06
3.31000000000000e+00	2.95130625914189e+06
3.32000000000000e+00	2.91092194708624e+06
3.33000000000000e+00	2.86635691069392e+06
3.34000000000000e+00	2.81890361053029e+06
3.35000000000000e+00	2.76928998829657e+06
3.36000000000000e+00	2.71772894935353e+06
3.37000000000000e+00	2.66389166164551e+06
3.38000000000000e+00	2.60699971305002e+06
3.39000000000000e+00	2.54622075506837e+06
3.40000000000000e+00	2.48096371178972e+06
3.41000000000000e+00	2.41088331531222e+06
3.42000000000000e+00	2.33613570999580e+06
3.43000000000000e+00	2.25730846373263e+06
3.44000000000000e+00	2.17529352548617e+06
3.45000000000000e+00	2.09130498337678e+06
3.46000000000000e+00	2.00671804442339e+06
3.47000000000000e+00	1.92309368327962e+06
3.48000000000000e+00	1.84207297908125e+06
3.49000000000000e+00	1.76543943942630e+06
3.50000000000000e+00	1.69489061774724e+06
3.51000000000000e+00	1.63209607860382e+06
3.52000000000000e+00	1.57862726039416e+06
3.53000000000000e+00	1.53575841975519e+06
3.54000000000000e+00	1.50452589086539e+06
3.55000000000000e+00	1.48555902306608e+06
3.56000000000000e+00	1.47915191703837e+06
3.57000000000000e+00	1.48523388556981e+06
3.58000000000000e+00	1.50344293655063e+06
3.59000000000000e+00	1.53311551266885e+06
3.60000000000000e+00	1.57342289587233e+06
3.61000000000000e+00	1.62330013489003e+06
3.62000000000000e+00	1.68146614816858e+06
3.63000000000000e+00	1.74640077222874e+06
3.64000000000000e+00	1.81633002529222e+06
3.65000000000000e+00	1.88923009360424e+06
3.66000000000000e+00	1.96279749893470e+06
3.67000000000000e+00	2.03462718869889e+06
3.68000000000000e+00	2.10222751451543e+06
3.69000000000000e+00	2.16305065397290e+06
3.70000000000000e+00	2.21467752484035e+06
3.71000000000000e+00	2.25479991619048e+06
3.72000000000000e+00	2.28146917410677e+06
3.73000000000000e+00	2.29315917533397e+06
3.74000000000000e+00	2.28901868223754e+06
3.75000000000000e+00	2.26900449043115e+06
3.76000000000000e+00	2.23394978016029e+06
3.77000000000000e+00	2.18547903247222e+06
3.78000000000000e+00	2.12572160047182e+06
3.79000000000000e+00	2.05714664590341e+06
3.80000000000000e+00	1.98226375885736e+06
3.81000000000000e+00	1.90348650501292e+06
3.82000000000000e+00	1.82307407516886e+06
3.83000000000000e+00	1.74307205344073e+06
3.84000000000000e+00	1.66529086229440e+06
3.85000000000000e+00	1.59147436614970e+06
3.86000000000000e+00	1.52319273663769e+06
3.87000000000000e+00	1.46186561338521e+06
3.88000000000000e+00	1.40880140501756e+06
3.89000000000000e+00	1.36502902592089e+06
3.90000000000000e+00	1.33124950220702e+06
3.91000000000000e+00	1.30766081498878e+06
3.92000000000000e+00	1.29389725475438e+06
3.93000000000000e+00	1.28889591200192e+06
3.94000000000000e+00	1.29088629123513e+06
3.95000000000000e+00	1.29745816397864e+06
3.96000000000000e+00	1.30569454372039e+06
3.97000000000000e+00	1.31246814131254e+06
3.98000000000000e+00	1.31467694497545e+06
3.99000000000000e+00	1.30956870958039e+06
4.00000000000000e+00	1.29494684014802e+06
4.01000000000000e+00	1.26930897411197e+06
4.02000000000000e+00	1.23181327183290e+06
4.03000000000000e+00	1.18225789528316e+06
4.04000000000000e+00	1.12107225355037e+06
4.05000000000000e+00	1.04918573402015e+06
4.06000000000000e+00	9.68098284836008e+05
4.07000000000000e+00	8.79794212701033e+05
4.08000000000000e+00	7.86719084704513e+05
4.09000000000000e+00	6.91712546214587e+05
4.10000000000000e+00	5.97889915809033e+05
4.11000000000000e+00	5.08529660694047e+05
4.12000000000000e+00	4.26957564465193e+05
4.13000000000000e+00	3.56396714179970e+05
4.14000000000000e+00	2.99797384096607e+05
4.15000000000000e+00	2.59638391048132e+05
4.16000000000000e+00	2.37722184270095e+05
4.17000000000000e+00	2.34994152101516e+05
4.18000000000000e+00	2.51450365632090e+05
4.19000000000000e+00	2.86127454428541e+05
4.20000000000000e+00	3.37215518411904e+05
4.21000000000000e+00	4.02252052335034e+05
4.22000000000000e+00	4.78374966579246e+05
4.23000000000000e+00	5.62586224798283e+05
4.24000000000000e+00	6.52028613619786e+05
4.25000000000000e+00	7.44221714550328e+05
4.26000000000000e+00	8.37254270302108e+05
4.27000000000000e+00	9.29987409978948e+05
4.28000000000000e+00	1.02213924747406e+06
4.29000000000000e+00	1.11428043073441e+06
4.30000000000000e+00	1.20775895897268e+06
4.31000000000000e+00	1.30451643798886e+06
4.32000000000000e+00	1.40680820963584e+06
4.33000000000000e+00	1.51690567275390e+06
4.34000000000000e+00	1.63689712508786e+06
4.35000000000000e+00	1.76840083069786e+06
4.36000000000000e+00	1.91240783687639e+06
4.37000000000000e+00	2.06919170382133e+06
4.38000000000000e+00	2.23821981757884e+06
4.39000000000000e+00	2.41796399599042e+06
4.40000000000000e+00	2.60585780962742e+06
4.41000000000000e+00	2.79803326429978e+06
4.42000000000000e+00	2.98918632399033e+06
4.43000000000000e+00	3.17249575638788e+06
4.44000000000000e+00	3.33967803944932e+06
4.45000000000000e+00	3.48153000822193e+06
4.46000000000000e+00	3.58850148504129e+06
4.47000000000000e+00	3.65187774271479e+06
4.48000000000000e+00	3.66490186897309e+06
4.49000000000000e+00	3.62398521322777e+06
4.50000000000000e+00	3.52931297988403e+06
4.51000000000000e+00	3.38520692219885e+06
4.52000000000000e+00	3.19959504262109e+06
4.53000000000000e+00	2.98295196083922e+06
4.54000000000000e+00	2.74705486055758e+06
4.55000000000000e+00	2.50343986467229e+06
4.56000000000000e+00	2.26228042227734e+06
4.57000000000000e+00	2.03168772265609e+06
4.58000000000000e+00	1.81731997593863e+06
4.59000000000000e+00	1.62252147588041e+06
4.60000000000000e+00	1.44873690882258e+06
4.61000000000000e+00	1.29594864552579e+06
4.62000000000000e+00	1.16317531585388e+06
4.63000000000000e+00	1.04887254419541e+06
4.64000000000000e+00	9.51225824357182e+05
4.65000000000000e+00	8.68297463808425e+05
4.66000000000000e+00	7.98161094361672e+05
4.67000000000000e+00	7.38886744793137e+05
4.68000000000000e+00	6.88630728130116e+05
4.69000000000000e+00	6.45600848554472e+05
4.70000000000000e+00	6.08125300068396e+05
4.71000000000000e+00	5.74649494313322e+05
4.72000000000000e+00	5.43812805948518e+05
4.73000000000000e+00	5.14452107711318e+05
4.74000000000000e+00	4.85648205091649e+05
4.75000000000000e+00	4.56708176789515e+05
4.76000000000000e+00	4.27207391137445e+05
4.77000000000000e+00	3.96986708072637e+05
4.78000000000000e+00	3.66143803753088e+05
4.79000000000000e+00	3.35042116958650e+05
4.80000000000000e+00	3.04263596580549e+05
4.81000000000000e+00	2.74565562582751e+05
4.82000000000000e+00	2.46791248666242e+05
4.83000000000000e+00	2.21758522837702e+05
4.84000000000000e+00	2.00145334688684e+05
4.85000000000000e+00	1.82391579663306e+05
4.86000000000000e+00	1.68637095478615e+05
4.87000000000000e+00	1.58700052317893e+05
4.88000000000000e+00	1.52121308632916e+05
4.89000000000000e+00	1.48249840642417e+05
4.90000000000000e+00	1.46349677730371e+05
4.91000000000000e+00	1.45698793432487e+05
4.92000000000000e+00	1.45685070538647e+05
4.93000000000000e+00	1.45853059535756e+05
4.94000000000000e+00	1.45921314830119e+05
4.95000000000000e+00	1.45765153726387e+05
4.96000000000000e+00	1.45369717600698e+05
4.97000000000000e+00	1.44784681203339e+05
4.98000000000000e+00	1.44067742295257e+05
4.99000000000000e+00	1.43249073315468e+05
5.00000000000000e+00	1.42318899014301e+05
5.01000000000000e+00	1.41221050938664e+05
5.02000000000000e+00	1.39889313727503e+05
5.03000000000000e+00	1.38273395580284e+05
5.04000000000000e+00	1.36387195881264e+05
5.05000000000000e+00	1.34349476807099e+05
5.06000000000000e+00	1.32409953442809e+05
5.07000000000000e+00	1.30963354599420e+05
5.08000000000000e+00	1.30542475137418e+05
5.09000000000000e+00	1.31791677628052e+05
5.10000000000000e+00	1.35424786345004e+05
5.11000000000000e+00	1.42176399862934e+05
5.12000000000000e+00	1.52740142363246e+05
5.13000000000000e+00	1.67722369156701e+05
5.14000000000000e+00	1.87579968632525e+05
5.15000000000000e+00	2.12570827271359e+05
5.16000000000000e+00	2.42702750210192e+05
5.17000000000000e+00	2.77690884240024e+05
5.18000000000000e+00	3.16905564702680e+05
5.19000000000000e+00	3.59330321516828e+05
5.20000000000000e+00	4.03548716452863e+05
5.21000000000000e+00	4.47720784402195e+05
5.22000000000000e+00	4.89659366151402e+05
5.23000000000000e+00	5.26948109385650e+05
5.24000000000000e+00	5.57117846828062e+05
5.25000000000000e+00	5.77888697978257e+05
5.26000000000000e+00	5.87492048313554e+05
5.27000000000000e+00	5.84884521278900e+05
5.28000000000000e+00	5.69986354174548e+05
5.29000000000000e+00	5.43698689841901e+05
5.30000000000000e+00	5.07850731268959e+05
5.31000000000000e+00	4.64925282766453e+05
5.32000000000000e+00	4.17743754033285e+05
5.33000000000000e+00	3.69129612830679e+05
5.34000000000000e+00	3.21589900600517e+05
5.35000000000000e+00	2.77135397552687e+05
5.36000000000000e+00	2.37199041635997e+05
5.37000000000000e+00	2.02648009273000e+05
5.38000000000000e+00	1.73855558967479e+05
5.39000000000000e+00	1.50819431423980e+05
5.40000000000000e+00	1.33270641853938e+05
5.41000000000000e+00	1.20770733416796e+05
5.42000000000000e+00	1.12802379703112e+05
5.43000000000000e+00	1.08826382312520e+05
5.44000000000000e+00	1.08334707668550e+05
5.45000000000000e+00	1.10884422897917e+05
5.46000000000000e+00	1.16125558634026e+05
5.47000000000000e+00	1.23808401299896e+05
5.48000000000000e+00	1.33789418271094e+05
5.49000000000000e+00	1.46014302757529e+05
5.50000000000000e+00	1.60481034259861e+05
5.51000000000000e+00	1.77209351141169e+05
5.52000000000000e+00	1.96181951866530e+05
5.53000000000000e+00	2.17301734184340e+05
5.54000000000000e+00	2.40337054446569e+05
5.55000000000000e+00	2.64886699466289e+05
5.56000000000000e+00	2.90364092030297e+05
5.57000000000000e+00	3.16001087081926e+05
5.58000000000000e+00	3.40873115545762e+05
5.59000000000000e+00	3.63971328137485e+05
5.60000000000000e+00	3.84258611096538e+05
5.61000000000000e+00	4.00791623325872e+05
5.62000000000000e+00	4.12771765655453e+05
5.63000000000000e+00	4.19648408898201e+05
5.64000000000000e+00	4.21128830381871e+05
5.65000000000000e+00	4.17214905138680e+05
5.66000000000000e+00	4.08162051364427e+05
5.67000000000000e+00	3.94462283359208e+05
5.68000000000000e+00	3.76757916210674e+05
5.69000000000000e+00	3.55793319718943e+05
5.70000000000000e+00	3.32367643765336e+05
5.71000000000000e+00	3.07273259876906e+05
5.72000000000000e+00	2.81263493561279e+05
5.73000000000000e+00	2.55027490922242e+05
5.74000000000000e+00	2.29153497471166e+05
5.75000000000000e+00	2.04144037798913e+05
5.76000000000000e+00	1.80398507692692e+05
5.77000000000000e+00	1.58228345971689e+05
5.78000000000000e+00	1.37851187406441e+05
5.79000000000000e+00	1.19405660890293e+05
5.80000000000000e+00	1.02963235831777e+05
5.81000000000000e+00	8.85275072018540e+04
5.82000000000000e+00	7.60490018694814e+04
5.83000000000000e+00	6.54386787254387e+04
5.84000000000000e+00	5.65719301444773e+04
5.85000000000000e+00	4.93029331067228e+04
5.86000000000000e+00	4.34678741825325e+04
5.87000000000000e+00	3.88905030535665e+04
5.88000000000000e+00	3.53864662013671e+04
5.89000000000000e+00	3.27665220574757e+04
5.90000000000000e+00	3.08455295664001e+04
5.91000000000000e+00	2.94425967332538e+04
5.92000000000000e+00	2.83933656022500e+04
5.93000000000000e+00	2.75539503273407e+04
5.94000000000000e+00	2.68073353558297e+04
5.95000000000000e+00	2.60671960774534e+04
5.96000000000000e+00	2.52800719671119e+04
5.97000000000000e+00	2.44219451792881e+04
5.98000000000000e+00	2.34952065120141e+04
5.99000000000000e+00	2.25222561498465e+04
6.00000000000000e+00	2.15382170436966e+04
6.01000000000000e+00	2.05828180909321e+04
6.02000000000000e+00	1.96946872264183e+04
6.03000000000000e+00	1.89041941234884e+04
6.04000000000000e+00	1.82307968532125e+04
6.05000000000000e+00	1.76803044657324e+04
6.06000000000000e+00	1.72445623625683e+04
6.07000000000000e+00	1.69038041798207e+04
6.08000000000000e+00	1.66290779589436e+04
6.09000000000000e+00	1.63875979099471e+04
6.10000000000000e+00	1.61470019700616e+04
6.11000000000000e+00	1.58803181146853e+04
6.12000000000000e+00	1.55698174736252e+04
6.13000000000000e+00	1.52094260646408e+04
6.14000000000000e+00	1.48052351809663e+04
6.15000000000000e+00	1.43756944481279e+04
6.16000000000000e+00	1.39483583123748e+04
6.17000000000000e+00	1.35571353982875e+04
6.18000000000000e+00	1.32391097148149e+04
6.19000000000000e+00	1.30294938598236e+04
6.20000000000000e+00	1.29590414597279e+04
6.21000000000000e+00	1.30495344784722e+04
6.22000000000000e+00	1.33123616595777e+04
6.23000000000000e+00	1.37460987263030e+04
6.24000000000000e+00	1.43363636840221e+04
6.25000000000000e+00	1.50558292013541e+04
6.26000000000000e+00	1.58656101913596e+04
6.27000000000000e+00	1.67172006606513e+04
6.28000000000000e+00	1.75547207408983e+04
6.29000000000000e+00	1.83190931676386e+04
6.30000000000000e+00	1.89510293035393e+04
6.31000000000000e+00	1.93957128600553e+04
6.32000000000000e+00	1.96072100889856e+04
6.33000000000000e+00	1.95539203235989e+04
6.34000000000000e+00	1.92209832651830e+04
6.35000000000000e+00	1.86149351377366e+04
6.36000000000000e+00	1.77627087316979e+04
6.37000000000000e+00	1.67100094285937e+04
6.38000000000000e+00	1.55181516852780e+04
6.39000000000000e+00	1.42582794981065e+04
6.40000000000000e+00	1.30048001007087e+04
6.41000000000000e+00	1.18296176829587e+04
6.42000000000000e+00	1.07952636631920e+04
6.43000000000000e+00	9.95020304065062e+03
6.44000000000000e+00	9.32428690547030e+03
6.45000000000000e+00	8.92705239942033e+03
6.46000000000000e+00	8.74754198439449e+03
6.47000000000000e+00	8.75684464235281e+03
6.48000000000000e+00	8.91259308560926e+03
6.49000000000000e+00	9.16543745745498e+03
6.50000000000000e+00	9.46606044025254e+03
6.51000000000000e+00	9.77175889278666e+03
6.52000000000000e+00	1.00514164952276e+04
6.53000000000000e+00	1.02880676347435e+04
6.54000000000000e+00	1.04785492646926e+04
6.55000000000000e+00	1.06312469327621e+04
6.56000000000000e+00	1.07615299848677e+04
6.57000000000000e+00	1.08864172287068e+04
6.58000000000000e+00	1.10195177014285e+04
6.59000000000000e+00	1.11664715267633e+04
6.60000000000000e+00	1.13221445547728e+04
6.61000000000000e+00	1.14700172296075e+04
6.62000000000000e+00	1.15841067505968e+04
6.63000000000000e+00	1.16325094014245e+04
6.64000000000000e+00	1.15833810183975e+04
6.65000000000000e+00	1.14106563883958e+04
6.66000000000000e+00	1.10996532100947e+04
6.67000000000000e+00	1.06502506805956e+04
6.68000000000000e+00	1.00781374732044e+04
6.69000000000000e+00	9.41318421348487e+03
6.70000000000000e+00	8.69613373369800e+03
6.71000000000000e+00	7.97411449334085e+03
6.72000000000000e+00	7.29563713431637e+03
6.73000000000000e+00	6.70652488840622e+03
6.74000000000000e+00	6.24596561640819e+03
6.75000000000000e+00	5.94430586431308e+03
6.76000000000000e+00	5.82222171711413e+03
6.77000000000000e+00	5.89154058496238e+03
6.78000000000000e+00	6.15710750895082e+03
6.79000000000000e+00	6.62028187027820e+03
6.80000000000000e+00	7.28211951829805e+03
6.81000000000000e+00	8.14660299806581e+03
6.82000000000000e+00	9.22214016279000e+03
6.83000000000000e+00	1.05217975862281e+04
6.84000000000000e+00	1.20611056171107e+04
6.85000000000000e+00	1.38540327323945e+04
6.86000000000000e+00	1.59078329960311e+04
6.87000000000000e+00	1.82170108116862e+04
6.88000000000000e+00	2.07576362708142e+04
6.89000000000000e+00	2.34826671245611e+04
6.90000000000000e+00	2.63210180994246e+04
6.91000000000000e+00	2.91784397182557e+04
6.92000000000000e+00	3.19436398561154e+04
6.93000000000000e+00	3.44976178495593e+04
6.94000000000000e+00	3.67243848130614e+04
6.95000000000000e+00	3.85229096443667e+04
6.96000000000000e+00	3.98174225920303e+04
6.97000000000000e+00	4.05624496464879e+04
6.98000000000000e+00	4.07462985195286e+04
6.99000000000000e+00	4.03878767787306e+04
7.00000000000000e+00	3.95320242147878e+04
7.01000000000000e+00	3.82421825895707e+04
7.02000000000000e+00	3.65937060419512e+04
7.03000000000000e+00	3.46662754333841e+04
7.04000000000000e+00	3.25377392566299e+04
7.05000000000000e+00	3.02822728407495e+04
7.06000000000000e+00	2.79654022200343e+04
7.07000000000000e+00	2.56441871720680e+04
7.08000000000000e+00	2.33656233618170e+04
7.09000000000000e+00	2.11677075835912e+04
7.10000000000000e+00	1.90797453325830e+04
7.11000000000000e+00	1.71229813510786e+04
7.12000000000000e+00	1.53111971923764e+04
7.13000000000000e+00	1.36516422697005e+04
7.14000000000000e+00	1.21457990455543e+04
7.15000000000000e+00	1.07903855963320e+04
7.16000000000000e+00	9.57835110426577e+03
7.17000000000000e+00	8.50002090493091e+03
7.18000000000000e+00	7.54432495718949e+03
7.19000000000000e+00	6.69938849388438e+03
7.20000000000000e+00	5.95364427516172e+03
7.21000000000000e+00	5.29597674098729e+03
7.22000000000000e+00	4.71628857448344e+03
7.23000000000000e+00	4.20546430922683e+03
7.24000000000000e+00	3.75548708198831e+03
7.25000000000000e+00	3.35925800081204e+03
7.26000000000000e+00	3.01050674057053e+03
7.27000000000000e+00	2.70357256645596e+03
7.28000000000000e+00	2.43328480086300e+03
7.29000000000000e+00	2.19487763442301e+03
7.30000000000000e+00	1.98395005117870e+03
7.31000000000000e+00	1.79641875761298e+03
7.32000000000000e+00	1.62868743197577e+03
7.33000000000000e+00	1.47760058881923e+03
7.34000000000000e+00	1.34054671064256e+03
7.35000000000000e+00	1.21538882351282e+03
7.36000000000000e+00	1.10041290028398e+03
7.37000000000000e+00	9.94313007229874e+02
7.38000000000000e+00	8.95959571743796e+02
7.39000000000000e+00	8.04374099645709e+02
7.40000000000000e+00	7.18639912112730e+02
7.41000000000000e+00	6.37840155857413e+02
7.42000000000000e+00	5.61167671642882e+02
7.43000000000000e+00	4.87933910296961e+02
7.44000000000000e+00	4.17741425702169e+02
7.45000000000000e+00	3.50567014582383e+02
7.46000000000000e+00	2.86840650626625e+02
7.47000000000000e+00	2.27457465674978e+02
7.48000000000000e+00	1.73702417217201e+02
7.49000000000000e+00	1.27087083081636e+02
7.50000000000000e+00	8.91042103019268e+01
7.51000000000000e+00	6.09355033768243e+01
7.52000000000000e+00	4.31563110936629e+01
7.53000000000000e+00	3.54927733737370e+01
7.54000000000000e+00	3.67072229324633e+01
7.55000000000000e+00	4.46498768274983e+01
7.56000000000000e+00	5.64954608986075e+01
7.57000000000000e+00	6.91337618424190e+01
7.58000000000000e+00	7.96344274408218e+01
7.59000000000000e+00	8.56901221227045e+01
7.60000000000000e+00	8.59330257531014e+01
7.61000000000000e+00	8.00782815127860e+01
7.62000000000000e+00	6.88709684030688e+01
7.63000000000000e+00	5.38926270685565e+01
7.64000000000000e+00	3.72790487009730e+01
7.65000000000000e+00	2.14328811796640e+01
7.66000000000000e+00	8.77119096508373e+00
7.67000000000000e+00	1.53528544590684e+00
7.68000000000000e+00	1.66447417048393e+00
7.69000000000000e+00	1.07240674782255e+01
7.70000000000000e+00	2.98739493729253e+01
7.71000000000000e+00	5.98656211885756e+01
7.72000000000000e+00	1.01058259793405e+02
7.73000000000000e+00	1.53440064215662e+02
7.74000000000000e+00	2.16653986103827e+02
7.75000000000000e+00	2.89997028722166e+02
7.76000000000000e+00	3.72418941259368e+02
7.77000000000000e+00	4.62469559313695e+02
7.78000000000000e+00	5.58243630550928e+02
7.79000000000000e+00	6.57318027693070e+02
7.80000000000000e+00	7.56724662137599e+02
7.81000000000000e+00	8.52972508709937e+02
7.82000000000000e+00	9.42162720852896e+02
7.83000000000000e+00	1.02019757563647e+03
7.84000000000000e+00	1.08301029099586e+03
7.85000000000000e+00	1.12695906566706e+03
7.86000000000000e+00	1.14906598304193e+03
7.87000000000000e+00	1.14750551374363e+03
7.88000000000000e+00	1.12173148869569e+03
7.89000000000000e+00	1.07264764521206e+03
7.90000000000000e+00	1.00267440384282e+03
7.91000000000000e+00	9.15475977474061e+02
7.92000000000000e+00	8.15694569485549e+02
7.93000000000000e+00	7.08504573353171e+02
7.94000000000000e+00	5.99111659297054e+02
7.95000000000000e+00	4.92403905412471e+02
7.96000000000000e+00	3.92500126997317e+02
7.97000000000000e+00	3.02614698786663e+02
7.98000000000000e+00	2.24921235110171e+02
7.99000000000000e+00	1.60592089901834e+02
8.00000000000000e+00	1.09871369360937e+02
8.01000000000000e+00	7.22331315802460e+01
8.02000000000000e+00	4.65369829843381e+01
8.03000000000000e+00	3.12010419844033e+01
8.04000000000000e+00	2.43574330914856e+01
8.05000000000000e+00	2.40041237457842e+01
8.06000000000000e+00	2.81323045193208e+01
8.07000000000000e+00	3.48435808359431e+01
8.08000000000000e+00	4.24460561682718e+01
8.09000000000000e+00	4.95328781103120e+01
8.10000000000000e+00	5.50450538518350e+01
8.11000000000000e+00	5.83146793220132e+01
8.12000000000000e+00	5.90918587289694e+01
8.13000000000000e+00	5.75577175444467e+01
8.14000000000000e+00	5.43101871194397e+01
8.15000000000000e+00	5.03320592739849e+01
8.16000000000000e+00	4.69201755483578e+01
8.17000000000000e+00	4.55873802571095e+01
8.18000000000000e+00	4.79333912067474e+01
8.19000000000000e+00	5.54981487693731e+01
8.20000000000000e+00	6.96200974287325e+01
8.21000000000000e+00	9.13206874144026e+01
8.22000000000000e+00	1.21230821055116e+02
8.23000000000000e+00	1.59575228872524e+02
8.24000000000000e+00	2.06220084893206e+02
8.25000000000000e+00	2.60767591408995e+02
8.26000000000000e+00	3.22675777423013e+02
8.27000000000000e+00	3.91410467926732e+02
8.28000000000000e+00	4.66574498688150e+02
8.29000000000000e+00	5.48038251572808e+02
8.30000000000000e+00	6.36074836854227e+02
8.31000000000000e+00	7.31425624332681e+02
8.32000000000000e+00	8.35448654346735e+02
8.33000000000000e+00	9.50126631468730e+02
8.34000000000000e+00	1.07820302535194e+03
8.35000000000000e+00	1.22322639215101e+03
8.36000000000000e+00	1.38954914450344e+03
8.37000000000000e+00	1.58239852240655e+03
8.38000000000000e+00	1.80774242155582e+03
8.39000000000000e+00	2.07227737478372e+03
8.40000000000000e+00	2.38313423227167e+03
8.41000000000000e+00	2.74759181834241e+03
8.42000000000000e+00	3.17264368912908e+03
8.43000000000000e+00	3.66438949481820e+03
8.44000000000000e+00	4.22755991816798e+03
8.45000000000000e+00	4.86481818104690e+03
8.46000000000000e+00	5.57603334438093e+03
8.47000000000000e+00	6.35795958132727e+03
8.48000000000000e+00	7.20338955659743e+03
8.49000000000000e+00	8.10099980337602e+03
8.50000000000000e+00	9.03477049033155e+03
8.51000000000000e+00	9.98381200775283e+03
8.52000000000000e+00	1.09218780969324e+04
8.53000000000000e+00	1.18180185736947e+04
8.54000000000000e+00	1.26372846657164e+04
8.55000000000000e+00	1.33425411939312e+04
8.56000000000000e+00	1.38974371077439e+04
8.57000000000000e+00	1.42697127450960e+04
8.58000000000000e+00	1.44351659107071e+04
8.59000000000000e+00	1.43801853504778e+04
8.60000000000000e+00	1.41043374405488e+04
8.61000000000000e+00	1.36199416093134e+04
8.62000000000000e+00	1.29506956631003e+04
8.63000000000000e+00	1.21295688786992e+04
8.64000000000000e+00	1.11948319242938e+04
8.65000000000000e+00	1.01867629947790e+04
8.66000000000000e+00	9.14410654295721e+03
8.67000000000000e+00	8.10150110721692e+03
8.68000000000000e+00	7.08810630046664e+03
8.69000000000000e+00	6.12646370687924e+03
8.70000000000000e+00	5.23254874684677e+03
8.71000000000000e+00	4.41641656839541e+03
8.72000000000000e+00	3.68301693341710e+03
8.73000000000000e+00	3.03321747597856e+03
8.74000000000000e+00	2.46490256413893e+03
8.75000000000000e+00	1.97384266195512e+03
8.76000000000000e+00	1.55462793478809e+03
8.77000000000000e+00	1.20103729263961e+03
8.78000000000000e+00	9.06710227905177e+02
8.79000000000000e+00	6.65349755250786e+02
8.80000000000000e+00	4.70961651459603e+02
8.81000000000000e+00	3.17978096203145e+02
8.82000000000000e+00	2.01302767855643e+02
8.83000000000000e+00	1.16324225520317e+02
8.84000000000000e+00	5.88766945487753e+01
8.85000000000000e+00	2.51786382734464e+01
8.86000000000000e+00	1.17425369159809e+01
8.87000000000000e+00	1.52869769003951e+01
8.88000000000000e+00	3.26452501921687e+01
8.89000000000000e+00	6.06967819023185e+01
8.90000000000000e+00	9.63246626155890e+01
8.91000000000000e+00	1.36414522474047e+02
8.92000000000000e+00	1.77891401079011e+02
8.93000000000000e+00	2.17812823355962e+02
8.94000000000000e+00	2.53463638505384e+02
8.95000000000000e+00	2.82519837859921e+02
8.96000000000000e+00	3.03163024218392e+02
8.97000000000000e+00	3.14219821851486e+02
8.98000000000000e+00	3.15226353452618e+02
8.99000000000000e+00	3.06466657179827e+02
9.00000000000000e+00	2.88919014000036e+02
9.01000000000000e+00	2.64147653620128e+02
9.02000000000000e+00	2.34117241554234e+02
9.03000000000000e+00	2.00990201976133e+02
9.04000000000000e+00	1.66922693473977e+02
9.05000000000000e+00	1.33865066213040e+02
9.06000000000000e+00	1.03444822327167e+02
9.07000000000000e+00	7.68764242440712e+01
9.08000000000000e+00	5.49448189346023e+01
9.09000000000000e+00	3.80236588650114e+01
9.10000000000000e+00	2.61219643426925e+01
9.11000000000000e+00	1.89527231919466e+01
9.12000000000000e+00	1.60079832892675e+01
9.13000000000000e+00	1.66310510901495e+01
9.14000000000000e+00	2.00809959681730e+01
9.15000000000000e+00	2.55854840093914e+01
9.16000000000000e+00	3.23824982678487e+01
9.17000000000000e+00	3.97514413114903e+01
9.18000000000000e+00	4.70353593758487e+01
9.19000000000000e+00	5.36574058849981e+01
9.20000000000000e+00	5.91378085905919e+01
9.21000000000000e+00	6.31127650744530e+01
9.22000000000000e+00	6.53501651501508e+01
9.23000000000000e+00	6.57694098044386e+01
9.24000000000000e+00	6.44517856995225e+01
9.25000000000000e+00	6.16414717195301e+01
9.26000000000000e+00	5.77259727373959e+01
9.27000000000000e+00	5.32018887007337e+01
9.28000000000000e+00	4.86172256314016e+01
9.29000000000000e+00	4.45095825296986e+01
9.30000000000000e+00	4.13428140766983e+01
9.31000000000000e+00	3.94591643753828e+01
9.32000000000000e+00	3.90510320933648e+01
9.33000000000000e+00	4.01618694381694e+01
9.34000000000000e+00	4.27061909034179e+01
9.35000000000000e+00	4.65092667655665e+01
9.36000000000000e+00	5.13525589958186e+01
9.37000000000000e+00	5.70196672448268e+01
9.38000000000000e+00	6.33355198315500e+01
9.39000000000000e+00	7.01912836987161e+01
9.40000000000000e+00	7.75570323939891e+01
9.41000000000000e+00	8.54835302996438e+01
9.42000000000000e+00	9.40835962677055e+01
9.43000000000000e+00	1.03512479241802e+02
9.44000000000000e+00	1.13935531410859e+02
9.45000000000000e+00	1.25495004105942e+02
9.46000000000000e+00	1.38282376883725e+02
9.47000000000000e+00	1.52309691009160e+02
9.48000000000000e+00	1.67500188849729e+02
9.49000000000000e+00	1.83678925395530e+02
9.50000000000000e+00	2.00591504777517e+02
9.51000000000000e+00	2.17909553471333e+02
9.52000000000000e+00	2.35264148346671e+02
9.53000000000000e+00	2.52272134641012e+02
9.54000000000000e+00	2.68562501271360e+02
9.55000000000000e+00	2.83808707417455e+02
9.56000000000000e+00	2.97758692288998e+02
9.57000000000000e+00	3.10260796152210e+02
9.58000000000000e+00	3.21275976033964e+02
9.59000000000000e+00	3.30867488539039e+02
9.60000000000000e+00	3.39176910319324e+02
9.61000000000000e+00	3.46398975112143e+02
9.62000000000000e+00	3.52739384408113e+02
9.63000000000000e+00	3.58403023731487e+02
9.64000000000000e+00	3.63573370517611e+02
9.65000000000000e+00	3.68409172175908e+02
9.66000000000000e+00	3.73048986634323e+02
9.67000000000000e+00	3.77608385976026e+02
9.68000000000000e+00	3.82177128046448e+02
9.69000000000000e+00	3.86816288465881e+02
9.70000000000000e+00	3.91564399724178e+02
9.71000000000000e+00	3.96445367875588e+02
9.72000000000000e+00	4.01456407456797e+02
9.73000000000000e+00	4.06597219877627e+02
9.74000000000000e+00	4.11856307564393e+02
9.75000000000000e+00	4.17218065455099e+02
9.76000000000000e+00	4.22672840264402e+02
9.77000000000000e+00	4.28202316157701e+02
9.78000000000000e+00	4.33795067263547e+02
9.79000000000000e+00	4.39443825045481e+02
9.80000000000000e+00	4.45136835324631e+02
9.81000000000000e+00	4.50867024162143e+02
9.82000000000000e+00	4.56633491313162e+02
9.83000000000000e+00	4.62423245453050e+02
9.84000000000000e+00	4.68231844293257e+02
9.85000000000000e+00	4.74048677158785e+02
9.86000000000000e+00	4.79864683863990e+02
9.87000000000000e+00	4.85686020538374e+02
9.88000000000000e+00	4.91545986038211e+02
9.89000000000000e+00	4.97573231786349e+02
9.90000000000000e+00	5.04099090662988e+02
9.91000000000000e+00	5.11878633546198e+02
9.92000000000000e+00	5.22430535934732e+02
9.93000000000000e+00	5.38496601508948e+02
9.94000000000000e+00	5.64637657785138e+02
9.95000000000000e+00	6.08188777770080e+02
9.96000000000000e+00	6.81063120177453e+02
9.97000000000000e+00	8.03834292207861e+02
9.98000000000000e+00	1.01529480469736e+03
9.99000000000000e+00	1.39645050261105e+03
1.00000000000000e+01	2.13803577045721e+03
1.00100000000000e+01	3.72926760182743e+03
1.00200000000000e+01	6.94038921339550e+03
1.00300000000000e+01	8.36326997782731e+03
1.00400000000000e+01	4.52308387300623e+03
1.00500000000000e+01	2.10239180154948e+03
1.00600000000000e+01	1.10356265433080e+03
1.00700000000000e+01	6.51336364978363e+02
1.00800000000000e+01	4.19192621228766e+02
1.00900000000000e+01	2.87447245615400e+02
1.01000000000000e+01	2.06742199316308e+02
1.01100000000000e+01	1.54301633197901e+02
1.01200000000000e+01	1.18606272955237e+02
1.01300000000000e+01	9.33838262760328e+01
1.01400000000000e+01	7.50044146013769e+01
1.01500000000000e+01	6.12636894452207e+01
1.01600000000000e+01	5.07646968635532e+01
1.01700000000000e+01	4.25910704271726e+01
1.01800000000000e+01	3.61236651573446e+01
1.01900000000000e+01	3.09327511473066e+01
1.02000000000000e+01	2.67139507409474e+01
1.02100000000000e+01	2.32461868171392e+01
1.02200000000000e+01	2.03673527579372e+01
1.02300000000000e+01	1.79553940080554e+01
1.02400000000000e+01	1.59181605719199e+01
1.02500000000000e+01	1.41846164740788e+01
1.02600000000000e+01	1.26993988414886e+01
1.02700000000000e+01	1.14189789015691e+01
1.02800000000000e+01	1.03088869044126e+01
1.02900000000000e+01	9.34137852955834e+00
1.03000000000000e+01	8.49399560962601e+00
1.03100000000000e+01	7.74841466794656e+00
1.03200000000000e+01	7.08965533772927e+00
1.03300000000000e+01	6.50531362719249e+00
1.03400000000000e+01	5.98497157737607e+00
1.03500000000000e+01	5.52001829134532e+00
1.03600000000000e+01	5.10313672034135e+00
1.03700000000000e+01	4.72817348011851e+00
1.03800000000000e+01	4.38986625288637e+00
1.03900000000000e+01	4.08378173865092e+00
1.04000000000000e+01	3.80607488068590e+00
1.04100000000000e+01	3.55345119451165e+00
1.04200000000000e+01	3.32309920623120e+00
1.04300000000000e+01	3.11254760509135e+00
1.04400000000000e+01	2.91970617291979e+00
1.04500000000000e+01	2.74271052081965e+00
1.04600000000000e+01	2.57994150480506e+00
1.04700000000000e+01	2.42999024034262e+00
1.04800000000000e+01	2.29160515430549e+00
1.04900000000000e+01	2.16369602166705e+00
1.05000000000000e+01	2.04527876896998e+00
1.05100000000000e+01	1.93549305670119e+00
1.05200000000000e+01	1.83357106242380e+00
1.05300000000000e+01	1.73879481152669e+00
1.05400000000000e+01	1.65056911562195e+00
1.05500000000000e+01	1.56833186943431e+00
1.05600000000000e+01	1.49157234051854e+00
1.05700000000000e+01	1.41983304278496e+00
1.05800000000000e+01	1.35270478382846e+00
1.05900000000000e+01	1.28981689830178e+00
1.06000000000000e+01	1.23083572283879e+00
1.06100000000000e+01	1.17545336971103e+00
1.06200000000000e+01	1.12339496465292e+00
1.06300000000000e+01	1.07440761225493e+00
1.06400000000000e+01	1.02825725197136e+00
1.06500000000000e+01	9.84737078994032e-01
1.06600000000000e+01	9.43657829469491e-01
1.06700000000000e+01	9.04843242164852e-01
1.06800000000000e+01	8.68132637738008e-01
1.06900000000000e+01	8.33384525638196e-01
1.07000000000000e+01	8.00458240156052e-01
1.07100000000000e+01	7.69238990742686e-01
1.07200000000000e+01	7.39613988220592e-01
1.07300000000000e+01	7.11482950064171e-01
1.07400000000000e+01	6.84753460983453e-01
1.07500000000000e+01	6.59336704344631e-01
1.07600000000000e+01	6.35163848874501e-01
1.07700000000000e+01	6.12154000368411e-01
1.07800000000000e+01	5.90247409510382e-01
1.07900000000000e+01	5.69379803826301e-01
1.08000000000000e+01	5.49494853167236e-01
1.08100000000000e+01	5.30535803058185e-01
1.08200000000000e+01	5.12450759989752e-01
1.08300000000000e+01	4.95192241514712e-01
1.08400000000000e+01	4.78711919230145e-01
1.08500000000000e+01	4.62962886337570e-01
1.08600000000000e+01	4.47906954244197e-01
1.08700000000000e+01	4.33503280774014e-01
1.08800000000000e+01	4.19712953839091e-01
1.08900000000000e+01	4.06500500248032e-01
1.09000000000000e+01	3.93833412243966e-01
1.09100000000000e+01	3.81682327027112e-01
1.09200000000000e+01	3.70016392627593e-01
1.09300000000000e+01	3.58808671599701e-01
1.09400000000000e+01	3.48031893267685e-01
1.09500000000000e+01	3.37667571916640e-01
1.09600000000000e+01	3.27689005252213e-01
1.09700000000000e+01	3.18081359623436e-01
1.09800000000000e+01	3.08821022420264e-01
1.09900000000000e+01	2.99894620920745e-01
1.10000000000000e+01	2.91287062779048e-01
1.10100000000000e+01	2.82984491099407e-01
1.10200000000000e+01	2.74977056558473e-01
1.10300000000000e+01	2.67254025912770e-01
1.10400000000000e+01	2.59805491859263e-01
1.10500000000000e+01	2.52624791832467e-01
1.10600000000000e+01	2.45707084092700e-01
1.10700000000000e+01	2.39040536728521e-01
1.10800000000000e+01	2.32620540925322e-01
1.10900000000000e+01	2.26440541559275e-01
1.11000000000000e+01	2.20491061190348e-01
1.11100000000000e+01	2.14765646537941e-01
1.11200000000000e+01	2.09252946367158e-01
1.11300000000000e+01	2.03945181053262e-01
1.11400000000000e+01	1.98833288078268e-01
1.11500000000000e+01	1.93906172232440e-01
1.11600000000000e+01	1.89153897504366e-01
1.11700000000000e+01	1.84569226332694e-01
1.11800000000000e+01	1.80140629797535e-01
1.11900000000000e+01	1.75860088850012e-01
1.12000000000000e+01	1.71718140817396e-01
1.12100000000000e+01	1.67709461738308e-01
1.12200000000000e+01	1.63826572382486e-01
1.12300000000000e+01	1.60061880058767e-01
1.12400000000000e+01	1.56409751952524e-01
1.12500000000000e+01	1.52866652552307e-01
1.12600000000000e+01	1.49426772438651e-01
1.12700000000000e+01	1.46085567548212e-01
1.12800000000000e+01	1.42840606974761e-01
1.12900000000000e+01	1.39686792884208e-01
1.13000000000000e+01	1.36621785224010e-01
1.13100000000000e+01	1.33641670331847e-01
1.13200000000000e+01	1.30742998351531e-01
1.13300000000000e+01	1.27924472761591e-01
1.13400000000000e+01	1.25181122712290e-01
1.13500000000000e+01	1.22511645637184e-01
1.13600000000000e+01	1.19912829163474e-01
1.13700000000000e+01	1.17381113741149e-01
1.13800000000000e+01	1.14916044871101e-01
1.13900000000000e+01	1.12513619356226e-01
1.14000000000000e+01	1.10172545267366e-01
1.14100000000000e+01	1.07891156485792e-01
1.14200000000000e+01	1.05666458736018e-01
1.14300000000000e+01	1.03498011484014e-01
1.14400000000000e+01	1.01383930474386e-01
1.14500000000000e+01	9.93230549845994e-02
1.14600000000000e+01	9.73132100435358e-02
1.14700000000000e+01	9.53526998360579e-02
1.14800000000000e+01	9.34405263138326e-02
1.14900000000000e+01	9.15749004145229e-02
1.15000000000000e+01	8.97551248679274e-02
1.15100000000000e+01	8.79789349018085e-02
1.15200000000000e+01	8.62453400020361e-02
1.15300000000000e+01	8.45537380527955e-02
1.15400000000000e+01	8.29025105890519e-02
1.15500000000000e+01	8.12920016000347e-02
1.15600000000000e+01	7.97209756847434e-02
1.15700000000000e+01	7.81890875158372e-02
1.15800000000000e+01	7.66968799664153e-02
1.15900000000000e+01	7.52433002852960e-02
1.16000000000000e+01	7.38279309618495e-02
1.16100000000000e+01	7.24512268453035e-02
1.16200000000000e+01	7.11117021500357e-02
1.16300000000000e+01	6.98088461942881e-02
1.16400000000000e+01	6.85411532792506e-02
1.16500000000000e+01	6.73074683002954e-02
1.16600000000000e+01	6.61062463379468e-02
1.16700000000000e+01	6.49356704901335e-02
1.16800000000000e+01	6.37934169825284e-02
1.16900000000000e+01	6.26776892072466e-02
1.17000000000000e+01	6.15866845070161e-02
1.17100000000000e+01	6.05185791993369e-02
1.17200000000000e+01	5.94715609609676e-02
1.17300000000000e+01	5.84442141713718e-02
1.17400000000000e+01	5.74355102779427e-02
1.17500000000000e+01	5.64448761969449e-02
1.17600000000000e+01	5.54714895569072e-02
1.17700000000000e+01	5.45148443162035e-02
1.17800000000000e+01	5.35761031253849e-02
1.17900000000000e+01	5.26544945518381e-02
1.18000000000000e+01	5.17509099454484e-02
1.18100000000000e+01	5.08657369619889e-02
1.18200000000000e+01	4.99992283728912e-02
1.18300000000000e+01	4.91518469429939e-02
1.18400000000000e+01	4.83237827996615e-02
1.18500000000000e+01	4.75150147501360e-02
1.18600000000000e+01	4.67253539488797e-02
1.18700000000000e+01	4.59548299539775e-02
1.18800000000000e+01	4.52023764195170e-02
1.18900000000000e+01	4.44680438376119e-02
1.19000000000000e+01	4.37508396197859e-02
1.19100000000000e+01	4.30500246740593e-02
1.19200000000000e+01	4.23649087741661e-02
1.19300000000000e+01	4.16947916168003e-02
1.19400000000000e+01	4.10387214134967e-02
1.19500000000000e+01	4.03959726404596e-02
1.19600000000000e+01	3.97658506822820e-02
1.19700000000000e+01	3.91478775481658e-02
1.19800000000000e+01	3.85410894685306e-02
1.19900000000000e+01	3.79451769403711e-02
1.20000000000000e+01	3.73592947642300e-02
1.20100000000000e+01	3.67835316527918e-02
1.20200000000000e+01	3.62174122286860e-02
1.20300000000000e+01	3.56608658792559e-02
1.20400000000000e+01	3.51138148761176e-02
1.20500000000000e+01	3.45760567250755e-02
1.20600000000000e+01	3.40480777181219e-02
1.20700000000000e+01	3.35297032716482e-02
1.20800000000000e+01	3.30212655188966e-02
1.20900000000000e+01	3.25228578461648e-02
1.21000000000000e+01	3.20348018488108e-02
1.21100000000000e+01	3.15571928951644e-02
1.21200000000000e+01	3.10899371159274e-02
1.21300000000000e+01	3.06329778764483e-02
1.21400000000000e+01	3.01863687254894e-02
1.21500000000000e+01	2.97498422474498e-02
1.21600000000000e+01	2.93227733260121e-02
1.21700000000000e+01	2.89050791281051e-02
1.21800000000000e+01	2.84960670460532e-02
1.21900000000000e+01	2.80954353503881e-02
1.22000000000000e+01	2.77024722848033e-02
1.22100000000000e+01	2.73167903930251e-02
1.22200000000000e+01	2.69377408861444e-02
1.22300000000000e+01	2.65648665134321e-02
1.22400000000000e+01	2.61976078777610e-02
1.22500000000000e+01	2.58355924640453e-02
1.22600000000000e+01	2.54785340009634e-02
1.22700000000000e+01	2.51259934390840e-02
1.22800000000000e+01	2.47774055064809e-02
1.22900000000000e+01	2.44328877980365e-02
1.23000000000000e+01	2.40918679227382e-02
1.23100000000000e+01	2.37542843363954e-02
1.23200000000000e+01	2.34199707763455e-02
1.23300000000000e+01	2.30886944336064e-02
1.23400000000000e+01	2.27606399967168e-02
1.23500000000000e+01	2.24357684780211e-02
1.23600000000000e+01	2.21141008063388e-02
1.23700000000000e+01	2.17958847919191e-02
1.23800000000000e+01	2.14810938816135e-02
1.23900000000000e+01	2.11703542635230e-02
1.24000000000000e+01	2.08634727426826e-02
1.24100000000000e+01	2.05610892295261e-02
1.24200000000000e+01	2.02631999248532e-02
1.24300000000000e+01	1.99699712670479e-02
1.24400000000000e+01	1.96817541090053e-02
1.24500000000000e+01	1.93983674162096e-02
1.24600000000000e+01	1.91199707985017e-02
1.24700000000000e+01	1.88465533313304e-02
1.24800000000000e+01	1.85780918395384e-02
1.24900000000000e+01	1.83143674734302e-02
1.25000000000000e+01	1.80556352540132e-02
1.25100000000000e+01	1.78016582968607e-02
1.25200000000000e+01	1.75523035311131e-02
1.25300000000000e+01	1.73076627114707e-02
1.25400000000000e+01	1.70678047489244e-02
1.25500000000000e+01	1.68324481429680e-02
1.25600000000000e+01	1.66017509610120e-02
1.25700000000000e+01	1.63755481263306e-02
1.25800000000000e+01	1.61538508944791e-02
1.25900000000000e+01	1.59365297349905e-02
1.26000000000000e+01	1.57234856213331e-02
1.26100000000000e+01	1.55144829245403e-02
1.26200000000000e+01	1.53095708499383e-02
1.26300000000000e+01	1.51084691080621e-02
1.26400000000000e+01	1.49109680298574e-02
1.26500000000000e+01	1.47170835239652e-02
1.26600000000000e+01	1.45267718963851e-02
1.26700000000000e+01	1.43397211152127e-02
1.26800000000000e+01	1.41560092528196e-02
1.26900000000000e+01	1.39755729157768e-02
1.27000000000000e+01	1.37984283642223e-02
1.27100000000000e+01	1.36245735895360e-02
1.27200000000000e+01	1.34539790068702e-02
1.27300000000000e+01	1.32865770352383e-02
1.27400000000000e+01	1.31224768410485e-02
1.27500000000000e+01	1.29615672600477e-02
1.27600000000000e+01	1.28038732387056e-02
1.27700000000000e+01	1.26492748954501e-02
1.27800000000000e+01	1.24977289363057e-02
1.27900000000000e+01	1.23490360259160e-02
1.28000000000000e+01	1.22032240073063e-02
1.28100000000000e+01	1.20600252440913e-02
1.28200000000000e+01	1.19195081951559e-02
1.28300000000000e+01	1.17814003000981e-02
1.28400000000000e+01	1.16457442355619e-02
1.28500000000000e+01	1.15124398892935e-02
1.28600000000000e+01	1.13812730902208e-02
1.28700000000000e+01	1.12524054124473e-02
1.28800000000000e+01	1.11255815162506e-02
1.28900000000000e+01	1.10008594291127e-02
1.29000000000000e+01	1.08780879015093e-02
1.29100000000000e+01	1.07573389339046e-02
1.29200000000000e+01	1.06384473703625e-02
1.29300000000000e+01	1.05214620451396e-02
1.29400000000000e+01	1.04061835208360e-02
1.29500000000000e+01	1.02927003229397e-02
1.29600000000000e+01	1.01808037614650e-02
1.29700000000000e+01	1.00706309556757e-02
1.29800000000000e+01	9.96195400213009e-03
1.29900000000000e+01	9.85491121820094e-03
1.30000000000000e+01	9.74931619898505e-03
1.30100000000000e+01	9.64528454851415e-03
1.30200000000000e+01	9.54273074722762e-03
1.30300000000000e+01	9.44166769535549e-03
1.30400000000000e+01	9.34198878986148e-03
1.30500000000000e+01	9.24370874223022e-03
1.30600000000000e+01	9.14670627104195e-03
1.30700000000000e+01	9.05091653811360e-03
1.30800000000000e+01	8.95622389529566e-03
1.30900000000000e+01	8.86258967248879e-03
1.31000000000000e+01	8.76983984969702e-03
1.31100000000000e+01	8.67804380991337e-03
1.31200000000000e+01	8.58689792990529e-03
1.31300000000000e+01	8.49652475381029e-03
1.31400000000000e+01	8.40679723260504e-03
1.31500000000000e+01	8.31774216807984e-03
1.31600000000000e+01	8.22944913862309e-03
1.31700000000000e+01	8.14184679897704e-03
1.31800000000000e+01	8.05498603096303e-03
1.31900000000000e+01	7.96904304178766e-03
1.32000000000000e+01	7.88393541249794e-03
1.32100000000000e+01	7.79973162872486e-03
1.32200000000000e+01	7.71649266161924e-03
1.32300000000000e+01	7.63418633696399e-03
1.32400000000000e+01	7.55284022195570e-03
1.32500000000000e+01	7.47236368492334e-03
1.32600000000000e+01	7.39270733456684e-03
1.32700000000000e+01	7.31394215542441e-03
1.32800000000000e+01	7.23594920557049e-03
1.32900000000000e+01	7.15874831028759e-03
1.33000000000000e+01	7.08233090576410e-03
1.33100000000000e+01	7.00667270528019e-03
1.33200000000000e+01	6.93183473256459e-03
1.33300000000000e+01	6.85777572007486e-03
1.33400000000000e+01	6.78463885973747e-03
1.33500000000000e+01	6.71241621325968e-03
1.33600000000000e+01	6.64112066735582e-03
1.33700000000000e+01	6.57078301505382e-03
1.33800000000000e+01	6.50148863714422e-03
1.33900000000000e+01	6.43324036549303e-03
1.34000000000000e+01	6.36596019195034e-03
1.34100000000000e+01	6.29969007576462e-03
1.34200000000000e+01	6.23444545293608e-03
1.34300000000000e+01	6.17011434342724e-03
1.34400000000000e+01	6.10672720604362e-03
1.34500000000000e+01	6.04423043283173e-03
1.34600000000000e+01	5.98256107668230e-03
1.34700000000000e+01	5.92168311655036e-03
1.34800000000000e+01	5.86160907904674e-03
1.34900000000000e+01	5.80222329800467e-03
1.35000000000000e+01	5.74355455375479e-03
1.35100000000000e+01	5.68548654002276e-03
1.35200000000000e+01	5.62804643308844e-03
1.35300000000000e+01	5.57119577400107e-03
1.35400000000000e+01	5.51488349252506e-03
1.35500000000000e+01	5.45904410807170e-03
1.35600000000000e+01	5.40370229167853e-03
1.35700000000000e+01	5.34877374876617e-03
1.35800000000000e+01	5.29431293669593e-03
1.35900000000000e+01	5.24018009965769e-03
1.36000000000000e+01	5.18648662273410e-03
1.36100000000000e+01	5.13316431127315e-03
1.36200000000000e+01	5.08023509465586e-03
1.36300000000000e+01	5.02766010371907e-03
1.36400000000000e+01	4.97551917092497e-03
1.36500000000000e+01	4.92383323941406e-03
1.36600000000000e+01	4.87257295991708e-03
1.36700000000000e+01	4.82182211568264e-03
1.36800000000000e+01	4.77161969617746e-03
1.36900000000000e+01	4.72199560684932e-03
1.37000000000000e+01	4.67296065924737e-03
1.37100000000000e+01	4.62459089634430e-03
1.37200000000000e+01	4.57690717468900e-03
1.37300000000000e+01	4.53000088705576e-03
1.37400000000000e+01	4.48383144945788e-03
1.37500000000000e+01	4.43849104688295e-03
1.37600000000000e+01	4.39394637892194e-03
1.37700000000000e+01	4.35019822363557e-03
1.37800000000000e+01	4.30725258479680e-03
1.37900000000000e+01	4.26505155589389e-03
1.38000000000000e+01	4.22363926808573e-03
1.38100000000000e+01	4.18291143578241e-03
1.38200000000000e+01	4.14284321789157e-03
1.38300000000000e+01	4.10337754008536e-03
1.38400000000000e+01	4.06448928877256e-03
1.38500000000000e+01	4.02614891056390e-03
1.38600000000000e+01	3.98827604346137e-03
1.38700000000000e+01	3.95084913714857e-03
1.38800000000000e+01	3.91389218785668e-03
1.38900000000000e+01	3.87729955899407e-03
1.39000000000000e+01	3.84106483296079e-03
1.39100000000000e+01	3.80521491855101e-03
1.39200000000000e+01	3.76968413739208e-03
1.39300000000000e+01	3.73447380577908e-03
1.39400000000000e+01	3.69958470449227e-03
1.39500000000000e+01	3.66500543350379e-03
1.39600000000000e+01	3.63069961936706e-03
1.39700000000000e+01	3.59669218195025e-03
1.39800000000000e+01	3.56298814938506e-03
1.39900000000000e+01	3.52956331940494e-03
1.40000000000000e+01	3.49645705061092e-03
1.40100000000000e+01	3.46364942275186e-03
1.40200000000000e+01	3.43113646586168e-03
1.40300000000000e+01	3.39895628768308e-03
1.40400000000000e+01	3.36714579708581e-03
1.40500000000000e+01	3.33568442279620e-03
1.40600000000000e+01	3.30457831292742e-03
1.40700000000000e+01	3.27387153312046e-03
1.40800000000000e+01	3.24354386657940e-03
1.40900000000000e+01	3.21357619245170e-03
1.41000000000000e+01	3.18399427547432e-03
1.41100000000000e+01	3.15477737998364e-03
1.41200000000000e+01	3.12590042264935e-03
1.41300000000000e+01	3.09736338535470e-03
1.41400000000000e+01	3.06912631164170e-03
1.41500000000000e+01	3.04113935183110e-03
1.41600000000000e+01	3.01341632587854e-03
1.41700000000000e+01	2.98588713942488e-03
1.41800000000000e+01	2.95856968965591e-03
1.41900000000000e+01	2.93144596089316e-03
1.42000000000000e+01	2.90448127636356e-03
1.42100000000000e+01	2.87770267265565e-03
1.42200000000000e+01	2.85113499379839e-03
1.42300000000000e+01	2.82475624237004e-03
1.42400000000000e+01	2.79860200599479e-03
1.42500000000000e+01	2.77270764169478e-03
1.42600000000000e+01	2.74704462119962e-03
1.42700000000000e+01	2.72168052019299e-03
1.42800000000000e+01	2.69663162788537e-03
1.42900000000000e+01	2.67186628417730e-03
1.43000000000000e+01	2.64743246640817e-03
1.43100000000000e+01	2.62331019186305e-03
1.43200000000000e+01	2.59947345098399e-03
1.43300000000000e+01	2.57595589198661e-03
1.43400000000000e+01	2.55273006253889e-03
1.43500000000000e+01	2.52979607808492e-03
1.43600000000000e+01	2.50713934638452e-03
1.43700000000000e+01	2.48472583995584e-03
1.43800000000000e+01	2.46260257260403e-03
1.43900000000000e+01	2.44073406527777e-03
1.44000000000000e+01	2.41915078835255e-03
1.44100000000000e+01	2.39780180618555e-03
1.44200000000000e+01	2.37673392027966e-03
1.44300000000000e+01	2.35591419037254e-03
1.44400000000000e+01	2.33538267584315e-03
1.44500000000000e+01	2.31508905874797e-03
1.44600000000000e+01	2.29507419868954e-03
1.44700000000000e+01	2.27530812191141e-03
1.44800000000000e+01	2.25577625454129e-03
1.44900000000000e+01	2.23650519211747e-03
1.45000000000000e+01	2.21745324689720e-03
1.45100000000000e+01	2.19864913077842e-03
1.45200000000000e+01	2.18005088575479e-03
1.45300000000000e+01	2.16166308876734e-03
1.45400000000000e+01	2.14349538532332e-03
1.45500000000000e+01	2.12550897378670e-03
1.45600000000000e+01	2.10771246352680e-03
1.45700000000000e+01	2.09010494816353e-03
1.45800000000000e+01	2.07264774516660e-03
1.45900000000000e+01	2.05538580121972e-03
1.46000000000000e+01	2.03827702639435e-03
1.46100000000000e+01	2.02130229300674e-03
1.46200000000000e+01	2.00451299608897e-03
1.46300000000000e+01	1.98785101114628e-03
1.46400000000000e+01	1.97134719936978e-03
1.46500000000000e+01	1.95501553340015e-03
1.46600000000000e+01	1.93880643998770e-03
1.46700000000000e+01	1.92276842203254e-03
1.46800000000000e+01	1.90689438017636e-03
1.46900000000000e+01	1.89118958118106e-03
1.47000000000000e+01	1.87564746671306e-03
1.47100000000000e+01	1.86026693213661e-03
1.47200000000000e+01	1.84504735321002e-03
1.47300000000000e+01	1.82999609060319e-03
1.47400000000000e+01	1.81511510738330e-03
1.47500000000000e+01	1.80039210892701e-03
1.47600000000000e+01	1.78582641358659e-03
1.47700000000000e+01	1.77140155058272e-03
1.47800000000000e+01	1.75710886518476e-03
1.47900000000000e+01	1.74294928187526e-03
1.48000000000000e+01	1.72891290953125e-03
1.48100000000000e+01	1.71496709264638e-03
1.48200000000000e+01	1.70115398712602e-03
1.48300000000000e+01	1.68741700185369e-03
1.48400000000000e+01	1.67377614652383e-03
1.48500000000000e+01	1.66023537074677e-03
1.48600000000000e+01	1.64677015475123e-03
1.48700000000000e+01	1.63339256944197e-03
1.48800000000000e+01	1.62010284378395e-03
1.48900000000000e+01	1.60688660466672e-03
1.49000000000000e+01	1.59378259540403e-03
1.49100000000000e+01	1.58075495730945e-03
1.49200000000000e+01	1.56782509696021e-03
1.49300000000000e+01	1.55499838235291e-03
1.49400000000000e+01	1.54227189515261e-03
1.49500000000000e+01	1.52965234006153e-03
1.49600000000000e+01	1.51715092903596e-03
1.49700000000000e+01	1.50477064213430e-03
1.49800000000000e+01	1.49250795827817e-03
1.49900000000000e+01	1.48037894281143e-03
1.50000000000000e+01	1.46836369731129e-03
1.50100000000000e+01	1.45649221312417e-03
1.50200000000000e+01	1.44472409003617e-03
1.50300000000000e+01	1.43308954922612e-03
1.50400000000000e+01	1.42158733265342e-03
1.50500000000000e+01	1.41018825301053e-03
1.50600000000000e+01	1.39890863921329e-03
1.50700000000000e+01	1.38773173446497e-03
1.50800000000000e+01	1.37664627082793e-03
1.50900000000000e+01	1.36566674115370e-03
1.51000000000000e+01	1.35476358374835e-03
1.51100000000000e+01	1.34394996740485e-03
1.51200000000000e+01	1.33322058546241e-03
1.51300000000000e+01	1.32255122865258e-03
1.51400000000000e+01	1.31196657228042e-03
1.51500000000000e+01	1.30144044592313e-03
1.51600000000000e+01	1.29097789786961e-03
1.51700000000000e+01	1.28059207771658e-03
1.51800000000000e+01	1.27028345113529e-03
1.51900000000000e+01	1.26004070544072e-03
1.52000000000000e+01	1.24987478125701e-03
1.52100000000000e+01	1.23978679189910e-03
1.52200000000000e+01	1.22978377843511e-03
1.52300000000000e+01	1.21985352270253e-03
1.52400000000000e+01	1.20998749370700e-03
1.52500000000000e+01	1.20019416779771e-03
1.52600000000000e+01	1.19045434932791e-03
1.52700000000000e+01	1.18076492299679e-03
1.52800000000000e+01	1.17111515287558e-03
1.52900000000000e+01	1.16148210492051e-03
1.53000000000000e+01	1.15186007020784e-03
1.53100000000000e+01	1.14222209358465e-03
1.53200000000000e+01	1.13257029590292e-03
1.53300000000000e+01	1.12289798403179e-03
1.53400000000000e+01	1.11317778135848e-03
1.53500000000000e+01	1.10341553405758e-03
1.53600000000000e+01	1.09362396161012e-03
1.53700000000000e+01	1.08378031828908e-03
1.53800000000000e+01	1.07390199959883e-03
1.53900000000000e+01	1.06400298458937e-03
1.54000000000000e+01	1.05409256109373e-03
1.54100000000000e+01	1.04419812551858e-03
1.54200000000000e+01	1.03432521932914e-03
1.54300000000000e+01	1.02451195169602e-03
1.54400000000000e+01	1.01478071908614e-03
1.54500000000000e+01	1.00515756097514e-03
1.54600000000000e+01	9.95672767110777e-04
1.54700000000000e+01	9.86368374539471e-04
1.54800000000000e+01	9.77256204510465e-04
1.54900000000000e+01	9.68372214657750e-04
1.55000000000000e+01	9.59730558613311e-04
1.55100000000000e+01	9.51366844117344e-04
1.55200000000000e+01	9.43278417506471e-04
1.55300000000000e+01	9.35481114146929e-04
1.55400000000000e+01	9.27953460188419e-04
1.55500000000000e+01	9.20709621126115e-04
1.55600000000000e+01	9.13712363564860e-04
1.55700000000000e+01	9.06945082299701e-04
1.55800000000000e+01	9.00397976177269e-04
1.55900000000000e+01	8.94029180547608e-04
1.56000000000000e+01	8.87799370064320e-04
1.56100000000000e+01	8.81704761731742e-04
1.56200000000000e+01	8.75696712142428e-04
1.56300000000000e+01	8.69763162822943e-04
1.56400000000000e+01	8.63872894049431e-04
1.56500000000000e+01	8.58008621328331e-04
1.56600000000000e+01	8.52144519863873e-04
1.56700000000000e+01	8.46282480175048e-04
1.56800000000000e+01	8.40402443919985e-04
1.56900000000000e+01	8.34501571042149e-04
1.57000000000000e+01	8.28571174009423e-04
1.57100000000000e+01	8.22610504456390e-04
1.57200000000000e+01	8.16625680988212e-04
1.57300000000000e+01	8.10619777296631e-04
1.57400000000000e+01	8.04593961142353e-04
1.57500000000000e+01	7.98563607994078e-04
1.57600000000000e+01	7.92532745088514e-04
1.57700000000000e+01	7.86508812482529e-04
1.57800000000000e+01	7.80509747487134e-04
1.57900000000000e+01	7.74558535081636e-04
1.58000000000000e+01	7.68656782915300e-04
1.58100000000000e+01	7.62818342448538e-04
1.58200000000000e+01	7.57060765142245e-04
1.58300000000000e+01	7.51394736410221e-04
1.58400000000000e+01	7.45834823075562e-04
1.58500000000000e+01	7.40378939310508e-04
1.58600000000000e+01	7.35042950982566e-04
1.58700000000000e+01	7.29815596060486e-04
1.58800000000000e+01	7.24700785152330e-04
1.58900000000000e+01	7.19705276848989e-04
1.59000000000000e+01	7.14810276331040e-04
1.59100000000000e+01	7.10013566049390e-04
1.59200000000000e+01	7.05304091998930e-04
1.59300000000000e+01	7.00670319256302e-04
1.59400000000000e+01	6.96105373006849e-04
1.59500000000000e+01	6.91591449635707e-04
1.59600000000000e+01	6.87117379408426e-04
1.59700000000000e+01	6.82689057066192e-04
1.59800000000000e+01	6.78287173207371e-04
1.59900000000000e+01	6.73898182149680e-04
1.60000000000000e+01	6.69541696175353e-04
1.60100000000000e+01	6.65190755598017e-04
1.60200000000000e+01	6.60862036561063e-04
1.60300000000000e+01	6.56544129075279e-04
1.60400000000000e+01	6.52243325884214e-04
1.60500000000000e+01	6.47957381249887e-04
1.60600000000000e+01	6.43692101741793e-04
1.60700000000000e+01	6.39439332934470e-04
1.60800000000000e+01	6.35203523464956e-04
1.60900000000000e+01	6.30989234453816e-04
1.61000000000000e+01	6.26802184915287e-04
1.61100000000000e+01	6.22631355855813e-04
1.61200000000000e+01	6.18487653026328e-04
1.61300000000000e+01	6.14365816286497e-04
1.61400000000000e+01	6.10278346605598e-04
1.61500000000000e+01	6.06218684154002e-04
1.61600000000000e+01	6.02183428157796e-04
1.61700000000000e+01	5.98185939161877e-04
1.61800000000000e+01	5.94218921374295e-04
1.61900000000000e+01	5.90298468386278e-04
1.62000000000000e+01	5.86411009758271e-04
1.62100000000000e+01	5.82574834868390e-04
1.62200000000000e+01	5.78777722212711e-04
1.62300000000000e+01	5.75028447971618e-04
1.62400000000000e+01	5.71330521445112e-04
1.62500000000000e+01	5.67680527160350e-04
1.62600000000000e+01	5.64074208507664e-04
1.62700000000000e+01	5.60511000375974e-04
1.62800000000000e+01	5.56987812016877e-04
1.62900000000000e+01	5.53502169983670e-04
1.63000000000000e+01	5.50049662816653e-04
1.63100000000000e+01	5.46613900912346e-04
1.63200000000000e+01	5.43203644929264e-04
1.63300000000000e+01	5.39797873000049e-04
1.63400000000000e+01	5.36393158453963e-04
1.63500000000000e+01	5.32989991884792e-04
1.63600000000000e+01	5.29573404540058e-04
1.63700000000000e+01	5.26140582347599e-04
1.63800000000000e+01	5.22689995050294e-04
1.63900000000000e+01	5.19205007826824e-04
1.64000000000000e+01	5.15696971491579e-04
1.64100000000000e+01	5.12158258041874e-04
1.64200000000000e+01	5.08592577163428e-04
1.64300000000000e+01	5.05001231651588e-04
1.64400000000000e+01	5.01392221847735e-04
1.64500000000000e+01	4.97762973477261e-04
1.64600000000000e+01	4.94129086360457e-04
1.64700000000000e+01	4.90502041308651e-04
1.64800000000000e+01	4.86879815702449e-04
1.64900000000000e+01	4.83283865588257e-04
1.65000000000000e+01	4.79727207882032e-04
1.65100000000000e+01	4.76202073693697e-04
1.65200000000000e+01	4.72727545810261e-04
1.65300000000000e+01	4.69307732761690e-04
1.65400000000000e+01	4.65947452298567e-04
1.65500000000000e+01	4.62648965232136e-04
1.65600000000000e+01	4.59416645556229e-04
1.65700000000000e+01	4.56245479937719e-04
1.65800000000000e+01	4.53139113955054e-04
1.65900000000000e+01	4.50096939387869e-04
1.66000000000000e+01	4.47120905108790e-04
1.66100000000000e+01	4.44199544540133e-04
1.66200000000000e+01	4.41337728071930e-04
1.66300000000000e+01	4.38526104303499e-04
1.66400000000000e+01	4.35770494214399e-04
1.66500000000000e+01	4.33058641364517e-04
1.66600000000000e+01	4.30397066992620e-04
1.66700000000000e+01	4.27775492149801e-04
1.66800000000000e+01	4.25198084502604e-04
1.66900000000000e+01	4.22651092134096e-04
1.67000000000000e+01	4.20138398452171e-04
1.67100000000000e+01	4.17653626703547e-04
1.67200000000000e+01	4.15198263259928e-04
1.67300000000000e+01	4.12761350601588e-04
1.67400000000000e+01	4.10340729142668e-04
1.67500000000000e+01	4.07936928908410e-04
1.67600000000000e+01	4.05543513984940e-04
1.67700000000000e+01	4.03155237025016e-04
1.67800000000000e+01	4.00771173893236e-04
1.67900000000000e+01	3.98392020903213e-04
1.68000000000000e+01	3.96011276904435e-04
1.68100000000000e+01	3.93626428820423e-04
1.68200000000000e+01	3.91248083852151e-04
1.68300000000000e+01	3.88865927020522e-04
1.68400000000000e+01	3.86482720978295e-04
1.68500000000000e+01	3.84103301884814e-04
1.68600000000000e+01	3.81726788803675e-04
1.68700000000000e+01	3.79354199129687e-04
1.68800000000000e+01	3.76990270851390e-04
1.68900000000000e+01	3.74632391804545e-04
1.69000000000000e+01	3.72290561539068e-04
1.69100000000000e+01	3.69954727155992e-04
1.69200000000000e+01	3.67631328432701e-04
1.69300000000000e+01	3.65319680892541e-04
1.69400000000000e+01	3.63026064687752e-04
1.69500000000000e+01	3.60743052119039e-04
1.69600000000000e+01	3.58478857279855e-04
1.69700000000000e+01	3.56230699871945e-04
1.69800000000000e+01	3.54005457047308e-04
1.69900000000000e+01	3.51802256980202e-04
1.70000000000000e+01	3.49623002717076e-04
1.70100000000000e+01	3.47475404227791e-04
1.70200000000000e+01	3.45362215126438e-04
1.70300000000000e+01	3.43279083258377e-04
1.70400000000000e+01	3.41232188787265e-04
1.70500000000000e+01	3.39221195409610e-04
1.70600000000000e+01	3.37247719045541e-04
1.70700000000000e+01	3.35311016076925e-04
1.70800000000000e+01	3.33405495354793e-04
1.70900000000000e+01	3.31532957158309e-04
1.71000000000000e+01	3.29690367545664e-04
1.71100000000000e+01	3.27875050069928e-04
1.71200000000000e+01	3.26078981189908e-04
1.71300000000000e+01	3.24303576490702e-04
1.71400000000000e+01	3.22547243468664e-04
1.71500000000000e+01	3.20806544438175e-04
1.71600000000000e+01	3.19076686963880e-04
1.71700000000000e+01	3.17362289721394e-04
1.71800000000000e+01	3.15653355283126e-04
1.71900000000000e+01	3.13959112737279e-04
1.72000000000000e+01	3.12272907154903e-04
1.72100000000000e+01	3.10596783926153e-04
1.72200000000000e+01	3.08933291285866e-04
1.72300000000000e+01	3.07272252387683e-04
1.72400000000000e+01	3.05627123952103e-04
1.72500000000000e+01	3.03984689678072e-04
1.72600000000000e+01	3.02353712080489e-04
1.72700000000000e+01	3.00730467544034e-04
1.72800000000000e+01	2.99113086609222e-04
1.72900000000000e+01	2.97503213400627e-04
1.73000000000000e+01	2.95900049423470e-04
1.73100000000000e+01	2.94302862565588e-04
1.73200000000000e+01	2.92712022439672e-04
1.73300000000000e+01	2.91124899189087e-04
1.73400000000000e+01	2.89540502763373e-04
1.73500000000000e+01	2.87962238039578e-04
1.73600000000000e+01	2.86387808246072e-04
1.73700000000000e+01	2.84817174051004e-04
1.73800000000000e+01	2.83250584210230e-04
1.73900000000000e+01	2.81687600154134e-04
1.74000000000000e+01	2.80132140512489e-04
1.74100000000000e+01	2.78577740365168e-04
1.74200000000000e+01	2.77028254350748e-04
1.74300000000000e+01	2.75484091523296e-04
1.74400000000000e+01	2.73947907341015e-04
1.74500000000000e+01	2.72412893913115e-04
1.74600000000000e+01	2.70886060872858e-04
1.74700000000000e+01	2.69364027970465e-04
1.74800000000000e+01	2.67845663888823e-04
1.74900000000000e+01	2.66328515885870e-04
1.75000000000000e+01	2.64819101469364e-04
1.75100000000000e+01	2.63314038232907e-04
1.75200000000000e+01	2.61808343127146e-04
1.75300000000000e+01	2.60302652328880e-04
1.75400000000000e+01	2.58797688078001e-04
1.75500000000000e+01	2.57297859072046e-04
1.75600000000000e+01	2.55795510957176e-04
1.75700000000000e+01	2.54296936863159e-04
1.75800000000000e+01	2.52796613582471e-04
1.75900000000000e+01	2.51301347287683e-04
1.76000000000000e+01	2.49807807455726e-04
1.76100000000000e+01	2.48324401021756e-04
1.76200000000000e+01	2.46843656243727e-04
1.76300000000000e+01	2.45373283589167e-04
1.76400000000000e+01	2.43911475093636e-04
1.76500000000000e+01	2.42459465718395e-04
1.76600000000000e+01	2.41022891452652e-04
1.76700000000000e+01	2.39596149896421e-04
1.76800000000000e+01	2.38183018027346e-04
1.76900000000000e+01	2.36785507329239e-04
1.77000000000000e+01	2.35397050008330e-04
1.77100000000000e+01	2.34022448934554e-04
1.77200000000000e+01	2.32658400998082e-04
1.77300000000000e+01	2.31304781744667e-04
1.77400000000000e+01	2.29963215406318e-04
1.77500000000000e+01	2.28627299301631e-04
1.77600000000000e+01	2.27303058210304e-04
1.77700000000000e+01	2.25983103694441e-04
1.77800000000000e+01	2.24670371626593e-04
1.77900000000000e+01	2.23366370975560e-04
1.78000000000000e+01	2.22062257093405e-04
1.78100000000000e+01	2.20766702642596e-04
1.78200000000000e+01	2.19475741813159e-04
1.78300000000000e+01	2.18186659640929e-04
1.78400000000000e+01	2.16902190657044e-04
1.78500000000000e+01	2.15623672361727e-04
1.78600000000000e+01	2.14350263707223e-04
1.78700000000000e+01	2.13080206335285e-04
1.78800000000000e+01	2.11813180215970e-04
1.78900000000000e+01	2.10551576618604e-04
1.79000000000000e+01	2.09296433946796e-04
1.79100000000000e+01	2.08043759108019e-04
1.79200000000000e+01	2.06794385334052e-04
1.79300000000000e+01	2.05551304940813e-04
1.79400000000000e+01	2.04308045209396e-04
1.79500000000000e+01	2.03069252854022e-04
1.79600000000000e+01	2.01831353351992e-04
1.79700000000000e+01	2.00599624640109e-04
1.79800000000000e+01	1.99368224285392e-04
1.79900000000000e+01	1.98145357652947e-04
1.80000000000000e+01	1.96929355883571e-04
1.80100000000000e+01	1.95726798020002e-04
1.80200000000000e+01	1.94533566000816e-04
1.80300000000000e+01	1.93359089934418e-04
1.80400000000000e+01	1.92202909390773e-04
1.80500000000000e+01	1.91067728249555e-04
1.80600000000000e+01	1.89954064979605e-04
1.80700000000000e+01	1.88867198609196e-04
1.80800000000000e+01	1.87804457469543e-04
1.80900000000000e+01	1.86765517008211e-04
1.81000000000000e+01	1.85747821910266e-04
1.81100000000000e+01	1.84753132753005e-04
1.81200000000000e+01	1.83778905341972e-04
1.81300000000000e+01	1.82820122244868e-04
1.81400000000000e+01	1.81872843211183e-04
1.81500000000000e+01	1.80938800952009e-04
1.81600000000000e+01	1.80010776937081e-04
1.81700000000000e+01	1.79090694368312e-04
1.81800000000000e+01	1.78171259894352e-04
1.81900000000000e+01	1.77257296890527e-04
1.82000000000000e+01	1.76343362879404e-04
1.82100000000000e+01	1.75427487649979e-04
1.82200000000000e+01	1.74512883583279e-04
1.82300000000000e+01	1.73596651578360e-04
1.82400000000000e+01	1.72677167292377e-04
1.82500000000000e+01	1.71756035444255e-04
1.82600000000000e+01	1.70832304997421e-04
1.82700000000000e+01	1.69908769795706e-04
1.82800000000000e+01	1.68982316243369e-04
1.82900000000000e+01	1.68054104837719e-04
1.83000000000000e+01	1.67130551505691e-04
1.83100000000000e+01	1.66204880884394e-04
1.83200000000000e+01	1.65284576258782e-04
1.83300000000000e+01	1.64367648263802e-04
1.83400000000000e+01	1.63456188963996e-04
1.83500000000000e+01	1.62552447600967e-04
1.83600000000000e+01	1.61657511004007e-04
1.83700000000000e+01	1.60772662686907e-04
1.83800000000000e+01	1.59899483706383e-04
1.83900000000000e+01	1.59039736962942e-04
1.84000000000000e+01	1.58194548938830e-04
1.84100000000000e+01	1.57364631667457e-04
1.84200000000000e+01	1.56551084274234e-04
1.84300000000000e+01	1.55754725350941e-04
1.84400000000000e+01	1.54974254704398e-04
1.84500000000000e+01	1.54209972808040e-04
1.84600000000000e+01	1.53460964657570e-04
1.84700000000000e+01	1.52726599731227e-04
1.84800000000000e+01	1.52004728389782e-04
1.84900000000000e+01	1.51293896779127e-04
1.85000000000000e+01	1.50592005659424e-04
1.85100000000000e+01	1.49897551606175e-04
1.85200000000000e+01	1.49208448202315e-04
1.85300000000000e+01	1.48522806825385e-04
1.85400000000000e+01	1.47838626424342e-04
1.85500000000000e+01	1.47155633258101e-04
1.85600000000000e+01	1.46470675262327e-04
1.85700000000000e+01	1.45785157671237e-04
1.85800000000000e+01	1.45096426963009e-04
1.85900000000000e+01	1.44405386875767e-04
1.86000000000000e+01	1.43711120230598e-04
1.86100000000000e+01	1.43013658666912e-04
1.86200000000000e+01	1.42313871748050e-04
1.86300000000000e+01	1.41611994513978e-04
1.86400000000000e+01	1.40908079795353e-04
1.86500000000000e+01	1.40203357103030e-04
1.86600000000000e+01	1.39498080539642e-04
1.86700000000000e+01	1.38793155922766e-04
1.86800000000000e+01	1.38088635093566e-04
1.86900000000000e+01	1.37385379579871e-04
1.87000000000000e+01	1.36683816474268e-04
1.87100000000000e+01	1.35984438404674e-04
1.87200000000000e+01	1.35287206155802e-04
1.87300000000000e+01	1.34591973773751e-04
1.87400000000000e+01	1.33898452953818e-04
1.87500000000000e+01	1.33207365532651e-04
1.87600000000000e+01	1.32518234343828e-04
1.87700000000000e+01	1.31830577951494e-04
1.87800000000000e+01	1.31144628333933e-04
1.87900000000000e+01	1.30459957385691e-04
1.88000000000000e+01	1.29775620918407e-04
1.88100000000000e+01	1.29092792288195e-04
1.88200000000000e+01	1.28409912249630e-04
1.88300000000000e+01	1.27726973317360e-04
1.88400000000000e+01	1.27044014213999e-04
1.88500000000000e+01	1.26361114700274e-04
1.88600000000000e+01	1.25677346050440e-04
1.88700000000000e+01	1.24992743160025e-04
1.88800000000000e+01	1.24307136283145e-04
1.88900000000000e+01	1.23620843910803e-04
1.89000000000000e+01	1.22933202557950e-04
1.89100000000000e+01	1.22244785565126e-04
1.89200000000000e+01	1.21555706331243e-04
1.89300000000000e+01	1.20866656276521e-04
1.89400000000000e+01	1.20177811449921e-04
1.89500000000000e+01	1.19490334346186e-04
1.89600000000000e+01	1.18805036437185e-04
1.89700000000000e+01	1.18121978334609e-04
1.89800000000000e+01	1.17442273576825e-04
1.89900000000000e+01	1.16767460884068e-04
1.90000000000000e+01	1.16097685486502e-04
1.90100000000000e+01	1.15433222712252e-04
1.90200000000000e+01	1.14774645355606e-04
1.90300000000000e+01	1.14121131452833e-04
1.90400000000000e+01	1.13472458400659e-04
1.90500000000000e+01	1.12828533266334e-04
1.90600000000000e+01	1.12187099490831e-04
1.90700000000000e+01	1.11548413437940e-04
1.90800000000000e+01	1.10910578456641e-04
1.90900000000000e+01	1.10273920203762e-04
1.91000000000000e+01	1.09637597078400e-04
1.91100000000000e+01	1.09002320677726e-04
1.91200000000000e+01	1.08369526188570e-04
1.91300000000000e+01	1.07741013470084e-04
1.91400000000000e+01	1.07119574736772e-04
1.91500000000000e+01	1.06508027688123e-04
1.91600000000000e+01	1.05909327720586e-04
1.91700000000000e+01	1.05326038201867e-04
1.91800000000000e+01	1.04760814810153e-04
1.91900000000000e+01	1.04215931638207e-04
1.92000000000000e+01	1.03691519957887e-04
1.92100000000000e+01	1.03187170619288e-04
1.92200000000000e+01	1.02703274989461e-04
1.92300000000000e+01	1.02236340708458e-04
1.92400000000000e+01	1.01785123613354e-04
1.92500000000000e+01	1.01346356098665e-04
1.92600000000000e+01	1.00917113070708e-04
1.92700000000000e+01	1.00494657213745e-04
1.92800000000000e+01	1.00076115815714e-04
1.92900000000000e+01	9.96594463746124e-05
1.93000000000000e+01	9.92425724381606e-05
1.93100000000000e+01	9.88244781102515e-05
1.93200000000000e+01	9.84039582328678e-05
1.93300000000000e+01	9.79810000832547e-05
1.93400000000000e+01	9.75548381431228e-05
1.93500000000000e+01	9.71260228637288e-05
1.93600000000000e+01	9.66940151135939e-05
1.93700000000000e+01	9.62594329874649e-05
1.93800000000000e+01	9.58224159126862e-05
1.93900000000000e+01	9.53834414842565e-05
1.94000000000000e+01	9.49421565164672e-05
1.94100000000000e+01	9.44996193764514e-05
1.94200000000000e+01	9.40552613743917e-05
1.94300000000000e+01	9.36098362956774e-05
1.94400000000000e+01	9.31629798737764e-05
1.94500000000000e+01	9.27154019992908e-05
1.94600000000000e+01	9.22666236616537e-05
1.94700000000000e+01	9.18175463316313e-05
1.94800000000000e+01	9.13675417414474e-05
1.94900000000000e+01	9.09171216990681e-05
1.95000000000000e+01	9.04662747982060e-05
1.95100000000000e+01	9.00152764308088e-05
1.95200000000000e+01	8.95644941120095e-05
1.95300000000000e+01	8.91129402646162e-05
1.95400000000000e+01	8.86619147505888e-05
1.95500000000000e+01	8.82109502876066e-05
1.95600000000000e+01	8.77604878220454e-05
1.95700000000000e+01	8.73105691382040e-05
1.95800000000000e+01	8.68618742096980e-05
1.95900000000000e+01	8.64143016409446e-05
1.96000000000000e+01	8.59681025934439e-05
1.96100000000000e+01	8.55241157048551e-05
1.96200000000000e+01	8.50820074917568e-05
1.96300000000000e+01	8.46426347525628e-05
1.96400000000000e+01	8.42053472890366e-05
1.96500000000000e+01	8.37710429639987e-05
1.96600000000000e+01	8.33391245370744e-05
1.96700000000000e+01	8.29100742612799e-05
1.96800000000000e+01	8.24834793439114e-05
1.96900000000000e+01	8.20594675119621e-05
1.97000000000000e+01	8.16341819807948e-05
1.97100000000000e+01	8.12108789084836e-05
1.97200000000000e+01	8.07865819962540e-05
1.97300000000000e+01	8.03575064359568e-05
1.97400000000000e+01	7.99186390490744e-05
1.97500000000000e+01	7.94612455815021e-05
1.97600000000000e+01	7.89715691710127e-05
1.97700000000000e+01	7.84269266966113e-05
1.97800000000000e+01	7.77929086917890e-05
1.97900000000000e+01	7.70183835807587e-05
1.98000000000000e+01	7.60307922711008e-05
1.98100000000000e+01	7.47286911413094e-05
1.98200000000000e+01	7.29802492254150e-05
1.98300000000000e+01	7.06201914988408e-05
1.98400000000000e+01	6.74546795141683e-05
1.98500000000000e+01	6.32763521800395e-05
1.98600000000000e+01	5.78893109706253e-05
1.98700000000000e+01	5.11513067387308e-05
1.98800000000000e+01	4.30357849161262e-05
1.98900000000000e+01	3.37100261663516e-05
1.99000000000000e+01	2.36352337838712e-05
1.99100000000000e+01	1.36799535347770e-05
1.99200000000000e+01	5.24287633803279e-06
1.99300000000000e+01	3.72135838298051e-07
1.99400000000000e+01	1.85108942424248e-06
1.99500000000000e+01	1.32023427693553e-05
1.99600000000000e+01	3.85143373470392e-05
1.99700000000000e+01	8.19356673020593e-05
1.99800000000000e+01	1.46614586163075e-04
1.99900000000000e+01	2.32835781522836e-04
2.00000000000000e+01	3.35247424330495e-04
