1.00000000000000e-02	1.51315318625140e+17
2.00000000000000e-02	9.45798382656837e+15
3.00000000000000e-02	1.86849862229694e+15
4.00000000000000e-02	5.91317873267093e+14
5.00000000000000e-02	2.42266671470798e+14
6.00000000000000e-02	1.16868967242435e+14
7.00000000000000e-02	6.31062389402921e+13
8.00000000000000e-02	3.70068899927383e+13
9.00000000000000e-02	2.31141933193862e+13
1.00000000000000e-01	1.51732830239113e+13
1.10000000000000e-01	1.03696162969026e+13
1.20000000000000e-01	7.32640840401791e+12
1.30000000000000e-01	5.32289745597127e+12
1.40000000000000e-01	3.96040308151466e+12
1.50000000000000e-01	3.00771890272011e+12
1.60000000000000e-01	2.32541931279535e+12
1.70000000000000e-01	1.82637278433067e+12
1.80000000000000e-01	1.45452064529475e+12
1.90000000000000e-01	1.17288014193333e+12
2.00000000000000e-01	9.56362040833823e+11
2.10000000000000e-01	7.87719494611787e+11
2.20000000000000e-01	6.54773373762487e+11
2.30000000000000e-01	5.48813087562300e+11
2.40000000000000e-01	4.63521275090017e+11
2.50000000000000e-01	3.94241410139984e+11
2.60000000000000e-01	3.37490325026869e+11
2.70000000000000e-01	2.90641558539502e+11
2.80000000000000e-01	2.51691207400376e+11
2.90000000000000e-01	2.19088399339731e+11
3.00000000000000e-01	1.91630951808614e+11
3.10000000000000e-01	1.68373291313412e+11
3.20000000000000e-01	1.48561298157573e+11
3.30000000000000e-01	1.31605638640883e+11
3.40000000000000e-01	1.17019645200573e+11
3.50000000000000e-01	1.04419300423691e+11
3.60000000000000e-01	9.34859729139784e+10
3.70000000000000e-01	8.39619103714112e+10
3.80000000000000e-01	7.56338713090674e+10
3.90000000000000e-01	6.83248931662390e+10
4.00000000000000e-01	6.18895773932877e+10
4.10000000000000e-01	5.62038261383662e+10
4.20000000000000e-01	5.11660671812930e+10
4.30000000000000e-01	4.66887397740093e+10
4.40000000000000e-01	4.26984195173473e+10
4.50000000000000e-01	3.91327265076155e+10
4.60000000000000e-01	3.59380435898037e+10
4.70000000000000e-01	3.30694423320318e+10
4.80000000000000e-01	3.04871249901247e+10
4.90000000000000e-01	2.81571858134982e+10
5.00000000000000e-01	2.60505959212835e+10
5.10000000000000e-01	2.41420479352436e+10
5.20000000000000e-01	2.24099542639423e+10
5.30000000000000e-01	2.08338644618970e+10
5.40000000000000e-01	1.93980021792248e+10
5.50000000000000e-01	1.80874702473880e+10
5.60000000000000e-01	1.68889384263797e+10
5.70000000000000e-01	1.57911877098292e+10
5.80000000000000e-01	1.47845558382071e+10
5.90000000000000e-01	1.38594334434440e+10
6.00000000000000e-01	1.30084269205465e+10
6.10000000000000e-01	1.22240793815630e+10
6.20000000000000e-01	1.15004818560625e+10
6.30000000000000e-01	1.08319180718924e+10
6.40000000000000e-01	1.02136632958850e+10
6.50000000000000e-01	9.64075447066214e+09
6.60000000000000e-01	9.10956133599383e+09
6.70000000000000e-01	8.61620711869931e+09
6.80000000000000e-01	8.15770813549555e+09
6.90000000000000e-01	7.73115666753504e+09
7.00000000000000e-01	7.33380737570896e+09
7.10000000000000e-01	6.96316205110004e+09
7.20000000000000e-01	6.61712139537519e+09
7.30000000000000e-01	6.29402023068728e+09
7.40000000000000e-01	5.99160141307733e+09
7.50000000000000e-01	5.70868286940765e+09
7.60000000000000e-01	5.44346530690626e+09
7.70000000000000e-01	5.19483948279886e+09
7.80000000000000e-01	4.96146591113085e+09
7.90000000000000e-01	4.74228531093678e+09
8.00000000000000e-01	4.53623268851987e+09
8.10000000000000e-01	4.34234523084808e+09
8.20000000000000e-01	4.15985588969065e+09
8.30000000000000e-01	3.98790181930964e+09
8.40000000000000e-01	3.82585729990740e+09
8.50000000000000e-01	3.67288192388400e+09
8.60000000000000e-01	3.52850955998538e+09
8.70000000000000e-01	3.39212427908952e+09
8.80000000000000e-01	3.26319039113685e+09
8.90000000000000e-01	3.14128420184257e+09
9.00000000000000e-01	3.02592760342111e+09
9.10000000000000e-01	2.91667359731562e+09
9.20000000000000e-01	2.81321273454282e+09
9.30000000000000e-01	2.71518724069191e+09
9.40000000000000e-01	2.62222632293901e+09
9.50000000000000e-01	2.53403856893144e+09
9.60000000000000e-01	2.45035976297180e+09
9.70000000000000e-01	2.37092063195510e+09
9.80000000000000e-01	2.29552968787827e+09
9.90000000000000e-01	2.22389135316999e+09
1.00000000000000e+00	2.15588225034037e+09
1.01000000000000e+00	2.09120893912480e+09
1.02000000000000e+00	2.02974504242354e+09
1.03000000000000e+00	1.97136601582704e+09
1.04000000000000e+00	1.91585978487833e+09
1.05000000000000e+00	1.86309554175561e+09
1.06000000000000e+00	1.81292046785545e+09
1.07000000000000e+00	1.76525116320435e+09
1.08000000000000e+00	1.71990798452030e+09
1.09000000000000e+00	1.67673191096032e+09
1.10000000000000e+00	1.63564504910781e+09
1.11000000000000e+00	1.59648579675353e+09
1.12000000000000e+00	1.55910800563470e+09
1.13000000000000e+00	1.52339552620311e+09
1.14000000000000e+00	1.48920000036198e+09
1.15000000000000e+00	1.45641549103417e+09
1.16000000000000e+00	1.42487000766310e+09
1.17000000000000e+00	1.39451068824506e+09
1.18000000000000e+00	1.36519920601169e+09
1.19000000000000e+00	1.33686333810144e+09
1.20000000000000e+00	1.30948720690597e+09
1.21000000000000e+00	1.28300631950221e+09
1.22000000000000e+00	1.25743262015759e+09
1.23000000000000e+00	1.23284575279673e+09
1.24000000000000e+00	1.20926461564238e+09
1.25000000000000e+00	1.18684642097322e+09
1.26000000000000e+00	1.16568620437368e+09
1.27000000000000e+00	1.14603401732334e+09
1.28000000000000e+00	1.12802588768633e+09
1.29000000000000e+00	1.11197906425137e+09
1.30000000000000e+00	1.09811319649639e+09
1.31000000000000e+00	1.08673459831607e+09
1.32000000000000e+00	1.07812427458407e+09
1.33000000000000e+00	1.07254429597124e+09
1.34000000000000e+00	1.07021135972953e+09
1.35000000000000e+00	1.07134963668103e+09
1.36000000000000e+00	1.07606203298335e+09
1.37000000000000e+00	1.08443764979441e+09
1.38000000000000e+00	1.09644177298327e+09
1.39000000000000e+00	1.11199167726848e+09
1.40000000000000e+00	1.13095031377009e+09
1.41000000000000e+00	1.15308998113065e+09
1.42000000000000e+00	1.17816844070540e+09
1.43000000000000e+00	1.20591134542318e+09
1.44000000000000e+00	1.23603679307705e+09
1.45000000000000e+00	1.26825283780627e+09
1.46000000000000e+00	1.30227420490477e+09
1.47000000000000e+00	1.33776960876025e+09
1.48000000000000e+00	1.37445016050984e+09
1.49000000000000e+00	1.41193289392412e+09
1.50000000000000e+00	1.44979254995445e+09
1.51000000000000e+00	1.48748844699381e+09
1.52000000000000e+00	1.52434972841477e+09
1.53000000000000e+00	1.55962074224045e+09
1.54000000000000e+00	1.59231753278219e+09
1.55000000000000e+00	1.62134060156716e+09
1.56000000000000e+00	1.64554915869437e+09
1.57000000000000e+00	1.66369943843807e+09
1.58000000000000e+00	1.67453273593379e+09
1.59000000000000e+00	1.67690382524381e+09
1.60000000000000e+00	1.66977407478601e+09
1.61000000000000e+00	1.65237786175504e+09
1.62000000000000e+00	1.62415193323999e+09
1.63000000000000e+00	1.58493103792197e+09
1.64000000000000e+00	1.53492892260808e+09
1.65000000000000e+00	1.47493273223642e+09
1.66000000000000e+00	1.40616927567821e+09
1.67000000000000e+00	1.33048658363072e+09
1.68000000000000e+00	1.25002786820297e+09
1.69000000000000e+00	1.16718711181607e+09
1.70000000000000e+00	1.08427024633275e+09
1.71000000000000e+00	1.00347164631266e+09
1.72000000000000e+00	9.26728036942498e+08
1.73000000000000e+00	8.55795804752790e+08
1.74000000000000e+00	7.92177042965741e+08
1.75000000000000e+00	7.36922173266321e+08
1.76000000000000e+00	6.90554066728332e+08
1.77000000000000e+00	6.52954973772154e+08
1.78000000000000e+00	6.23409636875912e+08
1.79000000000000e+00	6.00644888705239e+08
1.80000000000000e+00	5.82942781834316e+08
1.81000000000000e+00	5.68371628345380e+08
1.82000000000000e+00	5.55063131500804e+08
1.83000000000000e+00	5.41516061116753e+08
1.84000000000000e+00	5.26802432457748e+08
1.85000000000000e+00	5.10639679970715e+08
1.86000000000000e+00	4.93147436694444e+08
1.87000000000000e+00	4.74743681324043e+08
1.88000000000000e+00	4.55916466176547e+08
1.89000000000000e+00	4.37171623880358e+08
1.90000000000000e+00	4.19001281891843e+08
1.91000000000000e+00	4.01815880426687e+08
1.92000000000000e+00	3.85980762974488e+08
1.93000000000000e+00	3.71748373285438e+08
1.94000000000000e+00	3.59267648209000e+08
1.95000000000000e+00	3.48582606115506e+08
1.96000000000000e+00	3.39638666301950e+08
1.97000000000000e+00	3.32302007846166e+08
1.98000000000000e+00	3.26378119486808e+08
1.99000000000000e+00	3.21638174284190e+08
2.00000000000000e+00	3.17836090793895e+08
2.01000000000000e+00	3.14724078571847e+08
2.02000000000000e+00	3.12073795329259e+08
2.03000000000000e+00	3.09677892884236e+08
2.04000000000000e+00	3.07343860422748e+08
2.05000000000000e+00	3.04901902112760e+08
2.06000000000000e+00	3.02174500861874e+08
2.07000000000000e+00	2.98959365041976e+08
2.08000000000000e+00	2.95020541557029e+08
2.09000000000000e+00	2.90059381236787e+08
2.10000000000000e+00	2.83739945511547e+08
2.11000000000000e+00	2.75733596811716e+08
2.12000000000000e+00	2.65784743707245e+08
2.13000000000000e+00	2.53803653711938e+08
2.14000000000000e+00	2.39934595951817e+08
2.15000000000000e+00	2.24534074135176e+08
2.16000000000000e+00	2.08122122044872e+08
2.17000000000000e+00	1.91242488777343e+08
2.18000000000000e+00	1.74379572480398e+08
2.19000000000000e+00	1.57877676339978e+08
2.20000000000000e+00	1.41958304936279e+08
2.21000000000000e+00	1.26749611333170e+08
2.22000000000000e+00	1.12343176443398e+08
2.23000000000000e+00	9.88471183406860e+07
2.24000000000000e+00	8.63942657751446e+07
2.25000000000000e+00	7.51400403499567e+07
2.26000000000000e+00	6.52137698302315e+07
2.27000000000000e+00	5.66824280377170e+07
2.28000000000000e+00	4.95340173046970e+07
2.29000000000000e+00	4.36822182101847e+07
2.30000000000000e+00	3.89887440112638e+07
2.31000000000000e+00	3.52896421019811e+07
2.32000000000000e+00	3.24181234158281e+07
2.33000000000000e+00	3.02189113114521e+07
2.34000000000000e+00	2.85554637744516e+07
2.35000000000000e+00	2.73175588480122e+07
2.36000000000000e+00	2.64173472591969e+07
2.37000000000000e+00	2.57900364976598e+07
2.38000000000000e+00	2.53878277728075e+07
2.39000000000000e+00	2.51731162392565e+07
2.40000000000000e+00	2.51148810388101e+07
2.41000000000000e+00	2.51856916272101e+07
2.42000000000000e+00	2.53631444970781e+07
2.43000000000000e+00	2.56299100832262e+07
2.44000000000000e+00	2.59721912926297e+07
2.45000000000000e+00	2.63794922123362e+07
2.46000000000000e+00	2.68388571482708e+07
2.47000000000000e+00	2.73362384261923e+07
2.48000000000000e+00	2.78511355611247e+07
2.49000000000000e+00	2.83617873084263e+07
2.50000000000000e+00	2.88427438539550e+07
2.51000000000000e+00	2.92701872834275e+07
2.52000000000000e+00	2.96241315296411e+07
2.53000000000000e+00	2.98897202265409e+07
2.54000000000000e+00	3.00608559158589e+07
2.55000000000000e+00	3.01420076717118e+07
2.56000000000000e+00	3.01467103455382e+07
2.57000000000000e+00	3.00945990759447e+07
2.58000000000000e+00	3.00071533056031e+07
2.59000000000000e+00	2.99014163086185e+07
2.60000000000000e+00	2.97820364040196e+07
2.61000000000000e+00	2.96394185445237e+07
2.62000000000000e+00	2.94455172632953e+07
2.63000000000000e+00	2.91620132206070e+07
2.64000000000000e+00	2.87566931064553e+07
2.65000000000000e+00	2.82203805129266e+07
2.66000000000000e+00	2.75811225398448e+07
2.67000000000000e+00	2.68969508169954e+07
2.68000000000000e+00	2.62383016857193e+07
2.69000000000000e+00	2.56626269062442e+07
2.70000000000000e+00	2.52006733062893e+07
2.71000000000000e+00	2.48514539103818e+07
2.72000000000000e+00	2.45864436805557e+07
2.73000000000000e+00	2.43594611738888e+07
2.74000000000000e+00	2.41159741912606e+07
2.75000000000000e+00	2.38036046300579e+07
2.76000000000000e+00	2.33796965645783e+07
2.77000000000000e+00	2.28161183478342e+07
2.78000000000000e+00	2.20979525391635e+07
2.79000000000000e+00	2.12238559744167e+07
2.80000000000000e+00	2.02008129227058e+07
2.81000000000000e+00	1.90433596460826e+07
2.82000000000000e+00	1.77714448176887e+07
2.83000000000000e+00	1.64095321655509e+07
2.84000000000000e+00	1.49859902209052e+07
2.85000000000000e+00	1.35324686299730e+07
2.86000000000000e+00	1.20817361164945e+07
2.87000000000000e+00	1.06675745490869e+07
2.88000000000000e+00	9.32212600479762e+06
2.89000000000000e+00	8.07402339448234e+06
2.90000000000000e+00	6.94693574504651e+06
2.91000000000000e+00	5.95887437874461e+06
2.92000000000000e+00	5.12108202954425e+06
2.93000000000000e+00	4.43864760517577e+06
2.94000000000000e+00	3.91041086936824e+06
2.95000000000000e+00	3.52952218953371e+06
2.96000000000000e+00	3.28419743279877e+06
2.97000000000000e+00	3.15803294343341e+06
2.98000000000000e+00	3.13177065567216e+06
2.99000000000000e+00	3.18436128717509e+06
3.00000000000000e+00	3.29456602493215e+06
3.01000000000000e+00	3.44217413332841e+06
3.02000000000000e+00	3.60865613057627e+06
3.03000000000000e+00	3.77773872628268e+06
3.04000000000000e+00	3.93604263894280e+06
3.05000000000000e+00	4.07306045149473e+06
3.06000000000000e+00	4.18145652673041e+06
3.07000000000000e+00	4.25730099801471e+06
3.08000000000000e+00	4.29986507743854e+06
3.09000000000000e+00	4.31077971683352e+06
3.10000000000000e+00	4.29384153584982e+06
3.11000000000000e+00	4.25379486569031e+06
3.12000000000000e+00	4.19585686764583e+06
3.13000000000000e+00	4.12471328648237e+06
3.14000000000000e+00	4.04407213825530e+06
3.15000000000000e+00	3.95624084100759e+06
3.16000000000000e+00	3.86263891908953e+06
3.17000000000000e+00	3.76354065370796e+06
3.18000000000000e+00	3.65891599134482e+06
3.19000000000000e+00	3.54892410321148e+06
3.20000000000000e+00	3.43368573641241e+06
3.21000000000000e+00	3.31354926548774e+06
3.22000000000000e+00	3.18860591140834e+06
3.23000000000000e+00	3.05857506368400e+06
3.24000000000000e+00	2.92274589571053e+06
3.25000000000000e+00	2.78045583547169e+06
3.26000000000000e+00	2.63152327164538e+06
3.27000000000000e+00	2.47676611724374e+06
3.28000000000000e+00	2.31847353562812e+06
3.29000000000000e+00	2.16056084552804e+06
3.30000000000000e+00	2.00837382800494e+06
3.31000000000000e+00	1.86839831189608e+06
3.32000000000000e+00	1.74770103133963e+06
3.33000000000000e+00	1.65310032047677e+06
3.34000000000000e+00	1.59041998156903e+06
3.35000000000000e+00	1.56363922188202e+06
3.36000000000000e+00	1.57437801013181e+06
3.37000000000000e+00	1.62135370093821e+06
3.38000000000000e+00	1.70025481946097e+06
3.39000000000000e+00	1.80409453331605e+06
3.40000000000000e+00	1.92375906903389e+06
3.41000000000000e+00	2.04908113641922e+06
3.42000000000000e+00	2.16997108347181e+06
3.43000000000000e+00	2.27762670341466e+06
3.44000000000000e+00	2.36528359651101e+06
3.45000000000000e+00	2.42879185097959e+06
3.46000000000000e+00	2.46663220141981e+06
3.47000000000000e+00	2.47966290749141e+06
3.48000000000000e+00	2.47069043937398e+06
3.49000000000000e+00	2.44382541527284e+06
3.50000000000000e+00	2.40391573955465e+06
3.51000000000000e+00	2.35595065905791e+06
3.52000000000000e+00	2.30465303610850e+06
3.53000000000000e+00	2.25401746228933e+06
3.54000000000000e+00	2.20712787058867e+06
3.55000000000000e+00	2.16597097000165e+06
3.56000000000000e+00	2.13138898162986e+06
3.57000000000000e+00	2.10325200783968e+06
3.58000000000000e+00	2.08066160449469e+06
3.59000000000000e+00	2.06210909477557e+06
3.60000000000000e+00	2.04590564076050e+06
3.61000000000000e+00	2.03028398917866e+06
3.62000000000000e+00	2.01368610169625e+06
3.63000000000000e+00	1.99502586513470e+06
3.64000000000000e+00	1.97372858577172e+06
3.65000000000000e+00	1.94984992298567e+06
3.66000000000000e+00	1.92413922021852e+06
3.67000000000000e+00	1.89790167546827e+06
3.68000000000000e+00	1.87285053512676e+06
3.69000000000000e+00	1.85077362209455e+06
3.70000000000000e+00	1.83323054062540e+06
3.71000000000000e+00	1.82126436866399e+06
3.72000000000000e+00	1.81518375893274e+06
3.73000000000000e+00	1.81443306508236e+06
3.74000000000000e+00	1.81772187847979e+06
3.75000000000000e+00	1.82326240753234e+06
3.76000000000000e+00	1.82892426319825e+06
3.77000000000000e+00	1.83262697073517e+06
3.78000000000000e+00	1.83261229893020e+06
3.79000000000000e+00	1.82760955707718e+06
3.80000000000000e+00	1.81716984936214e+06
3.81000000000000e+00	1.80178300985548e+06
3.82000000000000e+00	1.78300428215920e+06
3.83000000000000e+00	1.76348048289654e+06
3.84000000000000e+00	1.74687453453178e+06
3.85000000000000e+00	1.73768675324588e+06
3.86000000000000e+00	1.74076880546589e+06
3.87000000000000e+00	1.76075679644072e+06
3.88000000000000e+00	1.80161971864875e+06
3.89000000000000e+00	1.86599831172184e+06
3.90000000000000e+00	1.95476213770793e+06
3.91000000000000e+00	2.06665055838263e+06
3.92000000000000e+00	2.19828111433048e+06
3.93000000000000e+00	2.34402647923201e+06
3.94000000000000e+00	2.49636204514755e+06
3.95000000000000e+00	2.64602727226002e+06
3.96000000000000e+00	2.78256288031497e+06
3.97000000000000e+00	2.89489116451015e+06
3.98000000000000e+00	2.97205296397659e+06
3.99000000000000e+00	3.00436572868448e+06
4.00000000000000e+00	2.98438444164170e+06
4.01000000000000e+00	2.90807340039265e+06
4.02000000000000e+00	2.77543269584687e+06
4.03000000000000e+00	2.59072150930400e+06
4.04000000000000e+00	2.36238782779915e+06
4.05000000000000e+00	2.10220147176601e+06
4.06000000000000e+00	1.82401979507161e+06
4.07000000000000e+00	1.54220416611615e+06
4.08000000000000e+00	1.26993071627819e+06
4.09000000000000e+00	1.01797596642075e+06
4.10000000000000e+00	7.93816571062009e+05
4.11000000000000e+00	6.01505774594298e+05
4.12000000000000e+00	4.42042982506061e+05
4.13000000000000e+00	3.14062457623721e+05
4.14000000000000e+00	2.14639177870570e+05
4.15000000000000e+00	1.40005266437843e+05
4.16000000000000e+00	8.61007359351147e+04
4.17000000000000e+00	4.89422817681866e+04
4.18000000000000e+00	2.48455148308898e+04
4.19000000000000e+00	1.05372971821250e+04
4.20000000000000e+00	3.20984564923817e+03
4.21000000000000e+00	5.35326636730989e+02
4.22000000000000e+00	6.65034298746703e+02
4.23000000000000e+00	2.21725320567952e+03
4.24000000000000e+00	4.25652541575006e+03
4.25000000000000e+00	6.25998374985699e+03
4.26000000000000e+00	8.06437686933520e+03
4.27000000000000e+00	9.78905864833917e+03
4.28000000000000e+00	1.17378234438948e+04
4.29000000000000e+00	1.42893333015063e+04
4.30000000000000e+00	1.77935475155750e+04
4.31000000000000e+00	2.24931649554766e+04
4.32000000000000e+00	2.84796498171114e+04
4.33000000000000e+00	3.56865447619117e+04
4.34000000000000e+00	4.39111164044745e+04
4.35000000000000e+00	5.28520951677124e+04
4.36000000000000e+00	6.21488936737826e+04
4.37000000000000e+00	7.14111959208401e+04
4.38000000000000e+00	8.02407967854915e+04
4.39000000000000e+00	8.82329295228989e+04
4.40000000000000e+00	9.49819493870393e+04
4.41000000000000e+00	1.00083548334612e+05
4.42000000000000e+00	1.03158965029650e+05
4.43000000000000e+00	1.03893464492772e+05
4.44000000000000e+00	1.02093516131714e+05
4.45000000000000e+00	9.77426161700070e+04
4.46000000000000e+00	9.10389344642241e+04
4.47000000000000e+00	8.23970232195816e+04
4.48000000000000e+00	7.24079947056794e+04
4.49000000000000e+00	6.17610073400998e+04
4.50000000000000e+00	5.11489384739860e+04
4.51000000000000e+00	4.11801375245144e+04
4.52000000000000e+00	3.23155711949305e+04
4.53000000000000e+00	2.48452728798576e+04
4.54000000000000e+00	1.88966748328646e+04
4.55000000000000e+00	1.44707914526752e+04
4.56000000000000e+00	1.14876734005620e+04
4.57000000000000e+00	9.82902038901825e+03
4.58000000000000e+00	9.37138082569121e+03
4.59000000000000e+00	1.00040660936949e+04
4.60000000000000e+00	1.16341078674877e+04
4.61000000000000e+00	1.41809638408804e+04
4.62000000000000e+00	1.75686399487894e+04
4.63000000000000e+00	2.17167025228892e+04
4.64000000000000e+00	2.65379303913251e+04
4.65000000000000e+00	3.19437533122690e+04
4.66000000000000e+00	3.78579316511330e+04
4.67000000000000e+00	4.42357711179365e+04
4.68000000000000e+00	5.10890856092255e+04
4.69000000000000e+00	5.85049112906162e+04
4.70000000000000e+00	6.66643019073146e+04
4.71000000000000e+00	7.58527746247817e+04
4.72000000000000e+00	8.64717326746956e+04
4.73000000000000e+00	9.90534581874885e+04
4.74000000000000e+00	1.14284925457769e+05
4.75000000000000e+00	1.33032865502288e+05
4.76000000000000e+00	1.56375539828913e+05
4.77000000000000e+00	1.85625509882864e+05
4.78000000000000e+00	2.22336060135588e+05
4.79000000000000e+00	2.68303545763910e+05
4.80000000000000e+00	3.25538009135696e+05
4.81000000000000e+00	3.96226826577312e+05
4.82000000000000e+00	4.82652057735042e+05
4.83000000000000e+00	5.87025943250391e+05
4.84000000000000e+00	7.11202818458097e+05
4.85000000000000e+00	8.56229448899117e+05
4.86000000000000e+00	1.02178057382720e+06
4.87000000000000e+00	1.20552533162480e+06
4.88000000000000e+00	1.40263961836306e+06
4.89000000000000e+00	1.60573375146743e+06
4.90000000000000e+00	1.80525700877966e+06
4.91000000000000e+00	1.99042488004486e+06
4.92000000000000e+00	2.15068298361749e+06
4.93000000000000e+00	2.27716311287502e+06
4.94000000000000e+00	2.36383019452331e+06
4.95000000000000e+00	2.40826599771108e+06
4.96000000000000e+00	2.41137006379589e+06
4.97000000000000e+00	2.37700241756739e+06
4.98000000000000e+00	2.31079007220725e+06
4.99000000000000e+00	2.21906128997322e+06
5.00000000000000e+00	2.10813029943345e+06
5.01000000000000e+00	1.98368099525535e+06
5.02000000000000e+00	1.85063417361207e+06
5.03000000000000e+00	1.71313393168850e+06
5.04000000000000e+00	1.57474953160809e+06
5.05000000000000e+00	1.43846166960834e+06
5.06000000000000e+00	1.30694326825768e+06
5.07000000000000e+00	1.18236553218320e+06
5.08000000000000e+00	1.06641626101729e+06
5.09000000000000e+00	9.60340740804207e+05
5.10000000000000e+00	8.64856014255605e+05
5.11000000000000e+00	7.80193589057172e+05
5.12000000000000e+00	7.06162121938766e+05
5.13000000000000e+00	6.42245835443965e+05
5.14000000000000e+00	5.87676323772413e+05
5.15000000000000e+00	5.41518856550808e+05
5.16000000000000e+00	5.02747904747997e+05
5.17000000000000e+00	4.70335789509715e+05
5.18000000000000e+00	4.43273960364400e+05
5.19000000000000e+00	4.20625947909772e+05
5.20000000000000e+00	4.01557057311493e+05
5.21000000000000e+00	3.85327057978042e+05
5.22000000000000e+00	3.71311085343440e+05
5.23000000000000e+00	3.58998970740704e+05
5.24000000000000e+00	3.47978809633968e+05
5.25000000000000e+00	3.37919880177076e+05
5.26000000000000e+00	3.28586261595028e+05
5.27000000000000e+00	3.19792796817690e+05
5.28000000000000e+00	3.11424335833431e+05
5.29000000000000e+00	3.03393391454493e+05
5.30000000000000e+00	2.95660804356668e+05
5.31000000000000e+00	2.88194640269122e+05
5.32000000000000e+00	2.80974205021370e+05
5.33000000000000e+00	2.73988546154396e+05
5.34000000000000e+00	2.67207343079156e+05
5.35000000000000e+00	2.60595963106586e+05
5.36000000000000e+00	2.54108047577998e+05
5.37000000000000e+00	2.47691284277619e+05
5.38000000000000e+00	2.41283802373978e+05
5.39000000000000e+00	2.34824162190276e+05
5.40000000000000e+00	2.28251030984398e+05
5.41000000000000e+00	2.21498246306709e+05
5.42000000000000e+00	2.14506519450050e+05
5.43000000000000e+00	2.07212096366069e+05
5.44000000000000e+00	1.99553994618546e+05
5.45000000000000e+00	1.91466655371539e+05
5.46000000000000e+00	1.82885726325548e+05
5.47000000000000e+00	1.73743714172070e+05
5.48000000000000e+00	1.63979999854214e+05
5.49000000000000e+00	1.53555341956676e+05
5.50000000000000e+00	1.42462290229139e+05
5.51000000000000e+00	1.30769261698427e+05
5.52000000000000e+00	1.18639559608347e+05
5.53000000000000e+00	1.06372541388947e+05
5.54000000000000e+00	9.44271175134390e+04
5.55000000000000e+00	8.34330656720587e+04
5.56000000000000e+00	7.41917289136405e+04
5.57000000000000e+00	6.76457801560557e+04
5.58000000000000e+00	6.48229156443720e+04
5.59000000000000e+00	6.67605574278076e+04
5.60000000000000e+00	7.44052245144846e+04
5.61000000000000e+00	8.85206500256378e+04
5.62000000000000e+00	1.09599724574499e+05
5.63000000000000e+00	1.37822897442688e+05
5.64000000000000e+00	1.73043178653999e+05
5.65000000000000e+00	2.14830074847475e+05
5.66000000000000e+00	2.62535105802561e+05
5.67000000000000e+00	3.15389572434772e+05
5.68000000000000e+00	3.72586703957349e+05
5.69000000000000e+00	4.33357008208042e+05
5.70000000000000e+00	4.97035181867532e+05
5.71000000000000e+00	5.63074963793000e+05
5.72000000000000e+00	6.31047628715028e+05
5.73000000000000e+00	7.00637437389342e+05
5.74000000000000e+00	7.71539561418473e+05
5.75000000000000e+00	8.43445737920399e+05
5.76000000000000e+00	9.15950792769827e+05
5.77000000000000e+00	9.88509835058623e+05
5.78000000000000e+00	1.06036542520473e+06
5.79000000000000e+00	1.13050300221736e+06
5.80000000000000e+00	1.19763838361253e+06
5.81000000000000e+00	1.26013333621800e+06
5.82000000000000e+00	1.31596778554133e+06
5.83000000000000e+00	1.36279612897670e+06
5.84000000000000e+00	1.39794404970033e+06
5.85000000000000e+00	1.41867474001595e+06
5.86000000000000e+00	1.42238050006168e+06
5.87000000000000e+00	1.40698238062186e+06
5.88000000000000e+00	1.37128665968305e+06
5.89000000000000e+00	1.31524154638297e+06
5.90000000000000e+00	1.24023603728056e+06
5.91000000000000e+00	1.14895295483844e+06
5.92000000000000e+00	1.04520897499476e+06
5.93000000000000e+00	9.33531640322324e+05
5.94000000000000e+00	8.18718414983185e+05
5.95000000000000e+00	7.05304814564154e+05
5.96000000000000e+00	5.97203962267843e+05
5.97000000000000e+00	4.97423866968755e+05
5.98000000000000e+00	4.07951729018519e+05
5.99000000000000e+00	3.29789656940889e+05
6.00000000000000e+00	2.63093713188146e+05
6.01000000000000e+00	2.07391784494296e+05
6.02000000000000e+00	1.61789195216012e+05
6.03000000000000e+00	1.25167931955374e+05
6.04000000000000e+00	9.63311332291821e+04
6.05000000000000e+00	7.41106253528794e+04
6.06000000000000e+00	5.74214285569702e+04
6.07000000000000e+00	4.52949718337611e+04
6.08000000000000e+00	3.68842846825961e+04
6.09000000000000e+00	3.14639931335924e+04
6.10000000000000e+00	2.84186063842452e+04
6.11000000000000e+00	2.72302559610075e+04
6.12000000000000e+00	2.74671866912541e+04
6.13000000000000e+00	2.87696946741575e+04
6.14000000000000e+00	3.08393850738749e+04
6.15000000000000e+00	3.34301400281831e+04
6.16000000000000e+00	3.63370809706255e+04
6.17000000000000e+00	3.93892680370182e+04
6.18000000000000e+00	4.24461206139100e+04
6.19000000000000e+00	4.53881161368328e+04
6.20000000000000e+00	4.81191986114946e+04
6.21000000000000e+00	5.05587051190096e+04
6.22000000000000e+00	5.26449153031253e+04
6.23000000000000e+00	5.43321161198573e+04
6.24000000000000e+00	5.55951500815340e+04
6.25000000000000e+00	5.64279509351390e+04
6.26000000000000e+00	5.68499576696175e+04
6.27000000000000e+00	5.69066318602604e+04
6.28000000000000e+00	5.66678059579788e+04
6.29000000000000e+00	5.62299558059837e+04
6.30000000000000e+00	5.57050584633668e+04
6.31000000000000e+00	5.52139954097075e+04
6.32000000000000e+00	5.48763660767695e+04
6.33000000000000e+00	5.47992822666816e+04
6.34000000000000e+00	5.50641447844694e+04
6.35000000000000e+00	5.57234817703967e+04
6.36000000000000e+00	5.67942213878453e+04
6.37000000000000e+00	5.82611520790547e+04
6.38000000000000e+00	6.00828066789456e+04
6.39000000000000e+00	6.22012961298599e+04
6.40000000000000e+00	6.45535646776827e+04
6.41000000000000e+00	6.70883949690703e+04
6.42000000000000e+00	6.97691784834971e+04
6.43000000000000e+00	7.25907871292821e+04
6.44000000000000e+00	7.55721826298163e+04
6.45000000000000e+00	7.87582553155898e+04
6.46000000000000e+00	8.22063533355846e+04
6.47000000000000e+00	8.59785775381174e+04
6.48000000000000e+00	9.01150400466146e+04
6.49000000000000e+00	9.46246351569784e+04
6.50000000000000e+00	9.94644004948641e+04
6.51000000000000e+00	1.04529903321523e+05
6.52000000000000e+00	1.09648997861320e+05
6.53000000000000e+00	1.14583319370947e+05
6.54000000000000e+00	1.19043556379845e+05
6.55000000000000e+00	1.22705442792707e+05
6.56000000000000e+00	1.25239448010478e+05
6.57000000000000e+00	1.26337323550534e+05
6.58000000000000e+00	1.25749570728821e+05
6.59000000000000e+00	1.23315695813604e+05
6.60000000000000e+00	1.18988084271621e+05
6.61000000000000e+00	1.12847761621475e+05
6.62000000000000e+00	1.05110581250958e+05
6.63000000000000e+00	9.61095623878251e+04
6.64000000000000e+00	8.62752374763767e+04
6.65000000000000e+00	7.60904478677927e+04
6.66000000000000e+00	6.60475362248939e+04
6.67000000000000e+00	5.65983679822331e+04
6.68000000000000e+00	4.81161409040144e+04
6.69000000000000e+00	4.08671736494953e+04
6.70000000000000e+00	3.50039052107065e+04
6.71000000000000e+00	3.05708333136020e+04
6.72000000000000e+00	2.75218207907009e+04
6.73000000000000e+00	2.57438760450005e+04
6.74000000000000e+00	2.50806984357400e+04
6.75000000000000e+00	2.53545278761308e+04
6.76000000000000e+00	2.63831527663925e+04
6.77000000000000e+00	2.79919329771622e+04
6.78000000000000e+00	3.00192229356761e+04
6.79000000000000e+00	3.23213837335673e+04
6.80000000000000e+00	3.47716531556654e+04
6.81000000000000e+00	3.72595005259084e+04
6.82000000000000e+00	3.96899558296998e+04
6.83000000000000e+00	4.19809956282719e+04
6.84000000000000e+00	4.40644620486885e+04
6.85000000000000e+00	4.58857473149103e+04
6.86000000000000e+00	4.74059654360409e+04
6.87000000000000e+00	4.86000703294980e+04
6.88000000000000e+00	4.94614385206440e+04
6.89000000000000e+00	4.99968309540637e+04
6.90000000000000e+00	5.02295238502561e+04
6.91000000000000e+00	5.01945771932462e+04
6.92000000000000e+00	4.99394998377646e+04
6.93000000000000e+00	4.95201579480626e+04
6.94000000000000e+00	4.89974792566203e+04
6.95000000000000e+00	4.84377622257749e+04
6.96000000000000e+00	4.79055797302480e+04
6.97000000000000e+00	4.74667181373735e+04
6.98000000000000e+00	4.71817822305401e+04
6.99000000000000e+00	4.71062429130084e+04
7.00000000000000e+00	4.72909266370283e+04
7.01000000000000e+00	4.77769952749373e+04
7.02000000000000e+00	4.85984396952820e+04
7.03000000000000e+00	4.97780728124007e+04
7.04000000000000e+00	5.13254025679208e+04
7.05000000000000e+00	5.32346261472380e+04
7.06000000000000e+00	5.54892906222334e+04
7.07000000000000e+00	5.80535757602349e+04
7.08000000000000e+00	6.08811578057713e+04
7.09000000000000e+00	6.39161676778972e+04
7.10000000000000e+00	6.70992045671699e+04
7.11000000000000e+00	7.03711649736634e+04
7.12000000000000e+00	7.36793337281671e+04
7.13000000000000e+00	7.69859362930807e+04
7.14000000000000e+00	8.02654417810162e+04
7.15000000000000e+00	8.35105153661042e+04
7.16000000000000e+00	8.67288760038291e+04
7.17000000000000e+00	8.99406602707905e+04
7.18000000000000e+00	9.31761770994926e+04
7.19000000000000e+00	9.64687219200724e+04
7.20000000000000e+00	9.98543585113586e+04
7.21000000000000e+00	1.03354589482549e+05
7.22000000000000e+00	1.06983872099775e+05
7.23000000000000e+00	1.10735086851787e+05
7.24000000000000e+00	1.14581062547982e+05
7.25000000000000e+00	1.18474076533467e+05
7.26000000000000e+00	1.22348120264878e+05
7.27000000000000e+00	1.26121195358402e+05
7.28000000000000e+00	1.29705129857434e+05
7.29000000000000e+00	1.33019118124622e+05
7.30000000000000e+00	1.35992468005591e+05
7.31000000000000e+00	1.38583881224586e+05
7.32000000000000e+00	1.40792340898280e+05
7.33000000000000e+00	1.42672140191089e+05
7.34000000000000e+00	1.44341231266194e+05
7.35000000000000e+00	1.45994589790688e+05
7.36000000000000e+00	1.47903762638799e+05
7.37000000000000e+00	1.50423712493809e+05
7.38000000000000e+00	1.53981289878485e+05
7.39000000000000e+00	1.59067646235346e+05
7.40000000000000e+00	1.66211822292624e+05
7.41000000000000e+00	1.75968312281090e+05
7.42000000000000e+00	1.88881999688410e+05
7.43000000000000e+00	2.05473217329651e+05
7.44000000000000e+00	2.26207709882367e+05
7.45000000000000e+00	2.51493592536456e+05
7.46000000000000e+00	2.81673639284367e+05
7.47000000000000e+00	3.17037701866387e+05
7.48000000000000e+00	3.57846040397922e+05
7.49000000000000e+00	4.04359349348417e+05
7.50000000000000e+00	4.56851901566903e+05
7.51000000000000e+00	5.15644584488680e+05
7.52000000000000e+00	5.81104327734504e+05
7.53000000000000e+00	6.53627361600442e+05
7.54000000000000e+00	7.33594348614301e+05
7.55000000000000e+00	8.21340743084843e+05
7.56000000000000e+00	9.17037853316273e+05
7.57000000000000e+00	1.02062200418277e+06
7.58000000000000e+00	1.13168792077760e+06
7.59000000000000e+00	1.24940890414040e+06
7.60000000000000e+00	1.37235536938208e+06
7.61000000000000e+00	1.49844712509356e+06
7.62000000000000e+00	1.62473994595170e+06
7.63000000000000e+00	1.74734565498838e+06
7.64000000000000e+00	1.86132823995784e+06
7.65000000000000e+00	1.96078285978087e+06
7.66000000000000e+00	2.03917102133306e+06
7.67000000000000e+00	2.08989443506526e+06
7.68000000000000e+00	2.10709221981263e+06
7.69000000000000e+00	2.08662169813478e+06
7.70000000000000e+00	2.02693874669603e+06
7.71000000000000e+00	1.92961934651154e+06
7.72000000000000e+00	1.79937315639122e+06
7.73000000000000e+00	1.64351319819489e+06
7.74000000000000e+00	1.47100954299331e+06
7.75000000000000e+00	1.29120314534923e+06
7.76000000000000e+00	1.11272834336474e+06
7.77000000000000e+00	9.42613660850314e+05
7.78000000000000e+00	7.85872298898785e+05
7.79000000000000e+00	6.45512900843283e+05
7.80000000000000e+00	5.22801462238199e+05
7.81000000000000e+00	4.17689256844177e+05
7.82000000000000e+00	3.29230592902210e+05
7.83000000000000e+00	2.55952311870531e+05
7.84000000000000e+00	1.96121603618124e+05
7.85000000000000e+00	1.47932898567779e+05
7.86000000000000e+00	1.09626583260822e+05
7.87000000000000e+00	7.95613701046387e+04
7.88000000000000e+00	5.62657786748607e+04
7.89000000000000e+00	3.84593588194760e+04
7.90000000000000e+00	2.50686704986634e+04
7.91000000000000e+00	1.52196915580825e+04
7.92000000000000e+00	8.22951429912894e+03
7.93000000000000e+00	3.58604898554603e+03
7.94000000000000e+00	9.25840928006449e+02
7.95000000000000e+00	9.26353113541257e+00
7.96000000000000e+00	6.95826010320458e+02
7.97000000000000e+00	2.91982189726928e+03
7.98000000000000e+00	6.66662753300357e+03
7.99000000000000e+00	1.19499043887585e+04
8.00000000000000e+00	1.87885731703941e+04
8.01000000000000e+00	2.71841083056449e+04
8.02000000000000e+00	3.70965286361363e+04
8.03000000000000e+00	4.84186953568372e+04
8.04000000000000e+00	6.09498234866759e+04
8.05000000000000e+00	7.43654807909846e+04
8.06000000000000e+00	8.82034884776587e+04
8.07000000000000e+00	1.01857984624020e+05
8.08000000000000e+00	1.14607384000316e+05
8.09000000000000e+00	1.25663248184709e+05
8.10000000000000e+00	1.34260388943031e+05
8.11000000000000e+00	1.39760008199043e+05
8.12000000000000e+00	1.41747834870962e+05
8.13000000000000e+00	1.40105488060801e+05
8.14000000000000e+00	1.35023782408748e+05
8.15000000000000e+00	1.26982318564804e+05
8.16000000000000e+00	1.16661408486218e+05
8.17000000000000e+00	1.04837287816109e+05
8.18000000000000e+00	9.22861853607505e+04
8.19000000000000e+00	7.96916494423509e+04
8.20000000000000e+00	6.75979171538567e+04
8.21000000000000e+00	5.63957254141144e+04
8.22000000000000e+00	4.63262518122780e+04
8.23000000000000e+00	3.75065912633802e+04
8.24000000000000e+00	2.99581217501707e+04
8.25000000000000e+00	2.36328733811529e+04
8.26000000000000e+00	1.84355495211039e+04
8.27000000000000e+00	1.42435698946897e+04
8.28000000000000e+00	1.09203634347562e+04
8.29000000000000e+00	8.32750220323767e+03
8.30000000000000e+00	6.33282549120319e+03
8.31000000000000e+00	4.81607917163153e+03
8.32000000000000e+00	3.67259737476344e+03
8.33000000000000e+00	2.81456100220535e+03
8.34000000000000e+00	2.17073331539721e+03
8.35000000000000e+00	1.68520963153637e+03
8.36000000000000e+00	1.31555443883379e+03
8.37000000000000e+00	1.03045098370371e+03
8.38000000000000e+00	8.07603744257385e+02
8.39000000000000e+00	6.31593959520554e+02
8.40000000000000e+00	4.92102888999812e+02
8.41000000000000e+00	3.82340553357364e+02
8.42000000000000e+00	2.97816925879977e+02
8.43000000000000e+00	2.35309310691976e+02
8.44000000000000e+00	1.92400190452121e+02
8.45000000000000e+00	1.66705664157913e+02
8.46000000000000e+00	1.55957977520736e+02
8.47000000000000e+00	1.57947717784258e+02
8.48000000000000e+00	1.70653641961230e+02
8.49000000000000e+00	1.92441840441470e+02
8.50000000000000e+00	2.22251011300961e+02
8.51000000000000e+00	2.59711808612581e+02
8.52000000000000e+00	3.05148002754583e+02
8.53000000000000e+00	3.59465095755128e+02
8.54000000000000e+00	4.23914529805050e+02
8.55000000000000e+00	4.99788054697518e+02
8.56000000000000e+00	5.88108446039913e+02
8.57000000000000e+00	6.89332519226245e+02
8.58000000000000e+00	8.03233350099989e+02
8.59000000000000e+00	9.28731579723806e+02
8.60000000000000e+00	1.06406576359633e+03
8.61000000000000e+00	1.20688671964157e+03
8.62000000000000e+00	1.35440764711298e+03
8.63000000000000e+00	1.50379526316116e+03
8.64000000000000e+00	1.65227719437302e+03
8.65000000000000e+00	1.79729989243712e+03
8.66000000000000e+00	1.93682974444962e+03
8.67000000000000e+00	2.06924314309819e+03
8.68000000000000e+00	2.19352759753248e+03
8.69000000000000e+00	2.30916960740464e+03
8.70000000000000e+00	2.41629524988717e+03
8.71000000000000e+00	2.51545056594832e+03
8.72000000000000e+00	2.60778689002372e+03
8.73000000000000e+00	2.69478488779960e+03
8.74000000000000e+00	2.77847783500859e+03
8.75000000000000e+00	2.86116259459339e+03
8.76000000000000e+00	2.94552450150684e+03
8.77000000000000e+00	3.03428639643206e+03
8.78000000000000e+00	3.13029548532899e+03
8.79000000000000e+00	3.23615452881153e+03
8.80000000000000e+00	3.35415194635311e+03
8.81000000000000e+00	3.48601125567639e+03
8.82000000000000e+00	3.63270940781063e+03
8.83000000000000e+00	3.79431059347903e+03
8.84000000000000e+00	3.96996746582135e+03
8.85000000000000e+00	4.15796575262345e+03
8.86000000000000e+00	4.35569819863197e+03
8.87000000000000e+00	4.56012812006115e+03
8.88000000000000e+00	4.76782351199918e+03
8.89000000000000e+00	4.97550024598035e+03
8.90000000000000e+00	5.18015572984057e+03
8.91000000000000e+00	5.37951048419693e+03
8.92000000000000e+00	5.57189289323352e+03
8.93000000000000e+00	5.75675479275555e+03
8.94000000000000e+00	5.93414704332161e+03
8.95000000000000e+00	6.10507968927147e+03
8.96000000000000e+00	6.27075989591956e+03
8.97000000000000e+00	6.43280145040533e+03
8.98000000000000e+00	6.59254765298734e+03
8.99000000000000e+00	6.75125811789157e+03
9.00000000000000e+00	6.90978703265971e+03
9.01000000000000e+00	7.06881020145940e+03
9.02000000000000e+00	7.22847320451963e+03
9.03000000000000e+00	7.38861460501494e+03
9.04000000000000e+00	7.54894816447218e+03
9.05000000000000e+00	7.70849715885837e+03
9.06000000000000e+00	7.86633936528851e+03
9.07000000000000e+00	8.02104215505512e+03
9.08000000000000e+00	8.17128472130600e+03
9.09000000000000e+00	8.31581328975041e+03
9.10000000000000e+00	8.45366901593844e+03
9.11000000000000e+00	8.58381212141284e+03
9.12000000000000e+00	8.70570315050304e+03
9.13000000000000e+00	8.81879439327234e+03
9.14000000000000e+00	8.92295708825282e+03
9.15000000000000e+00	9.01796736208623e+03
9.16000000000000e+00	9.10370523348215e+03
9.17000000000000e+00	9.18044437821135e+03
9.18000000000000e+00	9.24833068229404e+03
9.19000000000000e+00	9.30773040048063e+03
9.20000000000000e+00	9.35901172429044e+03
9.21000000000000e+00	9.40270954337691e+03
9.22000000000000e+00	9.43929283145572e+03
9.23000000000000e+00	9.46933120218392e+03
9.24000000000000e+00	9.49317986009478e+03
9.25000000000000e+00	9.51136635850762e+03
9.26000000000000e+00	9.52436040394595e+03
9.27000000000000e+00	9.53284642422816e+03
9.28000000000000e+00	9.53762670686565e+03
9.29000000000000e+00	9.53982501995831e+03
9.30000000000000e+00	9.54063392769581e+03
9.31000000000000e+00	9.54166526435826e+03
9.32000000000000e+00	9.54452318429384e+03
9.33000000000000e+00	9.55087770421251e+03
9.34000000000000e+00	9.56220442955905e+03
9.35000000000000e+00	9.57980077914657e+03
9.36000000000000e+00	9.60461288247984e+03
9.37000000000000e+00	9.63721359710011e+03
9.38000000000000e+00	9.67767443337666e+03
9.39000000000000e+00	9.72583632760712e+03
9.40000000000000e+00	9.78097964376575e+03
9.41000000000000e+00	9.84230170663331e+03
9.42000000000000e+00	9.90870576040203e+03
9.43000000000000e+00	9.97906167457367e+03
9.44000000000000e+00	1.00522406399785e+04
9.45000000000000e+00	1.01270081593774e+04
9.46000000000000e+00	1.02025813383129e+04
9.47000000000000e+00	1.02780074663876e+04
9.48000000000000e+00	1.03528571301268e+04
9.49000000000000e+00	1.04267021204003e+04
9.50000000000000e+00	1.04994763943963e+04
9.51000000000000e+00	1.05709819787782e+04
9.52000000000000e+00	1.06410012822328e+04
9.53000000000000e+00	1.07093028091203e+04
9.54000000000000e+00	1.07750626507039e+04
9.55000000000000e+00	1.08375906378725e+04
9.56000000000000e+00	1.08965097320149e+04
9.57000000000000e+00	1.09517807864609e+04
9.58000000000000e+00	1.10043461779814e+04
9.59000000000000e+00	1.10555404244431e+04
9.60000000000000e+00	1.11068720548230e+04
9.61000000000000e+00	1.11596709825540e+04
9.62000000000000e+00	1.12143419366613e+04
9.63000000000000e+00	1.12708509916240e+04
9.64000000000000e+00	1.13285325606568e+04
9.65000000000000e+00	1.13865138088781e+04
9.66000000000000e+00	1.14440438173159e+04
9.67000000000000e+00	1.15006522636238e+04
9.68000000000000e+00	1.15561425149685e+04
9.69000000000000e+00	1.16104117125764e+04
9.70000000000000e+00	1.16633600654332e+04
9.71000000000000e+00	1.17151880689910e+04
9.72000000000000e+00	1.17656722812940e+04
9.73000000000000e+00	1.18148811807279e+04
9.74000000000000e+00	1.18628777588087e+04
9.75000000000000e+00	1.19094967051240e+04
9.76000000000000e+00	1.19547796227939e+04
9.77000000000000e+00	1.19985687061943e+04
9.78000000000000e+00	1.20408799194812e+04
9.79000000000000e+00	1.20817297733372e+04
9.80000000000000e+00	1.21210802020873e+04
9.81000000000000e+00	1.21590349664428e+04
9.82000000000000e+00	1.21957699757493e+04
9.83000000000000e+00	1.22313051141518e+04
9.84000000000000e+00	1.22657018898056e+04
9.85000000000000e+00	1.22989944166097e+04
9.86000000000000e+00	1.23312319525217e+04
9.87000000000000e+00	1.23627917948805e+04
9.88000000000000e+00	1.23948253344174e+04
9.89000000000000e+00	1.24306699536807e+04
9.90000000000000e+00	1.24784955575142e+04
9.91000000000000e+00	1.25566719075390e+04
9.92000000000000e+00	1.27014228132615e+04
9.93000000000000e+00	1.29771567205069e+04
9.94000000000000e+00	1.34893982497285e+04
9.95000000000000e+00	1.44059981957474e+04
9.96000000000000e+00	1.59965543344373e+04
9.97000000000000e+00	1.87236677834730e+04
9.98000000000000e+00	2.34559186387798e+04
9.99000000000000e+00	3.20012645425905e+04
1.00000000000000e+01	4.86055837429014e+04
1.00100000000000e+01	8.41136300246793e+04
1.00200000000000e+01	1.55324465178203e+05
1.00300000000000e+01	1.85734234297487e+05
1.00400000000000e+01	9.96892904030582e+04
1.00500000000000e+01	4.59906968108811e+04
1.00600000000000e+01	2.39627258223531e+04
1.00700000000000e+01	1.40400818029838e+04
1.00800000000000e+01	8.97103253239707e+03
1.00900000000000e+01	6.10797256861174e+03
1.01000000000000e+01	4.36231082776734e+03
1.01100000000000e+01	3.23333099438446e+03
1.01200000000000e+01	2.46840813880751e+03
1.01300000000000e+01	1.93041198688751e+03
1.01400000000000e+01	1.54019032591716e+03
1.01500000000000e+01	1.24978806517851e+03
1.01600000000000e+01	1.02891144017614e+03
1.01700000000000e+01	8.57733471727645e+02
1.01800000000000e+01	7.22899164418126e+02
1.01900000000000e+01	6.15160483731728e+02
1.02000000000000e+01	5.27992948683145e+02
1.02100000000000e+01	4.56658996151499e+02
1.02200000000000e+01	3.97701857977323e+02
1.02300000000000e+01	3.48523932238154e+02
1.02400000000000e+01	3.07167126022091e+02
1.02500000000000e+01	2.72127805979115e+02
1.02600000000000e+01	2.42238003612236e+02
1.02700000000000e+01	2.16579788552167e+02
1.02800000000000e+01	1.94429189177523e+02
1.02900000000000e+01	1.75206247944480e+02
1.03000000000000e+01	1.58439911477993e+02
1.03100000000000e+01	1.43749104717375e+02
1.03200000000000e+01	1.30823386503328e+02
1.03300000000000e+01	1.19404264429754e+02
1.03400000000000e+01	1.09277442837267e+02
1.03500000000000e+01	1.00265709173759e+02
1.03600000000000e+01	9.22175087817964e+01
1.03700000000000e+01	8.50080676439452e+01
1.03800000000000e+01	7.85288110385707e+01
1.03900000000000e+01	7.26902570385922e+01
1.04000000000000e+01	6.74139503570772e+01
1.04100000000000e+01	6.26326120952615e+01
1.04200000000000e+01	5.82900867008749e+01
1.04300000000000e+01	5.43364169836332e+01
1.04400000000000e+01	5.07290392979970e+01
1.04500000000000e+01	4.74307179159657e+01
1.04600000000000e+01	4.44094270584840e+01
1.04700000000000e+01	4.16363783464324e+01
1.04800000000000e+01	3.90866733868921e+01
1.04900000000000e+01	3.67391122808805e+01
1.05000000000000e+01	3.45735997158177e+01
1.05100000000000e+01	3.25733783561034e+01
1.05200000000000e+01	3.07231254527043e+01
1.05300000000000e+01	2.90089262387438e+01
1.05400000000000e+01	2.74187395038746e+01
1.05500000000000e+01	2.59418335271606e+01
1.05600000000000e+01	2.45682314703190e+01
1.05700000000000e+01	2.32889356668498e+01
1.05800000000000e+01	2.20961881734618e+01
1.05900000000000e+01	2.09825236307247e+01
1.06000000000000e+01	1.99416992687950e+01
1.06100000000000e+01	1.89676301059859e+01
1.06200000000000e+01	1.80553149141091e+01
1.06300000000000e+01	1.71995745639364e+01
1.06400000000000e+01	1.63962373139284e+01
1.06500000000000e+01	1.56411921657640e+01
1.06600000000000e+01	1.49309332431045e+01
1.06700000000000e+01	1.42621249487965e+01
1.06800000000000e+01	1.36315803780527e+01
1.06900000000000e+01	1.30368228024061e+01
1.07000000000000e+01	1.24751063584115e+01
1.07100000000000e+01	1.19442031964937e+01
1.07200000000000e+01	1.14421244817267e+01
1.07300000000000e+01	1.09669304798271e+01
1.07400000000000e+01	1.05168869515593e+01
1.07500000000000e+01	1.00902855197247e+01
1.07600000000000e+01	9.68586570537041e+00
1.07700000000000e+01	9.30214325394740e+00
1.07800000000000e+01	8.93797689404625e+00
1.07900000000000e+01	8.59210777211475e+00
1.08000000000000e+01	8.26358233202687e+00
1.08100000000000e+01	7.95124579598002e+00
1.08200000000000e+01	7.65422725470886e+00
1.08300000000000e+01	7.37165953473592e+00
1.08400000000000e+01	7.10258539727235e+00
1.08500000000000e+01	6.84622400874958e+00
1.08600000000000e+01	6.60184665438760e+00
1.08700000000000e+01	6.36877759151571e+00
1.08800000000000e+01	6.14625461023536e+00
1.08900000000000e+01	5.93370707154310e+00
1.09000000000000e+01	5.73050327023064e+00
1.09100000000000e+01	5.53616229435163e+00
1.09200000000000e+01	5.35013864185938e+00
1.09300000000000e+01	5.17193613786020e+00
1.09400000000000e+01	5.00112439388283e+00
1.09500000000000e+01	4.83729603120794e+00
1.09600000000000e+01	4.68006698376406e+00
1.09700000000000e+01	4.52913846434180e+00
1.09800000000000e+01	4.38408114930753e+00
1.09900000000000e+01	4.24468045878610e+00
1.10000000000000e+01	4.11065278333645e+00
1.10100000000000e+01	3.98177447503980e+00
1.10200000000000e+01	3.85781737408298e+00
1.10300000000000e+01	3.73860219322848e+00
1.10400000000000e+01	3.62396690109583e+00
1.10500000000000e+01	3.51373867017876e+00
1.10600000000000e+01	3.40783028207011e+00
1.10700000000000e+01	3.30603285217845e+00
1.10800000000000e+01	3.20824974812507e+00
1.10900000000000e+01	3.11433569361591e+00
1.11000000000000e+01	3.02415074743941e+00
1.11100000000000e+01	2.93754869096507e+00
1.11200000000000e+01	2.85435401573372e+00
1.11300000000000e+01	2.77442638149248e+00
1.11400000000000e+01	2.69761839898677e+00
1.11500000000000e+01	2.62375817907190e+00
1.11600000000000e+01	2.55267045832352e+00
1.11700000000000e+01	2.48423818413816e+00
1.11800000000000e+01	2.41829435594682e+00
1.11900000000000e+01	2.35469077530057e+00
1.12000000000000e+01	2.29330027683152e+00
1.12100000000000e+01	2.23402294583313e+00
1.12200000000000e+01	2.17672880938224e+00
1.12300000000000e+01	2.12132314647510e+00
1.12400000000000e+01	2.06770618668509e+00
1.12500000000000e+01	2.01582076732896e+00
1.12600000000000e+01	1.96555572448042e+00
1.12700000000000e+01	1.91686284514754e+00
1.12800000000000e+01	1.86968475149956e+00
1.12900000000000e+01	1.82394667832366e+00
1.13000000000000e+01	1.77960639381029e+00
1.13100000000000e+01	1.73659132826568e+00
1.13200000000000e+01	1.69486693307888e+00
1.13300000000000e+01	1.65438205356857e+00
1.13400000000000e+01	1.61507660399082e+00
1.13500000000000e+01	1.57692437058625e+00
1.13600000000000e+01	1.53985903919595e+00
1.13700000000000e+01	1.50385190220039e+00
1.13800000000000e+01	1.46887621590126e+00
1.13900000000000e+01	1.43486435568314e+00
1.14000000000000e+01	1.40180992082188e+00
1.14100000000000e+01	1.36966739891432e+00
1.14200000000000e+01	1.33840861435252e+00
1.14300000000000e+01	1.30800497934434e+00
1.14400000000000e+01	1.27843174787166e+00
1.14500000000000e+01	1.24967583454607e+00
1.14600000000000e+01	1.22169132707841e+00
1.14700000000000e+01	1.19445892715105e+00
1.14800000000000e+01	1.16796265717636e+00
1.14900000000000e+01	1.14216564082351e+00
1.15000000000000e+01	1.11706568293705e+00
1.15100000000000e+01	1.09261593508852e+00
1.15200000000000e+01	1.06881296882888e+00
1.15300000000000e+01	1.04563156586739e+00
1.15400000000000e+01	1.02305808983144e+00
1.15500000000000e+01	1.00108213494568e+00
1.15600000000000e+01	9.79696752464183e-01
1.15700000000000e+01	9.58887364053224e-01
1.15800000000000e+01	9.38654609228130e-01
1.15900000000000e+01	9.18981792760530e-01
1.16000000000000e+01	8.99867629723200e-01
1.16100000000000e+01	8.81300741761255e-01
1.16200000000000e+01	8.63265152617551e-01
1.16300000000000e+01	8.45758292046497e-01
1.16400000000000e+01	8.28749414961343e-01
1.16500000000000e+01	8.12224976224382e-01
1.16600000000000e+01	7.96159710119551e-01
1.16700000000000e+01	7.80530609221999e-01
1.16800000000000e+01	7.65311785471475e-01
1.16900000000000e+01	7.50469465994375e-01
1.17000000000000e+01	7.35987559157558e-01
1.17100000000000e+01	7.21838896801390e-01
1.17200000000000e+01	7.08004219434833e-01
1.17300000000000e+01	6.94454230662242e-01
1.17400000000000e+01	6.81185253351667e-01
1.17500000000000e+01	6.68181376274077e-01
1.17600000000000e+01	6.55434177740940e-01
1.17700000000000e+01	6.42936045445782e-01
1.17800000000000e+01	6.30700328353812e-01
1.17900000000000e+01	6.18711095202329e-01
1.18000000000000e+01	6.06983821911325e-01
1.18100000000000e+01	5.95520000420759e-01
1.18200000000000e+01	5.84316008193058e-01
1.18300000000000e+01	5.73381884887952e-01
1.18400000000000e+01	5.62713272709074e-01
1.18500000000000e+01	5.52313173729578e-01
1.18600000000000e+01	5.42174208332414e-01
1.18700000000000e+01	5.32294053861456e-01
1.18800000000000e+01	5.22661234217065e-01
1.18900000000000e+01	5.13271500236689e-01
1.19000000000000e+01	5.04117582159912e-01
1.19100000000000e+01	4.95189494318398e-01
1.19200000000000e+01	4.86470552100511e-01
1.19300000000000e+01	4.77958951679367e-01
1.19400000000000e+01	4.69637403985998e-01
1.19500000000000e+01	4.61498661805195e-01
1.19600000000000e+01	4.53536712447469e-01
1.19700000000000e+01	4.45740144421385e-01
1.19800000000000e+01	4.38101929683108e-01
1.19900000000000e+01	4.30612850960086e-01
1.20000000000000e+01	4.23264436157994e-01
1.20100000000000e+01	4.16055068406629e-01
1.20200000000000e+01	4.08983150065061e-01
1.20300000000000e+01	4.02042603985052e-01
1.20400000000000e+01	3.95235358905099e-01
1.20500000000000e+01	3.88555778859367e-01
1.20600000000000e+01	3.82008649933950e-01
1.20700000000000e+01	3.75592970504171e-01
1.20800000000000e+01	3.69310087206679e-01
1.20900000000000e+01	3.63162754009185e-01
1.21000000000000e+01	3.57148257822412e-01
1.21100000000000e+01	3.51274858927998e-01
1.21200000000000e+01	3.45533746454132e-01
1.21300000000000e+01	3.39926724164380e-01
1.21400000000000e+01	3.34455163937589e-01
1.21500000000000e+01	3.29110967824556e-01
1.21600000000000e+01	3.23892435443497e-01
1.21700000000000e+01	3.18791515860616e-01
1.21800000000000e+01	3.13804300214520e-01
1.21900000000000e+01	3.08927540347881e-01
1.22000000000000e+01	3.04148053258975e-01
1.22100000000000e+01	2.99467234489309e-01
1.22200000000000e+01	2.94871434635152e-01
1.22300000000000e+01	2.90359236257652e-01
1.22400000000000e+01	2.85924071480111e-01
1.22500000000000e+01	2.81559553605881e-01
1.22600000000000e+01	2.77262239352413e-01
1.22700000000000e+01	2.73028889992476e-01
1.22800000000000e+01	2.68851187283617e-01
1.22900000000000e+01	2.64731938908750e-01
1.23000000000000e+01	2.60662264296026e-01
1.23100000000000e+01	2.56644179014289e-01
1.23200000000000e+01	2.52672713749356e-01
1.23300000000000e+01	2.48745722363581e-01
1.23400000000000e+01	2.44866106294854e-01
1.23500000000000e+01	2.41033724591818e-01
1.23600000000000e+01	2.37245277003686e-01
1.23700000000000e+01	2.33507550855078e-01
1.23800000000000e+01	2.29815717540104e-01
1.23900000000000e+01	2.26180469138483e-01
1.24000000000000e+01	2.22595300777570e-01
1.24100000000000e+01	2.19069880935747e-01
1.24200000000000e+01	2.15602876548319e-01
1.24300000000000e+01	2.12195271290480e-01
1.24400000000000e+01	2.08850528408713e-01
1.24500000000000e+01	2.05567415598765e-01
1.24600000000000e+01	2.02347318529580e-01
1.24700000000000e+01	1.99188433597759e-01
1.24800000000000e+01	1.96090714813916e-01
1.24900000000000e+01	1.93052500599390e-01
1.25000000000000e+01	1.90074864566127e-01
1.25100000000000e+01	1.87156382002094e-01
1.25200000000000e+01	1.84295789830441e-01
1.25300000000000e+01	1.81490399054876e-01
1.25400000000000e+01	1.78745343391995e-01
1.25500000000000e+01	1.76052833597234e-01
1.25600000000000e+01	1.73418816744694e-01
1.25700000000000e+01	1.70836861586044e-01
1.25800000000000e+01	1.68311261847792e-01
1.25900000000000e+01	1.65836469376861e-01
1.26000000000000e+01	1.63414390449416e-01
1.26100000000000e+01	1.61039629126291e-01
1.26200000000000e+01	1.58715187942788e-01
1.26300000000000e+01	1.56434940098149e-01
1.26400000000000e+01	1.54199870780485e-01
1.26500000000000e+01	1.52006658438490e-01
1.26600000000000e+01	1.49856522310104e-01
1.26700000000000e+01	1.47746399146153e-01
1.26800000000000e+01	1.45675867840586e-01
1.26900000000000e+01	1.43645155221199e-01
1.27000000000000e+01	1.41652908455748e-01
1.27100000000000e+01	1.39700296851433e-01
1.27200000000000e+01	1.37785850141771e-01
1.27300000000000e+01	1.35909400654633e-01
1.27400000000000e+01	1.34071247777675e-01
1.27500000000000e+01	1.32271069591064e-01
1.27600000000000e+01	1.30507710818196e-01
1.27700000000000e+01	1.28780757415554e-01
1.27800000000000e+01	1.27088992604048e-01
1.27900000000000e+01	1.25431172659420e-01
1.28000000000000e+01	1.23805961500105e-01
1.28100000000000e+01	1.22212282482416e-01
1.28200000000000e+01	1.20649245228229e-01
1.28300000000000e+01	1.19114860649535e-01
1.28400000000000e+01	1.17609440307742e-01
1.28500000000000e+01	1.16130430023676e-01
1.28600000000000e+01	1.14678116249032e-01
1.28700000000000e+01	1.13251799241363e-01
1.28800000000000e+01	1.11849356921010e-01
1.28900000000000e+01	1.10471841403853e-01
1.29000000000000e+01	1.09117886175800e-01
1.29100000000000e+01	1.07786021120510e-01
1.29200000000000e+01	1.06477401900011e-01
1.29300000000000e+01	1.05190594916930e-01
1.29400000000000e+01	1.03923540700835e-01
1.29500000000000e+01	1.02678818274498e-01
1.29600000000000e+01	1.01451502191326e-01
1.29700000000000e+01	1.00244887042974e-01
1.29800000000000e+01	9.90563829455228e-02
1.29900000000000e+01	9.78865607598380e-02
1.30000000000000e+01	9.67342336758451e-02
1.30100000000000e+01	9.55997623914928e-02
1.30200000000000e+01	9.44822463033646e-02
1.30300000000000e+01	9.33831565292816e-02
1.30400000000000e+01	9.22992751272729e-02
1.30500000000000e+01	9.12327703769666e-02
1.30600000000000e+01	9.01810046858234e-02
1.30700000000000e+01	8.91432960552737e-02
1.30800000000000e+01	8.81191276732075e-02
1.30900000000000e+01	8.71074060391715e-02
1.31000000000000e+01	8.61070353303252e-02
1.31100000000000e+01	8.51178020896816e-02
1.31200000000000e+01	8.41377389688505e-02
1.31300000000000e+01	8.31676024673975e-02
1.31400000000000e+01	8.22056824494181e-02
1.31500000000000e+01	8.12524105695479e-02
1.31600000000000e+01	8.03086695266823e-02
1.31700000000000e+01	7.93742966462839e-02
1.31800000000000e+01	7.84489548174664e-02
1.31900000000000e+01	7.75347401693529e-02
1.32000000000000e+01	7.66304063650465e-02
1.32100000000000e+01	7.57365908346997e-02
1.32200000000000e+01	7.48548231785446e-02
1.32300000000000e+01	7.39832058089151e-02
1.32400000000000e+01	7.31236771903728e-02
1.32500000000000e+01	7.22736287733603e-02
1.32600000000000e+01	7.14340511605512e-02
1.32700000000000e+01	7.06046555607531e-02
1.32800000000000e+01	6.97842668440725e-02
1.32900000000000e+01	6.89734188674810e-02
1.33000000000000e+01	6.81716291448897e-02
1.33100000000000e+01	6.73789994982536e-02
1.33200000000000e+01	6.65962413906729e-02
1.33300000000000e+01	6.58218947941435e-02
1.33400000000000e+01	6.50586856671139e-02
1.33500000000000e+01	6.43056371357747e-02
1.33600000000000e+01	6.35631872963820e-02
1.33700000000000e+01	6.28312536482783e-02
1.33800000000000e+01	6.21106234387809e-02
1.33900000000000e+01	6.14014767338310e-02
1.34000000000000e+01	6.07034746996034e-02
1.34100000000000e+01	6.00162079482761e-02
1.34200000000000e+01	5.93402651499290e-02
1.34300000000000e+01	5.86742231881212e-02
1.34400000000000e+01	5.80186612999555e-02
1.34500000000000e+01	5.73727212130320e-02
1.34600000000000e+01	5.67360906435466e-02
1.34700000000000e+01	5.61079517683924e-02
1.34800000000000e+01	5.54889793663094e-02
1.34900000000000e+01	5.48774745921049e-02
1.35000000000000e+01	5.42742571303783e-02
1.35100000000000e+01	5.36780646898214e-02
1.35200000000000e+01	5.30888349257289e-02
1.35300000000000e+01	5.25059304188590e-02
1.35400000000000e+01	5.19296572611642e-02
1.35500000000000e+01	5.13585795514281e-02
1.35600000000000e+01	5.07935787454001e-02
1.35700000000000e+01	5.02337134252920e-02
1.35800000000000e+01	4.96790756388650e-02
1.35900000000000e+01	4.91288608990992e-02
1.36000000000000e+01	4.85835803501298e-02
1.36100000000000e+01	4.80425866979635e-02
1.36200000000000e+01	4.75064607716498e-02
1.36300000000000e+01	4.69749360194280e-02
1.36400000000000e+01	4.64482454422091e-02
1.36500000000000e+01	4.59269474641324e-02
1.36600000000000e+01	4.54104923496962e-02
1.36700000000000e+01	4.48997902473390e-02
1.36800000000000e+01	4.43950452202911e-02
1.36900000000000e+01	4.38967687894894e-02
1.37000000000000e+01	4.34046848887912e-02
1.37100000000000e+01	4.29199439173290e-02
1.37200000000000e+01	4.24421535674064e-02
1.37300000000000e+01	4.19727019041298e-02
1.37400000000000e+01	4.15107398769289e-02
1.37500000000000e+01	4.10574414880821e-02
1.37600000000000e+01	4.06121380689777e-02
1.37700000000000e+01	4.01751504216039e-02
1.37800000000000e+01	3.97461805023704e-02
1.37900000000000e+01	3.93251002438831e-02
1.38000000000000e+01	3.89118700496031e-02
1.38100000000000e+01	3.85057352504696e-02
1.38200000000000e+01	3.81066386233263e-02
1.38300000000000e+01	3.77133109809030e-02
1.38400000000000e+01	3.73264472660269e-02
1.38500000000000e+01	3.69451340153545e-02
1.38600000000000e+01	3.65686235425578e-02
1.38700000000000e+01	3.61970108260238e-02
1.38800000000000e+01	3.58301999814867e-02
1.38900000000000e+01	3.54675118052150e-02
1.39000000000000e+01	3.51088729185344e-02
1.39100000000000e+01	3.47542236283799e-02
1.39200000000000e+01	3.44029573555211e-02
1.39300000000000e+01	3.40553661921977e-02
1.39400000000000e+01	3.37111604584853e-02
1.39500000000000e+01	3.33705961541142e-02
1.39600000000000e+01	3.30331590229953e-02
1.39700000000000e+01	3.26988730652051e-02
1.39800000000000e+01	3.23677787009114e-02
1.39900000000000e+01	3.20399219073533e-02
1.40000000000000e+01	3.17156475969646e-02
1.40100000000000e+01	3.13941497106038e-02
1.40200000000000e+01	3.10763469709698e-02
1.40300000000000e+01	3.07619609824648e-02
1.40400000000000e+01	3.04513196738360e-02
1.40500000000000e+01	3.01444102448213e-02
1.40600000000000e+01	2.98414304179271e-02
1.40700000000000e+01	2.95421060324037e-02
1.40800000000000e+01	2.92470823745968e-02
1.40900000000000e+01	2.89557455080698e-02
1.41000000000000e+01	2.86681714651857e-02
1.41100000000000e+01	2.83844858250890e-02
1.41200000000000e+01	2.81042085751261e-02
1.41300000000000e+01	2.78275014712698e-02
1.41400000000000e+01	2.75541380259216e-02
1.41500000000000e+01	2.72830456291274e-02
1.41600000000000e+01	2.70151226372232e-02
1.41700000000000e+01	2.67493308649571e-02
1.41800000000000e+01	2.64856883048636e-02
1.41900000000000e+01	2.62242598930437e-02
1.42000000000000e+01	2.59646378631148e-02
1.42100000000000e+01	2.57071495470040e-02
1.42200000000000e+01	2.54519206381001e-02
1.42300000000000e+01	2.51988383156025e-02
1.42400000000000e+01	2.49480601554609e-02
1.42500000000000e+01	2.47000491271051e-02
1.42600000000000e+01	2.44544568374490e-02
1.42700000000000e+01	2.42117524352466e-02
1.42800000000000e+01	2.39725611435658e-02
1.42900000000000e+01	2.37359597324108e-02
1.43000000000000e+01	2.35027269936102e-02
1.43100000000000e+01	2.32727986541062e-02
1.43200000000000e+01	2.30456077663063e-02
1.43300000000000e+01	2.28217110851806e-02
1.43400000000000e+01	2.26005958724960e-02
1.43500000000000e+01	2.23823779722059e-02
1.43600000000000e+01	2.21670018009014e-02
1.43700000000000e+01	2.19540218972981e-02
1.43800000000000e+01	2.17439854479387e-02
1.43900000000000e+01	2.15366853190020e-02
1.44000000000000e+01	2.13320769684510e-02
1.44100000000000e+01	2.11297645054073e-02
1.44200000000000e+01	2.09302879942261e-02
1.44300000000000e+01	2.07332194926620e-02
1.44400000000000e+01	2.05390914579635e-02
1.44500000000000e+01	2.03472701615442e-02
1.44600000000000e+01	2.01582382324301e-02
1.44700000000000e+01	1.99715988609347e-02
1.44800000000000e+01	1.97873985473120e-02
1.44900000000000e+01	1.96056335858310e-02
1.45000000000000e+01	1.94260398767658e-02
1.45100000000000e+01	1.92488837655780e-02
1.45200000000000e+01	1.90739459498868e-02
1.45300000000000e+01	1.89009856110032e-02
1.45400000000000e+01	1.87301354075651e-02
1.45500000000000e+01	1.85611719959173e-02
1.45600000000000e+01	1.83940473200720e-02
1.45700000000000e+01	1.82289166968780e-02
1.45800000000000e+01	1.80652230780192e-02
1.45900000000000e+01	1.79036169479955e-02
1.46000000000000e+01	1.77434184612042e-02
1.46100000000000e+01	1.75847647001663e-02
1.46200000000000e+01	1.74278420105987e-02
1.46300000000000e+01	1.72723023122019e-02
1.46400000000000e+01	1.71183448058103e-02
1.46500000000000e+01	1.69659495820410e-02
1.46600000000000e+01	1.68149781175450e-02
1.46700000000000e+01	1.66656004374438e-02
1.46800000000000e+01	1.65179511018612e-02
1.46900000000000e+01	1.63718741236883e-02
1.47000000000000e+01	1.62275058221311e-02
1.47100000000000e+01	1.60846819699245e-02
1.47200000000000e+01	1.59434994032883e-02
1.47300000000000e+01	1.58039135259381e-02
1.47400000000000e+01	1.56660418793789e-02
1.47500000000000e+01	1.55296716851258e-02
1.47600000000000e+01	1.53947528075102e-02
1.47700000000000e+01	1.52613682913833e-02
1.47800000000000e+01	1.51291717278984e-02
1.47900000000000e+01	1.49984351465467e-02
1.48000000000000e+01	1.48688057934930e-02
1.48100000000000e+01	1.47402632126835e-02
1.48200000000000e+01	1.46129467171546e-02
1.48300000000000e+01	1.44865458532866e-02
1.48400000000000e+01	1.43610535806443e-02
1.48500000000000e+01	1.42365035440681e-02
1.48600000000000e+01	1.41128965201192e-02
1.48700000000000e+01	1.39901215429414e-02
1.48800000000000e+01	1.38683116902712e-02
1.48900000000000e+01	1.37472487681526e-02
1.49000000000000e+01	1.36273547069461e-02
1.49100000000000e+01	1.35082288792150e-02
1.49200000000000e+01	1.33900532657999e-02
1.49300000000000e+01	1.32729619768450e-02
1.49400000000000e+01	1.31568380962460e-02
1.49500000000000e+01	1.30418257289748e-02
1.49600000000000e+01	1.29279296857283e-02
1.49700000000000e+01	1.28152607362215e-02
1.49800000000000e+01	1.27036993055685e-02
1.49900000000000e+01	1.25934661923827e-02
1.50000000000000e+01	1.24843037396969e-02
1.50100000000000e+01	1.23764307424764e-02
1.50200000000000e+01	1.22696556396822e-02
1.50300000000000e+01	1.21641138470125e-02
1.50400000000000e+01	1.20598416381193e-02
1.50500000000000e+01	1.19565742906897e-02
1.50600000000000e+01	1.18543814263455e-02
1.50700000000000e+01	1.17532342909588e-02
1.50800000000000e+01	1.16530674258496e-02
1.50900000000000e+01	1.15537755459084e-02
1.51000000000000e+01	1.14554116334871e-02
1.51100000000000e+01	1.13577503264920e-02
1.51200000000000e+01	1.12610003430764e-02
1.51300000000000e+01	1.11649222972735e-02
1.51400000000000e+01	1.10696453721589e-02
1.51500000000000e+01	1.09749479391917e-02
1.51600000000000e+01	1.08809475884857e-02
1.51700000000000e+01	1.07876470151657e-02
1.51800000000000e+01	1.06950804849831e-02
1.51900000000000e+01	1.06032259527131e-02
1.52000000000000e+01	1.05122031331644e-02
1.52100000000000e+01	1.04218858046763e-02
1.52200000000000e+01	1.03323625241067e-02
1.52300000000000e+01	1.02435004420029e-02
1.52400000000000e+01	1.01553573846005e-02
1.52500000000000e+01	1.00679726886032e-02
1.52600000000000e+01	9.98111280033477e-03
1.52700000000000e+01	9.89472267757688e-03
1.52800000000000e+01	9.80883827501980e-03
1.52900000000000e+01	9.72314034471442e-03
1.53000000000000e+01	9.63758174894372e-03
1.53100000000000e+01	9.55206059243507e-03
1.53200000000000e+01	9.46649825264399e-03
1.53300000000000e+01	9.38090585699957e-03
1.53400000000000e+01	9.29496065323051e-03
1.53500000000000e+01	9.20883184894934e-03
1.53600000000000e+01	9.12250603254760e-03
1.53700000000000e+01	9.03582100838515e-03
1.53800000000000e+01	8.94898661010489e-03
1.53900000000000e+01	8.86205479118666e-03
1.54000000000000e+01	8.77507779058325e-03
1.54100000000000e+01	8.68837228679701e-03
1.54200000000000e+01	8.60200780420747e-03
1.54300000000000e+01	8.51612639279373e-03
1.54400000000000e+01	8.43112286996596e-03
1.54500000000000e+01	8.34702865207395e-03
1.54600000000000e+01	8.26419089143051e-03
1.54700000000000e+01	8.18294459547470e-03
1.54800000000000e+01	8.10339633958542e-03
1.54900000000000e+01	8.02580640451287e-03
1.55000000000000e+01	7.95037055818685e-03
1.55100000000000e+01	7.87725208876668e-03
1.55200000000000e+01	7.80649590012590e-03
1.55300000000000e+01	7.73826292144499e-03
1.55400000000000e+01	7.67229234617117e-03
1.55500000000000e+01	7.60869866343463e-03
1.55600000000000e+01	7.54727140232672e-03
1.55700000000000e+01	7.48779200736521e-03
1.55800000000000e+01	7.43023155573440e-03
1.55900000000000e+01	7.37416515318149e-03
1.56000000000000e+01	7.31928874098681e-03
1.56100000000000e+01	7.26562317549931e-03
1.56200000000000e+01	7.21269068527069e-03
1.56300000000000e+01	7.16048700690332e-03
1.56400000000000e+01	7.10867935654498e-03
1.56500000000000e+01	7.05708311643785e-03
1.56600000000000e+01	7.00562213116267e-03
1.56700000000000e+01	6.95417558421084e-03
1.56800000000000e+01	6.90262085821115e-03
1.56900000000000e+01	6.85100646406523e-03
1.57000000000000e+01	6.79916866945766e-03
1.57100000000000e+01	6.74717278224274e-03
1.57200000000000e+01	6.69501837941411e-03
1.57300000000000e+01	6.64271107661819e-03
1.57400000000000e+01	6.59033040036460e-03
1.57500000000000e+01	6.53795249936108e-03
1.57600000000000e+01	6.48559095312148e-03
1.57700000000000e+01	6.43339433308304e-03
1.57800000000000e+01	6.38142132747689e-03
1.57900000000000e+01	6.32994599571549e-03
1.58000000000000e+01	6.27887528688596e-03
1.58100000000000e+01	6.22837919814119e-03
1.58200000000000e+01	6.17860933170673e-03
1.58300000000000e+01	6.12964220043748e-03
1.58400000000000e+01	6.08153992721082e-03
1.58500000000000e+01	6.03438605647876e-03
1.58600000000000e+01	5.98822554433856e-03
1.58700000000000e+01	5.94304729420827e-03
1.58800000000000e+01	5.89879989552280e-03
1.58900000000000e+01	5.85553756123599e-03
1.59000000000000e+01	5.81318652919270e-03
1.59100000000000e+01	5.77166480582476e-03
1.59200000000000e+01	5.73084655792381e-03
1.59300000000000e+01	5.69073383602409e-03
1.59400000000000e+01	5.65120826252061e-03
1.59500000000000e+01	5.61210749953442e-03
1.59600000000000e+01	5.57340085327010e-03
1.59700000000000e+01	5.53507531168223e-03
1.59800000000000e+01	5.49705056737389e-03
1.59900000000000e+01	5.45915661464482e-03
1.60000000000000e+01	5.42151878518764e-03
1.60100000000000e+01	5.38402738338230e-03
1.60200000000000e+01	5.34670847510269e-03
1.60300000000000e+01	5.30950303461010e-03
1.60400000000000e+01	5.27250293640508e-03
1.60500000000000e+01	5.23564839953419e-03
1.60600000000000e+01	5.19897012380795e-03
1.60700000000000e+01	5.16247479791140e-03
1.60800000000000e+01	5.12610940033896e-03
1.60900000000000e+01	5.08995865893659e-03
1.61000000000000e+01	5.05407644320920e-03
1.61100000000000e+01	5.01834953323061e-03
1.61200000000000e+01	4.98292040993159e-03
1.61300000000000e+01	4.94766026080569e-03
1.61400000000000e+01	4.91270081474671e-03
1.61500000000000e+01	4.87804275890121e-03
1.61600000000000e+01	4.84353553845284e-03
1.61700000000000e+01	4.80944698344753e-03
1.61800000000000e+01	4.77557307854807e-03
1.61900000000000e+01	4.74213392280803e-03
1.62000000000000e+01	4.70896729306200e-03
1.62100000000000e+01	4.67628658955993e-03
1.62200000000000e+01	4.64392619496381e-03
1.62300000000000e+01	4.61197096304138e-03
1.62400000000000e+01	4.58047073771930e-03
1.62500000000000e+01	4.54938969765332e-03
1.62600000000000e+01	4.51865025838436e-03
1.62700000000000e+01	4.48832655928548e-03
1.62800000000000e+01	4.45834278154988e-03
1.62900000000000e+01	4.42866477199808e-03
1.63000000000000e+01	4.39930650819265e-03
1.63100000000000e+01	4.37008705506437e-03
1.63200000000000e+01	4.34109034418801e-03
1.63300000000000e+01	4.31218305524104e-03
1.63400000000000e+01	4.28330264242707e-03
1.63500000000000e+01	4.25443950307762e-03
1.63600000000000e+01	4.22553565968963e-03
1.63700000000000e+01	4.19649379140948e-03
1.63800000000000e+01	4.16737617462614e-03
1.63900000000000e+01	4.13795584623902e-03
1.64000000000000e+01	4.10840449575585e-03
1.64100000000000e+01	4.07866104090213e-03
1.64200000000000e+01	4.04867566073320e-03
1.64300000000000e+01	4.01853846654612e-03
1.64400000000000e+01	3.98831276556829e-03
1.64500000000000e+01	3.95790009890782e-03
1.64600000000000e+01	3.92750265096236e-03
1.64700000000000e+01	3.89721110461613e-03
1.64800000000000e+01	3.86693269325111e-03
1.64900000000000e+01	3.83692660147174e-03
1.65000000000000e+01	3.80727045657136e-03
1.65100000000000e+01	3.77783960991682e-03
1.65200000000000e+01	3.74886010063996e-03
1.65300000000000e+01	3.72037554756818e-03
1.65400000000000e+01	3.69232575748848e-03
1.65500000000000e+01	3.66482569159813e-03
1.65600000000000e+01	3.63785482196303e-03
1.65700000000000e+01	3.61141491901752e-03
1.65800000000000e+01	3.58549226825370e-03
1.65900000000000e+01	3.56009335470587e-03
1.66000000000000e+01	3.53527409018300e-03
1.66100000000000e+01	3.51083806556202e-03
1.66200000000000e+01	3.48696891572800e-03
1.66300000000000e+01	3.46346991832491e-03
1.66400000000000e+01	3.44044499007193e-03
1.66500000000000e+01	3.41779039815005e-03
1.66600000000000e+01	3.39552362337672e-03
1.66700000000000e+01	3.37362520392820e-03
1.66800000000000e+01	3.35207677172934e-03
1.66900000000000e+01	3.33081980405999e-03
1.67000000000000e+01	3.30979544670429e-03
1.67100000000000e+01	3.28903130503553e-03
1.67200000000000e+01	3.26854923689050e-03
1.67300000000000e+01	3.24817495427491e-03
1.67400000000000e+01	3.22797890418293e-03
1.67500000000000e+01	3.20791607294384e-03
1.67600000000000e+01	3.18797360209013e-03
1.67700000000000e+01	3.16807230392347e-03
1.67800000000000e+01	3.14821552528705e-03
1.67900000000000e+01	3.12844582755673e-03
1.68000000000000e+01	3.10861709428022e-03
1.68100000000000e+01	3.08881484176995e-03
1.68200000000000e+01	3.06909090663939e-03
1.68300000000000e+01	3.04934815255777e-03
1.68400000000000e+01	3.02959817989365e-03
1.68500000000000e+01	3.00988915152648e-03
1.68600000000000e+01	2.99020416144391e-03
1.68700000000000e+01	2.97058689691014e-03
1.68800000000000e+01	2.95108391973104e-03
1.68900000000000e+01	2.93159401308520e-03
1.69000000000000e+01	2.91226605784814e-03
1.69100000000000e+01	2.89299587878581e-03
1.69200000000000e+01	2.87385870987090e-03
1.69300000000000e+01	2.85478955298260e-03
1.69400000000000e+01	2.83589681607114e-03
1.69500000000000e+01	2.81712197341322e-03
1.69600000000000e+01	2.79847048844645e-03
1.69700000000000e+01	2.77997898465132e-03
1.69800000000000e+01	2.76166715829634e-03
1.69900000000000e+01	2.74357077899494e-03
1.70000000000000e+01	2.72566165652184e-03
1.70100000000000e+01	2.70800906001745e-03
1.70200000000000e+01	2.69061594085486e-03
1.70300000000000e+01	2.67350829320109e-03
1.70400000000000e+01	2.65667383901655e-03
1.70500000000000e+01	2.64013697097209e-03
1.70600000000000e+01	2.62391509634580e-03
1.70700000000000e+01	2.60795593270861e-03
1.70800000000000e+01	2.59230263240997e-03
1.70900000000000e+01	2.57687336213943e-03
1.71000000000000e+01	2.56171657642862e-03
1.71100000000000e+01	2.54677952180932e-03
1.71200000000000e+01	2.53198234418758e-03
1.71300000000000e+01	2.51738444816466e-03
1.71400000000000e+01	2.50294203662765e-03
1.71500000000000e+01	2.48861976023676e-03
1.71600000000000e+01	2.47438047807003e-03
1.71700000000000e+01	2.46029049624494e-03
1.71800000000000e+01	2.44625007177869e-03
1.71900000000000e+01	2.43233068264356e-03
1.72000000000000e+01	2.41849400922862e-03
1.72100000000000e+01	2.40475073128466e-03
1.72200000000000e+01	2.39109556624551e-03
1.72300000000000e+01	2.37746640731333e-03
1.72400000000000e+01	2.36398861942542e-03
1.72500000000000e+01	2.35053843527767e-03
1.72600000000000e+01	2.33717546573631e-03
1.72700000000000e+01	2.32390005990286e-03
1.72800000000000e+01	2.31067655336084e-03
1.72900000000000e+01	2.29750961196225e-03
1.73000000000000e+01	2.28439314799827e-03
1.73100000000000e+01	2.27135806533891e-03
1.73200000000000e+01	2.25837838156639e-03
1.73300000000000e+01	2.24541807625028e-03
1.73400000000000e+01	2.23251351162197e-03
1.73500000000000e+01	2.21963450313959e-03
1.73600000000000e+01	2.20681174782644e-03
1.73700000000000e+01	2.19404465086956e-03
1.73800000000000e+01	2.18127959139127e-03
1.73900000000000e+01	2.16857629740445e-03
1.74000000000000e+01	2.15593716420928e-03
1.74100000000000e+01	2.14333209290508e-03
1.74200000000000e+01	2.13076335985447e-03
1.74300000000000e+01	2.11823420345416e-03
1.74400000000000e+01	2.10577256722502e-03
1.74500000000000e+01	2.09331869095020e-03
1.74600000000000e+01	2.08096049304478e-03
1.74700000000000e+01	2.06863779933822e-03
1.74800000000000e+01	2.05634931123286e-03
1.74900000000000e+01	2.04409513443680e-03
1.75000000000000e+01	2.03189893778127e-03
1.75100000000000e+01	2.01973484807398e-03
1.75200000000000e+01	2.00757189787182e-03
1.75300000000000e+01	1.99544067082173e-03
1.75400000000000e+01	1.98331369836472e-03
1.75500000000000e+01	1.97122487660123e-03
1.75600000000000e+01	1.95914797512622e-03
1.75700000000000e+01	1.94706654686465e-03
1.75800000000000e+01	1.93500978698760e-03
1.75900000000000e+01	1.92301552387458e-03
1.76000000000000e+01	1.91100840816659e-03
1.76100000000000e+01	1.89910255088540e-03
1.76200000000000e+01	1.88722274990853e-03
1.76300000000000e+01	1.87542793442282e-03
1.76400000000000e+01	1.86371509128662e-03
1.76500000000000e+01	1.85208932138437e-03
1.76600000000000e+01	1.84057358566085e-03
1.76700000000000e+01	1.82913844706029e-03
1.76800000000000e+01	1.81782989303291e-03
1.76900000000000e+01	1.80662214220735e-03
1.77000000000000e+01	1.79550595367667e-03
1.77100000000000e+01	1.78452411508178e-03
1.77200000000000e+01	1.77359796534969e-03
1.77300000000000e+01	1.76277333161793e-03
1.77400000000000e+01	1.75204557716288e-03
1.77500000000000e+01	1.74138249038622e-03
1.77600000000000e+01	1.73080683315788e-03
1.77700000000000e+01	1.72024594014911e-03
1.77800000000000e+01	1.70979032161765e-03
1.77900000000000e+01	1.69937082857735e-03
1.78000000000000e+01	1.68898397453971e-03
1.78100000000000e+01	1.67865458196540e-03
1.78200000000000e+01	1.66836487364805e-03
1.78300000000000e+01	1.65808812198554e-03
1.78400000000000e+01	1.64787317941050e-03
1.78500000000000e+01	1.63770201227538e-03
1.78600000000000e+01	1.62757428655633e-03
1.78700000000000e+01	1.61747068280196e-03
1.78800000000000e+01	1.60741034654556e-03
1.78900000000000e+01	1.59739568327538e-03
1.79000000000000e+01	1.58742868947930e-03
1.79100000000000e+01	1.57748497806329e-03
1.79200000000000e+01	1.56758611313034e-03
1.79300000000000e+01	1.55773358864019e-03
1.79400000000000e+01	1.54788416369271e-03
1.79500000000000e+01	1.53808806095771e-03
1.79600000000000e+01	1.52828241783452e-03
1.79700000000000e+01	1.51854287816800e-03
1.79800000000000e+01	1.50881018468824e-03
1.79900000000000e+01	1.49916112832742e-03
1.80000000000000e+01	1.48954247059576e-03
1.80100000000000e+01	1.48004998715543e-03
1.80200000000000e+01	1.47062670985230e-03
1.80300000000000e+01	1.46134395175863e-03
1.80400000000000e+01	1.45222339295291e-03
1.80500000000000e+01	1.44326540233135e-03
1.80600000000000e+01	1.43446303560000e-03
1.80700000000000e+01	1.42587222631865e-03
1.80800000000000e+01	1.41747597818216e-03
1.80900000000000e+01	1.40926290315014e-03
1.81000000000000e+01	1.40121359184659e-03
1.81100000000000e+01	1.39333596149757e-03
1.81200000000000e+01	1.38561077327402e-03
1.81300000000000e+01	1.37802427694182e-03
1.81400000000000e+01	1.37052243795939e-03
1.81500000000000e+01	1.36311831982815e-03
1.81600000000000e+01	1.35578135078801e-03
1.81700000000000e+01	1.34848855658761e-03
1.81800000000000e+01	1.34121718239392e-03
1.81900000000000e+01	1.33398492690846e-03
1.82000000000000e+01	1.32677427024490e-03
1.82100000000000e+01	1.31952860763656e-03
1.82200000000000e+01	1.31230880397325e-03
1.82300000000000e+01	1.30507974712583e-03
1.82400000000000e+01	1.29784727239009e-03
1.82500000000000e+01	1.29057749177664e-03
1.82600000000000e+01	1.28331407518015e-03
1.82700000000000e+01	1.27604531385457e-03
1.82800000000000e+01	1.26875767471412e-03
1.82900000000000e+01	1.26147750737384e-03
1.83000000000000e+01	1.25421286453602e-03
1.83100000000000e+01	1.24694810957517e-03
1.83200000000000e+01	1.23972660323215e-03
1.83300000000000e+01	1.23254595444076e-03
1.83400000000000e+01	1.22539196730995e-03
1.83500000000000e+01	1.21831127189389e-03
1.83600000000000e+01	1.21129476224935e-03
1.83700000000000e+01	1.20437367750569e-03
1.83800000000000e+01	1.19752581322648e-03
1.83900000000000e+01	1.19079355105458e-03
1.84000000000000e+01	1.18416836311137e-03
1.84100000000000e+01	1.17766012214577e-03
1.84200000000000e+01	1.17127243747290e-03
1.84300000000000e+01	1.16502791349189e-03
1.84400000000000e+01	1.15890464257644e-03
1.84500000000000e+01	1.15290478947390e-03
1.84600000000000e+01	1.14701697441513e-03
1.84700000000000e+01	1.14125269990617e-03
1.84800000000000e+01	1.13558393934434e-03
1.84900000000000e+01	1.12997925767933e-03
1.85000000000000e+01	1.12447569645336e-03
1.85100000000000e+01	1.11900928681962e-03
1.85200000000000e+01	1.11359651087959e-03
1.85300000000000e+01	1.10821158929781e-03
1.85400000000000e+01	1.10283958118145e-03
1.85500000000000e+01	1.09746984240008e-03
1.85600000000000e+01	1.09209182066120e-03
1.85700000000000e+01	1.08671878231179e-03
1.85800000000000e+01	1.08132806309674e-03
1.85900000000000e+01	1.07591367409193e-03
1.86000000000000e+01	1.07049277055056e-03
1.86100000000000e+01	1.06503467261710e-03
1.86200000000000e+01	1.05957251173889e-03
1.86300000000000e+01	1.05409267014001e-03
1.86400000000000e+01	1.04859975337855e-03
1.86500000000000e+01	1.04311392189662e-03
1.86600000000000e+01	1.03761092968586e-03
1.86700000000000e+01	1.03212361055901e-03
1.86800000000000e+01	1.02664135675884e-03
1.86900000000000e+01	1.02118138690168e-03
1.87000000000000e+01	1.01572116902373e-03
1.87100000000000e+01	1.01029000739411e-03
1.87200000000000e+01	1.00487279403061e-03
1.87300000000000e+01	9.99472473585717e-04
1.87400000000000e+01	9.94086900313297e-04
1.87500000000000e+01	9.88731964063351e-04
1.87600000000000e+01	9.83389561465978e-04
1.87700000000000e+01	9.78060078764780e-04
1.87800000000000e+01	9.72741341968242e-04
1.87900000000000e+01	9.67430225783095e-04
1.88000000000000e+01	9.62141659271346e-04
1.88100000000000e+01	9.56858481833526e-04
1.88200000000000e+01	9.51576884793768e-04
1.88300000000000e+01	9.46296817979997e-04
1.88400000000000e+01	9.41028697985527e-04
1.88500000000000e+01	9.35745289785837e-04
1.88600000000000e+01	9.30471282325823e-04
1.88700000000000e+01	9.25189300749802e-04
1.88800000000000e+01	9.19915520011891e-04
1.88900000000000e+01	9.14621238126130e-04
1.89000000000000e+01	9.09332531025449e-04
1.89100000000000e+01	9.04036336253426e-04
1.89200000000000e+01	8.98737197422772e-04
1.89300000000000e+01	8.93436609965556e-04
1.89400000000000e+01	8.88152803330441e-04
1.89500000000000e+01	8.82864191223624e-04
1.89600000000000e+01	8.77603281818286e-04
1.89700000000000e+01	8.72360859152874e-04
1.89800000000000e+01	8.67158141465568e-04
1.89900000000000e+01	8.61976890730689e-04
1.90000000000000e+01	8.56844154136450e-04
1.90100000000000e+01	8.51752474030390e-04
1.90200000000000e+01	8.46702592400429e-04
1.90300000000000e+01	8.41691919862728e-04
1.90400000000000e+01	8.36731417459904e-04
1.90500000000000e+01	8.31788251674822e-04
1.90600000000000e+01	8.26881239375005e-04
1.90700000000000e+01	8.21989458474251e-04
1.90800000000000e+01	8.17121484746657e-04
1.90900000000000e+01	8.12244822944728e-04
1.91000000000000e+01	8.07384720369735e-04
1.91100000000000e+01	8.02534041757812e-04
1.91200000000000e+01	7.97700059304149e-04
1.91300000000000e+01	7.92899336657723e-04
1.91400000000000e+01	7.88161154811153e-04
1.91500000000000e+01	7.83494130730607e-04
1.91600000000000e+01	7.78911338192628e-04
1.91700000000000e+01	7.74455413811180e-04
1.91800000000000e+01	7.70142448366093e-04
1.91900000000000e+01	7.65965497535878e-04
1.92000000000000e+01	7.61952159843283e-04
1.92100000000000e+01	7.58087554655052e-04
1.92200000000000e+01	7.54368185626041e-04
1.92300000000000e+01	7.50777773887770e-04
1.92400000000000e+01	7.47300837270704e-04
1.92500000000000e+01	7.43924816099456e-04
1.92600000000000e+01	7.40619772305529e-04
1.92700000000000e+01	7.37362496312839e-04
1.92800000000000e+01	7.34134991225535e-04
1.92900000000000e+01	7.30919198761166e-04
1.93000000000000e+01	7.27714240578729e-04
1.93100000000000e+01	7.24498284936858e-04
1.93200000000000e+01	7.21265569048234e-04
1.93300000000000e+01	7.18012994188507e-04
1.93400000000000e+01	7.14738006816458e-04
1.93500000000000e+01	7.11452732906686e-04
1.93600000000000e+01	7.08134071971308e-04
1.93700000000000e+01	7.04805698463022e-04
1.93800000000000e+01	7.01460571199879e-04
1.93900000000000e+01	6.98110157175106e-04
1.94000000000000e+01	6.94732998385053e-04
1.94100000000000e+01	6.91355698890797e-04
1.94200000000000e+01	6.87966149536926e-04
1.94300000000000e+01	6.84566969145081e-04
1.94400000000000e+01	6.81158429970729e-04
1.94500000000000e+01	6.77742849997192e-04
1.94600000000000e+01	6.74330250106609e-04
1.94700000000000e+01	6.70903103607024e-04
1.94800000000000e+01	6.67480884306590e-04
1.94900000000000e+01	6.64053893738173e-04
1.95000000000000e+01	6.60635346862489e-04
1.95100000000000e+01	6.57203533070795e-04
1.95200000000000e+01	6.53782004964261e-04
1.95300000000000e+01	6.50358724296708e-04
1.95400000000000e+01	6.46934829968070e-04
1.95500000000000e+01	6.43512505831908e-04
1.95600000000000e+01	6.40094970560306e-04
1.95700000000000e+01	6.36689922959389e-04
1.95800000000000e+01	6.33294863549542e-04
1.95900000000000e+01	6.29906339850176e-04
1.96000000000000e+01	6.26528915338820e-04
1.96100000000000e+01	6.23166010858309e-04
1.96200000000000e+01	6.19817900764236e-04
1.96300000000000e+01	6.16498023088126e-04
1.96400000000000e+01	6.13194367854913e-04
1.96500000000000e+01	6.09910827120576e-04
1.96600000000000e+01	6.06645705743066e-04
1.96700000000000e+01	6.03399890463977e-04
1.96800000000000e+01	6.00182658515688e-04
1.96900000000000e+01	5.96982602635856e-04
1.97000000000000e+01	5.93783526121892e-04
1.97100000000000e+01	5.90599780890300e-04
1.97200000000000e+01	5.87425811306695e-04
1.97300000000000e+01	5.84243009885159e-04
1.97400000000000e+01	5.81029490999059e-04
1.97500000000000e+01	5.77768854067480e-04
1.97600000000000e+01	5.74387288942377e-04
1.97700000000000e+01	5.70827960641042e-04
1.97800000000000e+01	5.66967712508519e-04
1.97900000000000e+01	5.62627093888505e-04
1.98000000000000e+01	5.57540087467121e-04
1.98100000000000e+01	5.51371418289550e-04
1.98200000000000e+01	5.43635890591553e-04
1.98300000000000e+01	5.33723176525006e-04
1.98400000000000e+01	5.20884938588700e-04
1.98500000000000e+01	5.04270117438664e-04
1.98600000000000e+01	4.82923102900716e-04
1.98700000000000e+01	4.55909606912682e-04
1.98800000000000e+01	4.22388712489804e-04
1.98900000000000e+01	3.81789227137908e-04
1.99000000000000e+01	3.34005273088107e-04
1.99100000000000e+01	2.79608241110756e-04
1.99200000000000e+01	2.20126368571644e-04
1.99300000000000e+01	1.58332620662676e-04
1.99400000000000e+01	9.85319455116777e-05
1.99500000000000e+01	4.67937322892072e-05
1.99600000000000e+01	1.09888766556314e-05
1.99700000000000e+01	4.03766508972760e-07
1.99800000000000e+01	2.45311381384960e-05
1.99900000000000e+01	9.05135336300215e-05
2.00000000000000e+01	1.98776392907056e-04
