1.00000000000000e-02	5.15812816567803e+11
2.00000000000000e-02	3.22227673986268e+10
3.00000000000000e-02	6.35986857111016e+09
4.00000000000000e-02	2.01004062397114e+09
5.00000000000000e-02	8.22123397334054e+08
6.00000000000000e-02	3.95770621709689e+08
7.00000000000000e-02	2.13180322521818e+08
8.00000000000000e-02	1.24660380638946e+08
9.00000000000000e-02	7.76111692574653e+07
1.00000000000000e-01	5.07644673107957e+07
1.10000000000000e-01	3.45549649902056e+07
1.20000000000000e-01	2.43070891509452e+07
1.30000000000000e-01	1.75758468754431e+07
1.40000000000000e-01	1.30096571329064e+07
1.50000000000000e-01	9.82541703459688e+06
1.60000000000000e-01	7.55133448775634e+06
1.70000000000000e-01	5.89319445079694e+06
1.80000000000000e-01	4.66172082071935e+06
1.90000000000000e-01	3.73214295466507e+06
2.00000000000000e-01	3.02018690361751e+06
2.10000000000000e-01	2.46774581840413e+06
2.20000000000000e-01	2.03405500752264e+06
2.30000000000000e-01	1.68984391212322e+06
2.40000000000000e-01	1.41404203366872e+06
2.50000000000000e-01	1.19104231944995e+06
2.60000000000000e-01	1.00928483739233e+06
2.70000000000000e-01	8.59992750608389e+05
2.80000000000000e-01	7.36550065253962e+05
2.90000000000000e-01	6.33789865932706e+05
3.00000000000000e-01	5.47746398441206e+05
3.10000000000000e-01	4.75296357790423e+05
3.20000000000000e-01	4.13977446529587e+05
3.30000000000000e-01	3.61827767103539e+05
3.40000000000000e-01	3.17267763638691e+05
3.50000000000000e-01	2.79041987668166e+05
3.60000000000000e-01	2.46109963288156e+05
3.70000000000000e-01	2.17636016269586e+05
3.80000000000000e-01	1.92929779807833e+05
3.90000000000000e-01	1.71418312953390e+05
4.00000000000000e-01	1.52631743699645e+05
4.10000000000000e-01	1.36174090235314e+05
4.20000000000000e-01	1.21719160021534e+05
4.30000000000000e-01	1.08986737521874e+05
4.40000000000000e-01	9.77454985369681e+04
4.50000000000000e-01	8.77956006431353e+04
4.60000000000000e-01	7.89690092945679e+04
4.70000000000000e-01	7.11230857550770e+04
4.80000000000000e-01	6.41342975747480e+04
4.90000000000000e-01	5.78962873250121e+04
5.00000000000000e-01	5.23187934724254e+04
5.10000000000000e-01	4.73221639754123e+04
5.20000000000000e-01	4.28412972944892e+04
5.30000000000000e-01	3.88135128096040e+04
5.40000000000000e-01	3.51898094454260e+04
5.50000000000000e-01	3.19245036223846e+04
5.60000000000000e-01	2.89773485340186e+04
5.70000000000000e-01	2.63148820628483e+04
5.80000000000000e-01	2.39072378368595e+04
5.90000000000000e-01	2.17265920834235e+04
6.00000000000000e-01	1.97500339323119e+04
6.10000000000000e-01	1.79563047748128e+04
6.20000000000000e-01	1.63274813294079e+04
6.30000000000000e-01	1.48469613763383e+04
6.40000000000000e-01	1.35004249136255e+04
6.50000000000000e-01	1.22743964582698e+04
6.60000000000000e-01	1.11576421623494e+04
6.70000000000000e-01	1.01393809466343e+04
6.80000000000000e-01	9.21104498839992e+03
6.90000000000000e-01	8.36406643110618e+03
7.00000000000000e-01	7.59089555725191e+03
7.10000000000000e-01	6.88487035202452e+03
7.20000000000000e-01	6.23987460370245e+03
7.30000000000000e-01	5.65082692552105e+03
7.40000000000000e-01	5.11241490216770e+03
7.50000000000000e-01	4.62052125925862e+03
7.60000000000000e-01	4.17092873896210e+03
7.70000000000000e-01	3.76023947874711e+03
7.80000000000000e-01	3.38497670885624e+03
7.90000000000000e-01	3.04226275090222e+03
8.00000000000000e-01	2.72933003383314e+03
8.10000000000000e-01	2.44375306026812e+03
8.20000000000000e-01	2.18330519865212e+03
8.30000000000000e-01	1.94590074653723e+03
8.40000000000000e-01	1.72974807828991e+03
8.50000000000000e-01	1.53302581130976e+03
8.60000000000000e-01	1.35428193798751e+03
8.70000000000000e-01	1.19203535428669e+03
8.80000000000000e-01	1.04499734791110e+03
8.90000000000000e-01	9.11998397133645e+02
9.00000000000000e-01	7.91926432559763e+02
9.10000000000000e-01	6.83764798770271e+02
9.20000000000000e-01	5.86611733812434e+02
9.30000000000000e-01	4.99614277665162e+02
9.40000000000000e-01	4.21987240535346e+02
9.50000000000000e-01	3.53007332687251e+02
9.60000000000000e-01	2.92008531423359e+02
9.70000000000000e-01	2.38394647055627e+02
9.80000000000000e-01	1.91588225785092e+02
9.90000000000000e-01	1.51071545203442e+02
1.00000000000000e+00	1.16361882178695e+02
1.01000000000000e+00	8.70064009548400e+01
1.02000000000000e+00	6.25912761558690e+01
1.03000000000000e+00	4.27356160313618e+01
1.04000000000000e+00	2.70763387498619e+01
1.05000000000000e+00	1.52807491632553e+01
1.06000000000000e+00	7.03750770523256e+00
1.07000000000000e+00	2.05575746402121e+00
1.08000000000000e+00	6.29639463186692e-02
1.09000000000000e+00	8.03918644814363e-01
1.10000000000000e+00	4.03864941035040e+00
1.11000000000000e+00	9.54106281438041e+00
1.12000000000000e+00	1.70975897558255e+01
1.13000000000000e+00	2.65062963843352e+01
1.14000000000000e+00	3.75751083217174e+01
1.15000000000000e+00	5.01218335401718e+01
1.16000000000000e+00	6.39697993529492e+01
1.17000000000000e+00	7.89529373599612e+01
1.18000000000000e+00	9.49072692657540e+01
1.19000000000000e+00	1.11672519854586e+02
1.20000000000000e+00	1.29092161026765e+02
1.21000000000000e+00	1.46999791082576e+02
1.22000000000000e+00	1.65226584833843e+02
1.23000000000000e+00	1.83588454140648e+02
1.24000000000000e+00	2.01864323041320e+02
1.25000000000000e+00	2.19808906887704e+02
1.26000000000000e+00	2.37103362033420e+02
1.27000000000000e+00	2.53386243953614e+02
1.28000000000000e+00	2.68178955369250e+02
1.29000000000000e+00	2.80939016697639e+02
1.30000000000000e+00	2.91008934422471e+02
1.31000000000000e+00	2.97660109450036e+02
1.32000000000000e+00	3.00108852725468e+02
1.33000000000000e+00	2.97583344734438e+02
1.34000000000000e+00	2.89406046520052e+02
1.35000000000000e+00	2.75131727490134e+02
1.36000000000000e+00	2.54678854273344e+02
1.37000000000000e+00	2.28519766417655e+02
1.38000000000000e+00	1.97866444925439e+02
1.39000000000000e+00	1.64876858526486e+02
1.40000000000000e+00	1.32830485193582e+02
1.41000000000000e+00	1.06248433646600e+02
1.42000000000000e+00	9.09615413566865e+01
1.43000000000000e+00	9.40518717666686e+01
1.44000000000000e+00	1.23663621097962e+02
1.45000000000000e+00	1.88660907140771e+02
1.46000000000000e+00	2.98147615012015e+02
1.47000000000000e+00	4.60830094448072e+02
1.48000000000000e+00	6.84386198678905e+02
1.49000000000000e+00	9.74748067758686e+02
1.50000000000000e+00	1.33556039725204e+03
1.51000000000000e+00	1.76773419016312e+03
1.52000000000000e+00	2.26926246002447e+03
1.53000000000000e+00	2.83530009679459e+03
1.54000000000000e+00	3.45824202902386e+03
1.55000000000000e+00	4.12820230475198e+03
1.56000000000000e+00	4.83377524063717e+03
1.57000000000000e+00	5.56235925969093e+03
1.58000000000000e+00	6.30062618972012e+03
1.59000000000000e+00	7.03536349787817e+03
1.60000000000000e+00	7.75361162244502e+03
1.61000000000000e+00	8.44316831538180e+03
1.62000000000000e+00	9.09206866645255e+03
1.63000000000000e+00	9.68954825967881e+03
1.64000000000000e+00	1.02257117577455e+04
1.65000000000000e+00	1.06933838979399e+04
1.66000000000000e+00	1.10882394480830e+04
1.67000000000000e+00	1.14119090574156e+04
1.68000000000000e+00	1.16707772020867e+04
1.69000000000000e+00	1.18772130384023e+04
1.70000000000000e+00	1.20472617822836e+04
1.71000000000000e+00	1.22023255250592e+04
1.72000000000000e+00	1.23696674202243e+04
1.73000000000000e+00	1.25869848243416e+04
1.74000000000000e+00	1.29048393558522e+04
1.75000000000000e+00	1.33846713292747e+04
1.76000000000000e+00	1.40975785046227e+04
1.77000000000000e+00	1.51190512719247e+04
1.78000000000000e+00	1.65254483707919e+04
1.79000000000000e+00	1.83852738731780e+04
1.80000000000000e+00	2.07470443527039e+04
1.81000000000000e+00	2.36280335826042e+04
1.82000000000000e+00	2.70071064908138e+04
1.83000000000000e+00	3.08336924397052e+04
1.84000000000000e+00	3.50457194355942e+04
1.85000000000000e+00	3.95966910102141e+04
1.86000000000000e+00	4.44585063964136e+04
1.87000000000000e+00	4.96254442849187e+04
1.88000000000000e+00	5.50967458935989e+04
1.89000000000000e+00	6.08680672817831e+04
1.90000000000000e+00	6.69254846424609e+04
1.91000000000000e+00	7.32320263355836e+04
1.92000000000000e+00	7.97280049046971e+04
1.93000000000000e+00	8.63164039286257e+04
1.94000000000000e+00	9.28605127343127e+04
1.95000000000000e+00	9.91854649404034e+04
1.96000000000000e+00	1.05085552711444e+05
1.97000000000000e+00	1.10339976839235e+05
1.98000000000000e+00	1.14732916712412e+05
1.99000000000000e+00	1.18072720807843e+05
2.00000000000000e+00	1.20205562908927e+05
2.01000000000000e+00	1.21027475639007e+05
2.02000000000000e+00	1.20493706546236e+05
2.03000000000000e+00	1.18622312038219e+05
2.04000000000000e+00	1.15490252863322e+05
2.05000000000000e+00	1.11235920134903e+05
2.06000000000000e+00	1.06039892680939e+05
2.07000000000000e+00	1.00107085612736e+05
2.08000000000000e+00	9.36475282312550e+04
2.09000000000000e+00	8.68492892035546e+04
2.10000000000000e+00	7.98734542521679e+04
2.11000000000000e+00	7.28583350452274e+04
2.12000000000000e+00	6.59291794512563e+04
2.13000000000000e+00	5.92160505684088e+04
2.14000000000000e+00	5.28578420474794e+04
2.15000000000000e+00	4.69849805813851e+04
2.16000000000000e+00	4.16995136459750e+04
2.17000000000000e+00	3.70482793397531e+04
2.18000000000000e+00	3.30211053495855e+04
2.19000000000000e+00	2.95536025806161e+04
2.20000000000000e+00	2.65518173345820e+04
2.21000000000000e+00	2.39120971177064e+04
2.22000000000000e+00	2.15427737983409e+04
2.23000000000000e+00	1.93835106975071e+04
2.24000000000000e+00	1.74096273677854e+04
2.25000000000000e+00	1.56311054591948e+04
2.26000000000000e+00	1.40757131278459e+04
2.27000000000000e+00	1.27719246926239e+04
2.28000000000000e+00	1.17364685041959e+04
2.29000000000000e+00	1.09689619784441e+04
2.30000000000000e+00	1.04527890804418e+04
2.31000000000000e+00	1.01578859249029e+04
2.32000000000000e+00	1.00431462919719e+04
2.33000000000000e+00	1.00576402335840e+04
2.34000000000000e+00	1.01419688290405e+04
2.35000000000000e+00	1.02342371104964e+04
2.36000000000000e+00	1.02765372660910e+04
2.37000000000000e+00	1.02245806818197e+04
2.38000000000000e+00	1.00548888143570e+04
2.39000000000000e+00	9.76611913314970e+03
2.40000000000000e+00	9.37810524304090e+03
2.41000000000000e+00	8.92785295436520e+03
2.42000000000000e+00	8.46420132703209e+03
2.43000000000000e+00	8.04074526790327e+03
2.44000000000000e+00	7.70742741209965e+03
2.45000000000000e+00	7.50441178799560e+03
2.46000000000000e+00	7.45600995874174e+03
2.47000000000000e+00	7.57016989724367e+03
2.48000000000000e+00	7.83721770185518e+03
2.49000000000000e+00	8.23320009201883e+03
2.50000000000000e+00	8.72182034906541e+03
2.51000000000000e+00	9.25862691159856e+03
2.52000000000000e+00	9.79550684727534e+03
2.53000000000000e+00	1.02851988365147e+04
2.54000000000000e+00	1.06869902106434e+04
2.55000000000000e+00	1.09720137693754e+04
2.56000000000000e+00	1.11262331427726e+04
2.57000000000000e+00	1.11507120423112e+04
2.58000000000000e+00	1.10601702391989e+04
2.59000000000000e+00	1.08773961297078e+04
2.60000000000000e+00	1.06257625386487e+04
2.61000000000000e+00	1.03243056990209e+04
2.62000000000000e+00	9.98267621791208e+03
2.63000000000000e+00	9.60292035017398e+03
2.64000000000000e+00	9.18661661765510e+03
2.65000000000000e+00	8.74337035594423e+03
2.66000000000000e+00	8.29668014036689e+03
2.67000000000000e+00	7.87912411165091e+03
2.68000000000000e+00	7.52262602675103e+03
2.69000000000000e+00	7.24888575105143e+03
2.70000000000000e+00	7.06469307359246e+03
2.71000000000000e+00	6.96258877725214e+03
2.72000000000000e+00	6.92368396378102e+03
2.73000000000000e+00	6.92208265904431e+03
2.74000000000000e+00	6.92899457142638e+03
2.75000000000000e+00	6.91762511260856e+03
2.76000000000000e+00	6.86657480132568e+03
2.77000000000000e+00	6.76228698451962e+03
2.78000000000000e+00	6.59842537742373e+03
2.79000000000000e+00	6.37461290661551e+03
2.80000000000000e+00	6.09395106557783e+03
2.81000000000000e+00	5.76166457399423e+03
2.82000000000000e+00	5.38408157328611e+03
2.83000000000000e+00	4.96833457733952e+03
2.84000000000000e+00	4.52282686678838e+03
2.85000000000000e+00	4.05661359985343e+03
2.86000000000000e+00	3.57960570851276e+03
2.87000000000000e+00	3.10222072698736e+03
2.88000000000000e+00	2.63409420769792e+03
2.89000000000000e+00	2.18378885967246e+03
2.90000000000000e+00	1.75823357981073e+03
2.91000000000000e+00	1.36294217773977e+03
2.92000000000000e+00	1.00283897099362e+03
2.93000000000000e+00	6.83545627679385e+02
2.94000000000000e+00	4.12538306957972e+02
2.95000000000000e+00	1.99864127590197e+02
2.96000000000000e+00	5.80171478380059e+01
2.97000000000000e+00	8.52941452875109e-01
2.98000000000000e+00	4.19880183861634e+01
2.99000000000000e+00	1.93096970147851e+02
3.00000000000000e+00	4.62560569542711e+02
3.01000000000000e+00	8.54480624083297e+02
3.02000000000000e+00	1.36783652876990e+03
3.03000000000000e+00	1.99579654696604e+03
3.04000000000000e+00	2.72533315925049e+03
3.05000000000000e+00	3.53767372002578e+03
3.06000000000000e+00	4.40933926239419e+03
3.07000000000000e+00	5.31454732466602e+03
3.08000000000000e+00	6.22682116021479e+03
3.09000000000000e+00	7.12008713353003e+03
3.10000000000000e+00	7.96853348322610e+03
3.11000000000000e+00	8.74531831918785e+03
3.12000000000000e+00	9.42081774440274e+03
3.13000000000000e+00	9.96108427377072e+03
3.14000000000000e+00	1.03286316799805e+04
3.15000000000000e+00	1.04861018668278e+04
3.16000000000000e+00	1.04043253334766e+04
3.17000000000000e+00	1.00703179469825e+04
3.18000000000000e+00	9.49541587840746e+03
3.19000000000000e+00	8.71764194684384e+03
3.20000000000000e+00	7.79572738277711e+03
3.21000000000000e+00	6.79814220982391e+03
3.22000000000000e+00	5.79063440436640e+03
3.23000000000000e+00	4.82690189287308e+03
3.24000000000000e+00	3.94458119938930e+03
3.25000000000000e+00	3.16564678682617e+03
3.26000000000000e+00	2.49917385508242e+03
3.27000000000000e+00	1.94477934376239e+03
3.28000000000000e+00	1.49554844321090e+03
3.29000000000000e+00	1.14041880207822e+03
3.30000000000000e+00	8.66172564779518e+02
3.31000000000000e+00	6.58920255184054e+02
3.32000000000000e+00	5.05270021995651e+02
3.33000000000000e+00	3.93071107677271e+02
3.34000000000000e+00	3.11942764230882e+02
3.35000000000000e+00	2.53480453403263e+02
3.36000000000000e+00	2.11265124889585e+02
3.37000000000000e+00	1.80731436339936e+02
3.38000000000000e+00	1.58900530640958e+02
3.39000000000000e+00	1.44097363239504e+02
3.40000000000000e+00	1.35620241375125e+02
3.41000000000000e+00	1.33423928144061e+02
3.42000000000000e+00	1.37824507295240e+02
3.43000000000000e+00	1.49257030304913e+02
3.44000000000000e+00	1.68081522674427e+02
3.45000000000000e+00	1.94448622338270e+02
3.46000000000000e+00	2.28221584349904e+02
3.47000000000000e+00	2.68945505826314e+02
3.48000000000000e+00	3.15861214219883e+02
3.49000000000000e+00	3.67962541509846e+02
3.50000000000000e+00	4.24080708240341e+02
3.51000000000000e+00	4.82997081362651e+02
3.52000000000000e+00	5.43540407626591e+02
3.53000000000000e+00	6.04642560128290e+02
3.54000000000000e+00	6.65357798596934e+02
3.55000000000000e+00	7.24800790188687e+02
3.56000000000000e+00	7.82099475495099e+02
3.57000000000000e+00	8.36389849271688e+02
3.58000000000000e+00	8.86821412463571e+02
3.59000000000000e+00	9.32700239244212e+02
3.60000000000000e+00	9.73658252713462e+02
3.61000000000000e+00	1.00981534497234e+03
3.62000000000000e+00	1.04186007593407e+03
3.63000000000000e+00	1.07118157629365e+03
3.64000000000000e+00	1.09984265190559e+03
3.65000000000000e+00	1.13052261403176e+03
3.66000000000000e+00	1.16642757150364e+03
3.67000000000000e+00	1.21107228902580e+03
3.68000000000000e+00	1.26801096323671e+03
3.69000000000000e+00	1.34051084141289e+03
3.70000000000000e+00	1.43117324716650e+03
3.71000000000000e+00	1.54151531626635e+03
3.72000000000000e+00	1.67184184325506e+03
3.73000000000000e+00	1.82094192336508e+03
3.74000000000000e+00	1.98639041599580e+03
3.75000000000000e+00	2.16474452344844e+03
3.76000000000000e+00	2.35223713501921e+03
3.77000000000000e+00	2.54516375269868e+03
3.78000000000000e+00	2.74049077462499e+03
3.79000000000000e+00	2.93616419695371e+03
3.80000000000000e+00	3.13118979735124e+03
3.81000000000000e+00	3.32585457425527e+03
3.82000000000000e+00	3.52158786222836e+03
3.83000000000000e+00	3.72052409357919e+03
3.84000000000000e+00	3.92527551209899e+03
3.85000000000000e+00	4.13820432353838e+03
3.86000000000000e+00	4.36060134694558e+03
3.87000000000000e+00	4.59184629347579e+03
3.88000000000000e+00	4.82890407784494e+03
3.89000000000000e+00	5.06596640417496e+03
3.90000000000000e+00	5.29412604502242e+03
3.91000000000000e+00	5.50190549103182e+03
3.92000000000000e+00	5.67571178194425e+03
3.93000000000000e+00	5.80105108309226e+03
3.94000000000000e+00	5.86412673883498e+03
3.95000000000000e+00	5.85337042985135e+03
3.96000000000000e+00	5.76136782931101e+03
3.97000000000000e+00	5.58645685703797e+03
3.98000000000000e+00	5.33336050861358e+03
3.99000000000000e+00	5.01282090279683e+03
4.00000000000000e+00	4.64002510842867e+03
4.01000000000000e+00	4.23228964256443e+03
4.02000000000000e+00	3.80664372928917e+03
4.03000000000000e+00	3.37807897147913e+03
4.04000000000000e+00	2.95869076226098e+03
4.05000000000000e+00	2.55767467948226e+03
4.06000000000000e+00	2.18155848452489e+03
4.07000000000000e+00	1.83478994727679e+03
4.08000000000000e+00	1.52000822370296e+03
4.09000000000000e+00	1.23843678956287e+03
4.10000000000000e+00	9.90004651966703e+02
4.11000000000000e+00	7.73712080127518e+02
4.12000000000000e+00	5.87904148636510e+02
4.13000000000000e+00	4.30647248098820e+02
4.14000000000000e+00	3.00063874619100e+02
4.15000000000000e+00	1.94544180571388e+02
4.16000000000000e+00	1.12872493276890e+02
4.17000000000000e+00	5.42133484267428e+01
4.18000000000000e+00	1.80206533917858e+01
4.19000000000000e+00	3.88003701693458e+00
4.20000000000000e+00	1.13316638194759e+01
4.21000000000000e+00	3.96717024330989e+01
4.22000000000000e+00	8.77373544053631e+01
4.23000000000000e+00	1.53679768213092e+02
4.24000000000000e+00	2.34748074680920e+02
4.25000000000000e+00	3.27145169643645e+02
4.26000000000000e+00	4.26025712827699e+02
4.27000000000000e+00	5.25714847323773e+02
4.28000000000000e+00	6.20168900066730e+02
4.29000000000000e+00	7.03592236590963e+02
4.30000000000000e+00	7.71086618767195e+02
4.31000000000000e+00	8.19184795689762e+02
4.32000000000000e+00	8.46127091376805e+02
4.33000000000000e+00	8.51970892847456e+02
4.34000000000000e+00	8.38321193114747e+02
4.35000000000000e+00	8.08146857226767e+02
4.36000000000000e+00	7.65294560335891e+02
4.37000000000000e+00	7.14040307028335e+02
4.38000000000000e+00	6.58700983386121e+02
4.39000000000000e+00	6.03149096856932e+02
4.40000000000000e+00	5.50603287455898e+02
4.41000000000000e+00	5.03367314997371e+02
4.42000000000000e+00	4.62845513111622e+02
4.43000000000000e+00	4.29555580269445e+02
4.44000000000000e+00	4.03291377077810e+02
4.45000000000000e+00	3.83277263767351e+02
4.46000000000000e+00	3.68418861637266e+02
4.47000000000000e+00	3.57528712559656e+02
4.48000000000000e+00	3.49566814681599e+02
4.49000000000000e+00	3.43820512757297e+02
4.50000000000000e+00	3.40022710270872e+02
4.51000000000000e+00	3.38378164987860e+02
4.52000000000000e+00	3.39484549176557e+02
4.53000000000000e+00	3.44201932430696e+02
4.54000000000000e+00	3.53455372637018e+02
4.55000000000000e+00	3.68042883091360e+02
4.56000000000000e+00	3.88451954701111e+02
4.57000000000000e+00	4.14713403956633e+02
4.58000000000000e+00	4.46264855290120e+02
4.59000000000000e+00	4.81907960632012e+02
4.60000000000000e+00	5.19806430460597e+02
4.61000000000000e+00	5.57543208501212e+02
4.62000000000000e+00	5.92312518298842e+02
4.63000000000000e+00	6.21163443542917e+02
4.64000000000000e+00	6.41331884334098e+02
4.65000000000000e+00	6.50614484630531e+02
4.66000000000000e+00	6.47654096489774e+02
4.67000000000000e+00	6.32138716933594e+02
4.68000000000000e+00	6.04904969777180e+02
4.69000000000000e+00	5.67822025298476e+02
4.70000000000000e+00	5.23653293642172e+02
4.71000000000000e+00	4.75831014817942e+02
4.72000000000000e+00	4.28296581204739e+02
4.73000000000000e+00	3.85341796938859e+02
4.74000000000000e+00	3.51479541602169e+02
4.75000000000000e+00	3.31217212696346e+02
4.76000000000000e+00	3.28819022754870e+02
4.77000000000000e+00	3.48003236825119e+02
4.78000000000000e+00	3.91651836225317e+02
4.79000000000000e+00	4.61618526657263e+02
4.80000000000000e+00	5.58656691833943e+02
4.81000000000000e+00	6.82463741451741e+02
4.82000000000000e+00	8.31854414301692e+02
4.83000000000000e+00	1.00497232434494e+03
4.84000000000000e+00	1.19950519391141e+03
4.85000000000000e+00	1.41284220041548e+03
4.86000000000000e+00	1.64222736326292e+03
4.87000000000000e+00	1.88455865302104e+03
4.88000000000000e+00	2.13635545290381e+03
4.89000000000000e+00	2.39345411125408e+03
4.90000000000000e+00	2.65091592630187e+03
4.91000000000000e+00	2.90296729313328e+03
4.92000000000000e+00	3.14324458725992e+03
4.93000000000000e+00	3.36523624095249e+03
4.94000000000000e+00	3.56277389822273e+03
4.95000000000000e+00	3.73066972771460e+03
4.96000000000000e+00	3.86503452351228e+03
4.97000000000000e+00	3.96386107042855e+03
4.98000000000000e+00	4.02650915517217e+03
4.99000000000000e+00	4.05410280032530e+03
5.00000000000000e+00	4.04883359557358e+03
5.01000000000000e+00	4.01387284179392e+03
5.02000000000000e+00	3.95313673385127e+03
5.03000000000000e+00	3.87109948724820e+03
5.04000000000000e+00	3.77236401145241e+03
5.05000000000000e+00	3.66159460747187e+03
5.06000000000000e+00	3.54306416404656e+03
5.07000000000000e+00	3.42040827957100e+03
5.08000000000000e+00	3.29627488813840e+03
5.09000000000000e+00	3.17239536289678e+03
5.10000000000000e+00	3.04940212288763e+03
5.11000000000000e+00	2.92708396702923e+03
5.12000000000000e+00	2.80466495905816e+03
5.13000000000000e+00	2.68095699070183e+03
5.14000000000000e+00	2.55478602745114e+03
5.15000000000000e+00	2.42504958034222e+03
5.16000000000000e+00	2.29088494983579e+03
5.17000000000000e+00	2.15192015309197e+03
5.18000000000000e+00	2.00822208661448e+03
5.19000000000000e+00	1.86044723441616e+03
5.20000000000000e+00	1.70986779799983e+03
5.21000000000000e+00	1.55821149245203e+03
5.22000000000000e+00	1.40764863543364e+03
5.23000000000000e+00	1.26060015338298e+03
5.24000000000000e+00	1.11944126082996e+03
5.25000000000000e+00	9.86299428641497e+02
5.26000000000000e+00	8.62908157778175e+02
5.27000000000000e+00	7.50418411166493e+02
5.28000000000000e+00	6.49446513253610e+02
5.29000000000000e+00	5.60047436582003e+02
5.30000000000000e+00	4.81872341440314e+02
5.31000000000000e+00	4.14235871064045e+02
5.32000000000000e+00	3.56248000432819e+02
5.33000000000000e+00	3.06919715721700e+02
5.34000000000000e+00	2.65207948445899e+02
5.35000000000000e+00	2.30076885181460e+02
5.36000000000000e+00	2.00524241025251e+02
5.37000000000000e+00	1.75597948020832e+02
5.38000000000000e+00	1.54406635393121e+02
5.39000000000000e+00	1.36148449941396e+02
5.40000000000000e+00	1.20124597925282e+02
5.41000000000000e+00	1.05755396731489e+02
5.42000000000000e+00	9.26064905335722e+01
5.43000000000000e+00	8.03984058583977e+01
5.44000000000000e+00	6.90073439427078e+01
5.45000000000000e+00	5.84514221992292e+01
5.46000000000000e+00	4.88609885036128e+01
5.47000000000000e+00	4.04212547916632e+01
5.48000000000000e+00	3.33169123235443e+01
5.49000000000000e+00	2.76676723754286e+01
5.50000000000000e+00	2.34801650762272e+01
5.51000000000000e+00	2.06307283730212e+01
5.52000000000000e+00	1.88755300883537e+01
5.53000000000000e+00	1.78925407496993e+01
5.54000000000000e+00	1.73391396902716e+01
5.55000000000000e+00	1.69113830178095e+01
5.56000000000000e+00	1.63903739689935e+01
5.57000000000000e+00	1.56691789247387e+01
5.58000000000000e+00	1.47593915313998e+01
5.59000000000000e+00	1.37824020463027e+01
5.60000000000000e+00	1.29486534649227e+01
5.61000000000000e+00	1.25330592829204e+01
5.62000000000000e+00	1.28439830586242e+01
5.63000000000000e+00	1.41936326619954e+01
5.64000000000000e+00	1.68646709644513e+01
5.65000000000000e+00	2.10812457412404e+01
5.66000000000000e+00	2.69832296761232e+01
5.67000000000000e+00	3.46118708695253e+01
5.68000000000000e+00	4.39051241044032e+01
5.69000000000000e+00	5.47104925885010e+01
5.70000000000000e+00	6.68114087981760e+01
5.71000000000000e+00	7.99687894957211e+01
5.72000000000000e+00	9.39568338173768e+01
5.73000000000000e+00	1.08616203849191e+02
5.74000000000000e+00	1.23873249671704e+02
5.75000000000000e+00	1.39757629323446e+02
5.76000000000000e+00	1.56397597593390e+02
5.77000000000000e+00	1.73984422292927e+02
5.78000000000000e+00	1.92728278564205e+02
5.79000000000000e+00	2.12786557005339e+02
5.80000000000000e+00	2.34201652619972e+02
5.81000000000000e+00	2.56821233774588e+02
5.82000000000000e+00	2.80235267877307e+02
5.83000000000000e+00	3.03767383411434e+02
5.84000000000000e+00	3.26476854320058e+02
5.85000000000000e+00	3.47264785160015e+02
5.86000000000000e+00	3.65015775435877e+02
5.87000000000000e+00	3.78813350733102e+02
5.88000000000000e+00	3.88213380513536e+02
5.89000000000000e+00	3.93445550967555e+02
5.90000000000000e+00	3.95643109387375e+02
5.91000000000000e+00	3.96892728171833e+02
5.92000000000000e+00	4.00241179567811e+02
5.93000000000000e+00	4.09592464509225e+02
5.94000000000000e+00	4.29602128310766e+02
5.95000000000000e+00	4.65521718198248e+02
5.96000000000000e+00	5.23151720425706e+02
5.97000000000000e+00	6.08792817391179e+02
5.98000000000000e+00	7.29308521100095e+02
5.99000000000000e+00	8.92191059689675e+02
6.00000000000000e+00	1.10565782947515e+03
6.01000000000000e+00	1.37876752518232e+03
6.02000000000000e+00	1.72146508439506e+03
6.03000000000000e+00	2.14451693802195e+03
6.04000000000000e+00	2.65944681803768e+03
6.05000000000000e+00	3.27830409662187e+03
6.06000000000000e+00	4.01311206102041e+03
6.07000000000000e+00	4.87520556973300e+03
6.08000000000000e+00	5.87408114204281e+03
6.09000000000000e+00	7.01612748144400e+03
6.10000000000000e+00	8.30275731281468e+03
6.11000000000000e+00	9.72883330247748e+03
6.12000000000000e+00	1.12810213955265e+04
6.13000000000000e+00	1.29364439541489e+04
6.14000000000000e+00	1.46618658725648e+04
6.15000000000000e+00	1.64152160048347e+04
6.16000000000000e+00	1.81453583430527e+04
6.17000000000000e+00	1.97958020030122e+04
6.18000000000000e+00	2.13099203320703e+04
6.19000000000000e+00	2.26332350243301e+04
6.20000000000000e+00	2.37210247417041e+04
6.21000000000000e+00	2.45381083038418e+04
6.22000000000000e+00	2.50636811380911e+04
6.23000000000000e+00	2.52905211449760e+04
6.24000000000000e+00	2.52245770477412e+04
6.25000000000000e+00	2.48827944347590e+04
6.26000000000000e+00	2.42920945899370e+04
6.27000000000000e+00	2.34860437848250e+04
6.28000000000000e+00	2.25012809982933e+04
6.29000000000000e+00	2.13767330422145e+04
6.30000000000000e+00	2.01493750420720e+04
6.31000000000000e+00	1.88537623670957e+04
6.32000000000000e+00	1.75213357175751e+04
6.33000000000000e+00	1.61806788126479e+04
6.34000000000000e+00	1.48566313894642e+04
6.35000000000000e+00	1.35720735525103e+04
6.36000000000000e+00	1.23463009920753e+04
6.37000000000000e+00	1.11946651597723e+04
6.38000000000000e+00	1.01288336296978e+04
6.39000000000000e+00	9.15629854037325e+03
6.40000000000000e+00	8.28083570927811e+03
6.41000000000000e+00	7.50281202280278e+03
6.42000000000000e+00	6.81967914302779e+03
6.43000000000000e+00	6.22676009130413e+03
6.44000000000000e+00	5.71749160269251e+03
6.45000000000000e+00	5.28411890924036e+03
6.46000000000000e+00	4.91800656897046e+03
6.47000000000000e+00	4.61015029357964e+03
6.48000000000000e+00	4.35135600264582e+03
6.49000000000000e+00	4.13265551542188e+03
6.50000000000000e+00	3.94553903545425e+03
6.51000000000000e+00	3.78219912457190e+03
6.52000000000000e+00	3.63564873778007e+03
6.53000000000000e+00	3.49979241677787e+03
6.54000000000000e+00	3.36955070677280e+03
6.55000000000000e+00	3.24095796731397e+03
6.56000000000000e+00	3.11118327574819e+03
6.57000000000000e+00	2.97848132379364e+03
6.58000000000000e+00	2.84229132598031e+03
6.59000000000000e+00	2.70297247588334e+03
6.60000000000000e+00	2.56161466063867e+03
6.61000000000000e+00	2.41975109817884e+03
6.62000000000000e+00	2.27920321418812e+03
6.63000000000000e+00	2.14194455545114e+03
6.64000000000000e+00	2.01018488833371e+03
6.65000000000000e+00	1.88635419804178e+03
6.66000000000000e+00	1.77332802355013e+03
6.67000000000000e+00	1.67447965516089e+03
6.68000000000000e+00	1.59379159558393e+03
6.69000000000000e+00	1.53574224103235e+03
6.70000000000000e+00	1.50530137359443e+03
6.71000000000000e+00	1.50758245859659e+03
6.72000000000000e+00	1.54741129786089e+03
6.73000000000000e+00	1.62877670314457e+03
6.74000000000000e+00	1.75397332193378e+03
6.75000000000000e+00	1.92292550674580e+03
6.76000000000000e+00	2.13247505868634e+03
6.77000000000000e+00	2.37605036193242e+03
6.78000000000000e+00	2.64360930135428e+03
6.79000000000000e+00	2.92222451519331e+03
6.80000000000000e+00	3.19686308657934e+03
6.81000000000000e+00	3.45177541336720e+03
6.82000000000000e+00	3.67159420384019e+03
6.83000000000000e+00	3.84276630136988e+03
6.84000000000000e+00	3.95427471545985e+03
6.85000000000000e+00	3.99840519507315e+03
6.86000000000000e+00	3.97103214986990e+03
6.87000000000000e+00	3.87201368119976e+03
6.88000000000000e+00	3.70500891367869e+03
6.89000000000000e+00	3.47738843512964e+03
6.90000000000000e+00	3.20015893466392e+03
6.91000000000000e+00	2.88717820798071e+03
6.92000000000000e+00	2.55435203964864e+03
6.93000000000000e+00	2.21841134387227e+03
6.94000000000000e+00	1.89525330019637e+03
6.95000000000000e+00	1.59853328839920e+03
6.96000000000000e+00	1.33857935921884e+03
6.97000000000000e+00	1.12162238250991e+03
6.98000000000000e+00	9.49798013945279e+02
6.99000000000000e+00	8.21609418071788e+02
7.00000000000000e+00	7.32762101431580e+02
7.01000000000000e+00	6.77148008459637e+02
7.02000000000000e+00	6.47832887402780e+02
7.03000000000000e+00	6.37842196906916e+02
7.04000000000000e+00	6.40806921053839e+02
7.05000000000000e+00	6.51296006402058e+02
7.06000000000000e+00	6.65017046498221e+02
7.07000000000000e+00	6.78837239595979e+02
7.08000000000000e+00	6.90660280477561e+02
7.09000000000000e+00	6.99337018718741e+02
7.10000000000000e+00	7.04494604833173e+02
7.11000000000000e+00	7.06360701066699e+02
7.12000000000000e+00	7.05572046368646e+02
7.13000000000000e+00	7.03012378042733e+02
7.14000000000000e+00	6.99633874208457e+02
7.15000000000000e+00	6.96336103038244e+02
7.16000000000000e+00	6.93852378496224e+02
7.17000000000000e+00	6.92680208131890e+02
7.18000000000000e+00	6.93062792069031e+02
7.19000000000000e+00	6.94966653930457e+02
7.20000000000000e+00	6.98155168488949e+02
7.21000000000000e+00	7.02156518450356e+02
7.22000000000000e+00	7.06334212623803e+02
7.23000000000000e+00	7.09949097540488e+02
7.24000000000000e+00	7.12167530765949e+02
7.25000000000000e+00	7.12149196832489e+02
7.26000000000000e+00	7.09070166515795e+02
7.27000000000000e+00	7.02181795600561e+02
7.28000000000000e+00	6.90824561071208e+02
7.29000000000000e+00	6.74488907186920e+02
7.30000000000000e+00	6.52862114175411e+02
7.31000000000000e+00	6.25782609886383e+02
7.32000000000000e+00	5.93355520872298e+02
7.33000000000000e+00	5.55937487532749e+02
7.34000000000000e+00	5.14156714421963e+02
7.35000000000000e+00	4.68917183778242e+02
7.36000000000000e+00	4.21409262102504e+02
7.37000000000000e+00	3.73113413862238e+02
7.38000000000000e+00	3.25768689554562e+02
7.39000000000000e+00	2.81307441970524e+02
7.40000000000000e+00	2.41844125287941e+02
7.41000000000000e+00	2.09552397299146e+02
7.42000000000000e+00	1.86589302474066e+02
7.43000000000000e+00	1.74966062322395e+02
7.44000000000000e+00	1.76405675494448e+02
7.45000000000000e+00	1.92212119022081e+02
7.46000000000000e+00	2.23135405688118e+02
7.47000000000000e+00	2.69257288950747e+02
7.48000000000000e+00	3.29911822798169e+02
7.49000000000000e+00	4.03651258802429e+02
7.50000000000000e+00	4.88268892526622e+02
7.51000000000000e+00	5.80901904831845e+02
7.52000000000000e+00	6.78158497348115e+02
7.53000000000000e+00	7.76359740855977e+02
7.54000000000000e+00	8.71750992161581e+02
7.55000000000000e+00	9.60789523352744e+02
7.56000000000000e+00	1.04032074675170e+03
7.57000000000000e+00	1.10780701338585e+03
7.58000000000000e+00	1.16142540529119e+03
7.59000000000000e+00	1.20011904638504e+03
7.60000000000000e+00	1.22359669292385e+03
7.61000000000000e+00	1.23221951796361e+03
7.62000000000000e+00	1.22691003127647e+03
7.63000000000000e+00	1.20896172888681e+03
7.64000000000000e+00	1.17993064502563e+03
7.65000000000000e+00	1.14146811467900e+03
7.66000000000000e+00	1.09528912733527e+03
7.67000000000000e+00	1.04302774081198e+03
7.68000000000000e+00	9.86239963895984e+02
7.69000000000000e+00	9.26344451013426e+02
7.70000000000000e+00	8.64687218795468e+02
7.71000000000000e+00	8.02508712055947e+02
7.72000000000000e+00	7.41017015570379e+02
7.73000000000000e+00	6.81434724516382e+02
7.74000000000000e+00	6.25111705893789e+02
7.75000000000000e+00	5.73457425346749e+02
7.76000000000000e+00	5.28107588801645e+02
7.77000000000000e+00	4.90792668091850e+02
7.78000000000000e+00	4.63342917700861e+02
7.79000000000000e+00	4.47563486905649e+02
7.80000000000000e+00	4.45062027898744e+02
7.81000000000000e+00	4.57037605601385e+02
7.82000000000000e+00	4.83984042783050e+02
7.83000000000000e+00	5.25467639051346e+02
7.84000000000000e+00	5.79995741256879e+02
7.85000000000000e+00	6.44997579876424e+02
7.86000000000000e+00	7.16963864827664e+02
7.87000000000000e+00	7.91801520354102e+02
7.88000000000000e+00	8.65209767852480e+02
7.89000000000000e+00	9.33102310825281e+02
7.90000000000000e+00	9.92064102948465e+02
7.91000000000000e+00	1.03953986304347e+03
7.92000000000000e+00	1.07400974288006e+03
7.93000000000000e+00	1.09496067956102e+03
7.94000000000000e+00	1.10273648604190e+03
7.95000000000000e+00	1.09847147334338e+03
7.96000000000000e+00	1.08373426360149e+03
7.97000000000000e+00	1.06048890742489e+03
7.98000000000000e+00	1.03076307978583e+03
7.99000000000000e+00	9.96695402855007e+02
8.00000000000000e+00	9.60201289502464e+02
8.01000000000000e+00	9.23058832752003e+02
8.02000000000000e+00	8.86750103345108e+02
8.03000000000000e+00	8.52468915166800e+02
8.04000000000000e+00	8.21074212023897e+02
8.05000000000000e+00	7.93206295572119e+02
8.06000000000000e+00	7.69236623318993e+02
8.07000000000000e+00	7.49345779641745e+02
8.08000000000000e+00	7.33537032688944e+02
8.09000000000000e+00	7.21669374222045e+02
8.10000000000000e+00	7.13457275390658e+02
8.11000000000000e+00	7.08517146012028e+02
8.12000000000000e+00	7.06332004378073e+02
8.13000000000000e+00	7.06335391208609e+02
8.14000000000000e+00	7.07873956662345e+02
8.15000000000000e+00	7.10270380113683e+02
8.16000000000000e+00	7.12857535071852e+02
8.17000000000000e+00	7.15002530984952e+02
8.18000000000000e+00	7.16166130632153e+02
8.19000000000000e+00	7.15906833204950e+02
8.20000000000000e+00	7.13898506574092e+02
8.21000000000000e+00	7.10014353846168e+02
8.22000000000000e+00	7.04252090909843e+02
8.23000000000000e+00	6.96750876968652e+02
8.24000000000000e+00	6.87812434504145e+02
8.25000000000000e+00	6.77847407176763e+02
8.26000000000000e+00	6.67261653010502e+02
8.27000000000000e+00	6.56552546219925e+02
8.28000000000000e+00	6.46114810612591e+02
8.29000000000000e+00	6.36341799623396e+02
8.30000000000000e+00	6.27562369837626e+02
8.31000000000000e+00	6.19999722248701e+02
8.32000000000000e+00	6.13821580314279e+02
8.33000000000000e+00	6.09091092123488e+02
8.34000000000000e+00	6.05803552936218e+02
8.35000000000000e+00	6.03820907262526e+02
8.36000000000000e+00	6.02969939681549e+02
8.37000000000000e+00	6.02989727360312e+02
8.38000000000000e+00	6.03580457177231e+02
8.39000000000000e+00	6.04409463547354e+02
8.40000000000000e+00	6.05200288274718e+02
8.41000000000000e+00	6.05691436385486e+02
8.42000000000000e+00	6.05731476662110e+02
8.43000000000000e+00	6.05258306820092e+02
8.44000000000000e+00	6.04310908570112e+02
8.45000000000000e+00	6.03022365723139e+02
8.46000000000000e+00	6.01563361346884e+02
8.47000000000000e+00	6.00178559777095e+02
8.48000000000000e+00	5.99106520595425e+02
8.49000000000000e+00	5.98575662527427e+02
8.50000000000000e+00	5.98737158810480e+02
8.51000000000000e+00	5.99695554917767e+02
8.52000000000000e+00	6.01434572810706e+02
8.53000000000000e+00	6.03813344874603e+02
8.54000000000000e+00	6.06561687597042e+02
8.55000000000000e+00	6.09341213376917e+02
8.56000000000000e+00	6.11734584105403e+02
8.57000000000000e+00	6.13318662982254e+02
8.58000000000000e+00	6.13688044235251e+02
8.59000000000000e+00	6.12555153002279e+02
8.60000000000000e+00	6.09729102263505e+02
8.61000000000000e+00	6.05139697057285e+02
8.62000000000000e+00	5.98813240797366e+02
8.63000000000000e+00	5.90935629384803e+02
8.64000000000000e+00	5.81782808957668e+02
8.65000000000000e+00	5.71715123389646e+02
8.66000000000000e+00	5.61199770813940e+02
8.67000000000000e+00	5.50722517248571e+02
8.68000000000000e+00	5.40868792604832e+02
8.69000000000000e+00	5.32189550006563e+02
8.70000000000000e+00	5.25275169843102e+02
8.71000000000000e+00	5.20614959611029e+02
8.72000000000000e+00	5.18688999084278e+02
8.73000000000000e+00	5.19769626347241e+02
8.74000000000000e+00	5.24035465870471e+02
8.75000000000000e+00	5.31412039826870e+02
8.76000000000000e+00	5.41673603303746e+02
8.77000000000000e+00	5.54355638468019e+02
8.78000000000000e+00	5.68854398584517e+02
8.79000000000000e+00	5.84454715928482e+02
8.80000000000000e+00	6.00370962352009e+02
8.81000000000000e+00	6.15839536688595e+02
8.82000000000000e+00	6.30183966357326e+02
8.83000000000000e+00	6.42806267328903e+02
8.84000000000000e+00	6.53307075310268e+02
8.85000000000000e+00	6.61427114752680e+02
8.86000000000000e+00	6.67058678328899e+02
8.87000000000000e+00	6.70235538131739e+02
8.88000000000000e+00	6.71134539989375e+02
8.89000000000000e+00	6.70026733841729e+02
8.90000000000000e+00	6.67224684823527e+02
8.91000000000000e+00	6.63103167933762e+02
8.92000000000000e+00	6.57970597588281e+02
8.93000000000000e+00	6.52195266801701e+02
8.94000000000000e+00	6.46040566234561e+02
8.95000000000000e+00	6.39750137092320e+02
8.96000000000000e+00	6.33489068984687e+02
8.97000000000000e+00	6.27390397737598e+02
8.98000000000000e+00	6.21505364253444e+02
8.99000000000000e+00	6.15904838151659e+02
9.00000000000000e+00	6.10613787626752e+02
9.01000000000000e+00	6.05734399320388e+02
9.02000000000000e+00	6.01304323044689e+02
9.03000000000000e+00	5.97387955737735e+02
9.04000000000000e+00	5.94068808872271e+02
9.05000000000000e+00	5.91359010905661e+02
9.06000000000000e+00	5.89256326359950e+02
9.07000000000000e+00	5.87699203553948e+02
9.08000000000000e+00	5.86627407998778e+02
9.09000000000000e+00	5.85955497065466e+02
9.10000000000000e+00	5.85607120845338e+02
9.11000000000000e+00	5.85471309762452e+02
9.12000000000000e+00	5.85467426913106e+02
9.13000000000000e+00	5.85489753061363e+02
9.14000000000000e+00	5.85455931457826e+02
9.15000000000000e+00	5.85277991848237e+02
9.16000000000000e+00	5.84886642985450e+02
9.17000000000000e+00	5.84247127702298e+02
9.18000000000000e+00	5.83347553291873e+02
9.19000000000000e+00	5.82200727369240e+02
9.20000000000000e+00	5.80842902766208e+02
9.21000000000000e+00	5.79337410521021e+02
9.22000000000000e+00	5.77747567013223e+02
9.23000000000000e+00	5.76143501996301e+02
9.24000000000000e+00	5.74571442183360e+02
9.25000000000000e+00	5.73072679683785e+02
9.26000000000000e+00	5.71664654427061e+02
9.27000000000000e+00	5.70364846311838e+02
9.28000000000000e+00	5.69178231194674e+02
9.29000000000000e+00	5.68113924062937e+02
9.30000000000000e+00	5.67177598290152e+02
9.31000000000000e+00	5.66385544219532e+02
9.32000000000000e+00	5.65747408593236e+02
9.33000000000000e+00	5.65277215589573e+02
9.34000000000000e+00	5.64982636330424e+02
9.35000000000000e+00	5.64859028700079e+02
9.36000000000000e+00	5.64898964949029e+02
9.37000000000000e+00	5.65076616720337e+02
9.38000000000000e+00	5.65362657313578e+02
9.39000000000000e+00	5.65723399454501e+02
9.40000000000000e+00	5.66111329724307e+02
9.41000000000000e+00	5.66492301449575e+02
9.42000000000000e+00	5.66820019710760e+02
9.43000000000000e+00	5.67063986621115e+02
9.44000000000000e+00	5.67185710036260e+02
9.45000000000000e+00	5.67158728673051e+02
9.46000000000000e+00	5.66968790235096e+02
9.47000000000000e+00	5.66606756463087e+02
9.48000000000000e+00	5.66091378489464e+02
9.49000000000000e+00	5.65438365640406e+02
9.50000000000000e+00	5.64690921053384e+02
9.51000000000000e+00	5.63875413753356e+02
9.52000000000000e+00	5.63008086615935e+02
9.53000000000000e+00	5.62085577613568e+02
9.54000000000000e+00	5.61077697056358e+02
9.55000000000000e+00	5.59949734882104e+02
9.56000000000000e+00	5.58699534934825e+02
9.57000000000000e+00	5.57375276304366e+02
9.58000000000000e+00	5.56080493251748e+02
9.59000000000000e+00	5.54953146091759e+02
9.60000000000000e+00	5.54115857485646e+02
9.61000000000000e+00	5.53646320477247e+02
9.62000000000000e+00	5.53542812894061e+02
9.63000000000000e+00	5.53746665658610e+02
9.64000000000000e+00	5.54154530192670e+02
9.65000000000000e+00	5.54660016341277e+02
9.66000000000000e+00	5.55183404466344e+02
9.67000000000000e+00	5.55669474097608e+02
9.68000000000000e+00	5.56096730557525e+02
9.69000000000000e+00	5.56448406692190e+02
9.70000000000000e+00	5.56724510377716e+02
9.71000000000000e+00	5.56934395239379e+02
9.72000000000000e+00	5.57070166046194e+02
9.73000000000000e+00	5.57138553014568e+02
9.74000000000000e+00	5.57143338512004e+02
9.75000000000000e+00	5.57084864538424e+02
9.76000000000000e+00	5.56967055529672e+02
9.77000000000000e+00	5.56785364662246e+02
9.78000000000000e+00	5.56539714377816e+02
9.79000000000000e+00	5.56243046423698e+02
9.80000000000000e+00	5.55892256100415e+02
9.81000000000000e+00	5.55501949577302e+02
9.82000000000000e+00	5.55084601282300e+02
9.83000000000000e+00	5.54640879967118e+02
9.84000000000000e+00	5.54174969905908e+02
9.85000000000000e+00	5.53685509976782e+02
9.86000000000000e+00	5.53171847344007e+02
9.87000000000000e+00	5.52655010313278e+02
9.88000000000000e+00	5.52215361821726e+02
9.89000000000000e+00	5.52108601071841e+02
9.90000000000000e+00	5.52976205532901e+02
9.91000000000000e+00	5.56244693269194e+02
9.92000000000000e+00	5.64754217162147e+02
9.93000000000000e+00	5.83665683893723e+02
9.94000000000000e+00	6.21830662831750e+02
9.95000000000000e+00	6.94507840381371e+02
9.96000000000000e+00	8.29397363339351e+02
9.97000000000000e+00	1.08144286431174e+03
9.98000000000000e+00	1.57035925526933e+03
9.99000000000000e+00	2.58196691280040e+03
1.00000000000000e+01	4.86542734936452e+03
1.00100000000000e+01	1.04792885074183e+04
1.00200000000000e+01	2.28533941043092e+04
1.00300000000000e+01	2.84791564011643e+04
1.00400000000000e+01	1.31923409071427e+04
1.00500000000000e+01	4.45092735996142e+03
1.00600000000000e+01	1.58309622965975e+03
1.00700000000000e+01	6.30397467763741e+02
1.00800000000000e+01	2.79814299619810e+02
1.00900000000000e+01	1.36229940052637e+02
1.01000000000000e+01	7.15892048112224e+01
1.01100000000000e+01	4.00640362413281e+01
1.01200000000000e+01	2.36231956555498e+01
1.01300000000000e+01	1.45527218834123e+01
1.01400000000000e+01	9.30400814875354e+00
1.01500000000000e+01	6.14069560212054e+00
1.01600000000000e+01	4.16609036383842e+00
1.01700000000000e+01	2.89525773810025e+00
1.01800000000000e+01	2.05517202576925e+00
1.01900000000000e+01	1.48651288559969e+00
1.02000000000000e+01	1.09340660548282e+00
1.02100000000000e+01	8.16468198718718e-01
1.02200000000000e+01	6.18035186305755e-01
1.02300000000000e+01	4.73644046852800e-01
1.02400000000000e+01	3.67102984571110e-01
1.02500000000000e+01	2.87480467531305e-01
1.02600000000000e+01	2.27273327365777e-01
1.02700000000000e+01	1.81255369803939e-01
1.02800000000000e+01	1.45733993468042e-01
1.02900000000000e+01	1.18059913679119e-01
1.03000000000000e+01	9.63154061680232e-02
1.03100000000000e+01	7.90928498818885e-02
1.03200000000000e+01	6.53502444888489e-02
1.03300000000000e+01	5.43081966139638e-02
1.03400000000000e+01	4.53771625919464e-02
1.03500000000000e+01	3.81089220372774e-02
1.03600000000000e+01	3.21593150343387e-02
1.03700000000000e+01	2.72622364994162e-02
1.03800000000000e+01	2.32103614516405e-02
1.03900000000000e+01	1.98413379646849e-02
1.04000000000000e+01	1.70267420049476e-02
1.04100000000000e+01	1.46648530676371e-02
1.04200000000000e+01	1.26745219586906e-02
1.04300000000000e+01	1.09904693828723e-02
1.04400000000000e+01	9.56023116281829e-03
1.04500000000000e+01	8.34112065367353e-03
1.04600000000000e+01	7.29833261435446e-03
1.04700000000000e+01	6.40343809704321e-03
1.04800000000000e+01	5.63306330954648e-03
1.04900000000000e+01	4.96793479973709e-03
1.05000000000000e+01	4.39197071490181e-03
1.05100000000000e+01	3.89187416129970e-03
1.05200000000000e+01	3.45650239892940e-03
1.05300000000000e+01	3.07648995655850e-03
1.05400000000000e+01	2.74399974790152e-03
1.05500000000000e+01	2.45240443233773e-03
1.05600000000000e+01	2.19608213107677e-03
1.05700000000000e+01	1.97024261504521e-03
1.05800000000000e+01	1.77085148715203e-03
1.05900000000000e+01	1.59443639831362e-03
1.06000000000000e+01	1.43802976385751e-03
1.06100000000000e+01	1.29909557148809e-03
1.06200000000000e+01	1.17544798227922e-03
1.06300000000000e+01	1.06519845403107e-03
1.06400000000000e+01	9.66717432642683e-04
1.06500000000000e+01	8.78596661585895e-04
1.06600000000000e+01	7.99615515316975e-04
1.06700000000000e+01	7.28704288652275e-04
1.06800000000000e+01	6.64942992838878e-04
1.06900000000000e+01	6.07520845200202e-04
1.07000000000000e+01	5.55726300522734e-04
1.07100000000000e+01	5.08944948000575e-04
1.07200000000000e+01	4.66632926268908e-04
1.07300000000000e+01	4.28310980012588e-04
1.07400000000000e+01	3.93559101961337e-04
1.07500000000000e+01	3.62004825035340e-04
1.07600000000000e+01	3.33323824646807e-04
1.07700000000000e+01	3.07222108142223e-04
1.07800000000000e+01	2.83444774225416e-04
1.07900000000000e+01	2.61760308783474e-04
1.08000000000000e+01	2.41965276387241e-04
1.08100000000000e+01	2.23875330079499e-04
1.08200000000000e+01	2.07327583119140e-04
1.08300000000000e+01	1.92176645017852e-04
1.08400000000000e+01	1.78289022318868e-04
1.08500000000000e+01	1.65547262309140e-04
1.08600000000000e+01	1.53844921172112e-04
1.08700000000000e+01	1.43086607433779e-04
1.08800000000000e+01	1.33186810013323e-04
1.08900000000000e+01	1.24066839410561e-04
1.09000000000000e+01	1.15658029150679e-04
1.09100000000000e+01	1.07897156802531e-04
1.09200000000000e+01	1.00727831412285e-04
1.09300000000000e+01	9.40980298319929e-05
1.09400000000000e+01	8.79615626295149e-05
1.09500000000000e+01	8.22775565390561e-05
1.09600000000000e+01	7.70072120667595e-05
1.09700000000000e+01	7.21171227964048e-05
1.09800000000000e+01	6.75751755645559e-05
1.09900000000000e+01	6.33541101905480e-05
1.10000000000000e+01	5.94283528174775e-05
1.10100000000000e+01	5.57747581782529e-05
1.10200000000000e+01	5.23727996975374e-05
1.10300000000000e+01	4.92035127958899e-05
1.10400000000000e+01	4.62493262200543e-05
1.10500000000000e+01	4.34949881130249e-05
1.10600000000000e+01	4.09266507841411e-05
1.10700000000000e+01	3.85301035451265e-05
1.10800000000000e+01	3.62936305365537e-05
1.10900000000000e+01	3.42061041027996e-05
1.11000000000000e+01	3.22568994062323e-05
1.11100000000000e+01	3.04361986929388e-05
1.11200000000000e+01	2.87344557095498e-05
1.11300000000000e+01	2.71434906835892e-05
1.11400000000000e+01	2.56552343067172e-05
1.11500000000000e+01	2.42620726269323e-05
1.11600000000000e+01	2.29569454106440e-05
1.11700000000000e+01	2.17337980079830e-05
1.11800000000000e+01	2.05863009933415e-05
1.11900000000000e+01	1.95090787316435e-05
1.12000000000000e+01	1.84969059086929e-05
1.12100000000000e+01	1.75454044204211e-05
1.12200000000000e+01	1.66502517773895e-05
1.12300000000000e+01	1.58074797455054e-05
1.12400000000000e+01	1.50133831196819e-05
1.12500000000000e+01	1.42649773902976e-05
1.12600000000000e+01	1.35589900623651e-05
1.12700000000000e+01	1.28927897292679e-05
1.12800000000000e+01	1.22638290473051e-05
1.12900000000000e+01	1.16696763518951e-05
1.13000000000000e+01	1.11082154443370e-05
1.13100000000000e+01	1.05773961518510e-05
1.13200000000000e+01	1.00752563451103e-05
1.13300000000000e+01	9.60018103830661e-06
1.13400000000000e+01	9.15039651715204e-06
1.13500000000000e+01	8.72447397117462e-06
1.13600000000000e+01	8.32092629030617e-06
1.13700000000000e+01	7.93831858731398e-06
1.13800000000000e+01	7.57561092371456e-06
1.13900000000000e+01	7.23150167360940e-06
1.14000000000000e+01	6.90492130775074e-06
1.14100000000000e+01	6.59493928713054e-06
1.14200000000000e+01	6.30050565503922e-06
1.14300000000000e+01	6.02083942536598e-06
1.14400000000000e+01	5.75508406377622e-06
1.14500000000000e+01	5.50250319893207e-06
1.14600000000000e+01	5.26234421110439e-06
1.14700000000000e+01	5.03393959139293e-06
1.14800000000000e+01	4.81661381146697e-06
1.14900000000000e+01	4.60981015926959e-06
1.15000000000000e+01	4.41295390992733e-06
1.15100000000000e+01	4.22547529382309e-06
1.15200000000000e+01	4.04690289076593e-06
1.15300000000000e+01	3.87676519566485e-06
1.15400000000000e+01	3.71459346880284e-06
1.15500000000000e+01	3.56005396157214e-06
1.15600000000000e+01	3.41273508742673e-06
1.15700000000000e+01	3.27229374600550e-06
1.15800000000000e+01	3.13844207087217e-06
1.15900000000000e+01	3.01082735205163e-06
1.16000000000000e+01	2.88919144861845e-06
1.16100000000000e+01	2.77327075815603e-06
1.16200000000000e+01	2.66277093738690e-06
1.16300000000000e+01	2.55744270528678e-06
1.16400000000000e+01	2.45702030245292e-06
1.16500000000000e+01	2.36125198056582e-06
1.16600000000000e+01	2.26987964320770e-06
1.16700000000000e+01	2.18268152752486e-06
1.16800000000000e+01	2.09938402158805e-06
1.16900000000000e+01	2.01976564675601e-06
1.17000000000000e+01	1.94361676517336e-06
1.17100000000000e+01	1.87073478361778e-06
1.17200000000000e+01	1.80092226840902e-06
1.17300000000000e+01	1.73398328969568e-06
1.17400000000000e+01	1.66978721523921e-06
1.17500000000000e+01	1.60817666950480e-06
1.17600000000000e+01	1.54902174286001e-06
1.17700000000000e+01	1.49220706645606e-06
1.17800000000000e+01	1.43766207603081e-06
1.17900000000000e+01	1.38526759622472e-06
1.18000000000000e+01	1.33495828402920e-06
1.18100000000000e+01	1.28666250529239e-06
1.18200000000000e+01	1.24030904169202e-06
1.18300000000000e+01	1.19583250082858e-06
1.18400000000000e+01	1.15316958095375e-06
1.18500000000000e+01	1.11225098644867e-06
1.18600000000000e+01	1.07301353957442e-06
1.18700000000000e+01	1.03539061642508e-06
1.18800000000000e+01	9.99302977039083e-07
1.18900000000000e+01	9.64691648724523e-07
1.19000000000000e+01	9.31489329103964e-07
1.19100000000000e+01	8.99624615730022e-07
1.19200000000000e+01	8.69032879711656e-07
1.19300000000000e+01	8.39658835274042e-07
1.19400000000000e+01	8.11426288960334e-07
1.19500000000000e+01	7.84290341153351e-07
1.19600000000000e+01	7.58192890520690e-07
1.19700000000000e+01	7.33082765357521e-07
1.19800000000000e+01	7.08910521550572e-07
1.19900000000000e+01	6.85625914260623e-07
1.20000000000000e+01	6.63188432548177e-07
1.20100000000000e+01	6.41560027100480e-07
1.20200000000000e+01	6.20709745228670e-07
1.20300000000000e+01	6.00601436207508e-07
1.20400000000000e+01	5.81207736026248e-07
1.20500000000000e+01	5.62497845394142e-07
1.20600000000000e+01	5.44456150482104e-07
1.20700000000000e+01	5.27051035071555e-07
1.20800000000000e+01	5.10271977105798e-07
1.20900000000000e+01	4.94096608681259e-07
1.21000000000000e+01	4.78508677167157e-07
1.21100000000000e+01	4.63491710517988e-07
1.21200000000000e+01	4.49025771404723e-07
1.21300000000000e+01	4.35088418700566e-07
1.21400000000000e+01	4.21670789955015e-07
1.21500000000000e+01	4.08751240738226e-07
1.21600000000000e+01	3.96302052165812e-07
1.21700000000000e+01	3.84310359744483e-07
1.21800000000000e+01	3.72752161675555e-07
1.21900000000000e+01	3.61611452834786e-07
1.22000000000000e+01	3.50864236906053e-07
1.22100000000000e+01	3.40493252564328e-07
1.22200000000000e+01	3.30476272497711e-07
1.22300000000000e+01	3.20799153050419e-07
1.22400000000000e+01	3.11440544651260e-07
1.22500000000000e+01	3.02385563334647e-07
1.22600000000000e+01	2.93623605820575e-07
1.22700000000000e+01	2.85136637637700e-07
1.22800000000000e+01	2.76909699081080e-07
1.22900000000000e+01	2.68936148571689e-07
1.23000000000000e+01	2.61199489163578e-07
1.23100000000000e+01	2.53691295817806e-07
1.23200000000000e+01	2.46401735754702e-07
1.23300000000000e+01	2.39319903014497e-07
1.23400000000000e+01	2.32441483121196e-07
1.23500000000000e+01	2.25759405144095e-07
1.23600000000000e+01	2.19266953667314e-07
1.23700000000000e+01	2.12958755205147e-07
1.23800000000000e+01	2.06828640753500e-07
1.23900000000000e+01	2.00879196959219e-07
1.24000000000000e+01	1.95099782074711e-07
1.24100000000000e+01	1.89494927442153e-07
1.24200000000000e+01	1.84056350523724e-07
1.24300000000000e+01	1.78782855111503e-07
1.24400000000000e+01	1.73672815132565e-07
1.24500000000000e+01	1.68719161827034e-07
1.24600000000000e+01	1.63920382635701e-07
1.24700000000000e+01	1.59272183562636e-07
1.24800000000000e+01	1.54769992969523e-07
1.24900000000000e+01	1.50408109639904e-07
1.25000000000000e+01	1.46184553111680e-07
1.25100000000000e+01	1.42093955904288e-07
1.25200000000000e+01	1.38131106225684e-07
1.25300000000000e+01	1.34292674061322e-07
1.25400000000000e+01	1.30577237669981e-07
1.25500000000000e+01	1.26978123744744e-07
1.25600000000000e+01	1.23493252409366e-07
1.25700000000000e+01	1.20118624973645e-07
1.25800000000000e+01	1.16852237450662e-07
1.25900000000000e+01	1.13689313663621e-07
1.26000000000000e+01	1.10626136794557e-07
1.26100000000000e+01	1.07659379646348e-07
1.26200000000000e+01	1.04785987530138e-07
1.26300000000000e+01	1.02001518347840e-07
1.26400000000000e+01	9.93025105650297e-08
1.26500000000000e+01	9.66863291984558e-08
1.26600000000000e+01	9.41501710085322e-08
1.26700000000000e+01	9.16900955087435e-08
1.26800000000000e+01	8.93040877324291e-08
1.26900000000000e+01	8.69896434155645e-08
1.27000000000000e+01	8.47449949431503e-08
1.27100000000000e+01	8.25676662236829e-08
1.27200000000000e+01	8.04563661001128e-08
1.27300000000000e+01	7.84083016466382e-08
1.27400000000000e+01	7.64231958762868e-08
1.27500000000000e+01	7.44983476813132e-08
1.27600000000000e+01	7.26319042626389e-08
1.27700000000000e+01	7.08224187568216e-08
1.27800000000000e+01	6.90684794447792e-08
1.27900000000000e+01	6.73667468988026e-08
1.28000000000000e+01	6.57165564869524e-08
1.28100000000000e+01	6.41151727843246e-08
1.28200000000000e+01	6.25614898088985e-08
1.28300000000000e+01	6.10526528165792e-08
1.28400000000000e+01	5.95878183052994e-08
1.28500000000000e+01	5.81654356076377e-08
1.28600000000000e+01	5.67834453339769e-08
1.28700000000000e+01	5.54408756383154e-08
1.28800000000000e+01	5.41361348319592e-08
1.28900000000000e+01	5.28681717638518e-08
1.29000000000000e+01	5.16353558048408e-08
1.29100000000000e+01	5.04369687654568e-08
1.29200000000000e+01	4.92715425830139e-08
1.29300000000000e+01	4.81384224955841e-08
1.29400000000000e+01	4.70357279117210e-08
1.29500000000000e+01	4.59633596085004e-08
1.29600000000000e+01	4.49194078232423e-08
1.29700000000000e+01	4.39037328377189e-08
1.29800000000000e+01	4.29145214396037e-08
1.29900000000000e+01	4.19518447359625e-08
1.30000000000000e+01	4.10143090450098e-08
1.30100000000000e+01	4.01014831088103e-08
1.30200000000000e+01	3.92125385311522e-08
1.30300000000000e+01	3.83470389419076e-08
1.30400000000000e+01	3.75041486796841e-08
1.30500000000000e+01	3.66830674157586e-08
1.30600000000000e+01	3.58829906068272e-08
1.30700000000000e+01	3.51032011452403e-08
1.30800000000000e+01	3.43427718464244e-08
1.30900000000000e+01	3.36011246124894e-08
1.31000000000000e+01	3.28770638250942e-08
1.31100000000000e+01	3.21704258055808e-08
1.31200000000000e+01	3.14794100306591e-08
1.31300000000000e+01	3.08043003890314e-08
1.31400000000000e+01	3.01438488766703e-08
1.31500000000000e+01	2.94981380971829e-08
1.31600000000000e+01	2.88665315060013e-08
1.31700000000000e+01	2.82487001045710e-08
1.31800000000000e+01	2.76443838097612e-08
1.31900000000000e+01	2.70538498131111e-08
1.32000000000000e+01	2.64765093554585e-08
1.32100000000000e+01	2.59121705143597e-08
1.32200000000000e+01	2.53609053402980e-08
1.32300000000000e+01	2.48225049316369e-08
1.32400000000000e+01	2.42964443975345e-08
1.32500000000000e+01	2.37825437071686e-08
1.32600000000000e+01	2.32801468052451e-08
1.32700000000000e+01	2.27892630174955e-08
1.32800000000000e+01	2.23092927443866e-08
1.32900000000000e+01	2.18400095500361e-08
1.33000000000000e+01	2.13811608410171e-08
1.33100000000000e+01	2.09323289515622e-08
1.33200000000000e+01	2.04934139969816e-08
1.33300000000000e+01	2.00641231763168e-08
1.33400000000000e+01	1.96446546646925e-08
1.33500000000000e+01	1.92346924229145e-08
1.33600000000000e+01	1.88341117637347e-08
1.33700000000000e+01	1.84428739421851e-08
1.33800000000000e+01	1.80610899564694e-08
1.33900000000000e+01	1.76883897989803e-08
1.34000000000000e+01	1.73246125565855e-08
1.34100000000000e+01	1.69696536383219e-08
1.34200000000000e+01	1.66234287378278e-08
1.34300000000000e+01	1.62853915792659e-08
1.34400000000000e+01	1.59555568836130e-08
1.34500000000000e+01	1.56335830213852e-08
1.34600000000000e+01	1.53192687689054e-08
1.34700000000000e+01	1.50121224429844e-08
1.34800000000000e+01	1.47123511068695e-08
1.34900000000000e+01	1.44192643708277e-08
1.35000000000000e+01	1.41329458837249e-08
1.35100000000000e+01	1.38528081431789e-08
1.35200000000000e+01	1.35789405954755e-08
1.35300000000000e+01	1.33110286335669e-08
1.35400000000000e+01	1.30488560340331e-08
1.35500000000000e+01	1.27920775907952e-08
1.35600000000000e+01	1.25407292728647e-08
1.35700000000000e+01	1.22943447399177e-08
1.35800000000000e+01	1.20530383112743e-08
1.35900000000000e+01	1.18162682754864e-08
1.36000000000000e+01	1.15842623703067e-08
1.36100000000000e+01	1.13566390688739e-08
1.36200000000000e+01	1.11334156167429e-08
1.36300000000000e+01	1.09143955546525e-08
1.36400000000000e+01	1.06995820569684e-08
1.36500000000000e+01	1.04889738690288e-08
1.36600000000000e+01	1.02823527982812e-08
1.36700000000000e+01	1.00797621556027e-08
1.36800000000000e+01	9.88137192824555e-09
1.36900000000000e+01	9.68700201335351e-09
1.37000000000000e+01	9.49657879535212e-09
1.37100000000000e+01	9.31028449574721e-09
1.37200000000000e+01	9.12797377738750e-09
1.37300000000000e+01	8.94990072354050e-09
1.37400000000000e+01	8.77581203858173e-09
1.37500000000000e+01	8.60592225977909e-09
1.37600000000000e+01	8.44010090715828e-09
1.37700000000000e+01	8.27820333601579e-09
1.37800000000000e+01	8.12035067943407e-09
1.37900000000000e+01	7.96629949645890e-09
1.38000000000000e+01	7.81609433973739e-09
1.38100000000000e+01	7.66943579934965e-09
1.38200000000000e+01	7.52638004006218e-09
1.38300000000000e+01	7.38659016448257e-09
1.38400000000000e+01	7.25007017281472e-09
1.38500000000000e+01	7.11670641821667e-09
1.38600000000000e+01	6.98622979267848e-09
1.38700000000000e+01	6.85855476292759e-09
1.38800000000000e+01	6.73372364630840e-09
1.38900000000000e+01	6.61141488474707e-09
1.39000000000000e+01	6.49161431591996e-09
1.39100000000000e+01	6.37428768297596e-09
1.39200000000000e+01	6.25924683776780e-09
1.39300000000000e+01	6.14648834492716e-09
1.39400000000000e+01	6.03592801611302e-09
1.39500000000000e+01	5.92755070374001e-09
1.39600000000000e+01	5.82116119797376e-09
1.39700000000000e+01	5.71678501533042e-09
1.39800000000000e+01	5.61442210942428e-09
1.39900000000000e+01	5.51394094602622e-09
1.40000000000000e+01	5.41537344506081e-09
1.40100000000000e+01	5.31865757977628e-09
1.40200000000000e+01	5.22373754514517e-09
1.40300000000000e+01	5.13066386488646e-09
1.40400000000000e+01	5.03940073253650e-09
1.40500000000000e+01	4.94995160904244e-09
1.40600000000000e+01	4.86223500674712e-09
1.40700000000000e+01	4.77633110833197e-09
1.40800000000000e+01	4.69216406510429e-09
1.40900000000000e+01	4.60972315866061e-09
1.41000000000000e+01	4.52894558327628e-09
1.41100000000000e+01	4.44988244456405e-09
1.41200000000000e+01	4.37238839819788e-09
1.41300000000000e+01	4.29648918318453e-09
1.41400000000000e+01	4.22210370973221e-09
1.41500000000000e+01	4.14910082070167e-09
1.41600000000000e+01	4.07749983433592e-09
1.41700000000000e+01	4.00719890346170e-09
1.41800000000000e+01	3.93815154429314e-09
1.41900000000000e+01	3.87032269974301e-09
1.42000000000000e+01	3.80362338282231e-09
1.42100000000000e+01	3.73801961283337e-09
1.42200000000000e+01	3.67361474872211e-09
1.42300000000000e+01	3.61024204870835e-09
1.42400000000000e+01	3.54798603022886e-09
1.42500000000000e+01	3.48684049465769e-09
1.42600000000000e+01	3.42675617146281e-09
1.42700000000000e+01	3.36779389351660e-09
1.42800000000000e+01	3.30999287561541e-09
1.42900000000000e+01	3.25326463185610e-09
1.43000000000000e+01	3.19766032692421e-09
1.43100000000000e+01	3.14315625554603e-09
1.43200000000000e+01	3.08970245262480e-09
1.43300000000000e+01	3.03732974676595e-09
1.43400000000000e+01	2.98597178200154e-09
1.43500000000000e+01	2.93564001154757e-09
1.43600000000000e+01	2.88627711395013e-09
1.43700000000000e+01	2.83784737187607e-09
1.43800000000000e+01	2.79035908441237e-09
1.43900000000000e+01	2.74379832315425e-09
1.44000000000000e+01	2.69815662154141e-09
1.44100000000000e+01	2.65337354136005e-09
1.44200000000000e+01	2.60945640731928e-09
1.44300000000000e+01	2.56638870348111e-09
1.44400000000000e+01	2.52417985063735e-09
1.44500000000000e+01	2.48278341724573e-09
1.44600000000000e+01	2.44221874170382e-09
1.44700000000000e+01	2.40245960577653e-09
1.44800000000000e+01	2.36344637960432e-09
1.44900000000000e+01	2.32522739900418e-09
1.45000000000000e+01	2.28772325395857e-09
1.45100000000000e+01	2.25097260694499e-09
1.45200000000000e+01	2.21491639971878e-09
1.45300000000000e+01	2.17953930852255e-09
1.45400000000000e+01	2.14485093296299e-09
1.45500000000000e+01	2.11080014740735e-09
1.45600000000000e+01	2.07736777742636e-09
1.45700000000000e+01	2.04457151152072e-09
1.45800000000000e+01	2.01232089693638e-09
1.45900000000000e+01	1.98070345571170e-09
1.46000000000000e+01	1.94962219926333e-09
1.46100000000000e+01	1.91906668936824e-09
1.46200000000000e+01	1.88907522054896e-09
1.46300000000000e+01	1.85956911106807e-09
1.46400000000000e+01	1.83059883677215e-09
1.46500000000000e+01	1.80212832305037e-09
1.46600000000000e+01	1.77411993931003e-09
1.46700000000000e+01	1.74662095918736e-09
1.46800000000000e+01	1.71960907155630e-09
1.46900000000000e+01	1.69306258500816e-09
1.47000000000000e+01	1.66699846669505e-09
1.47100000000000e+01	1.64139469780663e-09
1.47200000000000e+01	1.61622935027250e-09
1.47300000000000e+01	1.59153425396785e-09
1.47400000000000e+01	1.56728915461237e-09
1.47500000000000e+01	1.54348291718611e-09
1.47600000000000e+01	1.52010435554576e-09
1.47700000000000e+01	1.49714403458176e-09
1.47800000000000e+01	1.47458297699465e-09
1.47900000000000e+01	1.45241281259880e-09
1.48000000000000e+01	1.43061420750290e-09
1.48100000000000e+01	1.40916317269938e-09
1.48200000000000e+01	1.38808982807346e-09
1.48300000000000e+01	1.36734332010477e-09
1.48400000000000e+01	1.34691566980896e-09
1.48500000000000e+01	1.32681372184901e-09
1.48600000000000e+01	1.30701570500996e-09
1.48700000000000e+01	1.28752722226297e-09
1.48800000000000e+01	1.26832411896166e-09
1.48900000000000e+01	1.24939895280664e-09
1.49000000000000e+01	1.23078838403036e-09
1.49100000000000e+01	1.21243733977824e-09
1.49200000000000e+01	1.19436993375516e-09
1.49300000000000e+01	1.17658054212800e-09
1.49400000000000e+01	1.15907457218676e-09
1.49500000000000e+01	1.14183148859356e-09
1.49600000000000e+01	1.12487036844847e-09
1.49700000000000e+01	1.10818543763831e-09
1.49800000000000e+01	1.09177241307928e-09
1.49900000000000e+01	1.07564782978680e-09
1.50000000000000e+01	1.05977747871671e-09
1.50100000000000e+01	1.04419061117192e-09
1.50200000000000e+01	1.02885227857820e-09
1.50300000000000e+01	1.01378679838140e-09
1.50400000000000e+01	9.98985073047088e-10
1.50500000000000e+01	9.84429264776933e-10
1.50600000000000e+01	9.70118317750851e-10
1.50700000000000e+01	9.56050209282338e-10
1.50800000000000e+01	9.42210156079627e-10
1.50900000000000e+01	9.28600486282392e-10
1.51000000000000e+01	9.15205643297887e-10
1.51100000000000e+01	9.02025913432599e-10
1.51200000000000e+01	8.89051805959059e-10
1.51300000000000e+01	8.76262456093389e-10
1.51400000000000e+01	8.63685144588373e-10
1.51500000000000e+01	8.51281939676924e-10
1.51600000000000e+01	8.39056026225513e-10
1.51700000000000e+01	8.27015892146773e-10
1.51800000000000e+01	8.15160374529367e-10
1.51900000000000e+01	8.03475243473236e-10
1.52000000000000e+01	7.91962560039537e-10
1.52100000000000e+01	7.80631508103285e-10
1.52200000000000e+01	7.69482502638968e-10
1.52300000000000e+01	7.58495664604715e-10
1.52400000000000e+01	7.47673464440705e-10
1.52500000000000e+01	7.37025915718811e-10
1.52600000000000e+01	7.26529141999281e-10
1.52700000000000e+01	7.16184676840849e-10
1.52800000000000e+01	7.05987233225786e-10
1.52900000000000e+01	6.95911636580185e-10
1.53000000000000e+01	6.85964086205250e-10
1.53100000000000e+01	6.76120609917662e-10
1.53200000000000e+01	6.66375130071643e-10
1.53300000000000e+01	6.56723438971245e-10
1.53400000000000e+01	6.47141168283191e-10
1.53500000000000e+01	6.37631232402313e-10
1.53600000000000e+01	6.28195285535671e-10
1.53700000000000e+01	6.18812529914025e-10
1.53800000000000e+01	6.09482694919289e-10
1.53900000000000e+01	6.00220925049687e-10
1.54000000000000e+01	5.91014719277932e-10
1.54100000000000e+01	5.81881096429970e-10
1.54200000000000e+01	5.72818438755682e-10
1.54300000000000e+01	5.63846734848198e-10
1.54400000000000e+01	5.54965781756368e-10
1.54500000000000e+01	5.46202447730092e-10
1.54600000000000e+01	5.37557121046021e-10
1.54700000000000e+01	5.29064224674141e-10
1.54800000000000e+01	5.20722002607308e-10
1.54900000000000e+01	5.12556781285287e-10
1.55000000000000e+01	5.04577093263920e-10
1.55100000000000e+01	4.96799660146788e-10
1.55200000000000e+01	4.89233880560786e-10
1.55300000000000e+01	4.81890398877450e-10
1.55400000000000e+01	4.74758662341957e-10
1.55500000000000e+01	4.67853594373452e-10
1.55600000000000e+01	4.61153957789681e-10
1.55700000000000e+01	4.54662312812312e-10
1.55800000000000e+01	4.48367797662871e-10
1.55900000000000e+01	4.42248820370172e-10
1.56000000000000e+01	4.36292781844099e-10
1.56100000000000e+01	4.30494892997378e-10
1.56200000000000e+01	4.24822771398521e-10
1.56300000000000e+01	4.19275328359645e-10
1.56400000000000e+01	4.13832548409628e-10
1.56500000000000e+01	4.08476885589720e-10
1.56600000000000e+01	4.03202450645364e-10
1.56700000000000e+01	3.97996793003881e-10
1.56800000000000e+01	3.92851714843821e-10
1.56900000000000e+01	3.87762491155290e-10
1.57000000000000e+01	3.82716151820290e-10
1.57100000000000e+01	3.77714901681396e-10
1.57200000000000e+01	3.72753967202645e-10
1.57300000000000e+01	3.67830071232723e-10
1.57400000000000e+01	3.62945897787441e-10
1.57500000000000e+01	3.58101985016423e-10
1.57600000000000e+01	3.53298320342338e-10
1.57700000000000e+01	3.48536916358115e-10
1.57800000000000e+01	3.43823343823829e-10
1.57900000000000e+01	3.39165747513578e-10
1.58000000000000e+01	3.34562563194948e-10
1.58100000000000e+01	3.30023245378943e-10
1.58200000000000e+01	3.25552065552124e-10
1.58300000000000e+01	3.21154560184195e-10
1.58400000000000e+01	3.16836693231472e-10
1.58500000000000e+01	3.12600116128077e-10
1.58600000000000e+01	3.08452274834033e-10
1.58700000000000e+01	3.04386655272395e-10
1.58800000000000e+01	3.00407729978126e-10
1.58900000000000e+01	2.96520591855163e-10
1.59000000000000e+01	2.92715432495271e-10
1.59100000000000e+01	2.88997591532518e-10
1.59200000000000e+01	2.85355522824637e-10
1.59300000000000e+01	2.81786398945266e-10
1.59400000000000e+01	2.78292655606683e-10
1.59500000000000e+01	2.74859433378700e-10
1.59600000000000e+01	2.71483690018998e-10
1.59700000000000e+01	2.68165621916368e-10
1.59800000000000e+01	2.64898637284112e-10
1.59900000000000e+01	2.61674697202053e-10
1.60000000000000e+01	2.58500663965100e-10
1.60100000000000e+01	2.55362751094489e-10
1.60200000000000e+01	2.52267088006523e-10
1.60300000000000e+01	2.49209215530797e-10
1.60400000000000e+01	2.46189491284582e-10
1.60500000000000e+01	2.43204908944536e-10
1.60600000000000e+01	2.40258261036200e-10
1.60700000000000e+01	2.37343262538993e-10
1.60800000000000e+01	2.34461864397096e-10
1.60900000000000e+01	2.31617610316296e-10
1.61000000000000e+01	2.28809795350057e-10
1.61100000000000e+01	2.26032602909931e-10
1.61200000000000e+01	2.23291900041680e-10
1.61300000000000e+01	2.20583234898681e-10
1.61400000000000e+01	2.17911214545268e-10
1.61500000000000e+01	2.15274033058483e-10
1.61600000000000e+01	2.12668594689109e-10
1.61700000000000e+01	2.10098450525791e-10
1.61800000000000e+01	2.07562338225020e-10
1.61900000000000e+01	2.05065751054676e-10
1.62000000000000e+01	2.02600494127562e-10
1.62100000000000e+01	2.00176704039316e-10
1.62200000000000e+01	1.97787771895801e-10
1.62300000000000e+01	1.95436887926219e-10
1.62400000000000e+01	1.93125308243420e-10
1.62500000000000e+01	1.90854384021645e-10
1.62600000000000e+01	1.88618636720858e-10
1.62700000000000e+01	1.86421419071059e-10
1.62800000000000e+01	1.84261994479159e-10
1.62900000000000e+01	1.82137271780897e-10
1.63000000000000e+01	1.80047892036434e-10
1.63100000000000e+01	1.77987344449186e-10
1.63200000000000e+01	1.75958928169753e-10
1.63300000000000e+01	1.73955020719215e-10
1.63400000000000e+01	1.71973688260224e-10
1.63500000000000e+01	1.70016021502976e-10
1.63600000000000e+01	1.68076530443692e-10
1.63700000000000e+01	1.66150956140906e-10
1.63800000000000e+01	1.64241060541730e-10
1.63900000000000e+01	1.62339338932893e-10
1.64000000000000e+01	1.60447342083146e-10
1.64100000000000e+01	1.58562392672047e-10
1.64200000000000e+01	1.56684968894550e-10
1.64300000000000e+01	1.54812286687614e-10
1.64400000000000e+01	1.52945493554891e-10
1.64500000000000e+01	1.51085600281646e-10
1.64600000000000e+01	1.49233479042000e-10
1.64700000000000e+01	1.47392146896623e-10
1.64800000000000e+01	1.45562679347097e-10
1.64900000000000e+01	1.43749664416741e-10
1.65000000000000e+01	1.41955764886876e-10
1.65100000000000e+01	1.40180158563766e-10
1.65200000000000e+01	1.38428998116616e-10
1.65300000000000e+01	1.36703012136719e-10
1.65400000000000e+01	1.35004762666887e-10
1.65500000000000e+01	1.33334640267887e-10
1.65600000000000e+01	1.31695222345184e-10
1.65700000000000e+01	1.30085215800649e-10
1.65800000000000e+01	1.28504900329848e-10
1.65900000000000e+01	1.26956473463603e-10
1.66000000000000e+01	1.25440765964546e-10
1.66100000000000e+01	1.23951897183448e-10
1.66200000000000e+01	1.22492920296315e-10
1.66300000000000e+01	1.21063189965473e-10
1.66400000000000e+01	1.19660508907575e-10
1.66500000000000e+01	1.18285545491532e-10
1.66600000000000e+01	1.16937192930715e-10
1.66700000000000e+01	1.15612905134476e-10
1.66800000000000e+01	1.14316016695864e-10
1.66900000000000e+01	1.13039110283718e-10
1.67000000000000e+01	1.11786475311049e-10
1.67100000000000e+01	1.10552765457535e-10
1.67200000000000e+01	1.09342242620358e-10
1.67300000000000e+01	1.08148849828905e-10
1.67400000000000e+01	1.06972267056634e-10
1.67500000000000e+01	1.05814269220000e-10
1.67600000000000e+01	1.04669660593446e-10
1.67700000000000e+01	1.03539603144433e-10
1.67800000000000e+01	1.02421993703963e-10
1.67900000000000e+01	1.01316751973764e-10
1.68000000000000e+01	1.00221554463017e-10
1.68100000000000e+01	9.91354063900590e-11
1.68200000000000e+01	9.80619758997907e-11
1.68300000000000e+01	9.69953993434144e-11
1.68400000000000e+01	9.59375427900917e-11
1.68500000000000e+01	9.48899422321329e-11
1.68600000000000e+01	9.38504519427688e-11
1.68700000000000e+01	9.28199232315828e-11
1.68800000000000e+01	9.17999230234007e-11
1.68900000000000e+01	9.07881197821479e-11
1.69000000000000e+01	8.97873421508408e-11
1.69100000000000e+01	8.87954986276722e-11
1.69200000000000e+01	8.78140311887050e-11
1.69300000000000e+01	8.68420409947768e-11
1.69400000000000e+01	8.58816709581425e-11
1.69500000000000e+01	8.49294185048175e-11
1.69600000000000e+01	8.39887352415827e-11
1.69700000000000e+01	8.30573231641180e-11
1.69800000000000e+01	8.21376328366016e-11
1.69900000000000e+01	8.12285991269339e-11
1.70000000000000e+01	8.03309441488703e-11
1.70100000000000e+01	7.94463573445290e-11
1.70200000000000e+01	7.85756043318069e-11
1.70300000000000e+01	7.77182622216322e-11
1.70400000000000e+01	7.68745437681072e-11
1.70500000000000e+01	7.60453659605305e-11
1.70600000000000e+01	7.52312368211189e-11
1.70700000000000e+01	7.44328185250426e-11
1.70800000000000e+01	7.36476782720861e-11
1.70900000000000e+01	7.28767356378464e-11
1.71000000000000e+01	7.21202609591482e-11
1.71100000000000e+01	7.13778142351532e-11
1.71200000000000e+01	7.06459795607598e-11
1.71300000000000e+01	6.99264616187196e-11
1.71400000000000e+01	6.92182645780077e-11
1.71500000000000e+01	6.85206960738992e-11
1.71600000000000e+01	6.78317109842146e-11
1.71700000000000e+01	6.71531319335940e-11
1.71800000000000e+01	6.64817311980110e-11
1.71900000000000e+01	6.58198475429486e-11
1.72000000000000e+01	6.51662820858801e-11
1.72100000000000e+01	6.45203199549683e-11
1.72200000000000e+01	6.38829789986921e-11
1.72300000000000e+01	6.32520035795476e-11
1.72400000000000e+01	6.26299356553298e-11
1.72500000000000e+01	6.20141388655902e-11
1.72600000000000e+01	6.14059347505574e-11
1.72700000000000e+01	6.08049149793088e-11
1.72800000000000e+01	6.02102040326960e-11
1.72900000000000e+01	5.96224968526218e-11
1.73000000000000e+01	5.90409350017757e-11
1.73100000000000e+01	5.84655303931289e-11
1.73200000000000e+01	5.78974735823103e-11
1.73300000000000e+01	5.73337303489474e-11
1.73400000000000e+01	5.67756718848630e-11
1.73500000000000e+01	5.62240325000848e-11
1.73600000000000e+01	5.56773213847446e-11
1.73700000000000e+01	5.51354337805363e-11
1.73800000000000e+01	5.45989007698320e-11
1.73900000000000e+01	5.40677556929267e-11
1.74000000000000e+01	5.35423030741993e-11
1.74100000000000e+01	5.30206336952968e-11
1.74200000000000e+01	5.25041609944022e-11
1.74300000000000e+01	5.19923731296049e-11
1.74400000000000e+01	5.14866274890592e-11
1.74500000000000e+01	5.09849820167566e-11
1.74600000000000e+01	5.04882766249782e-11
1.74700000000000e+01	4.99970150696155e-11
1.74800000000000e+01	4.95095810007445e-11
1.74900000000000e+01	4.90267001635672e-11
1.75000000000000e+01	4.85483827240311e-11
1.75100000000000e+01	4.80748242941805e-11
1.75200000000000e+01	4.76050255340075e-11
1.75300000000000e+01	4.71386013465635e-11
1.75400000000000e+01	4.66754192402708e-11
1.75500000000000e+01	4.62168931316879e-11
1.75600000000000e+01	4.57613084728410e-11
1.75700000000000e+01	4.53090665613908e-11
1.75800000000000e+01	4.48593613242533e-11
1.75900000000000e+01	4.44136118565539e-11
1.76000000000000e+01	4.39704215489568e-11
1.76100000000000e+01	4.35319927983068e-11
1.76200000000000e+01	4.30962372787444e-11
1.76300000000000e+01	4.26647846428882e-11
1.76400000000000e+01	4.22372006662451e-11
1.76500000000000e+01	4.18143039060150e-11
1.76600000000000e+01	4.13963105723852e-11
1.76700000000000e+01	4.09823725820749e-11
1.76800000000000e+01	4.05736183474261e-11
1.76900000000000e+01	4.01702825812833e-11
1.77000000000000e+01	3.97712278127362e-11
1.77100000000000e+01	3.93773285398719e-11
1.77200000000000e+01	3.89877393357183e-11
1.77300000000000e+01	3.86029036530941e-11
1.77400000000000e+01	3.82233979741331e-11
1.77500000000000e+01	3.78472742772786e-11
1.77600000000000e+01	3.74758560828430e-11
1.77700000000000e+01	3.71081529955809e-11
1.77800000000000e+01	3.67443719888659e-11
1.77900000000000e+01	3.63844632808756e-11
1.78000000000000e+01	3.60274407573086e-11
1.78100000000000e+01	3.56745562540610e-11
1.78200000000000e+01	3.53248637015999e-11
1.78300000000000e+01	3.49775690346750e-11
1.78400000000000e+01	3.46337198178574e-11
1.78500000000000e+01	3.42929740883716e-11
1.78600000000000e+01	3.39552643860746e-11
1.78700000000000e+01	3.36203873770919e-11
1.78800000000000e+01	3.32882297473661e-11
1.78900000000000e+01	3.29590520707286e-11
1.79000000000000e+01	3.26328787428063e-11
1.79100000000000e+01	3.23094036289962e-11
1.79200000000000e+01	3.19882590297606e-11
1.79300000000000e+01	3.16700103451104e-11
1.79400000000000e+01	3.13538106750774e-11
1.79500000000000e+01	3.10399947025133e-11
1.79600000000000e+01	3.07282280987921e-11
1.79700000000000e+01	3.04189072621522e-11
1.79800000000000e+01	3.01111813095247e-11
1.79900000000000e+01	2.98059668458923e-11
1.80000000000000e+01	2.95027336343639e-11
1.80100000000000e+01	2.92030169176192e-11
1.80200000000000e+01	2.89053706775973e-11
1.80300000000000e+01	2.86114783504633e-11
1.80400000000000e+01	2.83216226841916e-11
1.80500000000000e+01	2.80362945600921e-11
1.80600000000000e+01	2.77550461060027e-11
1.80700000000000e+01	2.74793961259059e-11
1.80800000000000e+01	2.72085954744752e-11
1.80900000000000e+01	2.69433555399143e-11
1.81000000000000e+01	2.66834071969389e-11
1.81100000000000e+01	2.64285794903469e-11
1.81200000000000e+01	2.61794982268306e-11
1.81300000000000e+01	2.59346706594520e-11
1.81400000000000e+01	2.56939892981705e-11
1.81500000000000e+01	2.54578846488927e-11
1.81600000000000e+01	2.52246665480501e-11
1.81700000000000e+01	2.49952988874542e-11
1.81800000000000e+01	2.47683354386552e-11
1.81900000000000e+01	2.45443422649465e-11
1.82000000000000e+01	2.43224188111997e-11
1.82100000000000e+01	2.41023073868821e-11
1.82200000000000e+01	2.38842234775121e-11
1.82300000000000e+01	2.36676886616468e-11
1.82400000000000e+01	2.34525846940577e-11
1.82500000000000e+01	2.32385946696870e-11
1.82600000000000e+01	2.30260486800761e-11
1.82700000000000e+01	2.28147114346861e-11
1.82800000000000e+01	2.26041542575681e-11
1.82900000000000e+01	2.23947129289896e-11
1.83000000000000e+01	2.21870041208800e-11
1.83100000000000e+01	2.19799898980279e-11
1.83200000000000e+01	2.17744470679529e-11
1.83300000000000e+01	2.15705657035964e-11
1.83400000000000e+01	2.13679611720605e-11
1.83500000000000e+01	2.11673104003696e-11
1.83600000000000e+01	2.09687137071053e-11
1.83700000000000e+01	2.07719464695952e-11
1.83800000000000e+01	2.05777056393835e-11
1.83900000000000e+01	2.03861525610281e-11
1.84000000000000e+01	2.01972334754105e-11
1.84100000000000e+01	2.00111848607983e-11
1.84200000000000e+01	1.98281314785163e-11
1.84300000000000e+01	1.96485073701598e-11
1.84400000000000e+01	1.94722823318946e-11
1.84500000000000e+01	1.92991563201925e-11
1.84600000000000e+01	1.91294522570364e-11
1.84700000000000e+01	1.89631894488864e-11
1.84800000000000e+01	1.88000164499256e-11
1.84900000000000e+01	1.86397225657609e-11
1.85000000000000e+01	1.84821676638721e-11
1.85100000000000e+01	1.83273176232842e-11
1.85200000000000e+01	1.81746884377903e-11
1.85300000000000e+01	1.80243277921617e-11
1.85400000000000e+01	1.78757228901576e-11
1.85500000000000e+01	1.77286473969868e-11
1.85600000000000e+01	1.75828580725049e-11
1.85700000000000e+01	1.74384714131196e-11
1.85800000000000e+01	1.72952864575253e-11
1.85900000000000e+01	1.71527045121927e-11
1.86000000000000e+01	1.70110932931779e-11
1.86100000000000e+01	1.68703811295379e-11
1.86200000000000e+01	1.67301309547240e-11
1.86300000000000e+01	1.65909031675136e-11
1.86400000000000e+01	1.64521206175646e-11
1.86500000000000e+01	1.63142189680201e-11
1.86600000000000e+01	1.61770674778305e-11
1.86700000000000e+01	1.60406748937631e-11
1.86800000000000e+01	1.59052895809307e-11
1.86900000000000e+01	1.57707450481886e-11
1.87000000000000e+01	1.56373576236968e-11
1.87100000000000e+01	1.55047421902236e-11
1.87200000000000e+01	1.53734496037382e-11
1.87300000000000e+01	1.52429867672475e-11
1.87400000000000e+01	1.51136850421268e-11
1.87500000000000e+01	1.49853973616135e-11
1.87600000000000e+01	1.48582410511147e-11
1.87700000000000e+01	1.47318695248553e-11
1.87800000000000e+01	1.46067813322347e-11
1.87900000000000e+01	1.44823835197892e-11
1.88000000000000e+01	1.43590447051720e-11
1.88100000000000e+01	1.42365319570087e-11
1.88200000000000e+01	1.41149395991555e-11
1.88300000000000e+01	1.39940891590214e-11
1.88400000000000e+01	1.38739069224877e-11
1.88500000000000e+01	1.37543930191591e-11
1.88600000000000e+01	1.36356444105693e-11
1.88700000000000e+01	1.35174044375346e-11
1.88800000000000e+01	1.33998660593437e-11
1.88900000000000e+01	1.32828041354820e-11
1.89000000000000e+01	1.31661625465293e-11
1.89100000000000e+01	1.30499115474507e-11
1.89200000000000e+01	1.29342497334493e-11
1.89300000000000e+01	1.28189902803183e-11
1.89400000000000e+01	1.27043309575436e-11
1.89500000000000e+01	1.25899976963199e-11
1.89600000000000e+01	1.24763633697127e-11
1.89700000000000e+01	1.23634589824696e-11
1.89800000000000e+01	1.22512457809124e-11
1.89900000000000e+01	1.21398521483817e-11
1.90000000000000e+01	1.20292948333805e-11
1.90100000000000e+01	1.19198362988879e-11
1.90200000000000e+01	1.18113698779134e-11
1.90300000000000e+01	1.17038930441377e-11
1.90400000000000e+01	1.15975669815245e-11
1.90500000000000e+01	1.14921594439506e-11
1.90600000000000e+01	1.13875917376354e-11
1.90700000000000e+01	1.12837335763678e-11
1.90800000000000e+01	1.11806461978265e-11
1.90900000000000e+01	1.10780051442041e-11
1.91000000000000e+01	1.09758781701041e-11
1.91100000000000e+01	1.08741052797196e-11
1.91200000000000e+01	1.07726755135357e-11
1.91300000000000e+01	1.06717310120710e-11
1.91400000000000e+01	1.05715607278581e-11
1.91500000000000e+01	1.04722651758468e-11
1.91600000000000e+01	1.03743199268602e-11
1.91700000000000e+01	1.02777439428753e-11
1.91800000000000e+01	1.01830903914243e-11
1.91900000000000e+01	1.00905817649824e-11
1.92000000000000e+01	1.00005313814375e-11
1.92100000000000e+01	9.91291017366641e-12
1.92200000000000e+01	9.82784133360953e-12
1.92300000000000e+01	9.74536136036325e-12
1.92400000000000e+01	9.66513928198960e-12
1.92500000000000e+01	9.58717997410320e-12
1.92600000000000e+01	9.51130459194500e-12
1.92700000000000e+01	9.43709577739221e-12
1.92800000000000e+01	9.36431084586510e-12
1.92900000000000e+01	9.29267312806774e-12
1.93000000000000e+01	9.22197114817733e-12
1.93100000000000e+01	9.15212111409189e-12
1.93200000000000e+01	9.08286105631571e-12
1.93300000000000e+01	9.01420176847968e-12
1.93400000000000e+01	8.94592414336637e-12
1.93500000000000e+01	8.87799148546671e-12
1.93600000000000e+01	8.81033611571472e-12
1.93700000000000e+01	8.74305073079150e-12
1.93800000000000e+01	8.67604614562703e-12
1.93900000000000e+01	8.60929880149833e-12
1.94000000000000e+01	8.54278518197277e-12
1.94100000000000e+01	8.47666806739447e-12
1.94200000000000e+01	8.41079481735362e-12
1.94300000000000e+01	8.34529478440625e-12
1.94400000000000e+01	8.27993845220070e-12
1.94500000000000e+01	8.21496192493984e-12
1.94600000000000e+01	8.15023062391425e-12
1.94700000000000e+01	8.08589782276294e-12
1.94800000000000e+01	8.02181519199443e-12
1.94900000000000e+01	7.95798582013945e-12
1.95000000000000e+01	7.89444174973504e-12
1.95100000000000e+01	7.83126014074489e-12
1.95200000000000e+01	7.76836811035287e-12
1.95300000000000e+01	7.70572634294480e-12
1.95400000000000e+01	7.64343957310925e-12
1.95500000000000e+01	7.58132381666332e-12
1.95600000000000e+01	7.51961219176380e-12
1.95700000000000e+01	7.45825060279087e-12
1.95800000000000e+01	7.39714183720373e-12
1.95900000000000e+01	7.33641642924494e-12
1.96000000000000e+01	7.27603279538840e-12
1.96100000000000e+01	7.21612835335001e-12
1.96200000000000e+01	7.15660488450931e-12
1.96300000000000e+01	7.09751366236402e-12
1.96400000000000e+01	7.03882476210449e-12
1.96500000000000e+01	6.98059970067407e-12
1.96600000000000e+01	6.92291213420852e-12
1.96700000000000e+01	6.86568827311018e-12
1.96800000000000e+01	6.80902481911901e-12
1.96900000000000e+01	6.75271996240784e-12
1.97000000000000e+01	6.69701090915207e-12
1.97100000000000e+01	6.64164825368341e-12
1.97200000000000e+01	6.58679019165136e-12
1.97300000000000e+01	6.53226646039509e-12
1.97400000000000e+01	6.47825881806695e-12
1.97500000000000e+01	6.42449657366071e-12
1.97600000000000e+01	6.37108330243019e-12
1.97700000000000e+01	6.31800447024054e-12
1.97800000000000e+01	6.26513185692073e-12
1.97900000000000e+01	6.21240112027420e-12
1.98000000000000e+01	6.15987931385950e-12
1.98100000000000e+01	6.10739738005512e-12
1.98200000000000e+01	6.05488146764755e-12
1.98300000000000e+01	6.00227195698184e-12
1.98400000000000e+01	5.94933850151414e-12
1.98500000000000e+01	5.89611683394131e-12
1.98600000000000e+01	5.84225518333550e-12
1.98700000000000e+01	5.78764280083541e-12
1.98800000000000e+01	5.73204319238754e-12
1.98900000000000e+01	5.67515792360804e-12
1.99000000000000e+01	5.61673576175462e-12
1.99100000000000e+01	5.55651734985659e-12
1.99200000000000e+01	5.49387211313704e-12
1.99300000000000e+01	5.42825063265617e-12
1.99400000000000e+01	5.35905817437807e-12
1.99500000000000e+01	5.28523195341957e-12
1.99600000000000e+01	5.20546240313345e-12
1.99700000000000e+01	5.11791002573937e-12
1.99800000000000e+01	5.01983073189289e-12
1.99900000000000e+01	4.90715624040436e-12
2.00000000000000e+01	4.77342340016787e-12
