1.00000000000000e-02	9.35481130670067e+11
2.00000000000000e-02	5.84819687997582e+10
3.00000000000000e-02	1.15570940512377e+10
4.00000000000000e-02	3.65900122920451e+09
5.00000000000000e-02	1.49989080095826e+09
6.00000000000000e-02	7.24029259971854e+08
7.00000000000000e-02	3.91253594023684e+08
8.00000000000000e-02	2.29648889872894e+08
9.00000000000000e-02	1.43579834821589e+08
1.00000000000000e-01	9.43598336646676e+07
1.10000000000000e-01	6.45676124835961e+07
1.20000000000000e-01	4.56806026727632e+07
1.30000000000000e-01	3.32375068156369e+07
1.40000000000000e-01	2.47690863682780e+07
1.50000000000000e-01	1.88431585443836e+07
1.60000000000000e-01	1.45950546423491e+07
1.70000000000000e-01	1.14850474835066e+07
1.80000000000000e-01	9.16551625328192e+06
1.90000000000000e-01	7.40674296318730e+06
2.00000000000000e-01	6.05318533758795e+06
2.10000000000000e-01	4.99761125132572e+06
2.20000000000000e-01	4.16454301967986e+06
2.30000000000000e-01	3.49967701598596e+06
2.40000000000000e-01	2.96378504643997e+06
2.50000000000000e-01	2.52787448557741e+06
2.60000000000000e-01	2.17035853002109e+06
2.70000000000000e-01	1.87469093391952e+06
2.80000000000000e-01	1.62857945343408e+06
2.90000000000000e-01	1.42218250437596e+06
3.00000000000000e-01	1.24809907637955e+06
3.10000000000000e-01	1.10036513017421e+06
3.20000000000000e-01	9.74340549910640e+05
3.30000000000000e-01	8.66266965683078e+05
3.40000000000000e-01	7.73120555294742e+05
3.50000000000000e-01	6.92501638219420e+05
3.60000000000000e-01	6.22410808537334e+05
3.70000000000000e-01	5.61235472400478e+05
3.80000000000000e-01	5.07635186092680e+05
3.90000000000000e-01	4.60500517779187e+05
4.00000000000000e-01	4.18898907446110e+05
4.10000000000000e-01	3.82072438420663e+05
4.20000000000000e-01	3.49365667477067e+05
4.30000000000000e-01	3.20228932264881e+05
4.40000000000000e-01	2.94203414925836e+05
4.50000000000000e-01	2.70892831341773e+05
4.60000000000000e-01	2.49954547059406e+05
4.70000000000000e-01	2.31107820235964e+05
4.80000000000000e-01	2.14102771431523e+05
4.90000000000000e-01	1.98719576379590e+05
5.00000000000000e-01	1.84773068020740e+05
5.10000000000000e-01	1.72104332108000e+05
5.20000000000000e-01	1.60578649710938e+05
5.30000000000000e-01	1.50060697100671e+05
5.40000000000000e-01	1.40454053151619e+05
5.50000000000000e-01	1.31660850999524e+05
5.60000000000000e-01	1.23593559772795e+05
5.70000000000000e-01	1.16185132401611e+05
5.80000000000000e-01	1.09374101916469e+05
5.90000000000000e-01	1.03093239861296e+05
6.00000000000000e-01	9.72999952188969e+04
6.10000000000000e-01	9.19424862074042e+04
6.20000000000000e-01	8.69860475625755e+04
6.30000000000000e-01	8.23926442085837e+04
6.40000000000000e-01	7.81312178781594e+04
6.50000000000000e-01	7.41695474025799e+04
6.60000000000000e-01	7.04849706882865e+04
6.70000000000000e-01	6.70501758012831e+04
6.80000000000000e-01	6.38487327902791e+04
6.90000000000000e-01	6.08598974928604e+04
7.00000000000000e-01	5.80660468373251e+04
7.10000000000000e-01	5.54512366260942e+04
7.20000000000000e-01	5.30011653124851e+04
7.30000000000000e-01	5.07053641383633e+04
7.40000000000000e-01	4.85490931457645e+04
7.50000000000000e-01	4.65241180660779e+04
7.60000000000000e-01	4.46186937163603e+04
7.70000000000000e-01	4.28261431047749e+04
7.80000000000000e-01	4.11364860502426e+04
7.90000000000000e-01	3.95434655992492e+04
8.00000000000000e-01	3.80394850209912e+04
8.10000000000000e-01	3.66190322788824e+04
8.20000000000000e-01	3.52759764191884e+04
8.30000000000000e-01	3.40054839835773e+04
8.40000000000000e-01	3.28032947303139e+04
8.50000000000000e-01	3.16628911920079e+04
8.60000000000000e-01	3.05817085561506e+04
8.70000000000000e-01	2.95555239762285e+04
8.80000000000000e-01	2.85805751745856e+04
8.90000000000000e-01	2.76544728964144e+04
9.00000000000000e-01	2.67734689757075e+04
9.10000000000000e-01	2.59345040588368e+04
9.20000000000000e-01	2.51357037857097e+04
9.30000000000000e-01	2.43744537443395e+04
9.40000000000000e-01	2.36486025171767e+04
9.50000000000000e-01	2.29555024795710e+04
9.60000000000000e-01	2.22931929043007e+04
9.70000000000000e-01	2.16605837994213e+04
9.80000000000000e-01	2.10556192008512e+04
9.90000000000000e-01	2.04764383879768e+04
1.00000000000000e+00	1.99222744872545e+04
1.01000000000000e+00	1.93906714537100e+04
1.02000000000000e+00	1.88806968020830e+04
1.03000000000000e+00	1.83919074892473e+04
1.04000000000000e+00	1.79221780815701e+04
1.05000000000000e+00	1.74706645049258e+04
1.06000000000000e+00	1.70364440559165e+04
1.07000000000000e+00	1.66190967001637e+04
1.08000000000000e+00	1.62165273338307e+04
1.09000000000000e+00	1.58284017654441e+04
1.10000000000000e+00	1.54542863881713e+04
1.11000000000000e+00	1.50929095462399e+04
1.12000000000000e+00	1.47434594324944e+04
1.13000000000000e+00	1.44056691818972e+04
1.14000000000000e+00	1.40787101247257e+04
1.15000000000000e+00	1.37616681408628e+04
1.16000000000000e+00	1.34540421296066e+04
1.17000000000000e+00	1.31554427672562e+04
1.18000000000000e+00	1.28650429233739e+04
1.19000000000000e+00	1.25821744811560e+04
1.20000000000000e+00	1.23065458441256e+04
1.21000000000000e+00	1.20370598810091e+04
1.22000000000000e+00	1.17732433499635e+04
1.23000000000000e+00	1.15145497285547e+04
1.24000000000000e+00	1.12595444469386e+04
1.25000000000000e+00	1.10075827840391e+04
1.26000000000000e+00	1.07566995876695e+04
1.27000000000000e+00	1.05061879862703e+04
1.28000000000000e+00	1.02533374627171e+04
1.29000000000000e+00	9.99649710513384e+03
1.30000000000000e+00	9.73299377152825e+03
1.31000000000000e+00	9.46043630602943e+03
1.32000000000000e+00	9.17581960602876e+03
1.33000000000000e+00	8.87650623985566e+03
1.34000000000000e+00	8.55994535589342e+03
1.35000000000000e+00	8.22427030534779e+03
1.36000000000000e+00	7.86851861232063e+03
1.37000000000000e+00	7.49304314081443e+03
1.38000000000000e+00	7.09973345978296e+03
1.39000000000000e+00	6.69274501514909e+03
1.40000000000000e+00	6.27889071730662e+03
1.41000000000000e+00	5.86746159244578e+03
1.42000000000000e+00	5.47068431468389e+03
1.43000000000000e+00	5.10357937715902e+03
1.44000000000000e+00	4.78340149986738e+03
1.45000000000000e+00	4.52890520933056e+03
1.46000000000000e+00	4.35976042383812e+03
1.47000000000000e+00	4.29478156807539e+03
1.48000000000000e+00	4.35145120731311e+03
1.49000000000000e+00	4.54368844193654e+03
1.50000000000000e+00	4.88116408902282e+03
1.51000000000000e+00	5.36815941289109e+03
1.52000000000000e+00	6.00263189295791e+03
1.53000000000000e+00	6.77644783097740e+03
1.54000000000000e+00	7.67488008408340e+03
1.55000000000000e+00	8.67769216046315e+03
1.56000000000000e+00	9.76055641195219e+03
1.57000000000000e+00	1.08956147030552e+04
1.58000000000000e+00	1.20531156631659e+04
1.59000000000000e+00	1.32030957805335e+04
1.60000000000000e+00	1.43162969393845e+04
1.61000000000000e+00	1.53657175582404e+04
1.62000000000000e+00	1.63260144520659e+04
1.63000000000000e+00	1.71755777192667e+04
1.64000000000000e+00	1.78962625771738e+04
1.65000000000000e+00	1.84768296905247e+04
1.66000000000000e+00	1.89125969349388e+04
1.67000000000000e+00	1.92112325212307e+04
1.68000000000000e+00	1.93887069503713e+04
1.69000000000000e+00	1.94712699850804e+04
1.70000000000000e+00	1.94907288669616e+04
1.71000000000000e+00	1.94864457082541e+04
1.72000000000000e+00	1.95049132440150e+04
1.73000000000000e+00	1.96063989021317e+04
1.74000000000000e+00	1.98667932813707e+04
1.75000000000000e+00	2.03750700579181e+04
1.76000000000000e+00	2.12296327508691e+04
1.77000000000000e+00	2.25305801785510e+04
1.78000000000000e+00	2.43740891348307e+04
1.79000000000000e+00	2.68386764809996e+04
1.80000000000000e+00	2.99690248750942e+04
1.81000000000000e+00	3.37592927083287e+04
1.82000000000000e+00	3.81470515467028e+04
1.83000000000000e+00	4.30277065930124e+04
1.84000000000000e+00	4.82831470473675e+04
1.85000000000000e+00	5.38221146781097e+04
1.86000000000000e+00	5.95835085596546e+04
1.87000000000000e+00	6.55408759213691e+04
1.88000000000000e+00	7.16800233980160e+04
1.89000000000000e+00	7.79854921811354e+04
1.90000000000000e+00	8.44375328377308e+04
1.91000000000000e+00	9.09928876961782e+04
1.92000000000000e+00	9.75900168473247e+04
1.93000000000000e+00	1.04129269568334e+05
1.94000000000000e+00	1.10477320776637e+05
1.95000000000000e+00	1.16464692515823e+05
1.96000000000000e+00	1.21895963817909e+05
1.97000000000000e+00	1.26566707522313e+05
1.98000000000000e+00	1.30279389085159e+05
1.99000000000000e+00	1.32863652018904e+05
2.00000000000000e+00	1.34185116176735e+05
2.01000000000000e+00	1.34155276205984e+05
2.02000000000000e+00	1.32741512919318e+05
2.03000000000000e+00	1.29968577646467e+05
2.04000000000000e+00	1.25915879436890e+05
2.05000000000000e+00	1.20725093714173e+05
2.06000000000000e+00	1.14578257007421e+05
2.07000000000000e+00	1.07683212172176e+05
2.08000000000000e+00	1.00254696559503e+05
2.09000000000000e+00	9.24858124915056e+04
2.10000000000000e+00	8.45450979095743e+04
2.11000000000000e+00	7.65804420827373e+04
2.12000000000000e+00	6.87288518936841e+04
2.13000000000000e+00	6.11364217462268e+04
2.14000000000000e+00	5.39574695740704e+04
2.15000000000000e+00	4.73346200762982e+04
2.16000000000000e+00	4.13779297921571e+04
2.17000000000000e+00	3.61345427406042e+04
2.18000000000000e+00	3.15898732952388e+04
2.19000000000000e+00	2.76739043065907e+04
2.20000000000000e+00	2.42883936747032e+04
2.21000000000000e+00	2.13289556793095e+04
2.22000000000000e+00	1.87061882751546e+04
2.23000000000000e+00	1.63610334211518e+04
2.24000000000000e+00	1.42661654172208e+04
2.25000000000000e+00	1.24211168547179e+04
2.26000000000000e+00	1.08356191702407e+04
2.27000000000000e+00	9.51539109841477e+03
2.28000000000000e+00	8.45370228757566e+03
2.29000000000000e+00	7.62951900694623e+03
2.30000000000000e+00	7.01054882945842e+03
2.31000000000000e+00	6.55706228711471e+03
2.32000000000000e+00	6.22495402790260e+03
2.33000000000000e+00	5.96819541645555e+03
2.34000000000000e+00	5.74097853398207e+03
2.35000000000000e+00	5.50317738097028e+03
2.36000000000000e+00	5.22528122052378e+03
2.37000000000000e+00	4.89426091662921e+03
2.38000000000000e+00	4.51608541598503e+03
2.39000000000000e+00	4.11445202983646e+03
2.40000000000000e+00	3.72652728536593e+03
2.41000000000000e+00	3.39660661953501e+03
2.42000000000000e+00	3.16931848943975e+03
2.43000000000000e+00	3.08254460415558e+03
2.44000000000000e+00	3.16149353385267e+03
2.45000000000000e+00	3.41622534187114e+03
2.46000000000000e+00	3.84071097626723e+03
2.47000000000000e+00	4.41480845360770e+03
2.48000000000000e+00	5.10688417598790e+03
2.49000000000000e+00	5.87736793090727e+03
2.50000000000000e+00	6.68192104772673e+03
2.51000000000000e+00	7.47563152070234e+03
2.52000000000000e+00	8.21569512104001e+03
2.53000000000000e+00	8.86501388532154e+03
2.54000000000000e+00	9.39516214089602e+03
2.55000000000000e+00	9.78865540186329e+03
2.56000000000000e+00	1.00400571415129e+04
2.57000000000000e+00	1.01546645520454e+04
2.58000000000000e+00	1.01457894397717e+04
2.59000000000000e+00	1.00301752846220e+04
2.60000000000000e+00	9.82212146113173e+03
2.61000000000000e+00	9.53136039112975e+03
2.62000000000000e+00	9.16018767734229e+03
2.63000000000000e+00	8.70853401581851e+03
2.64000000000000e+00	8.18196983347313e+03
2.65000000000000e+00	7.59905919078252e+03
2.66000000000000e+00	6.99364749982597e+03
2.67000000000000e+00	6.40569606414773e+03
2.68000000000000e+00	5.86914842145913e+03
2.69000000000000e+00	5.40319626967049e+03
2.70000000000000e+00	5.01012955753335e+03
2.71000000000000e+00	4.67879535355411e+03
2.72000000000000e+00	4.39003153245272e+03
2.73000000000000e+00	4.12206890140273e+03
2.74000000000000e+00	3.85496617929527e+03
2.75000000000000e+00	3.57417142035875e+03
2.76000000000000e+00	3.27237250405224e+03
2.77000000000000e+00	2.94943083316483e+03
2.78000000000000e+00	2.61097189701320e+03
2.79000000000000e+00	2.26610572890361e+03
2.80000000000000e+00	1.92516611637974e+03
2.81000000000000e+00	1.59824112352110e+03
2.82000000000000e+00	1.29416375557776e+03
2.83000000000000e+00	1.01998556107573e+03
2.84000000000000e+00	7.80789595473409e+02
2.85000000000000e+00	5.79623204987522e+02
2.86000000000000e+00	4.17599561371348e+02
2.87000000000000e+00	2.94224174137589e+02
2.88000000000000e+00	2.07811019413033e+02
2.89000000000000e+00	1.56128586596586e+02
2.90000000000000e+00	1.37113008764986e+02
2.91000000000000e+00	1.49551788488950e+02
2.92000000000000e+00	1.93571763336833e+02
2.93000000000000e+00	2.70819181179787e+02
2.94000000000000e+00	3.84228969236412e+02
2.95000000000000e+00	5.37418467822083e+02
2.96000000000000e+00	7.33887599156377e+02
2.97000000000000e+00	9.76128161464793e+02
2.98000000000000e+00	1.26520821857569e+03
2.99000000000000e+00	1.60045090699136e+03
3.00000000000000e+00	1.97961548541260e+03
3.01000000000000e+00	2.39883913835521e+03
3.02000000000000e+00	2.85255415964933e+03
3.03000000000000e+00	3.33342268982835e+03
3.04000000000000e+00	3.83239597492642e+03
3.05000000000000e+00	4.33910948991516e+03
3.06000000000000e+00	4.84280493964055e+03
3.07000000000000e+00	5.33331835264347e+03
3.08000000000000e+00	5.80167589109329e+03
3.09000000000000e+00	6.24046230418299e+03
3.10000000000000e+00	6.64385924181315e+03
3.11000000000000e+00	7.00677916477527e+03
3.12000000000000e+00	7.32392059801880e+03
3.13000000000000e+00	7.58861349710181e+03
3.14000000000000e+00	7.79198238210721e+03
3.15000000000000e+00	7.92309181582362e+03
3.16000000000000e+00	7.97109321907206e+03
3.17000000000000e+00	7.92787909022585e+03
3.18000000000000e+00	7.79124221499822e+03
3.19000000000000e+00	7.56792530532685e+03
3.20000000000000e+00	7.27309498818784e+03
3.21000000000000e+00	6.92793368650200e+03
3.22000000000000e+00	6.55557829339465e+03
3.23000000000000e+00	6.17756579030855e+03
3.24000000000000e+00	5.81154260448081e+03
3.25000000000000e+00	5.47058986622760e+03
3.26000000000000e+00	5.16417088412523e+03
3.27000000000000e+00	4.89848845518318e+03
3.28000000000000e+00	4.67753070357894e+03
3.29000000000000e+00	4.50345758423970e+03
3.30000000000000e+00	4.37730770936350e+03
3.31000000000000e+00	4.29945274192412e+03
3.32000000000000e+00	4.27033070529469e+03
3.33000000000000e+00	4.29070317243544e+03
3.34000000000000e+00	4.36187262865988e+03
3.35000000000000e+00	4.48560477084158e+03
3.36000000000000e+00	4.66380686637295e+03
3.37000000000000e+00	4.89823018644615e+03
3.38000000000000e+00	5.19008658774065e+03
3.39000000000000e+00	5.54005189322663e+03
3.40000000000000e+00	5.94819923109983e+03
3.41000000000000e+00	6.41354257760306e+03
3.42000000000000e+00	6.93392182029306e+03
3.43000000000000e+00	7.50589715604682e+03
3.44000000000000e+00	8.12389359331578e+03
3.45000000000000e+00	8.78005766850334e+03
3.46000000000000e+00	9.46431928579498e+03
3.47000000000000e+00	1.01640744142122e+04
3.48000000000000e+00	1.08649939504112e+04
3.49000000000000e+00	1.15513467247034e+04
3.50000000000000e+00	1.22068601870916e+04
3.51000000000000e+00	1.28156302437981e+04
3.52000000000000e+00	1.33628203835977e+04
3.53000000000000e+00	1.38341450704298e+04
3.54000000000000e+00	1.42160734519955e+04
3.55000000000000e+00	1.44943383897727e+04
3.56000000000000e+00	1.46541185351531e+04
3.57000000000000e+00	1.46808082215899e+04
3.58000000000000e+00	1.45618614827474e+04
3.59000000000000e+00	1.42893766424101e+04
3.60000000000000e+00	1.38632985210425e+04
3.61000000000000e+00	1.32923631424523e+04
3.62000000000000e+00	1.25947289094230e+04
3.63000000000000e+00	1.17972379687196e+04
3.64000000000000e+00	1.09339783394317e+04
3.65000000000000e+00	1.00436289517156e+04
3.66000000000000e+00	9.16765635839636e+03
3.67000000000000e+00	8.34760823559772e+03
3.68000000000000e+00	7.62315759240362e+03
3.69000000000000e+00	7.03018896424815e+03
3.70000000000000e+00	6.59992244817974e+03
3.71000000000000e+00	6.35824890340569e+03
3.72000000000000e+00	6.32636055207701e+03
3.73000000000000e+00	6.52065223919466e+03
3.74000000000000e+00	6.95382905922531e+03
3.75000000000000e+00	7.63490088179226e+03
3.76000000000000e+00	8.57040928761443e+03
3.77000000000000e+00	9.76412949525136e+03
3.78000000000000e+00	1.12172406245127e+04
3.79000000000000e+00	1.29268399150937e+04
3.80000000000000e+00	1.48836657817766e+04
3.81000000000000e+00	1.70690929900260e+04
3.82000000000000e+00	1.94529013830479e+04
3.83000000000000e+00	2.19906527364375e+04
3.84000000000000e+00	2.46238887479609e+04
3.85000000000000e+00	2.72813456028688e+04
3.86000000000000e+00	2.98830457937974e+04
3.87000000000000e+00	3.23446260589336e+04
3.88000000000000e+00	3.45843405821880e+04
3.89000000000000e+00	3.65288931328392e+04
3.90000000000000e+00	3.81180717914062e+04
3.91000000000000e+00	3.93066570310394e+04
3.92000000000000e+00	4.00658250206325e+04
3.93000000000000e+00	4.03800741893847e+04
3.94000000000000e+00	4.02457956410649e+04
3.95000000000000e+00	3.96692895170338e+04
3.96000000000000e+00	3.86670697685105e+04
3.97000000000000e+00	3.72681920811254e+04
3.98000000000000e+00	3.55184243329797e+04
3.99000000000000e+00	3.34826749085452e+04
4.00000000000000e+00	3.12456478087486e+04
4.01000000000000e+00	2.89089556390846e+04
4.02000000000000e+00	2.65853680863637e+04
4.03000000000000e+00	2.43904113547037e+04
4.04000000000000e+00	2.24352744249359e+04
4.05000000000000e+00	2.08183150505694e+04
4.06000000000000e+00	1.96156215679286e+04
4.07000000000000e+00	1.88746149831342e+04
4.08000000000000e+00	1.86083916100740e+04
4.09000000000000e+00	1.87959925559840e+04
4.10000000000000e+00	1.93834469084051e+04
4.11000000000000e+00	2.02883913932854e+04
4.12000000000000e+00	2.14047805332199e+04
4.13000000000000e+00	2.26066521001671e+04
4.14000000000000e+00	2.37544025264760e+04
4.15000000000000e+00	2.47029048644499e+04
4.16000000000000e+00	2.53157136143447e+04
4.17000000000000e+00	2.54808133697954e+04
4.18000000000000e+00	2.51279749391499e+04
4.19000000000000e+00	2.42381820203265e+04
4.20000000000000e+00	2.28469547344689e+04
4.21000000000000e+00	2.10360588252503e+04
4.22000000000000e+00	1.89196997240757e+04
4.23000000000000e+00	1.66262095252143e+04
4.24000000000000e+00	1.42809266482215e+04
4.25000000000000e+00	1.19935564504557e+04
4.26000000000000e+00	9.84994449103850e+03
4.27000000000000e+00	7.90965983478525e+03
4.28000000000000e+00	6.20710339231201e+03
4.29000000000000e+00	4.75466490234888e+03
4.30000000000000e+00	3.54791878470597e+03
4.31000000000000e+00	2.57082072113966e+03
4.32000000000000e+00	1.80078706451681e+03
4.33000000000000e+00	1.21301951750564e+03
4.34000000000000e+00	7.83812625889940e+02
4.35000000000000e+00	4.92662754987665e+02
4.36000000000000e+00	3.23287371075914e+02
4.37000000000000e+00	2.63964847016462e+02
4.38000000000000e+00	3.07230255754475e+02
4.39000000000000e+00	4.49151751567901e+02
4.40000000000000e+00	6.88360268273494e+02
4.41000000000000e+00	1.02473937370922e+03
4.42000000000000e+00	1.45787634059410e+03
4.43000000000000e+00	1.98540475913487e+03
4.44000000000000e+00	2.60118180744279e+03
4.45000000000000e+00	3.29403865083058e+03
4.46000000000000e+00	4.04710667392419e+03
4.47000000000000e+00	4.83812369696854e+03
4.48000000000000e+00	5.64091967094362e+03
4.49000000000000e+00	6.42777209548787e+03
4.50000000000000e+00	7.17217631498597e+03
4.51000000000000e+00	7.85195035106168e+03
4.52000000000000e+00	8.45115327780024e+03
4.53000000000000e+00	8.96200027365919e+03
4.54000000000000e+00	9.38473219446348e+03
4.55000000000000e+00	9.72683902529456e+03
4.56000000000000e+00	1.00015756975851e+04
4.57000000000000e+00	1.02262479425528e+04
4.58000000000000e+00	1.04204216079887e+04
4.59000000000000e+00	1.06050277323184e+04
4.60000000000000e+00	1.08019527209910e+04
4.61000000000000e+00	1.10341939162480e+04
4.62000000000000e+00	1.13267643493225e+04
4.63000000000000e+00	1.17078675492281e+04
4.64000000000000e+00	1.22101300974125e+04
4.65000000000000e+00	1.28718792412841e+04
4.66000000000000e+00	1.37379809084130e+04
4.67000000000000e+00	1.48597082293170e+04
4.68000000000000e+00	1.62945531583365e+04
4.69000000000000e+00	1.81043070081096e+04
4.70000000000000e+00	2.03532753542259e+04
4.71000000000000e+00	2.31041669501066e+04
4.72000000000000e+00	2.64140687302825e+04
4.73000000000000e+00	3.03287052570918e+04
4.74000000000000e+00	3.48779000878595e+04
4.75000000000000e+00	4.00685727554743e+04
4.76000000000000e+00	4.58804587933723e+04
4.77000000000000e+00	5.22613423898124e+04
4.78000000000000e+00	5.91200353221617e+04
4.79000000000000e+00	6.63230010463392e+04
4.80000000000000e+00	7.36882910249858e+04
4.81000000000000e+00	8.09823631030453e+04
4.82000000000000e+00	8.79258654849633e+04
4.83000000000000e+00	9.42037767189776e+04
4.84000000000000e+00	9.94910862478863e+04
4.85000000000000e+00	1.03483694002130e+05
4.86000000000000e+00	1.05937276104404e+05
4.87000000000000e+00	1.06694670668718e+05
4.88000000000000e+00	1.05709820300201e+05
4.89000000000000e+00	1.03053086811348e+05
4.90000000000000e+00	9.89086215625541e+04
4.91000000000000e+00	9.35460746964852e+04
4.92000000000000e+00	8.73000581488013e+04
4.93000000000000e+00	8.05311813742441e+04
4.94000000000000e+00	7.35930790243079e+04
4.95000000000000e+00	6.68082333114384e+04
4.96000000000000e+00	6.04435316144183e+04
4.97000000000000e+00	5.47060068094053e+04
4.98000000000000e+00	4.97350948169718e+04
4.99000000000000e+00	4.56082394190202e+04
5.00000000000000e+00	4.23455383923327e+04
5.01000000000000e+00	3.99142334302528e+04
5.02000000000000e+00	3.82392821987231e+04
5.03000000000000e+00	3.72084998799198e+04
5.04000000000000e+00	3.66848852253520e+04
5.05000000000000e+00	3.65189034392475e+04
5.06000000000000e+00	3.65617762503123e+04
5.07000000000000e+00	3.66776056723727e+04
5.08000000000000e+00	3.67539301323820e+04
5.09000000000000e+00	3.67071362599485e+04
5.10000000000000e+00	3.64837583213139e+04
5.11000000000000e+00	3.60607708906083e+04
5.12000000000000e+00	3.54379676635216e+04
5.13000000000000e+00	3.46347816246013e+04
5.14000000000000e+00	3.36813118504275e+04
5.15000000000000e+00	3.26122466697966e+04
5.16000000000000e+00	3.14595714184274e+04
5.17000000000000e+00	3.02511613663079e+04
5.18000000000000e+00	2.90055747255933e+04
5.19000000000000e+00	2.77330334015242e+04
5.20000000000000e+00	2.64372896571855e+04
5.21000000000000e+00	2.51150243621927e+04
5.22000000000000e+00	2.37609140887227e+04
5.23000000000000e+00	2.23701106342035e+04
5.24000000000000e+00	2.09391626132461e+04
5.25000000000000e+00	1.94680012543297e+04
5.26000000000000e+00	1.79626168106916e+04
5.27000000000000e+00	1.64336718118780e+04
5.28000000000000e+00	1.48976005680560e+04
5.29000000000000e+00	1.33746552239470e+04
5.30000000000000e+00	1.18882501883489e+04
5.31000000000000e+00	1.04616227809975e+04
5.32000000000000e+00	9.11643712292142e+03
5.33000000000000e+00	7.87041481362319e+03
5.34000000000000e+00	6.73616327615978e+03
5.35000000000000e+00	5.72056375335369e+03
5.36000000000000e+00	4.82504910177690e+03
5.37000000000000e+00	4.04656575988391e+03
5.38000000000000e+00	3.37838896966667e+03
5.39000000000000e+00	2.81141727374939e+03
5.40000000000000e+00	2.33523477112793e+03
5.41000000000000e+00	1.93895611713076e+03
5.42000000000000e+00	1.61207810095122e+03
5.43000000000000e+00	1.34488702403597e+03
5.44000000000000e+00	1.12877582503823e+03
5.45000000000000e+00	9.56310455851115e+02
5.46000000000000e+00	8.21227086030996e+02
5.47000000000000e+00	7.18200092930988e+02
5.48000000000000e+00	6.42714915773595e+02
5.49000000000000e+00	5.90811946469993e+02
5.50000000000000e+00	5.58867597170242e+02
5.51000000000000e+00	5.43498566620212e+02
5.52000000000000e+00	5.41425538195884e+02
5.53000000000000e+00	5.49460396575052e+02
5.54000000000000e+00	5.64525259524983e+02
5.55000000000000e+00	5.83678079048778e+02
5.56000000000000e+00	6.04199163267261e+02
5.57000000000000e+00	6.23625659037284e+02
5.58000000000000e+00	6.39827944437433e+02
5.59000000000000e+00	6.51074069967597e+02
5.60000000000000e+00	6.56060230532836e+02
5.61000000000000e+00	6.54024603998748e+02
5.62000000000000e+00	6.44721244081344e+02
5.63000000000000e+00	6.28534744367343e+02
5.64000000000000e+00	6.06399943727962e+02
5.65000000000000e+00	5.79839035612921e+02
5.66000000000000e+00	5.50864812440767e+02
5.67000000000000e+00	5.21912796090650e+02
5.68000000000000e+00	4.95629577859137e+02
5.69000000000000e+00	4.74708354818649e+02
5.70000000000000e+00	4.61656789413975e+02
5.71000000000000e+00	4.58546812296595e+02
5.72000000000000e+00	4.66813932483023e+02
5.73000000000000e+00	4.87112018493451e+02
5.74000000000000e+00	5.19222700671397e+02
5.75000000000000e+00	5.62160544558753e+02
5.76000000000000e+00	6.14283199018139e+02
5.77000000000000e+00	6.73540074778722e+02
5.78000000000000e+00	7.37711024314228e+02
5.79000000000000e+00	8.04640975803191e+02
5.80000000000000e+00	8.72461887146116e+02
5.81000000000000e+00	9.39624491830413e+02
5.82000000000000e+00	1.00490132991024e+03
5.83000000000000e+00	1.06734835354069e+03
5.84000000000000e+00	1.12613133316929e+03
5.85000000000000e+00	1.18048978631548e+03
5.86000000000000e+00	1.22963947719362e+03
5.87000000000000e+00	1.27278240468055e+03
5.88000000000000e+00	1.30916422767908e+03
5.89000000000000e+00	1.33807090098626e+03
5.90000000000000e+00	1.35904780800370e+03
5.91000000000000e+00	1.37182282407738e+03
5.92000000000000e+00	1.37638101504368e+03
5.93000000000000e+00	1.37292729918690e+03
5.94000000000000e+00	1.36193155017340e+03
5.95000000000000e+00	1.34403808577766e+03
5.96000000000000e+00	1.32004974114457e+03
5.97000000000000e+00	1.29093579671962e+03
5.98000000000000e+00	1.25774446374818e+03
5.99000000000000e+00	1.22153039801799e+03
6.00000000000000e+00	1.18330853267199e+03
6.01000000000000e+00	1.14403540722456e+03
6.02000000000000e+00	1.10459790070737e+03
6.03000000000000e+00	1.06572667636677e+03
6.04000000000000e+00	1.02808542861228e+03
6.05000000000000e+00	9.92223323525817e+02
6.06000000000000e+00	9.58572355166797e+02
6.07000000000000e+00	9.27449912850648e+02
6.08000000000000e+00	8.99050644944576e+02
6.09000000000000e+00	8.73466068118760e+02
6.10000000000000e+00	8.50661285175935e+02
6.11000000000000e+00	8.30507285552023e+02
6.12000000000000e+00	8.12757704183005e+02
6.13000000000000e+00	7.97087056136814e+02
6.14000000000000e+00	7.83044087379349e+02
6.15000000000000e+00	7.70150677341663e+02
6.16000000000000e+00	7.57859176534446e+02
6.17000000000000e+00	7.45635114157740e+02
6.18000000000000e+00	7.33078968009293e+02
6.19000000000000e+00	7.19858991934170e+02
6.20000000000000e+00	7.05893064724228e+02
6.21000000000000e+00	6.91236751268230e+02
6.22000000000000e+00	6.76185874596453e+02
6.23000000000000e+00	6.61201612877182e+02
6.24000000000000e+00	6.46917915255228e+02
6.25000000000000e+00	6.34107862995370e+02
6.26000000000000e+00	6.23657960346498e+02
6.27000000000000e+00	6.16522129035524e+02
6.28000000000000e+00	6.13626088996630e+02
6.29000000000000e+00	6.15838971547986e+02
6.30000000000000e+00	6.23851680470918e+02
6.31000000000000e+00	6.38102140509283e+02
6.32000000000000e+00	6.58663251747114e+02
6.33000000000000e+00	6.85261910606411e+02
6.34000000000000e+00	7.17148154716984e+02
6.35000000000000e+00	7.53191864272099e+02
6.36000000000000e+00	7.91878528896089e+02
6.37000000000000e+00	8.31337136737210e+02
6.38000000000000e+00	8.69537805927091e+02
6.39000000000000e+00	9.04324179649843e+02
6.40000000000000e+00	9.33579252712502e+02
6.41000000000000e+00	9.55390366135265e+02
6.42000000000000e+00	9.68150202590006e+02
6.43000000000000e+00	9.70703413261773e+02
6.44000000000000e+00	9.62418416000919e+02
6.45000000000000e+00	9.43213454211760e+02
6.46000000000000e+00	9.13620077281421e+02
6.47000000000000e+00	8.74731644187560e+02
6.48000000000000e+00	8.28183054777861e+02
6.49000000000000e+00	7.76099244906083e+02
6.50000000000000e+00	7.20947847588511e+02
6.51000000000000e+00	6.65433083165189e+02
6.52000000000000e+00	6.12300535362643e+02
6.53000000000000e+00	5.64142719875938e+02
6.54000000000000e+00	5.23200423669815e+02
6.55000000000000e+00	4.91252191910376e+02
6.56000000000000e+00	4.69471702231543e+02
6.57000000000000e+00	4.58387051079971e+02
6.58000000000000e+00	4.57903859724613e+02
6.59000000000000e+00	4.67345500577697e+02
6.60000000000000e+00	4.85591285798386e+02
6.61000000000000e+00	5.11172524157428e+02
6.62000000000000e+00	5.42447972351123e+02
6.63000000000000e+00	5.77686321825514e+02
6.64000000000000e+00	6.15231066820765e+02
6.65000000000000e+00	6.53537870421443e+02
6.66000000000000e+00	6.91252742920071e+02
6.67000000000000e+00	7.27217854369498e+02
6.68000000000000e+00	7.60479518364006e+02
6.69000000000000e+00	7.90192755518793e+02
6.70000000000000e+00	8.15643235321770e+02
6.71000000000000e+00	8.36151580777862e+02
6.72000000000000e+00	8.51120966588149e+02
6.73000000000000e+00	8.60048983939452e+02
6.74000000000000e+00	8.62548668100939e+02
6.75000000000000e+00	8.58432536353026e+02
6.76000000000000e+00	8.47765448125378e+02
6.77000000000000e+00	8.30886434823413e+02
6.78000000000000e+00	8.08417200927303e+02
6.79000000000000e+00	7.81267045604507e+02
6.80000000000000e+00	7.50555839900689e+02
6.81000000000000e+00	7.17565173632306e+02
6.82000000000000e+00	6.83582689029733e+02
6.83000000000000e+00	6.49833157119907e+02
6.84000000000000e+00	6.17343780456361e+02
6.85000000000000e+00	5.86884174275102e+02
6.86000000000000e+00	5.58923922104108e+02
6.87000000000000e+00	5.33668982244643e+02
6.88000000000000e+00	5.11076372637528e+02
6.89000000000000e+00	4.90949403755062e+02
6.90000000000000e+00	4.73064314298208e+02
6.91000000000000e+00	4.57229944440540e+02
6.92000000000000e+00	4.43432439475346e+02
6.93000000000000e+00	4.31888143672666e+02
6.94000000000000e+00	4.23081088138698e+02
6.95000000000000e+00	4.17781042943674e+02
6.96000000000000e+00	4.16969962002105e+02
6.97000000000000e+00	4.21758390139833e+02
6.98000000000000e+00	4.33254891058320e+02
6.99000000000000e+00	4.52426266481221e+02
7.00000000000000e+00	4.79899488735645e+02
7.01000000000000e+00	5.15865010391465e+02
7.02000000000000e+00	5.59974926644027e+02
7.03000000000000e+00	6.11259793030735e+02
7.04000000000000e+00	6.68230932770105e+02
7.05000000000000e+00	7.28887565330852e+02
7.06000000000000e+00	7.90940717158001e+02
7.07000000000000e+00	8.51969519585735e+02
7.08000000000000e+00	9.09590501536701e+02
7.09000000000000e+00	9.61698269005109e+02
7.10000000000000e+00	1.00664080756703e+03
7.11000000000000e+00	1.04334735260331e+03
7.12000000000000e+00	1.07138526053811e+03
7.13000000000000e+00	1.09099181949107e+03
7.14000000000000e+00	1.10298160430624e+03
7.15000000000000e+00	1.10862771316546e+03
7.16000000000000e+00	1.10953244976031e+03
7.17000000000000e+00	1.10743766277534e+03
7.18000000000000e+00	1.10411775012254e+03
7.19000000000000e+00	1.10120470949486e+03
7.20000000000000e+00	1.10010841789049e+03
7.21000000000000e+00	1.10185108213786e+03
7.22000000000000e+00	1.10707159358585e+03
7.23000000000000e+00	1.11596945675244e+03
7.24000000000000e+00	1.12831409674213e+03
7.25000000000000e+00	1.14352388947460e+03
7.26000000000000e+00	1.16077649273347e+03
7.27000000000000e+00	1.17913896641823e+03
7.28000000000000e+00	1.19767676811093e+03
7.29000000000000e+00	1.21570047647340e+03
7.30000000000000e+00	1.23285945797491e+03
7.31000000000000e+00	1.24922735873931e+03
7.32000000000000e+00	1.26544483131695e+03
7.33000000000000e+00	1.28274761575680e+03
7.34000000000000e+00	1.30284732384016e+03
7.35000000000000e+00	1.32781714630057e+03
7.36000000000000e+00	1.35982507944371e+03
7.37000000000000e+00	1.40094713737754e+03
7.38000000000000e+00	1.45276388796765e+03
7.39000000000000e+00	1.51608801225961e+03
7.40000000000000e+00	1.59084225390257e+03
7.41000000000000e+00	1.67579233679079e+03
7.42000000000000e+00	1.76868622331329e+03
7.43000000000000e+00	1.86632016169397e+03
7.44000000000000e+00	1.96471180633738e+03
7.45000000000000e+00	2.05942197041870e+03
7.46000000000000e+00	2.14584290910171e+03
7.47000000000000e+00	2.21951961132098e+03
7.48000000000000e+00	2.27643932074302e+03
7.49000000000000e+00	2.31328030431051e+03
7.50000000000000e+00	2.32755997445340e+03
7.51000000000000e+00	2.31783333610960e+03
7.52000000000000e+00	2.28369398876831e+03
7.53000000000000e+00	2.22577857369958e+03
7.54000000000000e+00	2.14569487280988e+03
7.55000000000000e+00	2.04593364045612e+03
7.56000000000000e+00	1.92964017483546e+03
7.57000000000000e+00	1.80039280625590e+03
7.58000000000000e+00	1.66202014097592e+03
7.59000000000000e+00	1.51840967667006e+03
7.60000000000000e+00	1.37324657721911e+03
7.61000000000000e+00	1.23000453991352e+03
7.62000000000000e+00	1.09173364260222e+03
7.63000000000000e+00	9.61153510815264e+02
7.64000000000000e+00	8.40569159367298e+02
7.65000000000000e+00	7.31943504429862e+02
7.66000000000000e+00	6.36892070147837e+02
7.67000000000000e+00	5.56717983611319e+02
7.68000000000000e+00	4.92364171276196e+02
7.69000000000000e+00	4.44392939308793e+02
7.70000000000000e+00	4.13034185484221e+02
7.71000000000000e+00	3.98188932730165e+02
7.72000000000000e+00	3.99540424502512e+02
7.73000000000000e+00	4.16686621961047e+02
7.74000000000000e+00	4.49329297847621e+02
7.75000000000000e+00	4.97394115540006e+02
7.76000000000000e+00	5.61291897686100e+02
7.77000000000000e+00	6.41934315014499e+02
7.78000000000000e+00	7.40882948273521e+02
7.79000000000000e+00	8.60321969910421e+02
7.80000000000000e+00	1.00302957597390e+03
7.81000000000000e+00	1.17228614068712e+03
7.82000000000000e+00	1.37167227826379e+03
7.83000000000000e+00	1.60483283267665e+03
7.84000000000000e+00	1.87521555035585e+03
7.85000000000000e+00	2.18566215726451e+03
7.86000000000000e+00	2.53805553921014e+03
7.87000000000000e+00	2.93295625635207e+03
7.88000000000000e+00	3.36929906109292e+03
7.89000000000000e+00	3.84394359097528e+03
7.90000000000000e+00	4.35160578404740e+03
7.91000000000000e+00	4.88419942011300e+03
7.92000000000000e+00	5.43046927052548e+03
7.93000000000000e+00	5.97538671963523e+03
7.94000000000000e+00	6.49961362855809e+03
7.95000000000000e+00	6.98001653005854e+03
7.96000000000000e+00	7.39003984296483e+03
7.97000000000000e+00	7.70219589500528e+03
7.98000000000000e+00	7.89107156651002e+03
7.99000000000000e+00	7.93759839577392e+03
8.00000000000000e+00	7.83180182333617e+03
8.01000000000000e+00	7.57577864184657e+03
8.02000000000000e+00	7.18377696205464e+03
8.03000000000000e+00	6.68041384034741e+03
8.04000000000000e+00	6.09692449844145e+03
8.05000000000000e+00	5.46749310336992e+03
8.06000000000000e+00	4.82450021083387e+03
8.07000000000000e+00	4.19566823464800e+03
8.08000000000000e+00	3.60220048287684e+03
8.09000000000000e+00	3.05815482751887e+03
8.10000000000000e+00	2.57142590688514e+03
8.11000000000000e+00	2.14459457010899e+03
8.12000000000000e+00	1.77659178627023e+03
8.13000000000000e+00	1.46384507418078e+03
8.14000000000000e+00	1.20129643815895e+03
8.15000000000000e+00	9.83202519865494e+02
8.16000000000000e+00	8.03583515788589e+02
8.17000000000000e+00	6.56624989398705e+02
8.18000000000000e+00	5.36934565800631e+02
8.19000000000000e+00	4.39626236510819e+02
8.20000000000000e+00	3.60462482785284e+02
8.21000000000000e+00	2.95881443499941e+02
8.22000000000000e+00	2.42967917218907e+02
8.23000000000000e+00	1.99391205260220e+02
8.24000000000000e+00	1.63337397155766e+02
8.25000000000000e+00	1.33406166280750e+02
8.26000000000000e+00	1.08512924563776e+02
8.27000000000000e+00	8.78258085021376e+01
8.28000000000000e+00	7.06854176198203e+01
8.29000000000000e+00	5.65607063347866e+01
8.30000000000000e+00	4.50130787942005e+01
8.31000000000000e+00	3.56616692675098e+01
8.32000000000000e+00	2.81720797675956e+01
8.33000000000000e+00	2.22440299184592e+01
8.34000000000000e+00	1.76054261284867e+01
8.35000000000000e+00	1.40102539583847e+01
8.36000000000000e+00	1.12408490990362e+01
8.37000000000000e+00	9.10902189466552e+00
8.38000000000000e+00	7.45826430890996e+00
8.39000000000000e+00	6.16346920967794e+00
8.40000000000000e+00	5.13165536004230e+00
8.41000000000000e+00	4.29951330487677e+00
8.42000000000000e+00	3.63149667454701e+00
8.43000000000000e+00	3.11535261819462e+00
8.44000000000000e+00	2.75789165281070e+00
8.45000000000000e+00	2.57938437701545e+00
8.46000000000000e+00	2.60764595345802e+00
8.47000000000000e+00	2.87209582826129e+00
8.48000000000000e+00	3.39799148692463e+00
8.49000000000000e+00	4.20168502557196e+00
8.50000000000000e+00	5.28714002418567e+00
8.51000000000000e+00	6.64444541457140e+00
8.52000000000000e+00	8.24909387244258e+00
8.53000000000000e+00	1.00645152924956e+01
8.54000000000000e+00	1.20435753358043e+01
8.55000000000000e+00	1.41328851981004e+01
8.56000000000000e+00	1.62754616663754e+01
8.57000000000000e+00	1.84159985893592e+01
8.58000000000000e+00	2.05032113415852e+01
8.59000000000000e+00	2.24940470052930e+01
8.60000000000000e+00	2.43557730987977e+01
8.61000000000000e+00	2.60672133898666e+01
8.62000000000000e+00	2.76180812060146e+01
8.63000000000000e+00	2.90098870705214e+01
8.64000000000000e+00	3.02546098665991e+01
8.65000000000000e+00	3.13719449228359e+01
8.66000000000000e+00	3.23883244784799e+01
8.67000000000000e+00	3.33330026564389e+01
8.68000000000000e+00	3.42394473863153e+01
8.69000000000000e+00	3.51400495757523e+01
8.70000000000000e+00	3.60664190639691e+01
8.71000000000000e+00	3.70449287427755e+01
8.72000000000000e+00	3.81001425634126e+01
8.73000000000000e+00	3.92474458645089e+01
8.74000000000000e+00	4.04977387035337e+01
8.75000000000000e+00	4.18526527103033e+01
8.76000000000000e+00	4.33086174032372e+01
8.77000000000000e+00	4.48528913568306e+01
8.78000000000000e+00	4.64706667223799e+01
8.79000000000000e+00	4.81404206596570e+01
8.80000000000000e+00	4.98402667339680e+01
8.81000000000000e+00	5.15498120080921e+01
8.82000000000000e+00	5.32468179681639e+01
8.83000000000000e+00	5.49130545281526e+01
8.84000000000000e+00	5.65308290451162e+01
8.85000000000000e+00	5.80862540439591e+01
8.86000000000000e+00	5.95656970991645e+01
8.87000000000000e+00	6.09576085116559e+01
8.88000000000000e+00	6.22532787545202e+01
8.89000000000000e+00	6.34465310215171e+01
8.90000000000000e+00	6.45329682705298e+01
8.91000000000000e+00	6.55116858660310e+01
8.92000000000000e+00	6.63819215051680e+01
8.93000000000000e+00	6.71497033648582e+01
8.94000000000000e+00	6.78188983622615e+01
8.95000000000000e+00	6.83994202102343e+01
8.96000000000000e+00	6.88986076917846e+01
8.97000000000000e+00	6.93267836721224e+01
8.98000000000000e+00	6.96928056900171e+01
8.99000000000000e+00	7.00088601897492e+01
9.00000000000000e+00	7.02883202466769e+01
9.01000000000000e+00	7.05502761092631e+01
9.02000000000000e+00	7.08137189692919e+01
9.03000000000000e+00	7.10978440863044e+01
9.04000000000000e+00	7.14235711610882e+01
9.05000000000000e+00	7.18034407592938e+01
9.06000000000000e+00	7.22505442357162e+01
9.07000000000000e+00	7.27697474834918e+01
9.08000000000000e+00	7.33671245170141e+01
9.09000000000000e+00	7.40483029716704e+01
9.10000000000000e+00	7.48203796994138e+01
9.11000000000000e+00	7.56908773212135e+01
9.12000000000000e+00	7.66713639808903e+01
9.13000000000000e+00	7.77715118374925e+01
9.14000000000000e+00	7.90036426030756e+01
9.15000000000000e+00	8.03780016811316e+01
9.16000000000000e+00	8.19040297756198e+01
9.17000000000000e+00	8.35898307805297e+01
9.18000000000000e+00	8.54407412285718e+01
9.19000000000000e+00	8.74566597617475e+01
9.20000000000000e+00	8.96315472019293e+01
9.21000000000000e+00	9.19521191155737e+01
9.22000000000000e+00	9.43892872499083e+01
9.23000000000000e+00	9.69021953106623e+01
9.24000000000000e+00	9.94266329078086e+01
9.25000000000000e+00	1.01878857904678e+02
9.26000000000000e+00	1.04152171406569e+02
9.27000000000000e+00	1.06122782652177e+02
9.28000000000000e+00	1.07655018112117e+02
9.29000000000000e+00	1.08609790500121e+02
9.30000000000000e+00	1.08857677674861e+02
9.31000000000000e+00	1.08291253897349e+02
9.32000000000000e+00	1.06837438283425e+02
9.33000000000000e+00	1.04469676103424e+02
9.34000000000000e+00	1.01214763747320e+02
9.35000000000000e+00	9.71586846502213e+01
9.36000000000000e+00	9.24443022342865e+01
9.37000000000000e+00	8.72625689309105e+01
9.38000000000000e+00	8.18429459160075e+01
9.39000000000000e+00	7.64341426096324e+01
9.40000000000000e+00	7.12828896072693e+01
9.41000000000000e+00	6.66134596795483e+01
9.42000000000000e+00	6.26067365404059e+01
9.43000000000000e+00	5.93903765686917e+01
9.44000000000000e+00	5.70277034414860e+01
9.45000000000000e+00	5.55210084282929e+01
9.46000000000000e+00	5.48190576647536e+01
9.47000000000000e+00	5.48282280323783e+01
9.48000000000000e+00	5.54290257910554e+01
9.49000000000000e+00	5.64900833022365e+01
9.50000000000000e+00	5.78815058987897e+01
9.51000000000000e+00	5.94833728813493e+01
9.52000000000000e+00	6.11911299702475e+01
9.53000000000000e+00	6.29196852560160e+01
9.54000000000000e+00	6.46012421973974e+01
9.55000000000000e+00	6.61873664678348e+01
9.56000000000000e+00	6.76487771098786e+01
9.57000000000000e+00	6.89786704905895e+01
9.58000000000000e+00	7.01855792204944e+01
9.59000000000000e+00	7.12930692144254e+01
9.60000000000000e+00	7.23267018329889e+01
9.61000000000000e+00	7.33103879924792e+01
9.62000000000000e+00	7.42580012593781e+01
9.63000000000000e+00	7.51760871710863e+01
9.64000000000000e+00	7.60635011398728e+01
9.65000000000000e+00	7.69161798876915e+01
9.66000000000000e+00	7.77322210070212e+01
9.67000000000000e+00	7.85105230632948e+01
9.68000000000000e+00	7.92545678010484e+01
9.69000000000000e+00	7.99647982498251e+01
9.70000000000000e+00	8.06451508491765e+01
9.71000000000000e+00	8.12981288041680e+01
9.72000000000000e+00	8.19238231195561e+01
9.73000000000000e+00	8.25250732460763e+01
9.74000000000000e+00	8.31023580168554e+01
9.75000000000000e+00	8.36556820728632e+01
9.76000000000000e+00	8.41863797671799e+01
9.77000000000000e+00	8.46943442128167e+01
9.78000000000000e+00	8.51798352381501e+01
9.79000000000000e+00	8.56450495413920e+01
9.80000000000000e+00	8.60903074912013e+01
9.81000000000000e+00	8.65178303742624e+01
9.82000000000000e+00	8.69313717012856e+01
9.83000000000000e+00	8.73301967462433e+01
9.84000000000000e+00	8.77162905921723e+01
9.85000000000000e+00	8.80896608757344e+01
9.86000000000000e+00	8.84505557141327e+01
9.87000000000000e+00	8.88022566704174e+01
9.88000000000000e+00	8.91589792977567e+01
9.89000000000000e+00	8.95615528079340e+01
9.90000000000000e+00	9.01157125403710e+01
9.91000000000000e+00	9.10578208862004e+01
9.92000000000000e+00	9.28598122109142e+01
9.93000000000000e+00	9.63852636612802e+01
9.94000000000000e+00	1.03123150230216e+02
9.95000000000000e+00	1.15654502426615e+02
9.96000000000000e+00	1.38680496126317e+02
9.97000000000000e+00	1.81546213960845e+02
9.98000000000000e+00	2.64655507071944e+02
9.99000000000000e+00	4.36815640330945e+02
1.00000000000000e+01	8.26239187093345e+02
1.00100000000000e+01	1.78615254859602e+03
1.00200000000000e+01	3.90944298837601e+03
1.00300000000000e+01	4.88924386917434e+03
1.00400000000000e+01	2.27279823248866e+03
1.00500000000000e+01	7.69461105814309e+02
1.00600000000000e+01	2.74609827507021e+02
1.00700000000000e+01	1.09717325454421e+02
1.00800000000000e+01	4.88608171320092e+01
1.00900000000000e+01	2.38656141129271e+01
1.01000000000000e+01	1.25815644103961e+01
1.01100000000000e+01	7.06332942505887e+00
1.01200000000000e+01	4.17775299987700e+00
1.01300000000000e+01	2.58153523930323e+00
1.01400000000000e+01	1.65545095952378e+00
1.01500000000000e+01	1.09587056248681e+00
1.01600000000000e+01	7.45670705769203e-01
1.01700000000000e+01	5.19717836702477e-01
1.01800000000000e+01	3.69975771406871e-01
1.01900000000000e+01	2.68361778399352e-01
1.02000000000000e+01	1.97945458348339e-01
1.02100000000000e+01	1.48218209305354e-01
1.02200000000000e+01	1.12501606902619e-01
1.02300000000000e+01	8.64495232985294e-02
1.02400000000000e+01	6.71819573517157e-02
1.02500000000000e+01	5.27483469610437e-02
1.02600000000000e+01	4.18096300227550e-02
1.02700000000000e+01	3.34295398932638e-02
1.02800000000000e+01	2.69460427139117e-02
1.02900000000000e+01	2.18838533183259e-02
1.03000000000000e+01	1.78972811690579e-02
1.03100000000000e+01	1.47329479180113e-02
1.03200000000000e+01	1.22024184467870e-02
1.03300000000000e+01	1.01648287495051e-02
1.03400000000000e+01	8.51323581581711e-03
1.03500000000000e+01	7.16631330551379e-03
1.03600000000000e+01	6.06145934118595e-03
1.03700000000000e+01	5.15014165839450e-03
1.03800000000000e+01	4.39459852202594e-03
1.03900000000000e+01	3.76509041971771e-03
1.04000000000000e+01	3.23812523292123e-03
1.04100000000000e+01	2.79501934209547e-03
1.04200000000000e+01	2.42089164255727e-03
1.04300000000000e+01	2.10371510007812e-03
1.04400000000000e+01	1.83381780238546e-03
1.04500000000000e+01	1.60330585887464e-03
1.04600000000000e+01	1.40576984102840e-03
1.04700000000000e+01	1.23592948222386e-03
1.04800000000000e+01	1.08943637869875e-03
1.04900000000000e+01	9.62726160064909e-04
1.05000000000000e+01	8.52799769342495e-04
1.05100000000000e+01	7.57178415059110e-04
1.05200000000000e+01	6.73781487339615e-04
1.05300000000000e+01	6.00859759100193e-04
1.05400000000000e+01	5.36944384332220e-04
1.05500000000000e+01	4.80788837640943e-04
1.05600000000000e+01	4.31341969938338e-04
1.05700000000000e+01	3.87699944086624e-04
1.05800000000000e+01	3.49102844572646e-04
1.05900000000000e+01	3.14893867308408e-04
1.06000000000000e+01	2.84515281344217e-04
1.06100000000000e+01	2.57483832411359e-04
1.06200000000000e+01	2.33387122275625e-04
1.06300000000000e+01	2.11866373305721e-04
1.06400000000000e+01	1.92610836931028e-04
1.06500000000000e+01	1.75353197016698e-04
1.06600000000000e+01	1.59860651166405e-04
1.06700000000000e+01	1.45928724463564e-04
1.06800000000000e+01	1.33382194727688e-04
1.06900000000000e+01	1.22064666944321e-04
1.07000000000000e+01	1.11840612325464e-04
1.07100000000000e+01	1.02591689803413e-04
1.07200000000000e+01	9.42136667702269e-05
1.07300000000000e+01	8.66135870261125e-05
1.07400000000000e+01	7.97117806066416e-05
1.07500000000000e+01	7.34353942380321e-05
1.07600000000000e+01	6.77217805863876e-05
1.07700000000000e+01	6.25145767953726e-05
1.07800000000000e+01	5.77641229330532e-05
1.07900000000000e+01	5.34254827992782e-05
1.08000000000000e+01	4.94591475125014e-05
1.08100000000000e+01	4.58292424298737e-05
1.08200000000000e+01	4.25041892340358e-05
1.08300000000000e+01	3.94553463095694e-05
1.08400000000000e+01	3.66568989519913e-05
1.08500000000000e+01	3.40858804853530e-05
1.08600000000000e+01	3.17213937170110e-05
1.08700000000000e+01	2.95447158141008e-05
1.08800000000000e+01	2.75388582260987e-05
1.08900000000000e+01	2.56887303336018e-05
1.09000000000000e+01	2.39805125615137e-05
1.09100000000000e+01	2.24018258279206e-05
1.09200000000000e+01	2.09414666904416e-05
1.09300000000000e+01	1.95893726821715e-05
1.09400000000000e+01	1.83361728654438e-05
1.09500000000000e+01	1.71738527814607e-05
1.09600000000000e+01	1.60947756422294e-05
1.09700000000000e+01	1.50922451478695e-05
1.09800000000000e+01	1.41599789228620e-05
1.09900000000000e+01	1.32923984922945e-05
1.10000000000000e+01	1.24844675361483e-05
1.10100000000000e+01	1.17316672324715e-05
1.10200000000000e+01	1.10297731432756e-05
1.10300000000000e+01	1.03751293038576e-05
1.10400000000000e+01	9.76417317008266e-06
1.10500000000000e+01	9.19379582085448e-06
1.10600000000000e+01	8.66131131589785e-06
1.10700000000000e+01	8.16391960705431e-06
1.10800000000000e+01	7.69917894274213e-06
1.10900000000000e+01	7.26486224986544e-06
1.11000000000000e+01	6.85886506595838e-06
1.11100000000000e+01	6.47925554486795e-06
1.11200000000000e+01	6.12402487639340e-06
1.11300000000000e+01	5.79157273571468e-06
1.11400000000000e+01	5.48021743450376e-06
1.11500000000000e+01	5.18845677881043e-06
1.11600000000000e+01	4.91483064306521e-06
1.11700000000000e+01	4.65811392640262e-06
1.11800000000000e+01	4.41704514899367e-06
1.11900000000000e+01	4.19047537757345e-06
1.12000000000000e+01	3.97738471118620e-06
1.12100000000000e+01	3.77683299041051e-06
1.12200000000000e+01	3.58796671232103e-06
1.12300000000000e+01	3.40997133324845e-06
1.12400000000000e+01	3.24207132418700e-06
1.12500000000000e+01	3.08367233594973e-06
1.12600000000000e+01	2.93408686867897e-06
1.12700000000000e+01	2.79278943440262e-06
1.12800000000000e+01	2.65926629240117e-06
1.12900000000000e+01	2.53300551109547e-06
1.13000000000000e+01	2.41356188009415e-06
1.13100000000000e+01	2.30052423073652e-06
1.13200000000000e+01	2.19347768293199e-06
1.13300000000000e+01	2.09210885070371e-06
1.13400000000000e+01	1.99604122684007e-06
1.13500000000000e+01	1.90498785086485e-06
1.13600000000000e+01	1.81861769789149e-06
1.13700000000000e+01	1.73666190010346e-06
1.13800000000000e+01	1.65889283573561e-06
1.13900000000000e+01	1.58502601719029e-06
1.14000000000000e+01	1.51486541412826e-06
1.14100000000000e+01	1.44820604573795e-06
1.14200000000000e+01	1.38483385828846e-06
1.14300000000000e+01	1.32457605405891e-06
1.14400000000000e+01	1.26726530256358e-06
1.14500000000000e+01	1.21274811439773e-06
1.14600000000000e+01	1.16085715277046e-06
1.14700000000000e+01	1.11146818843497e-06
1.14800000000000e+01	1.06442928032866e-06
1.14900000000000e+01	1.01961680086075e-06
1.15000000000000e+01	9.76935577485300e-07
1.15100000000000e+01	9.36244670362060e-07
1.15200000000000e+01	8.97450262888151e-07
1.15300000000000e+01	8.60460392486556e-07
1.15400000000000e+01	8.25165459222647e-07
1.15500000000000e+01	7.91510285912102e-07
1.15600000000000e+01	7.59394290853566e-07
1.15700000000000e+01	7.28752359232459e-07
1.15800000000000e+01	6.99518532125243e-07
1.15900000000000e+01	6.71632852074507e-07
1.16000000000000e+01	6.45024274424537e-07
1.16100000000000e+01	6.19648652729838e-07
1.16200000000000e+01	5.95440848672492e-07
1.16300000000000e+01	5.72345687583067e-07
1.16400000000000e+01	5.50307220395291e-07
1.16500000000000e+01	5.29280957344849e-07
1.16600000000000e+01	5.09197837614918e-07
1.16700000000000e+01	4.90020024381072e-07
1.16800000000000e+01	4.71687990146034e-07
1.16900000000000e+01	4.54150056349694e-07
1.17000000000000e+01	4.37363383326422e-07
1.17100000000000e+01	4.21284336812207e-07
1.17200000000000e+01	4.05866765585966e-07
1.17300000000000e+01	3.91078637443081e-07
1.17400000000000e+01	3.76880156058629e-07
1.17500000000000e+01	3.63244032122103e-07
1.17600000000000e+01	3.50142207141746e-07
1.17700000000000e+01	3.37548418112211e-07
1.17800000000000e+01	3.25445160172618e-07
1.17900000000000e+01	3.13811078379858e-07
1.18000000000000e+01	3.02632424724201e-07
1.18100000000000e+01	2.91892754179039e-07
1.18200000000000e+01	2.81578203690379e-07
1.18300000000000e+01	2.71674873759339e-07
1.18400000000000e+01	2.62165863422304e-07
1.18500000000000e+01	2.53039960521370e-07
1.18600000000000e+01	2.44282589185509e-07
1.18700000000000e+01	2.35880489269924e-07
1.18800000000000e+01	2.27814338414866e-07
1.18900000000000e+01	2.20075556377566e-07
1.19000000000000e+01	2.12644569602992e-07
1.19100000000000e+01	2.05508738890683e-07
1.19200000000000e+01	1.98652136047610e-07
1.19300000000000e+01	1.92065517462858e-07
1.19400000000000e+01	1.85730177088550e-07
1.19500000000000e+01	1.79638142393729e-07
1.19600000000000e+01	1.73774134695177e-07
1.19700000000000e+01	1.68128575282185e-07
1.19800000000000e+01	1.62688387768513e-07
1.19900000000000e+01	1.57446907606726e-07
1.20000000000000e+01	1.52390925511799e-07
1.20100000000000e+01	1.47514910390694e-07
1.20200000000000e+01	1.42810796699331e-07
1.20300000000000e+01	1.38271280925553e-07
1.20400000000000e+01	1.33889166477785e-07
1.20500000000000e+01	1.29658980409744e-07
1.20600000000000e+01	1.25578584152457e-07
1.20700000000000e+01	1.21638047566915e-07
1.20800000000000e+01	1.17837601253916e-07
1.20900000000000e+01	1.14171753865813e-07
1.21000000000000e+01	1.10635989478819e-07
1.21100000000000e+01	1.07227843985093e-07
1.21200000000000e+01	1.03942951706803e-07
1.21300000000000e+01	1.00776807458628e-07
1.21400000000000e+01	9.77266702341541e-08
1.21500000000000e+01	9.47873251714167e-08
1.21600000000000e+01	9.19539088652157e-08
1.21700000000000e+01	8.92231977001786e-08
1.21800000000000e+01	8.65898126183864e-08
1.21900000000000e+01	8.40502195813484e-08
1.22000000000000e+01	8.15982466324236e-08
1.22100000000000e+01	7.92308578451062e-08
1.22200000000000e+01	7.69433885044232e-08
1.22300000000000e+01	7.47319805174348e-08
1.22400000000000e+01	7.25918053346616e-08
1.22500000000000e+01	7.05208976312435e-08
1.22600000000000e+01	6.85148926745399e-08
1.22700000000000e+01	6.65710323302783e-08
1.22800000000000e+01	6.46856134211468e-08
1.22900000000000e+01	6.28565904965149e-08
1.23000000000000e+01	6.10814328205182e-08
1.23100000000000e+01	5.93573549576524e-08
1.23200000000000e+01	5.76824613161051e-08
1.23300000000000e+01	5.60545501619309e-08
1.23400000000000e+01	5.44718947015021e-08
1.23500000000000e+01	5.29334764226581e-08
1.23600000000000e+01	5.14378006411237e-08
1.23700000000000e+01	4.99839192110800e-08
1.23800000000000e+01	4.85704402544598e-08
1.23900000000000e+01	4.71971204842740e-08
1.24000000000000e+01	4.58631340936699e-08
1.24100000000000e+01	4.45680390827669e-08
1.24200000000000e+01	4.33104212633768e-08
1.24300000000000e+01	4.20907091400545e-08
1.24400000000000e+01	4.09079431640665e-08
1.24500000000000e+01	3.97609310076298e-08
1.24600000000000e+01	3.86491780502389e-08
1.24700000000000e+01	3.75717328698595e-08
1.24800000000000e+01	3.65273901978141e-08
1.24900000000000e+01	3.55150571221136e-08
1.25000000000000e+01	3.45344872897414e-08
1.25100000000000e+01	3.35842905640410e-08
1.25200000000000e+01	3.26634447311744e-08
1.25300000000000e+01	3.17708825193254e-08
1.25400000000000e+01	3.09064873378202e-08
1.25500000000000e+01	3.00687263279864e-08
1.25600000000000e+01	2.92571437650757e-08
1.25700000000000e+01	2.84711300684620e-08
1.25800000000000e+01	2.77096726801013e-08
1.25900000000000e+01	2.69718335988442e-08
1.26000000000000e+01	2.62573107338203e-08
1.26100000000000e+01	2.55646788541012e-08
1.26200000000000e+01	2.48936434579259e-08
1.26300000000000e+01	2.42431748009756e-08
1.26400000000000e+01	2.36123575543095e-08
1.26500000000000e+01	2.30004772792571e-08
1.26600000000000e+01	2.24071354772947e-08
1.26700000000000e+01	2.18313069423786e-08
1.26800000000000e+01	2.12726465702256e-08
1.26900000000000e+01	2.07303651829530e-08
1.27000000000000e+01	2.02041822567999e-08
1.27100000000000e+01	1.96937309709927e-08
1.27200000000000e+01	1.91983231445134e-08
1.27300000000000e+01	1.87178113886018e-08
1.27400000000000e+01	1.82516630407211e-08
1.27500000000000e+01	1.77993593773237e-08
1.27600000000000e+01	1.73609343310048e-08
1.27700000000000e+01	1.69355145610968e-08
1.27800000000000e+01	1.65229674302934e-08
1.27900000000000e+01	1.61226783027185e-08
1.28000000000000e+01	1.57341708861566e-08
1.28100000000000e+01	1.53570590986408e-08
1.28200000000000e+01	1.49910902690374e-08
1.28300000000000e+01	1.46354386001488e-08
1.28400000000000e+01	1.42902237726205e-08
1.28500000000000e+01	1.39547810164245e-08
1.28600000000000e+01	1.36285661159440e-08
1.28700000000000e+01	1.33117887781449e-08
1.28800000000000e+01	1.30036526608801e-08
1.28900000000000e+01	1.27041285211355e-08
1.29000000000000e+01	1.24127015621428e-08
1.29100000000000e+01	1.21294740169276e-08
1.29200000000000e+01	1.18538402491126e-08
1.29300000000000e+01	1.15856587516143e-08
1.29400000000000e+01	1.13247343316521e-08
1.29500000000000e+01	1.10708056605918e-08
1.29600000000000e+01	1.08234863928664e-08
1.29700000000000e+01	1.05827509995816e-08
1.29800000000000e+01	1.03482291417575e-08
1.29900000000000e+01	1.01199440837967e-08
1.30000000000000e+01	9.89751322103686e-09
1.30100000000000e+01	9.68083965712526e-09
1.30200000000000e+01	9.46978445374282e-09
1.30300000000000e+01	9.26424765220666e-09
1.30400000000000e+01	9.06388582209660e-09
1.30500000000000e+01	8.86871083625311e-09
1.30600000000000e+01	8.67848363047117e-09
1.30700000000000e+01	8.49294272731353e-09
1.30800000000000e+01	8.31196466663278e-09
1.30900000000000e+01	8.13541372835124e-09
1.31000000000000e+01	7.96300446285639e-09
1.31100000000000e+01	7.79461542774176e-09
1.31200000000000e+01	7.62994438721398e-09
1.31300000000000e+01	7.46889766881117e-09
1.31400000000000e+01	7.31134342962562e-09
1.31500000000000e+01	7.15722444995015e-09
1.31600000000000e+01	7.00646807235350e-09
1.31700000000000e+01	6.85888154220820e-09
1.31800000000000e+01	6.71448367131556e-09
1.31900000000000e+01	6.57326900893059e-09
1.32000000000000e+01	6.43517334841458e-09
1.32100000000000e+01	6.30018739245660e-09
1.32200000000000e+01	6.16829529860399e-09
1.32300000000000e+01	6.03934795266459e-09
1.32400000000000e+01	5.91332434623960e-09
1.32500000000000e+01	5.79021703309856e-09
1.32600000000000e+01	5.66977062403082e-09
1.32700000000000e+01	5.55208692168136e-09
1.32800000000000e+01	5.43692863268071e-09
1.32900000000000e+01	5.32430652086932e-09
1.33000000000000e+01	5.21416109514727e-09
1.33100000000000e+01	5.10633458972203e-09
1.33200000000000e+01	5.00089284869777e-09
1.33300000000000e+01	4.89773717094500e-09
1.33400000000000e+01	4.79686314588438e-09
1.33500000000000e+01	4.69827882462646e-09
1.33600000000000e+01	4.60192806028015e-09
1.33700000000000e+01	4.50775159180866e-09
1.33800000000000e+01	4.41583200948520e-09
1.33900000000000e+01	4.32605552615181e-09
1.34000000000000e+01	4.23841062297733e-09
1.34100000000000e+01	4.15287341899361e-09
1.34200000000000e+01	4.06937798732029e-09
1.34300000000000e+01	3.98786381733436e-09
1.34400000000000e+01	3.90831238842515e-09
1.34500000000000e+01	3.83061912430537e-09
1.34600000000000e+01	3.75473788750921e-09
1.34700000000000e+01	3.68061439441158e-09
1.34800000000000e+01	3.60819390265046e-09
1.34900000000000e+01	3.53735279900173e-09
1.35000000000000e+01	3.46817499890077e-09
1.35100000000000e+01	3.40045539562807e-09
1.35200000000000e+01	3.33419880976083e-09
1.35300000000000e+01	3.26936964758664e-09
1.35400000000000e+01	3.20593454649380e-09
1.35500000000000e+01	3.14375326346942e-09
1.35600000000000e+01	3.08287399504381e-09
1.35700000000000e+01	3.02320074732554e-09
1.35800000000000e+01	2.96470902926681e-09
1.35900000000000e+01	2.90731993784589e-09
1.36000000000000e+01	2.85103870138444e-09
1.36100000000000e+01	2.79582382233327e-09
1.36200000000000e+01	2.74166318720078e-09
1.36300000000000e+01	2.68847706657724e-09
1.36400000000000e+01	2.63631585275343e-09
1.36500000000000e+01	2.58513277775090e-09
1.36600000000000e+01	2.53492193115143e-09
1.36700000000000e+01	2.48569384142467e-09
1.36800000000000e+01	2.43743187632018e-09
1.36900000000000e+01	2.39015209673582e-09
1.37000000000000e+01	2.34380794844530e-09
1.37100000000000e+01	2.29845983077138e-09
1.37200000000000e+01	2.25405882161382e-09
1.37300000000000e+01	2.21068257273849e-09
1.37400000000000e+01	2.16828230464181e-09
1.37500000000000e+01	2.12687229238658e-09
1.37600000000000e+01	2.08644778857929e-09
1.37700000000000e+01	2.04697357240390e-09
1.37800000000000e+01	2.00846820589929e-09
1.37900000000000e+01	1.97089677029729e-09
1.38000000000000e+01	1.93424660267658e-09
1.38100000000000e+01	1.89844485991601e-09
1.38200000000000e+01	1.86352966175209e-09
1.38300000000000e+01	1.82938362849227e-09
1.38400000000000e+01	1.79605384629151e-09
1.38500000000000e+01	1.76346800680904e-09
1.38600000000000e+01	1.73157168953026e-09
1.38700000000000e+01	1.70036575652262e-09
1.38800000000000e+01	1.66985030604171e-09
1.38900000000000e+01	1.63993580491954e-09
1.39000000000000e+01	1.61062971005032e-09
1.39100000000000e+01	1.58191401490672e-09
1.39200000000000e+01	1.55376229283233e-09
1.39300000000000e+01	1.52614497420021e-09
1.39400000000000e+01	1.49907057193412e-09
1.39500000000000e+01	1.47250752187945e-09
1.39600000000000e+01	1.44643578412422e-09
1.39700000000000e+01	1.42086155207859e-09
1.39800000000000e+01	1.39575832830281e-09
1.39900000000000e+01	1.37110319958112e-09
1.40000000000000e+01	1.34693885704242e-09
1.40100000000000e+01	1.32319030463950e-09
1.40200000000000e+01	1.29988674986428e-09
1.40300000000000e+01	1.27703253719080e-09
1.40400000000000e+01	1.25463494730897e-09
1.40500000000000e+01	1.23263944301314e-09
1.40600000000000e+01	1.21109737224459e-09
1.40700000000000e+01	1.18998189322401e-09
1.40800000000000e+01	1.16928257965748e-09
1.40900000000000e+01	1.14900474802401e-09
1.41000000000000e+01	1.12913296928702e-09
1.41100000000000e+01	1.10967312896172e-09
1.41200000000000e+01	1.09061059375527e-09
1.41300000000000e+01	1.07192372665834e-09
1.41400000000000e+01	1.05361357981770e-09
1.41500000000000e+01	1.03563392334672e-09
1.41600000000000e+01	1.01799009522034e-09
1.41700000000000e+01	1.00066366491392e-09
1.41800000000000e+01	9.83649586544373e-10
1.41900000000000e+01	9.66920110488931e-10
1.42000000000000e+01	9.50472333542421e-10
1.42100000000000e+01	9.34291528178736e-10
1.42200000000000e+01	9.18397685787429e-10
1.42300000000000e+01	9.02755467196693e-10
1.42400000000000e+01	8.87374516485984e-10
1.42500000000000e+01	8.72282607771499e-10
1.42600000000000e+01	8.57432936220506e-10
1.42700000000000e+01	8.42874961011363e-10
1.42800000000000e+01	8.28579626660176e-10
1.42900000000000e+01	8.14552858398174e-10
1.43000000000000e+01	8.00807359507478e-10
1.43100000000000e+01	7.87326670946967e-10
1.43200000000000e+01	7.74103797466956e-10
1.43300000000000e+01	7.61141555567630e-10
1.43400000000000e+01	7.48433651676314e-10
1.43500000000000e+01	7.35973057539282e-10
1.43600000000000e+01	7.23755423053619e-10
1.43700000000000e+01	7.11757423044486e-10
1.43800000000000e+01	6.99991082854391e-10
1.43900000000000e+01	6.88462244066121e-10
1.44000000000000e+01	6.77145769212169e-10
1.44100000000000e+01	6.66040650444330e-10
1.44200000000000e+01	6.55157675555186e-10
1.44300000000000e+01	6.44475014701817e-10
1.44400000000000e+01	6.34004117741065e-10
1.44500000000000e+01	6.23733411637828e-10
1.44600000000000e+01	6.13672026647362e-10
1.44700000000000e+01	6.03801002799509e-10
1.44800000000000e+01	5.94113910346113e-10
1.44900000000000e+01	5.84622974064536e-10
1.45000000000000e+01	5.75316187373721e-10
1.45100000000000e+01	5.66187551554846e-10
1.45200000000000e+01	5.57226463711273e-10
1.45300000000000e+01	5.48436826089902e-10
1.45400000000000e+01	5.39813579349470e-10
1.45500000000000e+01	5.31347734685311e-10
1.45600000000000e+01	5.23034568474854e-10
1.45700000000000e+01	5.14878586614645e-10
1.45800000000000e+01	5.06857111793993e-10
1.45900000000000e+01	4.98985344604538e-10
1.46000000000000e+01	4.91249419261515e-10
1.46100000000000e+01	4.83646624061961e-10
1.46200000000000e+01	4.76179930905928e-10
1.46300000000000e+01	4.68829712603889e-10
1.46400000000000e+01	4.61612088253594e-10
1.46500000000000e+01	4.54518050698914e-10
1.46600000000000e+01	4.47541273838415e-10
1.46700000000000e+01	4.40684360884067e-10
1.46800000000000e+01	4.33951120723901e-10
1.46900000000000e+01	4.27333029749382e-10
1.47000000000000e+01	4.20834398351914e-10
1.47100000000000e+01	4.14446827893606e-10
1.47200000000000e+01	4.08167842293684e-10
1.47300000000000e+01	4.02005503334462e-10
1.47400000000000e+01	3.95951970443131e-10
1.47500000000000e+01	3.90010108949267e-10
1.47600000000000e+01	3.84171592796110e-10
1.47700000000000e+01	3.78439561761917e-10
1.47800000000000e+01	3.72801205417683e-10
1.47900000000000e+01	3.67265138619915e-10
1.48000000000000e+01	3.61818564261128e-10
1.48100000000000e+01	3.56455561657187e-10
1.48200000000000e+01	3.51188906149300e-10
1.48300000000000e+01	3.45998236274888e-10
1.48400000000000e+01	3.40891559149000e-10
1.48500000000000e+01	3.35863207216823e-10
1.48600000000000e+01	3.30912553527649e-10
1.48700000000000e+01	3.26033907978913e-10
1.48800000000000e+01	3.21226031699172e-10
1.48900000000000e+01	3.16489336409829e-10
1.49000000000000e+01	3.11826278397497e-10
1.49100000000000e+01	3.07232034210229e-10
1.49200000000000e+01	3.02705972688054e-10
1.49300000000000e+01	2.98246787636872e-10
1.49400000000000e+01	2.93858085391552e-10
1.49500000000000e+01	2.89538929877480e-10
1.49600000000000e+01	2.85283615245074e-10
1.49700000000000e+01	2.81103258149997e-10
1.49800000000000e+01	2.76984417690617e-10
1.49900000000000e+01	2.72937535541929e-10
1.50000000000000e+01	2.68957929788885e-10
1.50100000000000e+01	2.65047048530818e-10
1.50200000000000e+01	2.61196128027927e-10
1.50300000000000e+01	2.57415231893646e-10
1.50400000000000e+01	2.53698266850772e-10
1.50500000000000e+01	2.50040804067764e-10
1.50600000000000e+01	2.46448149265439e-10
1.50700000000000e+01	2.42912454451486e-10
1.50800000000000e+01	2.39435464996509e-10
1.50900000000000e+01	2.36015990575066e-10
1.51000000000000e+01	2.32650071989918e-10
1.51100000000000e+01	2.29332700657199e-10
1.51200000000000e+01	2.26073487467473e-10
1.51300000000000e+01	2.22855232474874e-10
1.51400000000000e+01	2.19693279526616e-10
1.51500000000000e+01	2.16571420512085e-10
1.51600000000000e+01	2.13495392958604e-10
1.51700000000000e+01	2.10464154261996e-10
1.51800000000000e+01	2.07480605804293e-10
1.51900000000000e+01	2.04538005499594e-10
1.52000000000000e+01	2.01638487663567e-10
1.52100000000000e+01	1.98784379872682e-10
1.52200000000000e+01	1.95977300628298e-10
1.52300000000000e+01	1.93207775937959e-10
1.52400000000000e+01	1.90480879542428e-10
1.52500000000000e+01	1.87797684909712e-10
1.52600000000000e+01	1.85149338583827e-10
1.52700000000000e+01	1.82543284605848e-10
1.52800000000000e+01	1.79969802393841e-10
1.52900000000000e+01	1.77429428233162e-10
1.53000000000000e+01	1.74918276871970e-10
1.53100000000000e+01	1.72434321320742e-10
1.53200000000000e+01	1.69974679855992e-10
1.53300000000000e+01	1.67539559777879e-10
1.53400000000000e+01	1.65117626419350e-10
1.53500000000000e+01	1.62717291329973e-10
1.53600000000000e+01	1.60331420177127e-10
1.53700000000000e+01	1.57959734303538e-10
1.53800000000000e+01	1.55603333140676e-10
1.53900000000000e+01	1.53258848218469e-10
1.54000000000000e+01	1.50930330793224e-10
1.54100000000000e+01	1.48620867337986e-10
1.54200000000000e+01	1.46327727921097e-10
1.54300000000000e+01	1.44056073577787e-10
1.54400000000000e+01	1.41807025110822e-10
1.54500000000000e+01	1.39587432073518e-10
1.54600000000000e+01	1.37397428322653e-10
1.54700000000000e+01	1.35246869908446e-10
1.54800000000000e+01	1.33133191044759e-10
1.54900000000000e+01	1.31063183051612e-10
1.55000000000000e+01	1.29041116009462e-10
1.55100000000000e+01	1.27070253684965e-10
1.55200000000000e+01	1.25153994696233e-10
1.55300000000000e+01	1.23291153687654e-10
1.55400000000000e+01	1.21484927928823e-10
1.55500000000000e+01	1.19733360777496e-10
1.55600000000000e+01	1.18035835636345e-10
1.55700000000000e+01	1.16389241369220e-10
1.55800000000000e+01	1.14794555776041e-10
1.55900000000000e+01	1.13244400260504e-10
1.56000000000000e+01	1.11733764730052e-10
1.56100000000000e+01	1.10264151121637e-10
1.56200000000000e+01	1.08826389459577e-10
1.56300000000000e+01	1.07419343043697e-10
1.56400000000000e+01	1.06039622880786e-10
1.56500000000000e+01	1.04681883684685e-10
1.56600000000000e+01	1.03342943476089e-10
1.56700000000000e+01	1.02022976951357e-10
1.56800000000000e+01	1.00717388427832e-10
1.56900000000000e+01	9.94249995594042e-11
1.57000000000000e+01	9.81449036453260e-11
1.57100000000000e+01	9.68744612199594e-11
1.57200000000000e+01	9.56140744978408e-11
1.57300000000000e+01	9.43644352183734e-11
1.57400000000000e+01	9.31231369314078e-11
1.57500000000000e+01	9.18933821508442e-11
1.57600000000000e+01	9.06728931512086e-11
1.57700000000000e+01	8.94622163750074e-11
1.57800000000000e+01	8.82628116256663e-11
1.57900000000000e+01	8.70789441648353e-11
1.58000000000000e+01	8.59080462629955e-11
1.58100000000000e+01	8.47525761572147e-11
1.58200000000000e+01	8.36150336074162e-11
1.58300000000000e+01	8.24961528509783e-11
1.58400000000000e+01	8.13981327064581e-11
1.58500000000000e+01	8.03200571641429e-11
1.58600000000000e+01	7.92638707635618e-11
1.58700000000000e+01	7.82285854922110e-11
1.58800000000000e+01	7.72159874064929e-11
1.58900000000000e+01	7.62261083692055e-11
1.59000000000000e+01	7.52570894963370e-11
1.59100000000000e+01	7.43102930860766e-11
1.59200000000000e+01	7.33827749537244e-11
1.59300000000000e+01	7.24750211534620e-11
1.59400000000000e+01	7.15840261978930e-11
1.59500000000000e+01	7.07096119807023e-11
1.59600000000000e+01	6.98503692286295e-11
1.59700000000000e+01	6.90046097932541e-11
1.59800000000000e+01	6.81723855261162e-11
1.59900000000000e+01	6.73504822926673e-11
1.60000000000000e+01	6.65418067755849e-11
1.60100000000000e+01	6.57422505929514e-11
1.60200000000000e+01	6.49528391448073e-11
1.60300000000000e+01	6.41735282441723e-11
1.60400000000000e+01	6.34033240197803e-11
1.60500000000000e+01	6.26420104059662e-11
1.60600000000000e+01	6.18897770040610e-11
1.60700000000000e+01	6.11465884281201e-11
1.60800000000000e+01	6.04113687361954e-11
1.60900000000000e+01	5.96860656937689e-11
1.61000000000000e+01	5.89684752346761e-11
1.61100000000000e+01	5.82596415309664e-11
1.61200000000000e+01	5.75605477538316e-11
1.61300000000000e+01	5.68680881373596e-11
1.61400000000000e+01	5.61859129271114e-11
1.61500000000000e+01	5.55130446116114e-11
1.61600000000000e+01	5.48467888972069e-11
1.61700000000000e+01	5.41904460760881e-11
1.61800000000000e+01	5.35422731800080e-11
1.61900000000000e+01	5.29046167617950e-11
1.62000000000000e+01	5.22749069832001e-11
1.62100000000000e+01	5.16553084515851e-11
1.62200000000000e+01	5.10441330875057e-11
1.62300000000000e+01	5.04435390151496e-11
1.62400000000000e+01	4.98525213003823e-11
1.62500000000000e+01	4.92714455078069e-11
1.62600000000000e+01	4.86993440413977e-11
1.62700000000000e+01	4.81374974518675e-11
1.62800000000000e+01	4.75848755712048e-11
1.62900000000000e+01	4.70419347128373e-11
1.63000000000000e+01	4.65075914136965e-11
1.63100000000000e+01	4.59801789261771e-11
1.63200000000000e+01	4.54609690962243e-11
1.63300000000000e+01	4.49483825719769e-11
1.63400000000000e+01	4.44407442338558e-11
1.63500000000000e+01	4.39402880098729e-11
1.63600000000000e+01	4.34432646349469e-11
1.63700000000000e+01	4.29505105035097e-11
1.63800000000000e+01	4.24613270540809e-11
1.63900000000000e+01	4.19737864346966e-11
1.64000000000000e+01	4.14894103144093e-11
1.64100000000000e+01	4.10063865388316e-11
1.64200000000000e+01	4.05248505529187e-11
1.64300000000000e+01	4.00451684155050e-11
1.64400000000000e+01	3.95662049939899e-11
1.64500000000000e+01	3.90889296554112e-11
1.64600000000000e+01	3.86142699122845e-11
1.64700000000000e+01	3.81416203619130e-11
1.64800000000000e+01	3.76719450638903e-11
1.64900000000000e+01	3.72064440627810e-11
1.65000000000000e+01	3.67464670205092e-11
1.65100000000000e+01	3.62901441759555e-11
1.65200000000000e+01	3.58403923549631e-11
1.65300000000000e+01	3.53977155545642e-11
1.65400000000000e+01	3.49611754844057e-11
1.65500000000000e+01	3.45324716932031e-11
1.65600000000000e+01	3.41113221574059e-11
1.65700000000000e+01	3.36980145764040e-11
1.65800000000000e+01	3.32917136594294e-11
1.65900000000000e+01	3.28939007479739e-11
1.66000000000000e+01	3.25041929229848e-11
1.66100000000000e+01	3.21219602390719e-11
1.66200000000000e+01	3.17468202636316e-11
1.66300000000000e+01	3.13791880625481e-11
1.66400000000000e+01	3.10193618275263e-11
1.66500000000000e+01	3.06655116350273e-11
1.66600000000000e+01	3.03190631624520e-11
1.66700000000000e+01	2.99787913159408e-11
1.66800000000000e+01	2.96450080462422e-11
1.66900000000000e+01	2.93171704860178e-11
1.67000000000000e+01	2.89950191381690e-11
1.67100000000000e+01	2.86779924500018e-11
1.67200000000000e+01	2.83663894772595e-11
1.67300000000000e+01	2.80597024270796e-11
1.67400000000000e+01	2.77573207518107e-11
1.67500000000000e+01	2.74591878345977e-11
1.67600000000000e+01	2.71652453022373e-11
1.67700000000000e+01	2.68740125708715e-11
1.67800000000000e+01	2.65864660409100e-11
1.67900000000000e+01	2.63025714455968e-11
1.68000000000000e+01	2.60204948045853e-11
1.68100000000000e+01	2.57412053039318e-11
1.68200000000000e+01	2.54646810870884e-11
1.68300000000000e+01	2.51901347400842e-11
1.68400000000000e+01	2.49175684031240e-11
1.68500000000000e+01	2.46478508166100e-11
1.68600000000000e+01	2.43801939522638e-11
1.68700000000000e+01	2.41145881957253e-11
1.68800000000000e+01	2.38518970742978e-11
1.68900000000000e+01	2.35912907682376e-11
1.69000000000000e+01	2.33335048123615e-11
1.69100000000000e+01	2.30777738546904e-11
1.69200000000000e+01	2.28249117165396e-11
1.69300000000000e+01	2.25740415293256e-11
1.69400000000000e+01	2.23263647759854e-11
1.69500000000000e+01	2.20811792343457e-11
1.69600000000000e+01	2.18383277341107e-11
1.69700000000000e+01	2.15982644036836e-11
1.69800000000000e+01	2.13609997888652e-11
1.69900000000000e+01	2.11264693760683e-11
1.70000000000000e+01	2.08950573370727e-11
1.70100000000000e+01	2.06666086064921e-11
1.70200000000000e+01	2.04419184394085e-11
1.70300000000000e+01	2.02208719973409e-11
1.70400000000000e+01	2.00029473199295e-11
1.70500000000000e+01	1.97891562886315e-11
1.70600000000000e+01	1.95790516400886e-11
1.70700000000000e+01	1.93728120860559e-11
1.70800000000000e+01	1.91699994678358e-11
1.70900000000000e+01	1.89712206806596e-11
1.71000000000000e+01	1.87759879802146e-11
1.71100000000000e+01	1.85841927671239e-11
1.71200000000000e+01	1.83954905030792e-11
1.71300000000000e+01	1.82094279622819e-11
1.71400000000000e+01	1.80266411071634e-11
1.71500000000000e+01	1.78464158983123e-11
1.71600000000000e+01	1.76687453449902e-11
1.71700000000000e+01	1.74932381726042e-11
1.71800000000000e+01	1.73199176532663e-11
1.71900000000000e+01	1.71490489612890e-11
1.72000000000000e+01	1.69799805231469e-11
1.72100000000000e+01	1.68133704589286e-11
1.72200000000000e+01	1.66488105041227e-11
1.72300000000000e+01	1.64857175819093e-11
1.72400000000000e+01	1.63249230113386e-11
1.72500000000000e+01	1.61655772722707e-11
1.72600000000000e+01	1.60085067902086e-11
1.72700000000000e+01	1.58531240067734e-11
1.72800000000000e+01	1.56993637719480e-11
1.72900000000000e+01	1.55472502930391e-11
1.73000000000000e+01	1.53970255371903e-11
1.73100000000000e+01	1.52483822357044e-11
1.73200000000000e+01	1.51013244819832e-11
1.73300000000000e+01	1.49555252744233e-11
1.73400000000000e+01	1.48113323003458e-11
1.73500000000000e+01	1.46683481173524e-11
1.73600000000000e+01	1.45269242978804e-11
1.73700000000000e+01	1.43868823900736e-11
1.73800000000000e+01	1.42480404663801e-11
1.73900000000000e+01	1.41104968462555e-11
1.74000000000000e+01	1.39744768766429e-11
1.74100000000000e+01	1.38395088910935e-11
1.74200000000000e+01	1.37057913217229e-11
1.74300000000000e+01	1.35733327743030e-11
1.74400000000000e+01	1.34423478548398e-11
1.74500000000000e+01	1.33123588265885e-11
1.74600000000000e+01	1.31838058659866e-11
1.74700000000000e+01	1.30564640787902e-11
1.74800000000000e+01	1.29302922418251e-11
1.74900000000000e+01	1.28050767019589e-11
1.75000000000000e+01	1.26812468077063e-11
1.75100000000000e+01	1.25585361362237e-11
1.75200000000000e+01	1.24367372095270e-11
1.75300000000000e+01	1.23158542469699e-11
1.75400000000000e+01	1.21958514782130e-11
1.75500000000000e+01	1.20769709703547e-11
1.75600000000000e+01	1.19587668562662e-11
1.75700000000000e+01	1.18414944734302e-11
1.75800000000000e+01	1.17249173140484e-11
1.75900000000000e+01	1.16092593215954e-11
1.76000000000000e+01	1.14943263631784e-11
1.76100000000000e+01	1.13805491301765e-11
1.76200000000000e+01	1.12675025900350e-11
1.76300000000000e+01	1.11556117240100e-11
1.76400000000000e+01	1.10446680491791e-11
1.76500000000000e+01	1.09348418024860e-11
1.76600000000000e+01	1.08263293636181e-11
1.76700000000000e+01	1.07189302011249e-11
1.76800000000000e+01	1.06128031076434e-11
1.76900000000000e+01	1.05081014520128e-11
1.77000000000000e+01	1.04044598742039e-11
1.77100000000000e+01	1.03021969295797e-11
1.77200000000000e+01	1.02010905458186e-11
1.77300000000000e+01	1.01011478855016e-11
1.77400000000000e+01	1.00025217363031e-11
1.77500000000000e+01	9.90481036099438e-12
1.77600000000000e+01	9.80835922432666e-12
1.77700000000000e+01	9.71280392215833e-12
1.77800000000000e+01	9.61830387908515e-12
1.77900000000000e+01	9.52484519990083e-12
1.78000000000000e+01	9.43206717212771e-12
1.78100000000000e+01	9.34031897124796e-12
1.78200000000000e+01	9.24941502842671e-12
1.78300000000000e+01	9.15916640993004e-12
1.78400000000000e+01	9.06974827173472e-12
1.78500000000000e+01	8.98118921294257e-12
1.78600000000000e+01	8.89343247041023e-12
1.78700000000000e+01	8.80634737840077e-12
1.78800000000000e+01	8.71990588338788e-12
1.78900000000000e+01	8.63427197372021e-12
1.79000000000000e+01	8.54946943092650e-12
1.79100000000000e+01	8.46528809917642e-12
1.79200000000000e+01	8.38174329981207e-12
1.79300000000000e+01	8.29898234147717e-12
1.79400000000000e+01	8.21669235970359e-12
1.79500000000000e+01	8.13505191442725e-12
1.79600000000000e+01	8.05388400501918e-12
1.79700000000000e+01	7.97338180094982e-12
1.79800000000000e+01	7.89321745795355e-12
1.79900000000000e+01	7.81375307721037e-12
1.80000000000000e+01	7.73483169587283e-12
1.80100000000000e+01	7.65675379204671e-12
1.80200000000000e+01	7.57925890592866e-12
1.80300000000000e+01	7.50275474301326e-12
1.80400000000000e+01	7.42724884911443e-12
1.80500000000000e+01	7.35288744887998e-12
1.80600000000000e+01	7.27960353769184e-12
1.80700000000000e+01	7.20781093158834e-12
1.80800000000000e+01	7.13731256599835e-12
1.80900000000000e+01	7.06821557045489e-12
1.81000000000000e+01	7.00043555833636e-12
1.81100000000000e+01	6.93411504710471e-12
1.81200000000000e+01	6.86915440838733e-12
1.81300000000000e+01	6.80542452426385e-12
1.81400000000000e+01	6.74271335930281e-12
1.81500000000000e+01	6.68115023219363e-12
1.81600000000000e+01	6.62044195156667e-12
1.81700000000000e+01	6.56067680281966e-12
1.81800000000000e+01	6.50150539850516e-12
1.81900000000000e+01	6.44312153845330e-12
1.82000000000000e+01	6.38531679490053e-12
1.82100000000000e+01	6.32792293095261e-12
1.82200000000000e+01	6.27108295909261e-12
1.82300000000000e+01	6.21465690764103e-12
1.82400000000000e+01	6.15857076693170e-12
1.82500000000000e+01	6.10278440323957e-12
1.82600000000000e+01	6.04734219847556e-12
1.82700000000000e+01	5.99222477129264e-12
1.82800000000000e+01	5.93733247460516e-12
1.82900000000000e+01	5.88267248278291e-12
1.83000000000000e+01	5.82850091847168e-12
1.83100000000000e+01	5.77445218351658e-12
1.83200000000000e+01	5.72087581303274e-12
1.83300000000000e+01	5.66762418573375e-12
1.83400000000000e+01	5.61478005194568e-12
1.83500000000000e+01	5.56241629907328e-12
1.83600000000000e+01	5.51053522922479e-12
1.83700000000000e+01	5.45921749290721e-12
1.83800000000000e+01	5.40850696630897e-12
1.83900000000000e+01	5.35847158891109e-12
1.84000000000000e+01	5.30913547737637e-12
1.84100000000000e+01	5.26057251293651e-12
1.84200000000000e+01	5.21281504611481e-12
1.84300000000000e+01	5.16590499188379e-12
1.84400000000000e+01	5.11984732234131e-12
1.84500000000000e+01	5.07468240585475e-12
1.84600000000000e+01	5.03037601572670e-12
1.84700000000000e+01	4.98692283880150e-12
1.84800000000000e+01	4.94430073982387e-12
1.84900000000000e+01	4.90245392546517e-12
1.85000000000000e+01	4.86134516778533e-12
1.85100000000000e+01	4.82089752016973e-12
1.85200000000000e+01	4.78105188769072e-12
1.85300000000000e+01	4.74175378030151e-12
1.85400000000000e+01	4.70294631582704e-12
1.85500000000000e+01	4.66454787707821e-12
1.85600000000000e+01	4.62650494246173e-12
1.85700000000000e+01	4.58878296068596e-12
1.85800000000000e+01	4.55134051993998e-12
1.85900000000000e+01	4.51412774635290e-12
1.86000000000000e+01	4.47713365830650e-12
1.86100000000000e+01	4.44032983532781e-12
1.86200000000000e+01	4.40370686556787e-12
1.86300000000000e+01	4.36727526352095e-12
1.86400000000000e+01	4.33101940729048e-12
1.86500000000000e+01	4.29496018305751e-12
1.86600000000000e+01	4.25910482553085e-12
1.86700000000000e+01	4.22347512620771e-12
1.86800000000000e+01	4.18805641815944e-12
1.86900000000000e+01	4.15288485451894e-12
1.87000000000000e+01	4.11797446117036e-12
1.87100000000000e+01	4.08333238037451e-12
1.87200000000000e+01	4.04894665773362e-12
1.87300000000000e+01	4.01484382364003e-12
1.87400000000000e+01	3.98100438847471e-12
1.87500000000000e+01	3.94745669993045e-12
1.87600000000000e+01	3.91415615753800e-12
1.87700000000000e+01	3.88113385625464e-12
1.87800000000000e+01	3.84836157381057e-12
1.87900000000000e+01	3.81583276889583e-12
1.88000000000000e+01	3.78354238316311e-12
1.88100000000000e+01	3.75148435436012e-12
1.88200000000000e+01	3.71962910742819e-12
1.88300000000000e+01	3.68798410905726e-12
1.88400000000000e+01	3.65652956186230e-12
1.88500000000000e+01	3.62525651079598e-12
1.88600000000000e+01	3.59415497247221e-12
1.88700000000000e+01	3.56319302038765e-12
1.88800000000000e+01	3.53238650097428e-12
1.88900000000000e+01	3.50171961882884e-12
1.89000000000000e+01	3.47116890632758e-12
1.89100000000000e+01	3.44072633816376e-12
1.89200000000000e+01	3.41041847588886e-12
1.89300000000000e+01	3.38021378794261e-12
1.89400000000000e+01	3.35014725487319e-12
1.89500000000000e+01	3.32021303877302e-12
1.89600000000000e+01	3.29042698345755e-12
1.89700000000000e+01	3.26080592020038e-12
1.89800000000000e+01	3.23138026501575e-12
1.89900000000000e+01	3.20217579481348e-12
1.90000000000000e+01	3.17319676799267e-12
1.90100000000000e+01	3.14448078835190e-12
1.90200000000000e+01	3.11603910076869e-12
1.90300000000000e+01	3.08786321949451e-12
1.90400000000000e+01	3.05996479052718e-12
1.90500000000000e+01	3.03231362206265e-12
1.90600000000000e+01	3.00489611433222e-12
1.90700000000000e+01	2.97767030852575e-12
1.90800000000000e+01	2.95062244068474e-12
1.90900000000000e+01	2.92369698287283e-12
1.91000000000000e+01	2.89688235683458e-12
1.91100000000000e+01	2.87016594531821e-12
1.91200000000000e+01	2.84355165482169e-12
1.91300000000000e+01	2.81706975940588e-12
1.91400000000000e+01	2.79076117626493e-12
1.91500000000000e+01	2.76470167290646e-12
1.91600000000000e+01	2.73896148249445e-12
1.91700000000000e+01	2.71362857068215e-12
1.91800000000000e+01	2.68877974057616e-12
1.91900000000000e+01	2.66450154347634e-12
1.92000000000000e+01	2.64084963473372e-12
1.92100000000000e+01	2.61784371141299e-12
1.92200000000000e+01	2.59551624929823e-12
1.92300000000000e+01	2.57385042847101e-12
1.92400000000000e+01	2.55281815106195e-12
1.92500000000000e+01	2.53236158605103e-12
1.92600000000000e+01	2.51242774117059e-12
1.92700000000000e+01	2.49294507742944e-12
1.92800000000000e+01	2.47384312317914e-12
1.92900000000000e+01	2.45505484073712e-12
1.93000000000000e+01	2.43651807234672e-12
1.93100000000000e+01	2.41817950626395e-12
1.93200000000000e+01	2.40000733396628e-12
1.93300000000000e+01	2.38197350092415e-12
1.93400000000000e+01	2.36403911626472e-12
1.93500000000000e+01	2.34620627908014e-12
1.93600000000000e+01	2.32845688115962e-12
1.93700000000000e+01	2.31077947461193e-12
1.93800000000000e+01	2.29318067977844e-12
1.93900000000000e+01	2.27565990256521e-12
1.94000000000000e+01	2.25820500085873e-12
1.94100000000000e+01	2.24083543256984e-12
1.94200000000000e+01	2.22353451851962e-12
1.94300000000000e+01	2.20630760332354e-12
1.94400000000000e+01	2.18915713772199e-12
1.94500000000000e+01	2.17208251055254e-12
1.94600000000000e+01	2.15508225818229e-12
1.94700000000000e+01	2.13816327087870e-12
1.94800000000000e+01	2.12131458404479e-12
1.94900000000000e+01	2.10454227514885e-12
1.95000000000000e+01	2.08784927164125e-12
1.95100000000000e+01	2.07122865318277e-12
1.95200000000000e+01	2.05469389930328e-12
1.95300000000000e+01	2.03822917691010e-12
1.95400000000000e+01	2.02184060762501e-12
1.95500000000000e+01	2.00552767663353e-12
1.95600000000000e+01	1.98929880859163e-12
1.95700000000000e+01	1.97314522634598e-12
1.95800000000000e+01	1.95708836061349e-12
1.95900000000000e+01	1.94111061771657e-12
1.96000000000000e+01	1.92523197169609e-12
1.96100000000000e+01	1.90945334035155e-12
1.96200000000000e+01	1.89378917563808e-12
1.96300000000000e+01	1.87823815126819e-12
1.96400000000000e+01	1.86280201474096e-12
1.96500000000000e+01	1.84749685007765e-12
1.96600000000000e+01	1.83230796044136e-12
1.96700000000000e+01	1.81725011471163e-12
1.96800000000000e+01	1.80232458459787e-12
1.96900000000000e+01	1.78751689068086e-12
1.97000000000000e+01	1.77284173930914e-12
1.97100000000000e+01	1.75828087618982e-12
1.97200000000000e+01	1.74384311587576e-12
1.97300000000000e+01	1.72951658753689e-12
1.97400000000000e+01	1.71530332906187e-12
1.97500000000000e+01	1.70120678488111e-12
1.97600000000000e+01	1.68723684830198e-12
1.97700000000000e+01	1.67340600856449e-12
1.97800000000000e+01	1.65973811898222e-12
1.97900000000000e+01	1.64628005722030e-12
1.98000000000000e+01	1.63310681535473e-12
1.98100000000000e+01	1.62030662379959e-12
1.98200000000000e+01	1.60802486615235e-12
1.98300000000000e+01	1.59644278670850e-12
1.98400000000000e+01	1.58577460145902e-12
1.98500000000000e+01	1.57632375890900e-12
1.98600000000000e+01	1.56842400508006e-12
1.98700000000000e+01	1.56247102566430e-12
1.98800000000000e+01	1.55892875801958e-12
1.98900000000000e+01	1.55834019762673e-12
1.99000000000000e+01	1.56130248079041e-12
1.99100000000000e+01	1.56854391811279e-12
1.99200000000000e+01	1.58091257145857e-12
1.99300000000000e+01	1.59946146468263e-12
1.99400000000000e+01	1.62554077753214e-12
1.99500000000000e+01	1.66091976674922e-12
1.99600000000000e+01	1.70801614445547e-12
1.99700000000000e+01	1.77024728982247e-12
1.99800000000000e+01	1.85258766225331e-12
1.99900000000000e+01	1.96264698956585e-12
2.00000000000000e+01	2.11243946992615e-12
