1.00000000000000e-02	4.27289022259365e+13
2.00000000000000e-02	2.67017603294652e+12
3.00000000000000e-02	5.27314523979866e+11
4.00000000000000e-02	1.66790248033193e+11
5.00000000000000e-02	6.82878217933199e+10
6.00000000000000e-02	3.29147159557730e+10
7.00000000000000e-02	1.77554977464274e+10
8.00000000000000e-02	1.04004845639556e+10
9.00000000000000e-02	6.48767869811590e+09
1.00000000000000e-01	4.25268701378060e+09
1.10000000000000e-01	2.90172328559341e+09
1.20000000000000e-01	2.04654831266012e+09
1.30000000000000e-01	1.48406158056806e+09
1.40000000000000e-01	1.10192724108767e+09
1.50000000000000e-01	8.35011344083970e+08
1.60000000000000e-01	6.44059975608326e+08
1.70000000000000e-01	5.04570814481589e+08
1.80000000000000e-01	4.00769414265023e+08
1.90000000000000e-01	3.22250479792289e+08
2.00000000000000e-01	2.61979220994013e+08
2.10000000000000e-01	2.15102347087802e+08
2.20000000000000e-01	1.78209791778574e+08
2.30000000000000e-01	1.48852586156946e+08
2.40000000000000e-01	1.25265663363839e+08
2.50000000000000e-01	1.06139196238356e+08
2.60000000000000e-01	9.05031018661566e+07
2.70000000000000e-01	7.76192089305973e+07
2.80000000000000e-01	6.69311856766865e+07
2.90000000000000e-01	5.80031880658371e+07
3.00000000000000e-01	5.05008584193575e+07
3.10000000000000e-01	4.41601114226647e+07
3.20000000000000e-01	3.87725391714025e+07
3.30000000000000e-01	3.41722273656061e+07
3.40000000000000e-01	3.02248213711440e+07
3.50000000000000e-01	2.68238218640745e+07
3.60000000000000e-01	2.38805217346817e+07
3.70000000000000e-01	2.13236968532324e+07
3.80000000000000e-01	1.90943672791315e+07
3.90000000000000e-01	1.71435023497475e+07
4.00000000000000e-01	1.54308363521354e+07
4.10000000000000e-01	1.39223885098194e+07
4.20000000000000e-01	1.25900040443340e+07
4.30000000000000e-01	1.14096344320612e+07
4.40000000000000e-01	1.03612106100855e+07
4.50000000000000e-01	9.42744398548641e+06
4.60000000000000e-01	8.59374110180995e+06
4.70000000000000e-01	7.84777558464111e+06
4.80000000000000e-01	7.17868087800119e+06
4.90000000000000e-01	6.57723708185716e+06
5.00000000000000e-01	6.03549485905759e+06
5.10000000000000e-01	5.54645276472809e+06
5.20000000000000e-01	5.10444968847581e+06
5.30000000000000e-01	4.70387954027127e+06
5.40000000000000e-01	4.34046573640190e+06
5.50000000000000e-01	4.01014247010150e+06
5.60000000000000e-01	3.70926823141874e+06
5.70000000000000e-01	3.43491575936617e+06
5.80000000000000e-01	3.18444803103747e+06
5.90000000000000e-01	2.95528534905215e+06
6.00000000000000e-01	2.74542732756179e+06
6.10000000000000e-01	2.55290824288752e+06
6.20000000000000e-01	2.37614420412406e+06
6.30000000000000e-01	2.21360946220822e+06
6.40000000000000e-01	2.06402223706849e+06
6.50000000000000e-01	1.92611385676364e+06
6.60000000000000e-01	1.79886705016516e+06
6.70000000000000e-01	1.68127466565614e+06
6.80000000000000e-01	1.57257549831788e+06
6.90000000000000e-01	1.47196714134356e+06
7.00000000000000e-01	1.37873555126308e+06
7.10000000000000e-01	1.29225714733817e+06
7.20000000000000e-01	1.21195142343379e+06
7.30000000000000e-01	1.13737065809626e+06
7.40000000000000e-01	1.06797510757493e+06
7.50000000000000e-01	1.00340069371492e+06
7.60000000000000e-01	9.43221469791209e+05
7.70000000000000e-01	8.87138773247375e+05
7.80000000000000e-01	8.34792367976113e+05
7.90000000000000e-01	7.85922561416275e+05
8.00000000000000e-01	7.40248612454903e+05
8.10000000000000e-01	6.97539501760256e+05
8.20000000000000e-01	6.57580086956219e+05
8.30000000000000e-01	6.20158101377886e+05
8.40000000000000e-01	5.85113309579428e+05
8.50000000000000e-01	5.52235688948054e+05
8.60000000000000e-01	5.21400925214346e+05
8.70000000000000e-01	4.92452467541956e+05
8.80000000000000e-01	4.65257135264671e+05
8.90000000000000e-01	4.39708405943024e+05
9.00000000000000e-01	4.15685474031470e+05
9.10000000000000e-01	3.93079304890002e+05
9.20000000000000e-01	3.71805317111429e+05
9.30000000000000e-01	3.51775838798633e+05
9.40000000000000e-01	3.32905255936868e+05
9.50000000000000e-01	3.15113042306582e+05
9.60000000000000e-01	2.98333410263731e+05
9.70000000000000e-01	2.82506080442654e+05
9.80000000000000e-01	2.67569795963183e+05
9.90000000000000e-01	2.53464239325813e+05
1.00000000000000e+00	2.40148040146348e+05
1.01000000000000e+00	2.27557992633948e+05
1.02000000000000e+00	2.15655544068112e+05
1.03000000000000e+00	2.04406933190709e+05
1.04000000000000e+00	1.93764495963317e+05
1.05000000000000e+00	1.83693759148236e+05
1.06000000000000e+00	1.74162158402204e+05
1.07000000000000e+00	1.65142177617130e+05
1.08000000000000e+00	1.56597484348577e+05
1.09000000000000e+00	1.48501761677946e+05
1.10000000000000e+00	1.40834090713087e+05
1.11000000000000e+00	1.33566264263088e+05
1.12000000000000e+00	1.26676634271333e+05
1.13000000000000e+00	1.20145728002104e+05
1.14000000000000e+00	1.13953504834975e+05
1.15000000000000e+00	1.08080573283091e+05
1.16000000000000e+00	1.02509210721730e+05
1.17000000000000e+00	9.72255012892157e+04
1.18000000000000e+00	9.22128085044318e+04
1.19000000000000e+00	8.74563979985928e+04
1.20000000000000e+00	8.29440191257205e+04
1.21000000000000e+00	7.86623226870132e+04
1.22000000000000e+00	7.46004445590601e+04
1.23000000000000e+00	7.07496611529562e+04
1.24000000000000e+00	6.70979347961814e+04
1.25000000000000e+00	6.36390750349801e+04
1.26000000000000e+00	6.03632587725710e+04
1.27000000000000e+00	5.72683957843360e+04
1.28000000000000e+00	5.43452580585118e+04
1.29000000000000e+00	5.15935827082037e+04
1.30000000000000e+00	4.90093177797589e+04
1.31000000000000e+00	4.65923472770994e+04
1.32000000000000e+00	4.43409624996177e+04
1.33000000000000e+00	4.22545979555037e+04
1.34000000000000e+00	4.03314099541218e+04
1.35000000000000e+00	3.85694024324025e+04
1.36000000000000e+00	3.69636257145008e+04
1.37000000000000e+00	3.55068353313314e+04
1.38000000000000e+00	3.41871698319882e+04
1.39000000000000e+00	3.29893206516667e+04
1.40000000000000e+00	3.18951712693061e+04
1.41000000000000e+00	3.08811384369352e+04
1.42000000000000e+00	2.99223012600647e+04
1.43000000000000e+00	2.89921597809408e+04
1.44000000000000e+00	2.80645982287963e+04
1.45000000000000e+00	2.71147119235775e+04
1.46000000000000e+00	2.61224565785570e+04
1.47000000000000e+00	2.50706255728347e+04
1.48000000000000e+00	2.39503713160602e+04
1.49000000000000e+00	2.27572358784894e+04
1.50000000000000e+00	2.14941805779852e+04
1.51000000000000e+00	2.01698508496803e+04
1.52000000000000e+00	1.87972812256912e+04
1.53000000000000e+00	1.73942725005852e+04
1.54000000000000e+00	1.59799305136998e+04
1.55000000000000e+00	1.45748837084927e+04
1.56000000000000e+00	1.32006509464483e+04
1.57000000000000e+00	1.18769616732815e+04
1.58000000000000e+00	1.06215558474606e+04
1.59000000000000e+00	9.44982327348424e+03
1.60000000000000e+00	8.37408009450351e+03
1.61000000000000e+00	7.40350054133803e+03
1.62000000000000e+00	6.54355918040709e+03
1.63000000000000e+00	5.79693187654574e+03
1.64000000000000e+00	5.16351561976473e+03
1.65000000000000e+00	4.64134456813574e+03
1.66000000000000e+00	4.22653890341145e+03
1.67000000000000e+00	3.91454744024586e+03
1.68000000000000e+00	3.69976902609061e+03
1.69000000000000e+00	3.57649461730387e+03
1.70000000000000e+00	3.53896622068945e+03
1.71000000000000e+00	3.58284278416678e+03
1.72000000000000e+00	3.70628184828188e+03
1.73000000000000e+00	3.91249336378025e+03
1.74000000000000e+00	4.21198321544430e+03
1.75000000000000e+00	4.62417171937655e+03
1.76000000000000e+00	5.17884097024696e+03
1.77000000000000e+00	5.91603336877988e+03
1.78000000000000e+00	6.88509040975195e+03
1.79000000000000e+00	8.14073058623411e+03
1.80000000000000e+00	9.73535991214859e+03
1.81000000000000e+00	1.17098843490682e+04
1.82000000000000e+00	1.40859941347133e+04
1.83000000000000e+00	1.68652118517123e+04
1.84000000000000e+00	2.00369542274719e+04
1.85000000000000e+00	2.35944022170188e+04
1.86000000000000e+00	2.75394607716012e+04
1.87000000000000e+00	3.18883343129389e+04
1.88000000000000e+00	3.66639613370547e+04
1.89000000000000e+00	4.18898448381924e+04
1.90000000000000e+00	4.75864265478169e+04
1.91000000000000e+00	5.37573814897381e+04
1.92000000000000e+00	6.03892052919069e+04
1.93000000000000e+00	6.74320071116750e+04
1.94000000000000e+00	7.47951704261737e+04
1.95000000000000e+00	8.23380664354742e+04
1.96000000000000e+00	8.98731337029165e+04
1.97000000000000e+00	9.71740164570627e+04
1.98000000000000e+00	1.03988530728676e+05
1.99000000000000e+00	1.10062186774715e+05
2.00000000000000e+00	1.15152212591114e+05
2.01000000000000e+00	1.19047314476470e+05
2.02000000000000e+00	1.21586196922133e+05
2.03000000000000e+00	1.22669305115030e+05
2.04000000000000e+00	1.22263400422253e+05
2.05000000000000e+00	1.20414552792264e+05
2.06000000000000e+00	1.17234931818819e+05
2.07000000000000e+00	1.12886409821421e+05
2.08000000000000e+00	1.07563921623813e+05
2.09000000000000e+00	1.01461759185337e+05
2.10000000000000e+00	9.47681460788587e+04
2.11000000000000e+00	8.76625299588078e+04
2.12000000000000e+00	8.03248009120720e+04
2.13000000000000e+00	7.29528531703237e+04
2.14000000000000e+00	6.57637901285669e+04
2.15000000000000e+00	5.89676862698370e+04
2.16000000000000e+00	5.27401823336144e+04
2.17000000000000e+00	4.71822762833308e+04
2.18000000000000e+00	4.23163816644969e+04
2.19000000000000e+00	3.80883270175828e+04
2.20000000000000e+00	3.43975618382192e+04
2.21000000000000e+00	3.11244633801317e+04
2.22000000000000e+00	2.81601632427293e+04
2.23000000000000e+00	2.54327145285970e+04
2.24000000000000e+00	2.29149488117658e+04
2.25000000000000e+00	2.06248053742032e+04
2.26000000000000e+00	1.86035098370857e+04
2.27000000000000e+00	1.68930469917765e+04
2.28000000000000e+00	1.55191778886712e+04
2.29000000000000e+00	1.44840239694010e+04
2.30000000000000e+00	1.37667334860465e+04
2.31000000000000e+00	1.33275090751148e+04
2.32000000000000e+00	1.31118598578716e+04
2.33000000000000e+00	1.30531926450480e+04
2.34000000000000e+00	1.30768484735744e+04
2.35000000000000e+00	1.31096745086827e+04
2.36000000000000e+00	1.30901891162038e+04
2.37000000000000e+00	1.29814231048782e+04
2.38000000000000e+00	1.27789944746276e+04
2.39000000000000e+00	1.25103653698329e+04
2.40000000000000e+00	1.22294692579933e+04
2.41000000000000e+00	1.20077129774721e+04
2.42000000000000e+00	1.19236320996751e+04
2.43000000000000e+00	1.20520043036694e+04
2.44000000000000e+00	1.24530056421878e+04
2.45000000000000e+00	1.31661619513916e+04
2.46000000000000e+00	1.42040849501666e+04
2.47000000000000e+00	1.55532136770700e+04
2.48000000000000e+00	1.71727818233580e+04
2.49000000000000e+00	1.89997265968791e+04
2.50000000000000e+00	2.09498988606406e+04
2.51000000000000e+00	2.29253927575316e+04
2.52000000000000e+00	2.48197350052489e+04
2.53000000000000e+00	2.65262035934009e+04
2.54000000000000e+00	2.79470253720741e+04
2.55000000000000e+00	2.90040693410392e+04
2.56000000000000e+00	2.96460116051104e+04
2.57000000000000e+00	2.98508043141174e+04
2.58000000000000e+00	2.96231735097321e+04
2.59000000000000e+00	2.89883351178103e+04
2.60000000000000e+00	2.79798278764101e+04
2.61000000000000e+00	2.66360198464665e+04
2.62000000000000e+00	2.49955064855504e+04
2.63000000000000e+00	2.31068980772130e+04
2.64000000000000e+00	2.10457551409063e+04
2.65000000000000e+00	1.89192857914127e+04
2.66000000000000e+00	1.68564950883052e+04
2.67000000000000e+00	1.49769886029364e+04
2.68000000000000e+00	1.33610989828233e+04
2.69000000000000e+00	1.20385011355237e+04
2.70000000000000e+00	1.09939557266746e+04
2.71000000000000e+00	1.01836982234051e+04
2.72000000000000e+00	9.54972837929125e+03
2.73000000000000e+00	9.03185155912050e+03
2.74000000000000e+00	8.57399947402820e+03
2.75000000000000e+00	8.12999876900210e+03
2.76000000000000e+00	7.66577022518834e+03
2.77000000000000e+00	7.16055738848427e+03
2.78000000000000e+00	6.60478055616225e+03
2.79000000000000e+00	5.99796762163959e+03
2.80000000000000e+00	5.34611490773110e+03
2.81000000000000e+00	4.66012785948405e+03
2.82000000000000e+00	3.95486744289991e+03
2.83000000000000e+00	3.24825820966537e+03
2.84000000000000e+00	2.56095408440990e+03
2.85000000000000e+00	1.91518114502991e+03
2.86000000000000e+00	1.33374989798857e+03
2.87000000000000e+00	8.38968377213330e+02
2.88000000000000e+00	4.51680355487597e+02
2.89000000000000e+00	1.90904389500128e+02
2.90000000000000e+00	7.38567377110889e+01
2.91000000000000e+00	1.16126267193417e+02
2.92000000000000e+00	3.31417260377326e+02
2.93000000000000e+00	7.30379011965864e+02
2.94000000000000e+00	1.31843959835417e+03
2.95000000000000e+00	2.09320587654122e+03
2.96000000000000e+00	3.04283187494167e+03
2.97000000000000e+00	4.14602477056052e+03
2.98000000000000e+00	5.37506180282187e+03
2.99000000000000e+00	6.69933167485022e+03
3.00000000000000e+00	8.08950540369313e+03
3.01000000000000e+00	9.51877149069241e+03
3.02000000000000e+00	1.09620529166165e+04
3.03000000000000e+00	1.23950343888847e+04
3.04000000000000e+00	1.37923022537845e+04
3.05000000000000e+00	1.51280919453819e+04
3.06000000000000e+00	1.63763206451166e+04
3.07000000000000e+00	1.75143514135860e+04
3.08000000000000e+00	1.85230295550972e+04
3.09000000000000e+00	1.93872145155376e+04
3.10000000000000e+00	2.00964432166301e+04
3.11000000000000e+00	2.06417340515054e+04
3.12000000000000e+00	2.10143232861012e+04
3.13000000000000e+00	2.12028280166182e+04
3.14000000000000e+00	2.11924997064492e+04
3.15000000000000e+00	2.09662734387997e+04
3.16000000000000e+00	2.05119465501096e+04
3.17000000000000e+00	1.98275120406613e+04
3.18000000000000e+00	1.89290127119734e+04
3.19000000000000e+00	1.78537652194714e+04
3.20000000000000e+00	1.66561532963563e+04
3.21000000000000e+00	1.53988918618076e+04
3.22000000000000e+00	1.41417277697075e+04
3.23000000000000e+00	1.29339729766602e+04
3.24000000000000e+00	1.18106445581743e+04
3.25000000000000e+00	1.07926023640639e+04
3.26000000000000e+00	9.88976961300411e+03
3.27000000000000e+00	9.10388180225603e+03
3.28000000000000e+00	8.43040346653766e+03
3.29000000000000e+00	7.86066304028300e+03
3.30000000000000e+00	7.38308902880440e+03
3.31000000000000e+00	6.98454980618701e+03
3.32000000000000e+00	6.65205291150088e+03
3.33000000000000e+00	6.37303409077698e+03
3.34000000000000e+00	6.13646732479245e+03
3.35000000000000e+00	5.93248689037584e+03
3.36000000000000e+00	5.75263116365431e+03
3.37000000000000e+00	5.59014188008887e+03
3.38000000000000e+00	5.43971971364456e+03
3.39000000000000e+00	5.29842160895483e+03
3.40000000000000e+00	5.16528399350733e+03
3.41000000000000e+00	5.04100158945545e+03
3.42000000000000e+00	4.92712194525525e+03
3.43000000000000e+00	4.82543832208818e+03
3.44000000000000e+00	4.73719665555484e+03
3.45000000000000e+00	4.66282479175588e+03
3.46000000000000e+00	4.60180153975970e+03
3.47000000000000e+00	4.55314900729292e+03
3.48000000000000e+00	4.51578521392282e+03
3.49000000000000e+00	4.48894259502868e+03
3.50000000000000e+00	4.47260432613031e+03
3.51000000000000e+00	4.46763817317050e+03
3.52000000000000e+00	4.47590363580907e+03
3.53000000000000e+00	4.49975261494177e+03
3.54000000000000e+00	4.54163135896373e+03
3.55000000000000e+00	4.60349238742617e+03
3.56000000000000e+00	4.68616414418855e+03
3.57000000000000e+00	4.78910815601197e+03
3.58000000000000e+00	4.91028102387691e+03
3.59000000000000e+00	5.04627878057060e+03
3.60000000000000e+00	5.19256437831829e+03
3.61000000000000e+00	5.34348757224060e+03
3.62000000000000e+00	5.49278340689132e+03
3.63000000000000e+00	5.63363109798911e+03
3.64000000000000e+00	5.75913915911088e+03
3.65000000000000e+00	5.86262398237047e+03
3.66000000000000e+00	5.93849306826013e+03
3.67000000000000e+00	5.98226972302795e+03
3.68000000000000e+00	5.99112188220869e+03
3.69000000000000e+00	5.96390986139917e+03
3.70000000000000e+00	5.90079269165518e+03
3.71000000000000e+00	5.80326145190615e+03
3.72000000000000e+00	5.67451418208849e+03
3.73000000000000e+00	5.52007913890983e+03
3.74000000000000e+00	5.34886283508079e+03
3.75000000000000e+00	5.17433672798060e+03
3.76000000000000e+00	5.01528712831175e+03
3.77000000000000e+00	4.89589845613307e+03
3.78000000000000e+00	4.84579290432754e+03
3.79000000000000e+00	4.89865953896523e+03
3.80000000000000e+00	5.09062841928520e+03
3.81000000000000e+00	5.45786421978857e+03
3.82000000000000e+00	6.03298569264090e+03
3.83000000000000e+00	6.84084173853004e+03
3.84000000000000e+00	7.89420800206947e+03
3.85000000000000e+00	9.19030649260032e+03
3.86000000000000e+00	1.07090264541330e+04
3.87000000000000e+00	1.24129924365440e+04
3.88000000000000e+00	1.42506061570295e+04
3.89000000000000e+00	1.61611829231744e+04
3.90000000000000e+00	1.80809542892294e+04
3.91000000000000e+00	1.99491963286650e+04
3.92000000000000e+00	2.17142576273680e+04
3.93000000000000e+00	2.33377094479531e+04
3.94000000000000e+00	2.47978924776234e+04
3.95000000000000e+00	2.60922197600910e+04
3.96000000000000e+00	2.72393906316198e+04
3.97000000000000e+00	2.82803167401057e+04
3.98000000000000e+00	2.92773903656636e+04
3.99000000000000e+00	3.03123765316640e+04
4.00000000000000e+00	3.14795850128455e+04
4.01000000000000e+00	3.28788338363120e+04
4.02000000000000e+00	3.46052748818856e+04
4.03000000000000e+00	3.67400183733929e+04
4.04000000000000e+00	3.93439550170172e+04
4.05000000000000e+00	4.24535695202964e+04
4.06000000000000e+00	4.60796405590721e+04
4.07000000000000e+00	5.02112159558532e+04
4.08000000000000e+00	5.48198666746975e+04
4.09000000000000e+00	5.98682329966832e+04
4.10000000000000e+00	6.53158407134800e+04
4.11000000000000e+00	7.11233417434374e+04
4.12000000000000e+00	7.72570117663521e+04
4.13000000000000e+00	8.36900456091357e+04
4.14000000000000e+00	9.04052529074810e+04
4.15000000000000e+00	9.73991894062643e+04
4.16000000000000e+00	1.04686842667397e+05
4.17000000000000e+00	1.12304097154450e+05
4.18000000000000e+00	1.20319453388253e+05
4.19000000000000e+00	1.28819784322762e+05
4.20000000000000e+00	1.37908099393135e+05
4.21000000000000e+00	1.47688430994444e+05
4.22000000000000e+00	1.58246120258654e+05
4.23000000000000e+00	1.69614588249671e+05
4.24000000000000e+00	1.81771628899664e+05
4.25000000000000e+00	1.94617287925094e+05
4.26000000000000e+00	2.07974431447213e+05
4.27000000000000e+00	2.21627211320019e+05
4.28000000000000e+00	2.35346260829521e+05
4.29000000000000e+00	2.48928119903477e+05
4.30000000000000e+00	2.62241781460401e+05
4.31000000000000e+00	2.75241419446853e+05
4.32000000000000e+00	2.87963780060213e+05
4.33000000000000e+00	3.00522535315604e+05
4.34000000000000e+00	3.13086889676518e+05
4.35000000000000e+00	3.25864260376688e+05
4.36000000000000e+00	3.39069933971251e+05
4.37000000000000e+00	3.52888722106243e+05
4.38000000000000e+00	3.67444868674908e+05
4.39000000000000e+00	3.82726490545263e+05
4.40000000000000e+00	3.98529215655873e+05
4.41000000000000e+00	4.14387638812566e+05
4.42000000000000e+00	4.29535829529939e+05
4.43000000000000e+00	4.42926730430587e+05
4.44000000000000e+00	4.53301842462494e+05
4.45000000000000e+00	4.59351319581649e+05
4.46000000000000e+00	4.59907558831704e+05
4.47000000000000e+00	4.54156458478823e+05
4.48000000000000e+00	4.41815079611556e+05
4.49000000000000e+00	4.23199589833185e+05
4.50000000000000e+00	3.99186481214694e+05
4.51000000000000e+00	3.71090285534086e+05
4.52000000000000e+00	3.40426556522225e+05
4.53000000000000e+00	3.08722319939107e+05
4.54000000000000e+00	2.77317567354307e+05
4.55000000000000e+00	2.47269034275573e+05
4.56000000000000e+00	2.19301690103962e+05
4.57000000000000e+00	1.93845328545755e+05
4.58000000000000e+00	1.71076139618364e+05
4.59000000000000e+00	1.50998740955801e+05
4.60000000000000e+00	1.33494657048661e+05
4.61000000000000e+00	1.18381252205620e+05
4.62000000000000e+00	1.05438861480161e+05
4.63000000000000e+00	9.44310458586910e+04
4.64000000000000e+00	8.51247980034831e+04
4.65000000000000e+00	7.72924216501696e+04
4.66000000000000e+00	7.07264666708754e+04
4.67000000000000e+00	6.52333352164281e+04
4.68000000000000e+00	6.06430167553642e+04
4.69000000000000e+00	5.68052806872951e+04
4.70000000000000e+00	5.35906625531622e+04
4.71000000000000e+00	5.08841177354260e+04
4.72000000000000e+00	4.85889649742775e+04
4.73000000000000e+00	4.66211677697969e+04
4.74000000000000e+00	4.49125029557596e+04
4.75000000000000e+00	4.34075948921623e+04
4.76000000000000e+00	4.20643881056032e+04
4.77000000000000e+00	4.08536140432415e+04
4.78000000000000e+00	3.97530984801712e+04
4.79000000000000e+00	3.87485075467044e+04
4.80000000000000e+00	3.78281408985775e+04
4.81000000000000e+00	3.69820625691859e+04
4.82000000000000e+00	3.62011599645655e+04
4.83000000000000e+00	3.54767029745043e+04
4.84000000000000e+00	3.48025310524815e+04
4.85000000000000e+00	3.41760021796797e+04
4.86000000000000e+00	3.35988846411372e+04
4.87000000000000e+00	3.30761728249567e+04
4.88000000000000e+00	3.26150053734588e+04
4.89000000000000e+00	3.22222894700986e+04
4.90000000000000e+00	3.19047101114668e+04
4.91000000000000e+00	3.16643528827314e+04
4.92000000000000e+00	3.15007716012660e+04
4.93000000000000e+00	3.14096934018732e+04
4.94000000000000e+00	3.13824811477249e+04
4.95000000000000e+00	3.14092102659579e+04
4.96000000000000e+00	3.14761440995626e+04
4.97000000000000e+00	3.15708975103335e+04
4.98000000000000e+00	3.16797358116542e+04
4.99000000000000e+00	3.17907116970035e+04
5.00000000000000e+00	3.18936155954630e+04
5.01000000000000e+00	3.19799256582573e+04
5.02000000000000e+00	3.20448429093114e+04
5.03000000000000e+00	3.20866143347438e+04
5.04000000000000e+00	3.21066963021439e+04
5.05000000000000e+00	3.21077625179908e+04
5.06000000000000e+00	3.20933204673486e+04
5.07000000000000e+00	3.20649244742782e+04
5.08000000000000e+00	3.20203322518359e+04
5.09000000000000e+00	3.19524859134974e+04
5.10000000000000e+00	3.18500678486615e+04
5.11000000000000e+00	3.16981447494181e+04
5.12000000000000e+00	3.14797610109710e+04
5.13000000000000e+00	3.11794774137137e+04
5.14000000000000e+00	3.07842241665924e+04
5.15000000000000e+00	3.02854970075102e+04
5.16000000000000e+00	2.96793081188302e+04
5.17000000000000e+00	2.89691549039516e+04
5.18000000000000e+00	2.81636535095837e+04
5.19000000000000e+00	2.72776652971938e+04
5.20000000000000e+00	2.63323231083536e+04
5.21000000000000e+00	2.53523022898147e+04
5.22000000000000e+00	2.43646532818211e+04
5.23000000000000e+00	2.33973647512526e+04
5.24000000000000e+00	2.24748614923576e+04
5.25000000000000e+00	2.16161063341470e+04
5.26000000000000e+00	2.08326102603674e+04
5.27000000000000e+00	2.01271282418851e+04
5.28000000000000e+00	1.94944459422841e+04
5.29000000000000e+00	1.89215969618369e+04
5.30000000000000e+00	1.83924522714748e+04
5.31000000000000e+00	1.78884209887993e+04
5.32000000000000e+00	1.73918221149329e+04
5.33000000000000e+00	1.68884285649254e+04
5.34000000000000e+00	1.63672388531941e+04
5.35000000000000e+00	1.58226398270112e+04
5.36000000000000e+00	1.52529308225448e+04
5.37000000000000e+00	1.46612890323687e+04
5.38000000000000e+00	1.40532282692559e+04
5.39000000000000e+00	1.34371770894781e+04
5.40000000000000e+00	1.28231395496453e+04
5.41000000000000e+00	1.22211598029079e+04
5.42000000000000e+00	1.16419573684720e+04
5.43000000000000e+00	1.10949486222255e+04
5.44000000000000e+00	1.05886169161476e+04
5.45000000000000e+00	1.01299077374705e+04
5.46000000000000e+00	9.72366594806091e+03
5.47000000000000e+00	9.37223982731583e+03
5.48000000000000e+00	9.07540651607060e+03
5.49000000000000e+00	8.83091953080839e+03
5.50000000000000e+00	8.63419031676918e+03
5.51000000000000e+00	8.48035040078343e+03
5.52000000000000e+00	8.36373220401034e+03
5.53000000000000e+00	8.28014711255327e+03
5.54000000000000e+00	8.22641940666711e+03
5.55000000000000e+00	8.20086374956648e+03
5.56000000000000e+00	8.20396408310841e+03
5.57000000000000e+00	8.23742273064698e+03
5.58000000000000e+00	8.30401195319658e+03
5.59000000000000e+00	8.40761723918119e+03
5.60000000000000e+00	8.55221976412076e+03
5.61000000000000e+00	8.74192542854470e+03
5.62000000000000e+00	8.97993241191789e+03
5.63000000000000e+00	9.26888023471879e+03
5.64000000000000e+00	9.60950647351093e+03
5.65000000000000e+00	1.00015867763697e+04
5.66000000000000e+00	1.04424779018055e+04
5.67000000000000e+00	1.09284360096617e+04
5.68000000000000e+00	1.14537513910862e+04
5.69000000000000e+00	1.20101577662682e+04
5.70000000000000e+00	1.25884266853706e+04
5.71000000000000e+00	1.31764927713778e+04
5.72000000000000e+00	1.37605418441029e+04
5.73000000000000e+00	1.43246018006850e+04
5.74000000000000e+00	1.48492606526710e+04
5.75000000000000e+00	1.53134985356190e+04
5.76000000000000e+00	1.56943897340764e+04
5.77000000000000e+00	1.59693298852760e+04
5.78000000000000e+00	1.61164185550347e+04
5.79000000000000e+00	1.61170497592363e+04
5.80000000000000e+00	1.59582727758788e+04
5.81000000000000e+00	1.56324386321344e+04
5.82000000000000e+00	1.51393130718345e+04
5.83000000000000e+00	1.44864368379670e+04
5.84000000000000e+00	1.36903854477894e+04
5.85000000000000e+00	1.27770582120683e+04
5.86000000000000e+00	1.17813935421381e+04
5.87000000000000e+00	1.07455802916858e+04
5.88000000000000e+00	9.71780399680836e+03
5.89000000000000e+00	8.74644693056869e+03
5.90000000000000e+00	7.87694549089264e+03
5.91000000000000e+00	7.14682000542385e+03
5.92000000000000e+00	6.58260653160391e+03
5.93000000000000e+00	6.19778447172230e+03
5.94000000000000e+00	5.99269610846552e+03
5.95000000000000e+00	5.95586327127487e+03
5.96000000000000e+00	6.06522616681817e+03
5.97000000000000e+00	6.29154702059200e+03
5.98000000000000e+00	6.59993179982128e+03
5.99000000000000e+00	6.95343899281781e+03
6.00000000000000e+00	7.31475414348817e+03
6.01000000000000e+00	7.64890532392760e+03
6.02000000000000e+00	7.92525336538136e+03
6.03000000000000e+00	8.11910598601372e+03
6.04000000000000e+00	8.21286053178132e+03
6.05000000000000e+00	8.19711819227836e+03
6.06000000000000e+00	8.07084452812368e+03
6.07000000000000e+00	7.84062635076014e+03
6.08000000000000e+00	7.52007909739259e+03
6.09000000000000e+00	7.12902902472827e+03
6.10000000000000e+00	6.69198108194535e+03
6.11000000000000e+00	6.23577086156954e+03
6.12000000000000e+00	5.78775515113907e+03
6.13000000000000e+00	5.37336785347581e+03
6.14000000000000e+00	5.01368501934578e+03
6.15000000000000e+00	4.72419526617849e+03
6.16000000000000e+00	4.51340797616909e+03
6.17000000000000e+00	4.38296165914484e+03
6.18000000000000e+00	4.32862715749882e+03
6.19000000000000e+00	4.34098305005028e+03
6.20000000000000e+00	4.40768665060452e+03
6.21000000000000e+00	4.51458851934013e+03
6.22000000000000e+00	4.64760156882530e+03
6.23000000000000e+00	4.79362262415752e+03
6.24000000000000e+00	4.94159964291360e+03
6.25000000000000e+00	5.08282896840732e+03
6.26000000000000e+00	5.21148862785961e+03
6.27000000000000e+00	5.32441660840156e+03
6.28000000000000e+00	5.42071068455894e+03
6.29000000000000e+00	5.50167944601998e+03
6.30000000000000e+00	5.56982799366103e+03
6.31000000000000e+00	5.62840320677343e+03
6.32000000000000e+00	5.68085706797339e+03
6.33000000000000e+00	5.73073818655696e+03
6.34000000000000e+00	5.78081451680767e+03
6.35000000000000e+00	5.83377492942673e+03
6.36000000000000e+00	5.89142214116636e+03
6.37000000000000e+00	5.95466567583670e+03
6.38000000000000e+00	6.02382881086750e+03
6.39000000000000e+00	6.09828214617202e+03
6.40000000000000e+00	6.17650651846020e+03
6.41000000000000e+00	6.25645400679457e+03
6.42000000000000e+00	6.33550121971136e+03
6.43000000000000e+00	6.41078266961300e+03
6.44000000000000e+00	6.47922468788811e+03
6.45000000000000e+00	6.53769487480486e+03
6.46000000000000e+00	6.58322241105801e+03
6.47000000000000e+00	6.61315540217441e+03
6.48000000000000e+00	6.62530445018773e+03
6.49000000000000e+00	6.61826315500642e+03
6.50000000000000e+00	6.59151707316126e+03
6.51000000000000e+00	6.54567176942598e+03
6.52000000000000e+00	6.48241683475410e+03
6.53000000000000e+00	6.40434717515002e+03
6.54000000000000e+00	6.31478709553714e+03
6.55000000000000e+00	6.21772539117248e+03
6.56000000000000e+00	6.11766350077179e+03
6.57000000000000e+00	6.01925186859230e+03
6.58000000000000e+00	5.92739090628749e+03
6.59000000000000e+00	5.84670880507692e+03
6.60000000000000e+00	5.78134564155299e+03
6.61000000000000e+00	5.73433065748052e+03
6.62000000000000e+00	5.70747256819764e+03
6.63000000000000e+00	5.70088456646058e+03
6.64000000000000e+00	5.71338227204289e+03
6.65000000000000e+00	5.74233609704896e+03
6.66000000000000e+00	5.78420692314227e+03
6.67000000000000e+00	5.83479438826080e+03
6.68000000000000e+00	5.88975432270027e+03
6.69000000000000e+00	5.94478951959770e+03
6.70000000000000e+00	5.99628265987230e+03
6.71000000000000e+00	6.04161972670527e+03
6.72000000000000e+00	6.07963881108387e+03
6.73000000000000e+00	6.11123560783897e+03
6.74000000000000e+00	6.13914967213086e+03
6.75000000000000e+00	6.16815594498449e+03
6.76000000000000e+00	6.20446197634073e+03
6.77000000000000e+00	6.25523235535783e+03
6.78000000000000e+00	6.32720398758676e+03
6.79000000000000e+00	6.42610773562389e+03
6.80000000000000e+00	6.55531016434300e+03
6.81000000000000e+00	6.71530173641918e+03
6.82000000000000e+00	6.90318117390061e+03
6.83000000000000e+00	7.11292310417823e+03
6.84000000000000e+00	7.33585237399361e+03
6.85000000000000e+00	7.56157287856001e+03
6.86000000000000e+00	7.77930302745005e+03
6.87000000000000e+00	7.97914222948410e+03
6.88000000000000e+00	8.15287492982905e+03
6.89000000000000e+00	8.29460046820058e+03
6.90000000000000e+00	8.40139882021102e+03
6.91000000000000e+00	8.47302688954588e+03
6.92000000000000e+00	8.51190950560607e+03
6.93000000000000e+00	8.52282310008882e+03
6.94000000000000e+00	8.51187221664417e+03
6.95000000000000e+00	8.48591948185812e+03
6.96000000000000e+00	8.45198244166959e+03
6.97000000000000e+00	8.41600149631845e+03
6.98000000000000e+00	8.38271826909722e+03
6.99000000000000e+00	8.35515592935011e+03
7.00000000000000e+00	8.33484650397049e+03
7.01000000000000e+00	8.32181017652780e+03
7.02000000000000e+00	8.31521189117678e+03
7.03000000000000e+00	8.31340733966728e+03
7.04000000000000e+00	8.31450161538787e+03
7.05000000000000e+00	8.31619902911768e+03
7.06000000000000e+00	8.31638661965624e+03
7.07000000000000e+00	8.31294088300510e+03
7.08000000000000e+00	8.30347167827309e+03
7.09000000000000e+00	8.28594052074777e+03
7.10000000000000e+00	8.25841839762029e+03
7.11000000000000e+00	8.21950665172774e+03
7.12000000000000e+00	8.16799678893121e+03
7.13000000000000e+00	8.10341586533970e+03
7.14000000000000e+00	8.02587229574097e+03
7.15000000000000e+00	7.93600519396690e+03
7.16000000000000e+00	7.83539375090861e+03
7.17000000000000e+00	7.72673280513780e+03
7.18000000000000e+00	7.61407124009689e+03
7.19000000000000e+00	7.50271868686437e+03
7.20000000000000e+00	7.39974531993893e+03
7.21000000000000e+00	7.31278024887246e+03
7.22000000000000e+00	7.25018951328519e+03
7.23000000000000e+00	7.21973663936213e+03
7.24000000000000e+00	7.22798644966083e+03
7.25000000000000e+00	7.27959895665644e+03
7.26000000000000e+00	7.37632046133102e+03
7.27000000000000e+00	7.51679597220447e+03
7.28000000000000e+00	7.69625434414304e+03
7.29000000000000e+00	7.90684229097969e+03
7.30000000000000e+00	8.13800692356119e+03
7.31000000000000e+00	8.37700523110073e+03
7.32000000000000e+00	8.61018611063599e+03
7.33000000000000e+00	8.82411513335906e+03
7.34000000000000e+00	9.00603961579714e+03
7.35000000000000e+00	9.14521782296887e+03
7.36000000000000e+00	9.23306548642436e+03
7.37000000000000e+00	9.26423320432925e+03
7.38000000000000e+00	9.23625813310497e+03
7.39000000000000e+00	9.14994106046614e+03
7.40000000000000e+00	9.00922753423706e+03
7.41000000000000e+00	8.82078093659344e+03
7.42000000000000e+00	8.59386305074627e+03
7.43000000000000e+00	8.33962418460165e+03
7.44000000000000e+00	8.06993012696849e+03
7.45000000000000e+00	7.79696510066475e+03
7.46000000000000e+00	7.53197321990515e+03
7.47000000000000e+00	7.28464687477276e+03
7.48000000000000e+00	7.06240278695738e+03
7.49000000000000e+00	6.87016593625407e+03
7.50000000000000e+00	6.71017995082601e+03
7.51000000000000e+00	6.58235347539730e+03
7.52000000000000e+00	6.48465221659206e+03
7.53000000000000e+00	6.41363134212176e+03
7.54000000000000e+00	6.36502372117661e+03
7.55000000000000e+00	6.33456657132958e+03
7.56000000000000e+00	6.31811219632949e+03
7.57000000000000e+00	6.31210544682095e+03
7.58000000000000e+00	6.31391394260392e+03
7.59000000000000e+00	6.32199001258291e+03
7.60000000000000e+00	6.33533867156898e+03
7.61000000000000e+00	6.35403675242170e+03
7.62000000000000e+00	6.37837738337183e+03
7.63000000000000e+00	6.40886810843493e+03
7.64000000000000e+00	6.44589792672173e+03
7.65000000000000e+00	6.48935682722373e+03
7.66000000000000e+00	6.53849803224205e+03
7.67000000000000e+00	6.59205890502394e+03
7.68000000000000e+00	6.64785466437241e+03
7.69000000000000e+00	6.70278610961194e+03
7.70000000000000e+00	6.75339172779518e+03
7.71000000000000e+00	6.79562294811404e+03
7.72000000000000e+00	6.82522627407706e+03
7.73000000000000e+00	6.83803826532728e+03
7.74000000000000e+00	6.83072105897745e+03
7.75000000000000e+00	6.80030873934648e+03
7.76000000000000e+00	6.74507601803242e+03
7.77000000000000e+00	6.66401743869969e+03
7.78000000000000e+00	6.55715589903025e+03
7.79000000000000e+00	6.42556746171973e+03
7.80000000000000e+00	6.27152018793628e+03
7.81000000000000e+00	6.09894276605753e+03
7.82000000000000e+00	5.91315884577134e+03
7.83000000000000e+00	5.72063345849569e+03
7.84000000000000e+00	5.52872343790537e+03
7.85000000000000e+00	5.34500901458267e+03
7.86000000000000e+00	5.17650267260633e+03
7.87000000000000e+00	5.02926984024561e+03
7.88000000000000e+00	4.90791683038729e+03
7.89000000000000e+00	4.81506423866301e+03
7.90000000000000e+00	4.75187320610755e+03
7.91000000000000e+00	4.71737515932207e+03
7.92000000000000e+00	4.70930380713156e+03
7.93000000000000e+00	4.72399655959864e+03
7.94000000000000e+00	4.75692626348221e+03
7.95000000000000e+00	4.80323033116227e+03
7.96000000000000e+00	4.85770842650648e+03
7.97000000000000e+00	4.91562431007455e+03
7.98000000000000e+00	4.97260887425367e+03
7.99000000000000e+00	5.02554402274718e+03
8.00000000000000e+00	5.07198539092415e+03
8.01000000000000e+00	5.11077028842568e+03
8.02000000000000e+00	5.14163099310294e+03
8.03000000000000e+00	5.16499932677546e+03
8.04000000000000e+00	5.18168934235278e+03
8.05000000000000e+00	5.19290569672914e+03
8.06000000000000e+00	5.19975296594342e+03
8.07000000000000e+00	5.20337098203733e+03
8.08000000000000e+00	5.20469154425583e+03
8.09000000000000e+00	5.20438566215047e+03
8.10000000000000e+00	5.20304592910006e+03
8.11000000000000e+00	5.20100849846258e+03
8.12000000000000e+00	5.19852317931339e+03
8.13000000000000e+00	5.19574789724746e+03
8.14000000000000e+00	5.19268360711165e+03
8.15000000000000e+00	5.18944270782469e+03
8.16000000000000e+00	5.18597222383364e+03
8.17000000000000e+00	5.18237203068398e+03
8.18000000000000e+00	5.17902617840321e+03
8.19000000000000e+00	5.17616416203915e+03
8.20000000000000e+00	5.17412837992446e+03
8.21000000000000e+00	5.17359325427945e+03
8.22000000000000e+00	5.17510584674538e+03
8.23000000000000e+00	5.17919554089384e+03
8.24000000000000e+00	5.18657984017057e+03
8.25000000000000e+00	5.19774632203337e+03
8.26000000000000e+00	5.21270299568812e+03
8.27000000000000e+00	5.23146340155200e+03
8.28000000000000e+00	5.25338405765469e+03
8.29000000000000e+00	5.27755217064930e+03
8.30000000000000e+00	5.30310960929850e+03
8.31000000000000e+00	5.32884380710115e+03
8.32000000000000e+00	5.35381042826465e+03
8.33000000000000e+00	5.37726073695178e+03
8.34000000000000e+00	5.39856997171693e+03
8.35000000000000e+00	5.41732728043274e+03
8.36000000000000e+00	5.43332709679335e+03
8.37000000000000e+00	5.44651667238172e+03
8.38000000000000e+00	5.45685855598104e+03
8.39000000000000e+00	5.46436166733561e+03
8.40000000000000e+00	5.46923640519023e+03
8.41000000000000e+00	5.47154793036194e+03
8.42000000000000e+00	5.47147002180027e+03
8.43000000000000e+00	5.46926671679540e+03
8.44000000000000e+00	5.46511717331693e+03
8.45000000000000e+00	5.45919274125295e+03
8.46000000000000e+00	5.45141196712913e+03
8.47000000000000e+00	5.44176440547536e+03
8.48000000000000e+00	5.43004614293499e+03
8.49000000000000e+00	5.41623276632506e+03
8.50000000000000e+00	5.40050460016298e+03
8.51000000000000e+00	5.38326163641321e+03
8.52000000000000e+00	5.36483254279293e+03
8.53000000000000e+00	5.34584925669139e+03
8.54000000000000e+00	5.32686870804219e+03
8.55000000000000e+00	5.30826492517785e+03
8.56000000000000e+00	5.29056239352997e+03
8.57000000000000e+00	5.27405244779074e+03
8.58000000000000e+00	5.25920490944650e+03
8.59000000000000e+00	5.24635227788301e+03
8.60000000000000e+00	5.23592905221125e+03
8.61000000000000e+00	5.22819162386080e+03
8.62000000000000e+00	5.22313878997010e+03
8.63000000000000e+00	5.22062911346685e+03
8.64000000000000e+00	5.22044084913521e+03
8.65000000000000e+00	5.22212690917157e+03
8.66000000000000e+00	5.22512098832983e+03
8.67000000000000e+00	5.22878684933284e+03
8.68000000000000e+00	5.23272381632941e+03
8.69000000000000e+00	5.23632714883850e+03
8.70000000000000e+00	5.23943954166659e+03
8.71000000000000e+00	5.24171647906235e+03
8.72000000000000e+00	5.24326814545654e+03
8.73000000000000e+00	5.24400538453963e+03
8.74000000000000e+00	5.24417899566057e+03
8.75000000000000e+00	5.24372700185732e+03
8.76000000000000e+00	5.24295290040784e+03
8.77000000000000e+00	5.24174287179376e+03
8.78000000000000e+00	5.24036282602294e+03
8.79000000000000e+00	5.23881556415526e+03
8.80000000000000e+00	5.23717083634495e+03
8.81000000000000e+00	5.23580790014618e+03
8.82000000000000e+00	5.23477751413806e+03
8.83000000000000e+00	5.23431899235498e+03
8.84000000000000e+00	5.23451797665091e+03
8.85000000000000e+00	5.23546822043234e+03
8.86000000000000e+00	5.23701879579613e+03
8.87000000000000e+00	5.23900511262280e+03
8.88000000000000e+00	5.24122238239318e+03
8.89000000000000e+00	5.24349097444176e+03
8.90000000000000e+00	5.24568589474332e+03
8.91000000000000e+00	5.24771386074351e+03
8.92000000000000e+00	5.24930267030356e+03
8.93000000000000e+00	5.25075578653171e+03
8.94000000000000e+00	5.25171604584904e+03
8.95000000000000e+00	5.25244406824976e+03
8.96000000000000e+00	5.25271635184639e+03
8.97000000000000e+00	5.25240235611668e+03
8.98000000000000e+00	5.25116276197526e+03
8.99000000000000e+00	5.24886737950318e+03
9.00000000000000e+00	5.24535492496711e+03
9.01000000000000e+00	5.24088822869083e+03
9.02000000000000e+00	5.23579885872227e+03
9.03000000000000e+00	5.23045082233793e+03
9.04000000000000e+00	5.22538106367569e+03
9.05000000000000e+00	5.22071482933169e+03
9.06000000000000e+00	5.21667696108932e+03
9.07000000000000e+00	5.21304187159030e+03
9.08000000000000e+00	5.20975835174227e+03
9.09000000000000e+00	5.20684565298535e+03
9.10000000000000e+00	5.20457702038935e+03
9.11000000000000e+00	5.20310238474951e+03
9.12000000000000e+00	5.20303111335690e+03
9.13000000000000e+00	5.20460383988287e+03
9.14000000000000e+00	5.20830192987014e+03
9.15000000000000e+00	5.21426854124999e+03
9.16000000000000e+00	5.22254922453269e+03
9.17000000000000e+00	5.23295176366621e+03
9.18000000000000e+00	5.24512418124452e+03
9.19000000000000e+00	5.25846023866244e+03
9.20000000000000e+00	5.27223240008128e+03
9.21000000000000e+00	5.28559153430381e+03
9.22000000000000e+00	5.29762371670341e+03
9.23000000000000e+00	5.30757021862920e+03
9.24000000000000e+00	5.31451208722471e+03
9.25000000000000e+00	5.31797005049742e+03
9.26000000000000e+00	5.31750033209397e+03
9.27000000000000e+00	5.31323608224430e+03
9.28000000000000e+00	5.30558808607137e+03
9.29000000000000e+00	5.29531965349830e+03
9.30000000000000e+00	5.28340712063372e+03
9.31000000000000e+00	5.27116660508926e+03
9.32000000000000e+00	5.25966572151869e+03
9.33000000000000e+00	5.24996636650302e+03
9.34000000000000e+00	5.24285790175064e+03
9.35000000000000e+00	5.23868286060824e+03
9.36000000000000e+00	5.23756793798947e+03
9.37000000000000e+00	5.23922874012181e+03
9.38000000000000e+00	5.24321540655638e+03
9.39000000000000e+00	5.24893181595427e+03
9.40000000000000e+00	5.25569098002699e+03
9.41000000000000e+00	5.26286106469011e+03
9.42000000000000e+00	5.26986666449371e+03
9.43000000000000e+00	5.27622477349915e+03
9.44000000000000e+00	5.28161816896420e+03
9.45000000000000e+00	5.28569718815845e+03
9.46000000000000e+00	5.28842868877393e+03
9.47000000000000e+00	5.28978324406364e+03
9.48000000000000e+00	5.28992317856414e+03
9.49000000000000e+00	5.28909068871979e+03
9.50000000000000e+00	5.28772623823620e+03
9.51000000000000e+00	5.28602236102539e+03
9.52000000000000e+00	5.28415738939024e+03
9.53000000000000e+00	5.28207029118804e+03
9.54000000000000e+00	5.27941866065001e+03
9.55000000000000e+00	5.27591726963017e+03
9.56000000000000e+00	5.27139874657433e+03
9.57000000000000e+00	5.26632517201463e+03
9.58000000000000e+00	5.26165616502741e+03
9.59000000000000e+00	5.25861347419632e+03
9.60000000000000e+00	5.25827660581038e+03
9.61000000000000e+00	5.26141400856854e+03
9.62000000000000e+00	5.26791575635683e+03
9.63000000000000e+00	5.27720974956575e+03
9.64000000000000e+00	5.28827742858899e+03
9.65000000000000e+00	5.30007746533715e+03
9.66000000000000e+00	5.31187557394569e+03
9.67000000000000e+00	5.32310733960407e+03
9.68000000000000e+00	5.33356106113463e+03
9.69000000000000e+00	5.34316506697898e+03
9.70000000000000e+00	5.35179906824154e+03
9.71000000000000e+00	5.35970226402547e+03
9.72000000000000e+00	5.36673499417414e+03
9.73000000000000e+00	5.37298421097572e+03
9.74000000000000e+00	5.37852572836992e+03
9.75000000000000e+00	5.38331568162459e+03
9.76000000000000e+00	5.38744556177013e+03
9.77000000000000e+00	5.39082430891859e+03
9.78000000000000e+00	5.39346131979901e+03
9.79000000000000e+00	5.39549546660506e+03
9.80000000000000e+00	5.39684657852612e+03
9.81000000000000e+00	5.39768403890547e+03
9.82000000000000e+00	5.39815450644762e+03
9.83000000000000e+00	5.39821795470412e+03
9.84000000000000e+00	5.39794098154944e+03
9.85000000000000e+00	5.39738154127024e+03
9.86000000000000e+00	5.39644204136418e+03
9.87000000000000e+00	5.39541339279884e+03
9.88000000000000e+00	5.39504895550239e+03
9.89000000000000e+00	5.39792320668586e+03
9.90000000000000e+00	5.41031915611536e+03
9.91000000000000e+00	5.44619264257960e+03
9.92000000000000e+00	5.53344970472856e+03
9.93000000000000e+00	5.72278622450015e+03
9.94000000000000e+00	6.10133278466887e+03
9.95000000000000e+00	6.81924707750152e+03
9.96000000000000e+00	8.14945175587713e+03
9.97000000000000e+00	1.06335173884576e+04
9.98000000000000e+00	1.54516499527379e+04
9.99000000000000e+00	2.54234818303853e+04
1.00000000000000e+01	4.79410446765036e+04
1.00100000000000e+01	1.03328556407715e+05
1.00200000000000e+01	2.25498476377675e+05
1.00300000000000e+01	2.81200896993519e+05
1.00400000000000e+01	1.30349440071249e+05
1.00500000000000e+01	4.40083798791778e+04
1.00600000000000e+01	1.56633906926426e+04
1.00700000000000e+01	6.24142418994833e+03
1.00800000000000e+01	2.77220832039340e+03
1.00900000000000e+01	1.35056717545257e+03
1.01000000000000e+01	7.10190264911500e+02
1.01100000000000e+01	3.97705200238459e+02
1.01200000000000e+01	2.34652666963851e+02
1.01300000000000e+01	1.44646235881532e+02
1.01400000000000e+01	9.25352574007917e+01
1.01500000000000e+01	6.11117445131602e+01
1.01600000000000e+01	4.14864769544065e+01
1.01700000000000e+01	2.88492135138362e+01
1.01800000000000e+01	2.04906386861023e+01
1.01900000000000e+01	1.48299106571179e+01
1.02000000000000e+01	1.09148071741033e+01
1.02100000000000e+01	8.15513195926611e+00
1.02200000000000e+01	6.17675313155146e+00
1.02300000000000e+01	4.73648729538039e+00
1.02400000000000e+01	3.67317964113688e+00
1.02500000000000e+01	2.87815677267159e+00
1.02600000000000e+01	2.27667786043751e+00
1.02700000000000e+01	1.81674040046003e+00
1.02800000000000e+01	1.46151842709947e+00
1.02900000000000e+01	1.18465451031286e+00
1.03000000000000e+01	9.67001977148491e-01
1.03100000000000e+01	7.94522478246356e-01
1.03200000000000e+01	6.56835518085499e-01
1.03300000000000e+01	5.46146198083209e-01
1.03400000000000e+01	4.56579874767302e-01
1.03500000000000e+01	3.83652634531958e-01
1.03600000000000e+01	3.23927681064874e-01
1.03700000000000e+01	2.74749463456220e-01
1.03800000000000e+01	2.34037203571040e-01
1.03900000000000e+01	2.00170688312586e-01
1.04000000000000e+01	1.71864629464380e-01
1.04100000000000e+01	1.48099236257463e-01
1.04200000000000e+01	1.28065208442589e-01
1.04300000000000e+01	1.11105349148163e-01
1.04400000000000e+01	9.66961688454840e-02
1.04500000000000e+01	8.44076982866649e-02
1.04600000000000e+01	7.38921333502615e-02
1.04700000000000e+01	6.48635293429173e-02
1.04800000000000e+01	5.70883853069087e-02
1.04900000000000e+01	5.03720129593328e-02
1.05000000000000e+01	4.45536416935533e-02
1.05100000000000e+01	3.94996248094363e-02
1.05200000000000e+01	3.50979298596074e-02
1.05300000000000e+01	3.12539576578136e-02
1.05400000000000e+01	2.78894427186910e-02
1.05500000000000e+01	2.49374911006340e-02
1.05600000000000e+01	2.23413722430543e-02
1.05700000000000e+01	2.00531646529705e-02
1.05800000000000e+01	1.80320827770816e-02
1.05900000000000e+01	1.62431947188004e-02
1.06000000000000e+01	1.46564781952728e-02
1.06100000000000e+01	1.32464738423574e-02
1.06200000000000e+01	1.19911257306829e-02
1.06300000000000e+01	1.08712625164948e-02
1.06400000000000e+01	9.87059217530369e-03
1.06500000000000e+01	8.97476155129939e-03
1.06600000000000e+01	8.17162731232458e-03
1.06700000000000e+01	7.45017581081503e-03
1.06800000000000e+01	6.80127464438421e-03
1.06900000000000e+01	6.21662439305420e-03
1.07000000000000e+01	5.68903697356063e-03
1.07100000000000e+01	5.21239388645952e-03
1.07200000000000e+01	4.78104416140838e-03
1.07300000000000e+01	4.39029004317762e-03
1.07400000000000e+01	4.03573725492207e-03
1.07500000000000e+01	3.71373100962762e-03
1.07600000000000e+01	3.42092665180359e-03
1.07700000000000e+01	3.15432508301050e-03
1.07800000000000e+01	2.91138872467703e-03
1.07900000000000e+01	2.68976583885281e-03
1.08000000000000e+01	2.48736382906568e-03
1.08100000000000e+01	2.30233896219731e-03
1.08200000000000e+01	2.13302006645726e-03
1.08300000000000e+01	1.97791865704047e-03
1.08400000000000e+01	1.83573319931113e-03
1.08500000000000e+01	1.70519726170553e-03
1.08600000000000e+01	1.58528023685068e-03
1.08700000000000e+01	1.47500921621736e-03
1.08800000000000e+01	1.37348800816096e-03
1.08900000000000e+01	1.27992716167838e-03
1.09000000000000e+01	1.19363709907546e-03
1.09100000000000e+01	1.11396477607685e-03
1.09200000000000e+01	1.04034401363615e-03
1.09300000000000e+01	9.72236631379516e-04
1.09400000000000e+01	9.09169287392974e-04
1.09500000000000e+01	8.50738624159038e-04
1.09600000000000e+01	7.96544762321471e-04
1.09700000000000e+01	7.46240961493502e-04
1.09800000000000e+01	6.99499888894472e-04
1.09900000000000e+01	6.56041581243845e-04
1.10000000000000e+01	6.15614626912257e-04
1.10100000000000e+01	5.77975496007603e-04
1.10200000000000e+01	5.42919011193156e-04
1.10300000000000e+01	5.10247283544224e-04
1.10400000000000e+01	4.79782783924290e-04
1.10500000000000e+01	4.51371512433683e-04
1.10600000000000e+01	4.24867037545741e-04
1.10700000000000e+01	4.00127321375030e-04
1.10800000000000e+01	3.77035458411937e-04
1.10900000000000e+01	3.55473214381297e-04
1.11000000000000e+01	3.35330866423419e-04
1.11100000000000e+01	3.16514106930857e-04
1.11200000000000e+01	2.98916731161316e-04
1.11300000000000e+01	2.82465193529717e-04
1.11400000000000e+01	2.67066873723496e-04
1.11500000000000e+01	2.52649979542498e-04
1.11600000000000e+01	2.39139893219115e-04
1.11700000000000e+01	2.26472860214228e-04
1.11800000000000e+01	2.14588077032254e-04
1.11900000000000e+01	2.03424588164324e-04
1.12000000000000e+01	1.92934238502859e-04
1.12100000000000e+01	1.83071051911079e-04
1.12200000000000e+01	1.73786404335019e-04
1.12300000000000e+01	1.65043661584536e-04
1.12400000000000e+01	1.56803289308788e-04
1.12500000000000e+01	1.49034087451275e-04
1.12600000000000e+01	1.41702962188593e-04
1.12700000000000e+01	1.34783916864492e-04
1.12800000000000e+01	1.28249589218005e-04
1.12900000000000e+01	1.22074491556417e-04
1.13000000000000e+01	1.16237359410311e-04
1.13100000000000e+01	1.10716667263732e-04
1.13200000000000e+01	1.05493885767429e-04
1.13300000000000e+01	1.00551060821783e-04
1.13400000000000e+01	9.58695388919442e-05
1.13500000000000e+01	9.14350150479838e-05
1.13600000000000e+01	8.72318209939027e-05
1.13700000000000e+01	8.32458267845828e-05
1.13800000000000e+01	7.94666327113121e-05
1.13900000000000e+01	7.58798089577618e-05
1.14000000000000e+01	7.24749237260667e-05
1.14100000000000e+01	6.92418227558471e-05
1.14200000000000e+01	6.61699446478865e-05
1.14300000000000e+01	6.32512475540297e-05
1.14400000000000e+01	6.04768843505196e-05
1.14500000000000e+01	5.78399527010539e-05
1.14600000000000e+01	5.53312586218631e-05
1.14700000000000e+01	5.29450639483572e-05
1.14800000000000e+01	5.06741139372766e-05
1.14900000000000e+01	4.85122603044789e-05
1.15000000000000e+01	4.64539514083676e-05
1.15100000000000e+01	4.44930928223026e-05
1.15200000000000e+01	4.26246479981813e-05
1.15300000000000e+01	4.08440844305373e-05
1.15400000000000e+01	3.91463733890391e-05
1.15500000000000e+01	3.75285374275945e-05
1.15600000000000e+01	3.59853769801924e-05
1.15700000000000e+01	3.45138243775856e-05
1.15800000000000e+01	3.31113193749509e-05
1.15900000000000e+01	3.17735013384842e-05
1.16000000000000e+01	3.04982489363502e-05
1.16100000000000e+01	2.92826821793804e-05
1.16200000000000e+01	2.81232740148988e-05
1.16300000000000e+01	2.70182667994967e-05
1.16400000000000e+01	2.59643188481310e-05
1.16500000000000e+01	2.49587214137707e-05
1.16600000000000e+01	2.39994160659516e-05
1.16700000000000e+01	2.30835789758244e-05
1.16800000000000e+01	2.22085495626658e-05
1.16900000000000e+01	2.13717442303099e-05
1.17000000000000e+01	2.05714351479318e-05
1.17100000000000e+01	1.98052333513646e-05
1.17200000000000e+01	1.90710809290499e-05
1.17300000000000e+01	1.83668518735885e-05
1.17400000000000e+01	1.76914297509537e-05
1.17500000000000e+01	1.70430820142087e-05
1.17600000000000e+01	1.64204501384691e-05
1.17700000000000e+01	1.58220601545125e-05
1.17800000000000e+01	1.52475993147692e-05
1.17900000000000e+01	1.46954891472942e-05
1.18000000000000e+01	1.41654355954426e-05
1.18100000000000e+01	1.36562642015172e-05
1.18200000000000e+01	1.31676528727217e-05
1.18300000000000e+01	1.26985742337794e-05
1.18400000000000e+01	1.22484930297857e-05
1.18500000000000e+01	1.18168943249223e-05
1.18600000000000e+01	1.14027577872218e-05
1.18700000000000e+01	1.10055972149483e-05
1.18800000000000e+01	1.06245809997485e-05
1.18900000000000e+01	1.02590923759992e-05
1.19000000000000e+01	9.90838305702349e-06
1.19100000000000e+01	9.57162220329044e-06
1.19200000000000e+01	9.24838686983198e-06
1.19300000000000e+01	8.93781055764719e-06
1.19400000000000e+01	8.63940830732667e-06
1.19500000000000e+01	8.35240121561924e-06
1.19600000000000e+01	8.07644117621081e-06
1.19700000000000e+01	7.81077172474342e-06
1.19800000000000e+01	7.55495009816914e-06
1.19900000000000e+01	7.30851352034458e-06
1.20000000000000e+01	7.07087629600702e-06
1.20100000000000e+01	6.84189308071544e-06
1.20200000000000e+01	6.62108038530812e-06
1.20300000000000e+01	6.40800212586157e-06
1.20400000000000e+01	6.20246254549541e-06
1.20500000000000e+01	6.00413724767082e-06
1.20600000000000e+01	5.81286371987711e-06
1.20700000000000e+01	5.62833341667783e-06
1.20800000000000e+01	5.45038724412398e-06
1.20900000000000e+01	5.27874396769214e-06
1.21000000000000e+01	5.11337961783400e-06
1.21100000000000e+01	4.95398003055445e-06
1.21200000000000e+01	4.80040737837790e-06
1.21300000000000e+01	4.65244589768870e-06
1.21400000000000e+01	4.50989963060159e-06
1.21500000000000e+01	4.37268750707216e-06
1.21600000000000e+01	4.24041275676471e-06
1.21700000000000e+01	4.11298220544982e-06
1.21800000000000e+01	3.99014164042267e-06
1.21900000000000e+01	3.87172227808521e-06
1.22000000000000e+01	3.75746963716740e-06
1.22100000000000e+01	3.64715036237683e-06
1.22200000000000e+01	3.54059836261635e-06
1.22300000000000e+01	3.43763127529271e-06
1.22400000000000e+01	3.33805414593098e-06
1.22500000000000e+01	3.24170798053378e-06
1.22600000000000e+01	3.14840635756487e-06
1.22700000000000e+01	3.05803366313647e-06
1.22800000000000e+01	2.97041605503101e-06
1.22900000000000e+01	2.88548372492261e-06
1.23000000000000e+01	2.80302133417776e-06
1.23100000000000e+01	2.72303295852503e-06
1.23200000000000e+01	2.64532253306238e-06
1.23300000000000e+01	2.56978922886133e-06
1.23400000000000e+01	2.49644941463479e-06
1.23500000000000e+01	2.42515594003980e-06
1.23600000000000e+01	2.35587429536706e-06
1.23700000000000e+01	2.28855849489614e-06
1.23800000000000e+01	2.22314233387880e-06
1.23900000000000e+01	2.15960220891469e-06
1.24000000000000e+01	2.09788810604678e-06
1.24100000000000e+01	2.03801902925002e-06
1.24200000000000e+01	1.97992642182643e-06
1.24300000000000e+01	1.92356045650449e-06
1.24400000000000e+01	1.86894287245850e-06
1.24500000000000e+01	1.81599771833305e-06
1.24600000000000e+01	1.76467463411686e-06
1.24700000000000e+01	1.71495535320594e-06
1.24800000000000e+01	1.66679942350583e-06
1.24900000000000e+01	1.62013774846984e-06
1.25000000000000e+01	1.57493417214540e-06
1.25100000000000e+01	1.53114796361180e-06
1.25200000000000e+01	1.48873084047293e-06
1.25300000000000e+01	1.44764699978317e-06
1.25400000000000e+01	1.40785352109784e-06
1.25500000000000e+01	1.36930103484595e-06
1.25600000000000e+01	1.33196089720076e-06
1.25700000000000e+01	1.29581699777159e-06
1.25800000000000e+01	1.26080916787572e-06
1.25900000000000e+01	1.22689389340762e-06
1.26000000000000e+01	1.19406826877623e-06
1.26100000000000e+01	1.16225446907485e-06
1.26200000000000e+01	1.13144391673399e-06
1.26300000000000e+01	1.10157210028063e-06
1.26400000000000e+01	1.07261376720341e-06
1.26500000000000e+01	1.04454605248924e-06
1.26600000000000e+01	1.01732328815020e-06
1.26700000000000e+01	9.90914131065335e-07
1.26800000000000e+01	9.65301984684294e-07
1.26900000000000e+01	9.40459783109877e-07
1.27000000000000e+01	9.16349860131605e-07
1.27100000000000e+01	8.92955762782443e-07
1.27200000000000e+01	8.70282053398878e-07
1.27300000000000e+01	8.48276144289779e-07
1.27400000000000e+01	8.26944494533425e-07
1.27500000000000e+01	8.06249848386818e-07
1.27600000000000e+01	7.86189126042783e-07
1.27700000000000e+01	7.66738589011324e-07
1.27800000000000e+01	7.47871658046707e-07
1.27900000000000e+01	7.29571976717836e-07
1.28000000000000e+01	7.11824801599855e-07
1.28100000000000e+01	6.94593497283077e-07
1.28200000000000e+01	6.77877361923020e-07
1.28300000000000e+01	6.61635115989511e-07
1.28400000000000e+01	6.45868384967645e-07
1.28500000000000e+01	6.30560333957722e-07
1.28600000000000e+01	6.15675773002807e-07
1.28700000000000e+01	6.01220659343876e-07
1.28800000000000e+01	5.87171406331908e-07
1.28900000000000e+01	5.73510718084534e-07
1.29000000000000e+01	5.60230317054898e-07
1.29100000000000e+01	5.47322376741515e-07
1.29200000000000e+01	5.34762457942826e-07
1.29300000000000e+01	5.22543968306777e-07
1.29400000000000e+01	5.10663238377977e-07
1.29500000000000e+01	4.99094767961583e-07
1.29600000000000e+01	4.87839596531352e-07
1.29700000000000e+01	4.76885605370745e-07
1.29800000000000e+01	4.66218393957328e-07
1.29900000000000e+01	4.55831379798869e-07
1.30000000000000e+01	4.45714643953489e-07
1.30100000000000e+01	4.35861213065718e-07
1.30200000000000e+01	4.26266944604916e-07
1.30300000000000e+01	4.16927055227375e-07
1.30400000000000e+01	4.07823642193316e-07
1.30500000000000e+01	3.98959239714636e-07
1.30600000000000e+01	3.90316494330572e-07
1.30700000000000e+01	3.81894165989067e-07
1.30800000000000e+01	3.73676032862191e-07
1.30900000000000e+01	3.65668073669286e-07
1.31000000000000e+01	3.57839312530457e-07
1.31100000000000e+01	3.50200104387325e-07
1.31200000000000e+01	3.42732657643043e-07
1.31300000000000e+01	3.35430747279026e-07
1.31400000000000e+01	3.28290152073860e-07
1.31500000000000e+01	3.21308116691654e-07
1.31600000000000e+01	3.14475999225057e-07
1.31700000000000e+01	3.07788694111449e-07
1.31800000000000e+01	3.01248619929526e-07
1.31900000000000e+01	2.94858641703979e-07
1.32000000000000e+01	2.88607495940212e-07
1.32100000000000e+01	2.82499598132210e-07
1.32200000000000e+01	2.76529456992079e-07
1.32300000000000e+01	2.70698062066925e-07
1.32400000000000e+01	2.65004138198004e-07
1.32500000000000e+01	2.59436842229686e-07
1.32600000000000e+01	2.53990731834171e-07
1.32700000000000e+01	2.48671691855476e-07
1.32800000000000e+01	2.43471703080719e-07
1.32900000000000e+01	2.38384228245936e-07
1.33000000000000e+01	2.33406708688022e-07
1.33100000000000e+01	2.28538652414969e-07
1.33200000000000e+01	2.23780186088702e-07
1.33300000000000e+01	2.19123042231050e-07
1.33400000000000e+01	2.14573224845109e-07
1.33500000000000e+01	2.10124846387050e-07
1.33600000000000e+01	2.05779007555803e-07
1.33700000000000e+01	2.01531800648936e-07
1.33800000000000e+01	1.97387994588476e-07
1.33900000000000e+01	1.93341291359804e-07
1.34000000000000e+01	1.89392213525677e-07
1.34100000000000e+01	1.85536389452723e-07
1.34200000000000e+01	1.81776192119679e-07
1.34300000000000e+01	1.78103557611661e-07
1.34400000000000e+01	1.74520760631405e-07
1.34500000000000e+01	1.71022050701305e-07
1.34600000000000e+01	1.67606298225777e-07
1.34700000000000e+01	1.64268128834989e-07
1.34800000000000e+01	1.61009857321997e-07
1.34900000000000e+01	1.57823020548859e-07
1.35000000000000e+01	1.54710422160631e-07
1.35100000000000e+01	1.51663825252601e-07
1.35200000000000e+01	1.48686028425197e-07
1.35300000000000e+01	1.45773561841442e-07
1.35400000000000e+01	1.42919828411098e-07
1.35500000000000e+01	1.40125379657336e-07
1.35600000000000e+01	1.37390582781005e-07
1.35700000000000e+01	1.34708706757208e-07
1.35800000000000e+01	1.32082633030303e-07
1.35900000000000e+01	1.29504860248954e-07
1.36000000000000e+01	1.26979454625869e-07
1.36100000000000e+01	1.24500724437046e-07
1.36200000000000e+01	1.22068192605334e-07
1.36300000000000e+01	1.19681939544173e-07
1.36400000000000e+01	1.17342671161212e-07
1.36500000000000e+01	1.15047563376477e-07
1.36600000000000e+01	1.12794983941971e-07
1.36700000000000e+01	1.10587449756212e-07
1.36800000000000e+01	1.08425471992726e-07
1.36900000000000e+01	1.06304519952926e-07
1.37000000000000e+01	1.04229597316605e-07
1.37100000000000e+01	1.02196375813373e-07
1.37200000000000e+01	1.00209502642804e-07
1.37300000000000e+01	9.82656642525805e-08
1.37400000000000e+01	9.63663469377969e-08
1.37500000000000e+01	9.45132858771478e-08
1.37600000000000e+01	9.27033380381011e-08
1.37700000000000e+01	9.09360920348460e-08
1.37800000000000e+01	8.92129014878028e-08
1.37900000000000e+01	8.75305631476944e-08
1.38000000000000e+01	8.58911872025438e-08
1.38100000000000e+01	8.42898888561654e-08
1.38200000000000e+01	8.27278390292912e-08
1.38300000000000e+01	8.12013383032746e-08
1.38400000000000e+01	7.97109393007317e-08
1.38500000000000e+01	7.82539277905686e-08
1.38600000000000e+01	7.68278771690819e-08
1.38700000000000e+01	7.54332832332517e-08
1.38800000000000e+01	7.40687359596635e-08
1.38900000000000e+01	7.27325607930427e-08
1.39000000000000e+01	7.14227871491238e-08
1.39100000000000e+01	7.01408393170972e-08
1.39200000000000e+01	6.88833197960682e-08
1.39300000000000e+01	6.76497982353720e-08
1.39400000000000e+01	6.64410615174502e-08
1.39500000000000e+01	6.52552710994092e-08
1.39600000000000e+01	6.40919358932687e-08
1.39700000000000e+01	6.29501134445859e-08
1.39800000000000e+01	6.18294407893481e-08
1.39900000000000e+01	6.07300474343489e-08
1.40000000000000e+01	5.96511199346150e-08
1.40100000000000e+01	5.85927442148075e-08
1.40200000000000e+01	5.75535602377367e-08
1.40300000000000e+01	5.65348690615617e-08
1.40400000000000e+01	5.55359075220315e-08
1.40500000000000e+01	5.45556795214508e-08
1.40600000000000e+01	5.35953943391187e-08
1.40700000000000e+01	5.26542085940468e-08
1.40800000000000e+01	5.17326499115223e-08
1.40900000000000e+01	5.08292691014311e-08
1.41000000000000e+01	4.99440504792034e-08
1.41100000000000e+01	4.90775663521649e-08
1.41200000000000e+01	4.82282151936059e-08
1.41300000000000e+01	4.73965943569956e-08
1.41400000000000e+01	4.65811954926533e-08
1.41500000000000e+01	4.57805904715330e-08
1.41600000000000e+01	4.49958871328710e-08
1.41700000000000e+01	4.42247886339768e-08
1.41800000000000e+01	4.34679445503308e-08
1.41900000000000e+01	4.27238309763315e-08
1.42000000000000e+01	4.19917689020946e-08
1.42100000000000e+01	4.12724788009974e-08
1.42200000000000e+01	4.05654741469035e-08
1.42300000000000e+01	3.98697374592001e-08
1.42400000000000e+01	3.91864642513889e-08
1.42500000000000e+01	3.85150689503755e-08
1.42600000000000e+01	3.78557714760401e-08
1.42700000000000e+01	3.72084861074287e-08
1.42800000000000e+01	3.65734198620856e-08
1.42900000000000e+01	3.59505731734234e-08
1.43000000000000e+01	3.53397885858726e-08
1.43100000000000e+01	3.47415111880357e-08
1.43200000000000e+01	3.41542615890911e-08
1.43300000000000e+01	3.35784938900450e-08
1.43400000000000e+01	3.30141554474635e-08
1.43500000000000e+01	3.24611009165103e-08
1.43600000000000e+01	3.19186332554555e-08
1.43700000000000e+01	3.13862775044814e-08
1.43800000000000e+01	3.08643600995035e-08
1.43900000000000e+01	3.03525002798888e-08
1.44000000000000e+01	2.98506917342036e-08
1.44100000000000e+01	2.93580715437586e-08
1.44200000000000e+01	2.88752397240000e-08
1.44300000000000e+01	2.84015035349774e-08
1.44400000000000e+01	2.79373573316133e-08
1.44500000000000e+01	2.74819654322806e-08
1.44600000000000e+01	2.70357344470591e-08
1.44700000000000e+01	2.65981396011980e-08
1.44800000000000e+01	2.61688881743265e-08
1.44900000000000e+01	2.57482646578004e-08
1.45000000000000e+01	2.53355858678843e-08
1.45100000000000e+01	2.49310387996008e-08
1.45200000000000e+01	2.45341455100103e-08
1.45300000000000e+01	2.41446868891675e-08
1.45400000000000e+01	2.37628209821226e-08
1.45500000000000e+01	2.33877723765042e-08
1.45600000000000e+01	2.30196554944286e-08
1.45700000000000e+01	2.26583958633167e-08
1.45800000000000e+01	2.23033066892099e-08
1.45900000000000e+01	2.19549559880470e-08
1.46000000000000e+01	2.16125645931951e-08
1.46100000000000e+01	2.12758817311706e-08
1.46200000000000e+01	2.09454234986627e-08
1.46300000000000e+01	2.06202745095406e-08
1.46400000000000e+01	2.03008972076467e-08
1.46500000000000e+01	1.99871353120340e-08
1.46600000000000e+01	1.96784295763133e-08
1.46700000000000e+01	1.93752110843120e-08
1.46800000000000e+01	1.90773320325042e-08
1.46900000000000e+01	1.87846857785524e-08
1.47000000000000e+01	1.84972352109125e-08
1.47100000000000e+01	1.82147929975247e-08
1.47200000000000e+01	1.79373601558641e-08
1.47300000000000e+01	1.76649203902247e-08
1.47400000000000e+01	1.73974548554282e-08
1.47500000000000e+01	1.71347670194161e-08
1.47600000000000e+01	1.68768078998465e-08
1.47700000000000e+01	1.66234728483032e-08
1.47800000000000e+01	1.63743642537671e-08
1.47900000000000e+01	1.61296965891133e-08
1.48000000000000e+01	1.58891026016808e-08
1.48100000000000e+01	1.56523172512098e-08
1.48200000000000e+01	1.54196764625127e-08
1.48300000000000e+01	1.51905402247416e-08
1.48400000000000e+01	1.49649751057913e-08
1.48500000000000e+01	1.47430127885676e-08
1.48600000000000e+01	1.45243798209875e-08
1.48700000000000e+01	1.43090361195208e-08
1.48800000000000e+01	1.40969228664260e-08
1.48900000000000e+01	1.38878535159453e-08
1.49000000000000e+01	1.36821372387158e-08
1.49100000000000e+01	1.34793631828727e-08
1.49200000000000e+01	1.32797287188522e-08
1.49300000000000e+01	1.30831139362590e-08
1.49400000000000e+01	1.28895434644461e-08
1.49500000000000e+01	1.26989228621275e-08
1.49600000000000e+01	1.25114259548623e-08
1.49700000000000e+01	1.23269613204906e-08
1.49800000000000e+01	1.21454555693138e-08
1.49900000000000e+01	1.19670594505088e-08
1.50000000000000e+01	1.17915437842818e-08
1.50100000000000e+01	1.16191199226705e-08
1.50200000000000e+01	1.14494518169151e-08
1.50300000000000e+01	1.12827598813074e-08
1.50400000000000e+01	1.11189943308897e-08
1.50500000000000e+01	1.09579077507702e-08
1.50600000000000e+01	1.07996188797677e-08
1.50700000000000e+01	1.06438956831467e-08
1.50800000000000e+01	1.04907038191373e-08
1.50900000000000e+01	1.03401001178086e-08
1.51000000000000e+01	1.01917802734172e-08
1.51100000000000e+01	1.00458266113873e-08
1.51200000000000e+01	9.90220860459603e-09
1.51300000000000e+01	9.76059627085068e-09
1.51400000000000e+01	9.62126602399021e-09
1.51500000000000e+01	9.48391971983876e-09
1.51600000000000e+01	9.34849890586296e-09
1.51700000000000e+01	9.21512055935734e-09
1.51800000000000e+01	9.08377241581555e-09
1.51900000000000e+01	8.95429657723512e-09
1.52000000000000e+01	8.82678377405141e-09
1.52100000000000e+01	8.70118208047221e-09
1.52200000000000e+01	8.57760471917480e-09
1.52300000000000e+01	8.45585587252273e-09
1.52400000000000e+01	8.33591729669634e-09
1.52500000000000e+01	8.21781947025344e-09
1.52600000000000e+01	8.10146144392300e-09
1.52700000000000e+01	7.98675967101981e-09
1.52800000000000e+01	7.87367461139615e-09
1.52900000000000e+01	7.76196793272428e-09
1.53000000000000e+01	7.65162493274383e-09
1.53100000000000e+01	7.54240367706707e-09
1.53200000000000e+01	7.43431223283022e-09
1.53300000000000e+01	7.32722803015586e-09
1.53400000000000e+01	7.22091380087006e-09
1.53500000000000e+01	7.11535206667168e-09
1.53600000000000e+01	7.01061197244922e-09
1.53700000000000e+01	6.90642884958724e-09
1.53800000000000e+01	6.80286964095552e-09
1.53900000000000e+01	6.69999672888954e-09
1.54000000000000e+01	6.59776093260661e-09
1.54100000000000e+01	6.49631533852765e-09
1.54200000000000e+01	6.39564222765521e-09
1.54300000000000e+01	6.29595031396302e-09
1.54400000000000e+01	6.19730177310280e-09
1.54500000000000e+01	6.09988432560671e-09
1.54600000000000e+01	6.00381450706888e-09
1.54700000000000e+01	5.90942845650601e-09
1.54800000000000e+01	5.81669331889182e-09
1.54900000000000e+01	5.72591791391073e-09
1.55000000000000e+01	5.63719815860970e-09
1.55100000000000e+01	5.55075244070159e-09
1.55200000000000e+01	5.46664158747550e-09
1.55300000000000e+01	5.38499862410462e-09
1.55400000000000e+01	5.30570631467436e-09
1.55500000000000e+01	5.22891959578901e-09
1.55600000000000e+01	5.15445593406210e-09
1.55700000000000e+01	5.08224922793516e-09
1.55800000000000e+01	5.01227330268876e-09
1.55900000000000e+01	4.94427396587940e-09
1.56000000000000e+01	4.87804302669248e-09
1.56100000000000e+01	4.81355610627238e-09
1.56200000000000e+01	4.75050187533352e-09
1.56300000000000e+01	4.68881791515698e-09
1.56400000000000e+01	4.62828118277368e-09
1.56500000000000e+01	4.56875544352645e-09
1.56600000000000e+01	4.51006725124436e-09
1.56700000000000e+01	4.45217381669533e-09
1.56800000000000e+01	4.39494660398992e-09
1.56900000000000e+01	4.33832240271008e-09
1.57000000000000e+01	4.28219170108268e-09
1.57100000000000e+01	4.22651964453861e-09
1.57200000000000e+01	4.17131241087471e-09
1.57300000000000e+01	4.11654277002336e-09
1.57400000000000e+01	4.06216295457318e-09
1.57500000000000e+01	4.00824674031516e-09
1.57600000000000e+01	3.95477047759884e-09
1.57700000000000e+01	3.90174725468902e-09
1.57800000000000e+01	3.84924949381978e-09
1.57900000000000e+01	3.79738123778870e-09
1.58000000000000e+01	3.74612151909257e-09
1.58100000000000e+01	3.69554857328383e-09
1.58200000000000e+01	3.64572926634242e-09
1.58300000000000e+01	3.59675579981366e-09
1.58400000000000e+01	3.54864686382729e-09
1.58500000000000e+01	3.50143934715759e-09
1.58600000000000e+01	3.45520829515336e-09
1.58700000000000e+01	3.40991841480967e-09
1.58800000000000e+01	3.36558241891921e-09
1.58900000000000e+01	3.32225795006716e-09
1.59000000000000e+01	3.27987150863409e-09
1.59100000000000e+01	3.23841141098665e-09
1.59200000000000e+01	3.19782006762242e-09
1.59300000000000e+01	3.15806512486242e-09
1.59400000000000e+01	3.11910472238809e-09
1.59500000000000e+01	3.08084171186845e-09
1.59600000000000e+01	3.04320781920128e-09
1.59700000000000e+01	3.00623885463471e-09
1.59800000000000e+01	2.96981994428082e-09
1.59900000000000e+01	2.93387655748135e-09
1.60000000000000e+01	2.89847841934382e-09
1.60100000000000e+01	2.86349580646078e-09
1.60200000000000e+01	2.82898007789054e-09
1.60300000000000e+01	2.79486708935545e-09
1.60400000000000e+01	2.76117560192962e-09
1.60500000000000e+01	2.72788847087904e-09
1.60600000000000e+01	2.69502037282380e-09
1.60700000000000e+01	2.66251018617987e-09
1.60800000000000e+01	2.63037049440774e-09
1.60900000000000e+01	2.59863449335380e-09
1.61000000000000e+01	2.56729463284441e-09
1.61100000000000e+01	2.53630796057098e-09
1.61200000000000e+01	2.50571821468090e-09
1.61300000000000e+01	2.47547578283254e-09
1.61400000000000e+01	2.44566031720682e-09
1.61500000000000e+01	2.41622368074405e-09
1.61600000000000e+01	2.38713146155417e-09
1.61700000000000e+01	2.35844443857767e-09
1.61800000000000e+01	2.33012773563479e-09
1.61900000000000e+01	2.30224335000035e-09
1.62000000000000e+01	2.27471954659641e-09
1.62100000000000e+01	2.24765597293671e-09
1.62200000000000e+01	2.22096690763450e-09
1.62300000000000e+01	2.19471952344539e-09
1.62400000000000e+01	2.16889692096402e-09
1.62500000000000e+01	2.14352606174639e-09
1.62600000000000e+01	2.11855868441450e-09
1.62700000000000e+01	2.09401363166633e-09
1.62800000000000e+01	2.06988293152988e-09
1.62900000000000e+01	2.04615031232367e-09
1.63000000000000e+01	2.02280473046148e-09
1.63100000000000e+01	1.99977331811179e-09
1.63200000000000e+01	1.97711102967094e-09
1.63300000000000e+01	1.95471450763135e-09
1.63400000000000e+01	1.93257954256787e-09
1.63500000000000e+01	1.91070102233801e-09
1.63600000000000e+01	1.88901749268408e-09
1.63700000000000e+01	1.86750307186902e-09
1.63800000000000e+01	1.84615064667025e-09
1.63900000000000e+01	1.82488113132877e-09
1.64000000000000e+01	1.80372841938890e-09
1.64100000000000e+01	1.78264603820055e-09
1.64200000000000e+01	1.76164431794968e-09
1.64300000000000e+01	1.74069836679233e-09
1.64400000000000e+01	1.71982558307870e-09
1.64500000000000e+01	1.69900621624903e-09
1.64600000000000e+01	1.67828126885543e-09
1.64700000000000e+01	1.65768437931859e-09
1.64800000000000e+01	1.63719754143697e-09
1.64900000000000e+01	1.61690256101855e-09
1.65000000000000e+01	1.59682477213906e-09
1.65100000000000e+01	1.57694898952760e-09
1.65200000000000e+01	1.55734026010077e-09
1.65300000000000e+01	1.53801691021037e-09
1.65400000000000e+01	1.51900203841961e-09
1.65500000000000e+01	1.50030570408874e-09
1.65600000000000e+01	1.48195131685521e-09
1.65700000000000e+01	1.46391638387954e-09
1.65800000000000e+01	1.44622173797596e-09
1.65900000000000e+01	1.42887870135988e-09
1.66000000000000e+01	1.41189685209650e-09
1.66100000000000e+01	1.39522314699941e-09
1.66200000000000e+01	1.37888794390618e-09
1.66300000000000e+01	1.36286613817578e-09
1.66400000000000e+01	1.34716360177541e-09
1.66500000000000e+01	1.33175388965816e-09
1.66600000000000e+01	1.31664967880980e-09
1.66700000000000e+01	1.30182212266922e-09
1.66800000000000e+01	1.28728452049140e-09
1.66900000000000e+01	1.27298965206332e-09
1.67000000000000e+01	1.25894636661820e-09
1.67100000000000e+01	1.24513711761815e-09
1.67200000000000e+01	1.23156766184762e-09
1.67300000000000e+01	1.21819673540617e-09
1.67400000000000e+01	1.20501717874854e-09
1.67500000000000e+01	1.19203312019995e-09
1.67600000000000e+01	1.17921320262177e-09
1.67700000000000e+01	1.16654029621126e-09
1.67800000000000e+01	1.15401303801954e-09
1.67900000000000e+01	1.14163035499222e-09
1.68000000000000e+01	1.12935517011391e-09
1.68100000000000e+01	1.11718387331866e-09
1.68200000000000e+01	1.10513980810925e-09
1.68300000000000e+01	1.09318861113912e-09
1.68400000000000e+01	1.08133018974069e-09
1.68500000000000e+01	1.06957894356651e-09
1.68600000000000e+01	1.05792405472749e-09
1.68700000000000e+01	1.04636492271595e-09
1.68800000000000e+01	1.03491934259196e-09
1.68900000000000e+01	1.02356806844454e-09
1.69000000000000e+01	1.01234581947849e-09
1.69100000000000e+01	1.00121920974937e-09
1.69200000000000e+01	9.90204626062646e-10
1.69300000000000e+01	9.79298705251580e-10
1.69400000000000e+01	9.68518963581527e-10
1.69500000000000e+01	9.57835306707555e-10
1.69600000000000e+01	9.47274586603839e-10
1.69700000000000e+01	9.36822899475812e-10
1.69800000000000e+01	9.26498729585593e-10
1.69900000000000e+01	9.16299109559017e-10
1.70000000000000e+01	9.06220578076048e-10
1.70100000000000e+01	8.96293750294647e-10
1.70200000000000e+01	8.86518465924681e-10
1.70300000000000e+01	8.76887521772923e-10
1.70400000000000e+01	8.67414544797296e-10
1.70500000000000e+01	8.58109757241773e-10
1.70600000000000e+01	8.48967947499716e-10
1.70700000000000e+01	8.39999238615058e-10
1.70800000000000e+01	8.31184480070963e-10
1.70900000000000e+01	8.22531520479241e-10
1.71000000000000e+01	8.14037721357859e-10
1.71100000000000e+01	8.05698228341510e-10
1.71200000000000e+01	7.97480136688849e-10
1.71300000000000e+01	7.89397145490943e-10
1.71400000000000e+01	7.81443564241667e-10
1.71500000000000e+01	7.73606130064688e-10
1.71600000000000e+01	7.65869472535943e-10
1.71700000000000e+01	7.58246507528644e-10
1.71800000000000e+01	7.50706145471119e-10
1.71900000000000e+01	7.43274748670823e-10
1.72000000000000e+01	7.35926201196896e-10
1.72100000000000e+01	7.28674606876412e-10
1.72200000000000e+01	7.21516697499988e-10
1.72300000000000e+01	7.14424950029047e-10
1.72400000000000e+01	7.07435329058095e-10
1.72500000000000e+01	7.00513057943021e-10
1.72600000000000e+01	6.93680139747498e-10
1.72700000000000e+01	6.86924931787728e-10
1.72800000000000e+01	6.80242453876878e-10
1.72900000000000e+01	6.73633697342328e-10
1.73000000000000e+01	6.67097864183984e-10
1.73100000000000e+01	6.60634994490451e-10
1.73200000000000e+01	6.54243180902118e-10
1.73300000000000e+01	6.47910161468434e-10
1.73400000000000e+01	6.41636158308565e-10
1.73500000000000e+01	6.35431522252188e-10
1.73600000000000e+01	6.29283992075698e-10
1.73700000000000e+01	6.23194235920481e-10
1.73800000000000e+01	6.17159971445761e-10
1.73900000000000e+01	6.11183558444922e-10
1.74000000000000e+01	6.05274720847578e-10
1.74100000000000e+01	5.99409956370259e-10
1.74200000000000e+01	5.93599096969030e-10
1.74300000000000e+01	5.87844326671795e-10
1.74400000000000e+01	5.82154904174833e-10
1.74500000000000e+01	5.76507169705470e-10
1.74600000000000e+01	5.70924291699103e-10
1.74700000000000e+01	5.65392436055956e-10
1.74800000000000e+01	5.59910993101102e-10
1.74900000000000e+01	5.54472432756564e-10
1.75000000000000e+01	5.49094196797761e-10
1.75100000000000e+01	5.43765275780037e-10
1.75200000000000e+01	5.38474473889902e-10
1.75300000000000e+01	5.33224754459051e-10
1.75400000000000e+01	5.28014537147285e-10
1.75500000000000e+01	5.22852645464189e-10
1.75600000000000e+01	5.17719787051766e-10
1.75700000000000e+01	5.12627573708289e-10
1.75800000000000e+01	5.07565221908235e-10
1.75900000000000e+01	5.02545039619101e-10
1.76000000000000e+01	4.97554962162242e-10
1.76100000000000e+01	4.92616227769908e-10
1.76200000000000e+01	4.87708879036688e-10
1.76300000000000e+01	4.82852837121402e-10
1.76400000000000e+01	4.78036557246645e-10
1.76500000000000e+01	4.73269402841305e-10
1.76600000000000e+01	4.68560361341251e-10
1.76700000000000e+01	4.63898297921929e-10
1.76800000000000e+01	4.59292523511020e-10
1.76900000000000e+01	4.54749153455241e-10
1.77000000000000e+01	4.50250484581910e-10
1.77100000000000e+01	4.45812677519680e-10
1.77200000000000e+01	4.41426093185494e-10
1.77300000000000e+01	4.37088236181350e-10
1.77400000000000e+01	4.32808514945189e-10
1.77500000000000e+01	4.28569518325377e-10
1.77600000000000e+01	4.24384814098772e-10
1.77700000000000e+01	4.20238643248878e-10
1.77800000000000e+01	4.16139241856580e-10
1.77900000000000e+01	4.12084663728878e-10
1.78000000000000e+01	4.08059311257323e-10
1.78100000000000e+01	4.04078742999858e-10
1.78200000000000e+01	4.00135332674847e-10
1.78300000000000e+01	3.96221329498806e-10
1.78400000000000e+01	3.92343023340852e-10
1.78500000000000e+01	3.88500836064753e-10
1.78600000000000e+01	3.84695215829734e-10
1.78700000000000e+01	3.80918425274277e-10
1.78800000000000e+01	3.77169259534085e-10
1.78900000000000e+01	3.73456029463545e-10
1.79000000000000e+01	3.69777752573849e-10
1.79100000000000e+01	3.66126931135395e-10
1.79200000000000e+01	3.62504618900651e-10
1.79300000000000e+01	3.58915996145715e-10
1.79400000000000e+01	3.55348697772547e-10
1.79500000000000e+01	3.51808128997071e-10
1.79600000000000e+01	3.48288948625726e-10
1.79700000000000e+01	3.44799488274651e-10
1.79800000000000e+01	3.41324049066668e-10
1.79900000000000e+01	3.37879066350554e-10
1.80000000000000e+01	3.34458472056099e-10
1.80100000000000e+01	3.31073777302835e-10
1.80200000000000e+01	3.27714475537201e-10
1.80300000000000e+01	3.24399597396587e-10
1.80400000000000e+01	3.21126614661230e-10
1.80500000000000e+01	3.17903292722853e-10
1.80600000000000e+01	3.14727058335705e-10
1.80700000000000e+01	3.11616142646099e-10
1.80800000000000e+01	3.08559959573305e-10
1.80900000000000e+01	3.05565198122499e-10
1.81000000000000e+01	3.02627844215895e-10
1.81100000000000e+01	2.99753732510244e-10
1.81200000000000e+01	2.96938862835131e-10
1.81300000000000e+01	2.94176353025780e-10
1.81400000000000e+01	2.91458335962306e-10
1.81500000000000e+01	2.88790720791495e-10
1.81600000000000e+01	2.86159858975612e-10
1.81700000000000e+01	2.83570195538969e-10
1.81800000000000e+01	2.81005380927268e-10
1.81900000000000e+01	2.78475974432404e-10
1.82000000000000e+01	2.75970790290976e-10
1.82100000000000e+01	2.73483786827489e-10
1.82200000000000e+01	2.71020536425976e-10
1.82300000000000e+01	2.68576496016491e-10
1.82400000000000e+01	2.66146358343878e-10
1.82500000000000e+01	2.63729580841102e-10
1.82600000000000e+01	2.61326911311541e-10
1.82700000000000e+01	2.58939562124986e-10
1.82800000000000e+01	2.56561756576345e-10
1.82900000000000e+01	2.54194378251181e-10
1.83000000000000e+01	2.51847361347280e-10
1.83100000000000e+01	2.49506044215828e-10
1.83200000000000e+01	2.47185810799455e-10
1.83300000000000e+01	2.44879432496981e-10
1.83400000000000e+01	2.42591034953834e-10
1.83500000000000e+01	2.40322679440679e-10
1.83600000000000e+01	2.38076369954206e-10
1.83700000000000e+01	2.35853415365037e-10
1.83800000000000e+01	2.33657865900690e-10
1.83900000000000e+01	2.31490788690693e-10
1.84000000000000e+01	2.29355068032051e-10
1.84100000000000e+01	2.27251789576861e-10
1.84200000000000e+01	2.25183925763182e-10
1.84300000000000e+01	2.23153008595034e-10
1.84400000000000e+01	2.21158742542274e-10
1.84500000000000e+01	2.19202874929365e-10
1.84600000000000e+01	2.17283930608116e-10
1.84700000000000e+01	2.15402920494203e-10
1.84800000000000e+01	2.13556894703632e-10
1.84900000000000e+01	2.11744934299913e-10
1.85000000000000e+01	2.09964688041227e-10
1.85100000000000e+01	2.08213312269152e-10
1.85200000000000e+01	2.06488494517716e-10
1.85300000000000e+01	2.04786909809837e-10
1.85400000000000e+01	2.03106596966460e-10
1.85500000000000e+01	2.01444251220275e-10
1.85600000000000e+01	1.99796395709336e-10
1.85700000000000e+01	1.98164097965911e-10
1.85800000000000e+01	1.96543011533909e-10
1.85900000000000e+01	1.94931686509132e-10
1.86000000000000e+01	1.93330333014164e-10
1.86100000000000e+01	1.91736806617909e-10
1.86200000000000e+01	1.90152051127914e-10
1.86300000000000e+01	1.88574960325852e-10
1.86400000000000e+01	1.87005741968035e-10
1.86500000000000e+01	1.85444861533948e-10
1.86600000000000e+01	1.83893063592246e-10
1.86700000000000e+01	1.82351080627093e-10
1.86800000000000e+01	1.80818260153297e-10
1.86900000000000e+01	1.79296181026327e-10
1.87000000000000e+01	1.77785014056639e-10
1.87100000000000e+01	1.76285919592325e-10
1.87200000000000e+01	1.74798157743974e-10
1.87300000000000e+01	1.73322462060295e-10
1.87400000000000e+01	1.71858398577681e-10
1.87500000000000e+01	1.70406384570490e-10
1.87600000000000e+01	1.68966305758116e-10
1.87700000000000e+01	1.67537091026762e-10
1.87800000000000e+01	1.66118928111987e-10
1.87900000000000e+01	1.64711732712633e-10
1.88000000000000e+01	1.63315075452170e-10
1.88100000000000e+01	1.61927723078407e-10
1.88200000000000e+01	1.60549954340012e-10
1.88300000000000e+01	1.59181121386116e-10
1.88400000000000e+01	1.57820373442266e-10
1.88500000000000e+01	1.56467699750609e-10
1.88600000000000e+01	1.55122295531859e-10
1.88700000000000e+01	1.53783153071480e-10
1.88800000000000e+01	1.52450588048989e-10
1.88900000000000e+01	1.51124471934858e-10
1.89000000000000e+01	1.49803050879344e-10
1.89100000000000e+01	1.48486527706938e-10
1.89200000000000e+01	1.47175875771482e-10
1.89300000000000e+01	1.45869718262164e-10
1.89400000000000e+01	1.44569580063926e-10
1.89500000000000e+01	1.43274848903197e-10
1.89600000000000e+01	1.41987256948930e-10
1.89700000000000e+01	1.40706658477817e-10
1.89800000000000e+01	1.39433857558091e-10
1.89900000000000e+01	1.38171331818377e-10
1.90000000000000e+01	1.36918744321679e-10
1.90100000000000e+01	1.35677384712605e-10
1.90200000000000e+01	1.34447245575788e-10
1.90300000000000e+01	1.33229283011171e-10
1.90400000000000e+01	1.32023174464526e-10
1.90500000000000e+01	1.30827938540119e-10
1.90600000000000e+01	1.29642668569658e-10
1.90700000000000e+01	1.28465870532520e-10
1.90800000000000e+01	1.27296635894975e-10
1.90900000000000e+01	1.26132880391844e-10
1.91000000000000e+01	1.24973794978570e-10
1.91100000000000e+01	1.23819141792854e-10
1.91200000000000e+01	1.22668784852867e-10
1.91300000000000e+01	1.21524331624436e-10
1.91400000000000e+01	1.20387543141421e-10
1.91500000000000e+01	1.19261097450745e-10
1.91600000000000e+01	1.18148906623316e-10
1.91700000000000e+01	1.17054176900158e-10
1.91800000000000e+01	1.15980223815290e-10
1.91900000000000e+01	1.14931066742179e-10
1.92000000000000e+01	1.13908820089504e-10
1.92100000000000e+01	1.12914614637438e-10
1.92200000000000e+01	1.11949424279802e-10
1.92300000000000e+01	1.11013091220182e-10
1.92400000000000e+01	1.10104253090722e-10
1.92500000000000e+01	1.09220140009904e-10
1.92600000000000e+01	1.08358737603448e-10
1.92700000000000e+01	1.07516688903638e-10
1.92800000000000e+01	1.06690817303751e-10
1.92900000000000e+01	1.05878776653725e-10
1.93000000000000e+01	1.05077743059886e-10
1.93100000000000e+01	1.04285414315442e-10
1.93200000000000e+01	1.03499761944220e-10
1.93300000000000e+01	1.02720370079079e-10
1.93400000000000e+01	1.01945288681195e-10
1.93500000000000e+01	1.01174873881473e-10
1.93600000000000e+01	1.00407570469245e-10
1.93700000000000e+01	9.96439094704021e-11
1.93800000000000e+01	9.88834071702049e-11
1.93900000000000e+01	9.81261722330035e-11
1.94000000000000e+01	9.73723038103994e-11
1.94100000000000e+01	9.66216424419293e-11
1.94200000000000e+01	9.58740908678326e-11
1.94300000000000e+01	9.51298769111456e-11
1.94400000000000e+01	9.43888641904585e-11
1.94500000000000e+01	9.36512664015819e-11
1.94600000000000e+01	9.29167816257057e-11
1.94700000000000e+01	9.21855864721261e-11
1.94800000000000e+01	9.14579226079086e-11
1.94900000000000e+01	9.07334583552189e-11
1.95000000000000e+01	9.00122019418303e-11
1.95100000000000e+01	8.92945548483915e-11
1.95200000000000e+01	8.85801714187238e-11
1.95300000000000e+01	8.78689462864868e-11
1.95400000000000e+01	8.71612576961420e-11
1.95500000000000e+01	8.64566243856458e-11
1.95600000000000e+01	8.57557497543404e-11
1.95700000000000e+01	8.50580340933728e-11
1.95800000000000e+01	8.43646206073631e-11
1.95900000000000e+01	8.36744198081002e-11
1.96000000000000e+01	8.29887354357673e-11
1.96100000000000e+01	8.23077035038777e-11
1.96200000000000e+01	8.16309850129126e-11
1.96300000000000e+01	8.09594843131948e-11
1.96400000000000e+01	8.02931704367059e-11
1.96500000000000e+01	7.96321024484372e-11
1.96600000000000e+01	7.89763782734394e-11
1.96700000000000e+01	7.83262202698516e-11
1.96800000000000e+01	7.76816851684080e-11
1.96900000000000e+01	7.70422464944328e-11
1.97000000000000e+01	7.64082343315635e-11
1.97100000000000e+01	7.57794710363036e-11
1.97200000000000e+01	7.51555257450149e-11
1.97300000000000e+01	7.45358884135745e-11
1.97400000000000e+01	7.39204458488464e-11
1.97500000000000e+01	7.33084559310663e-11
1.97600000000000e+01	7.26992708847540e-11
1.97700000000000e+01	7.20916721647651e-11
1.97800000000000e+01	7.14841798954979e-11
1.97900000000000e+01	7.08745861397909e-11
1.98000000000000e+01	7.02604856918175e-11
1.98100000000000e+01	6.96378340299547e-11
1.98200000000000e+01	6.90014799100359e-11
1.98300000000000e+01	6.83456608380649e-11
1.98400000000000e+01	6.76616436432937e-11
1.98500000000000e+01	6.69405027640307e-11
1.98600000000000e+01	6.61708213420696e-11
1.98700000000000e+01	6.53391857056849e-11
1.98800000000000e+01	6.44315927443360e-11
1.98900000000000e+01	6.34310267205310e-11
1.99000000000000e+01	6.23197107978032e-11
1.99100000000000e+01	6.10764184239160e-11
1.99200000000000e+01	5.96782643781910e-11
1.99300000000000e+01	5.80970367523406e-11
1.99400000000000e+01	5.62991446355023e-11
1.99500000000000e+01	5.42437168682168e-11
1.99600000000000e+01	5.18771636560592e-11
1.99700000000000e+01	4.91309902583143e-11
1.99800000000000e+01	4.59124697956098e-11
1.99900000000000e+01	4.20977230640841e-11
2.00000000000000e+01	3.75161705777034e-11
