1.00000000000000e-02	2.73055752272544e+12
2.00000000000000e-02	1.70677216331280e+11
3.00000000000000e-02	3.37197343434208e+10
4.00000000000000e-02	1.06717985718056e+10
5.00000000000000e-02	4.37250801841587e+09
6.00000000000000e-02	2.10946699345120e+09
7.00000000000000e-02	1.13914032032836e+09
8.00000000000000e-02	6.68090953583221e+08
9.00000000000000e-02	4.17333802721829e+08
1.00000000000000e-01	2.73991573393397e+08
1.10000000000000e-01	1.87276645228726e+08
1.20000000000000e-01	1.32334794753583e+08
1.30000000000000e-01	9.61609608067921e+07
1.40000000000000e-01	7.15596742708484e+07
1.50000000000000e-01	5.43560113543886e+07
1.60000000000000e-01	4.20335223918463e+07
1.70000000000000e-01	3.30202318111817e+07
1.80000000000000e-01	2.63033071038953e+07
1.90000000000000e-01	2.12148939634002e+07
2.00000000000000e-01	1.73029545753291e+07
2.10000000000000e-01	1.42551540017096e+07
2.20000000000000e-01	1.18525103675839e+07
2.30000000000000e-01	9.93712661960447e+06
2.40000000000000e-01	8.39526132074394e+06
2.50000000000000e-01	7.14252989790887e+06
2.60000000000000e-01	6.11628270920248e+06
2.70000000000000e-01	5.26880373123611e+06
2.80000000000000e-01	4.56426649316056e+06
2.90000000000000e-01	3.97434204885199e+06
3.00000000000000e-01	3.47742065128062e+06
3.10000000000000e-01	3.05639753000781e+06
3.20000000000000e-01	2.69774412553984e+06
3.30000000000000e-01	2.39066831947347e+06
3.40000000000000e-01	2.12646602885297e+06
3.50000000000000e-01	1.89820273932456e+06
3.60000000000000e-01	1.70008154562979e+06
3.70000000000000e-01	1.52744402307650e+06
3.80000000000000e-01	1.37646834455074e+06
3.90000000000000e-01	1.24392670990818e+06
4.00000000000000e-01	1.12719790338829e+06
4.10000000000000e-01	1.02403198930675e+06
4.20000000000000e-01	9.32610234150582e+05
4.30000000000000e-01	8.51319878182384e+05
4.40000000000000e-01	7.78865143649597e+05
4.50000000000000e-01	7.14091780409737e+05
4.60000000000000e-01	6.56048956441602e+05
4.70000000000000e-01	6.03907566250795e+05
4.80000000000000e-01	5.56959482439949e+05
4.90000000000000e-01	5.14583936389729e+05
5.00000000000000e-01	4.76258552991931e+05
5.10000000000000e-01	4.41515656882081e+05
5.20000000000000e-01	4.09979542545539e+05
5.30000000000000e-01	3.81273695005719e+05
5.40000000000000e-01	3.55115417345370e+05
5.50000000000000e-01	3.31229095976404e+05
5.60000000000000e-01	3.09371977638977e+05
5.70000000000000e-01	2.89347934126769e+05
5.80000000000000e-01	2.70976144424276e+05
5.90000000000000e-01	2.54087089239915e+05
6.00000000000000e-01	2.38541320917941e+05
6.10000000000000e-01	2.24205665589439e+05
6.20000000000000e-01	2.10976093420508e+05
6.30000000000000e-01	1.98747037309286e+05
6.40000000000000e-01	1.87431307337024e+05
6.50000000000000e-01	1.76941914122397e+05
6.60000000000000e-01	1.67209298727117e+05
6.70000000000000e-01	1.58161826492708e+05
6.80000000000000e-01	1.49752562070592e+05
6.90000000000000e-01	1.41923181646789e+05
7.00000000000000e-01	1.34624439911078e+05
7.10000000000000e-01	1.27812513838694e+05
7.20000000000000e-01	1.21447498812262e+05
7.30000000000000e-01	1.15499528744448e+05
7.40000000000000e-01	1.09929020150762e+05
7.50000000000000e-01	1.04713224039923e+05
7.60000000000000e-01	9.98186487533355e+04
7.70000000000000e-01	9.52269858824094e+04
7.80000000000000e-01	9.09123371984526e+04
7.90000000000000e-01	8.68562580247041e+04
8.00000000000000e-01	8.30381813125214e+04
8.10000000000000e-01	7.94424940971285e+04
8.20000000000000e-01	7.60537973234321e+04
8.30000000000000e-01	7.28560061087669e+04
8.40000000000000e-01	6.98401286547943e+04
8.50000000000000e-01	6.69877089866160e+04
8.60000000000000e-01	6.42921520755287e+04
8.70000000000000e-01	6.17413530382541e+04
8.80000000000000e-01	5.93254531324427e+04
8.90000000000000e-01	5.70369378091205e+04
9.00000000000000e-01	5.48672196214281e+04
9.10000000000000e-01	5.28081152186925e+04
9.20000000000000e-01	5.08532292115367e+04
9.30000000000000e-01	4.89966075227295e+04
9.40000000000000e-01	4.72318120787910e+04
9.50000000000000e-01	4.55519287105332e+04
9.60000000000000e-01	4.39528981956120e+04
9.70000000000000e-01	4.24301190410556e+04
9.80000000000000e-01	4.09791342831487e+04
9.90000000000000e-01	3.95948595129920e+04
1.00000000000000e+00	3.82748552061794e+04
1.01000000000000e+00	3.70135466782933e+04
1.02000000000000e+00	3.58077826353179e+04
1.03000000000000e+00	3.46563476083278e+04
1.04000000000000e+00	3.35544396418973e+04
1.05000000000000e+00	3.24994277299059e+04
1.06000000000000e+00	3.14888420577222e+04
1.07000000000000e+00	3.05211887015387e+04
1.08000000000000e+00	2.95925583763471e+04
1.09000000000000e+00	2.87011279432728e+04
1.10000000000000e+00	2.78455739188496e+04
1.11000000000000e+00	2.70230869671857e+04
1.12000000000000e+00	2.62323008989649e+04
1.13000000000000e+00	2.54714389618829e+04
1.14000000000000e+00	2.47389298670283e+04
1.15000000000000e+00	2.40329827666282e+04
1.16000000000000e+00	2.33518938901923e+04
1.17000000000000e+00	2.26949816077191e+04
1.18000000000000e+00	2.20602776415537e+04
1.19000000000000e+00	2.14464847365066e+04
1.20000000000000e+00	2.08527362291917e+04
1.21000000000000e+00	2.02771268583552e+04
1.22000000000000e+00	1.97187218322705e+04
1.23000000000000e+00	1.91763261940063e+04
1.24000000000000e+00	1.86478080502479e+04
1.25000000000000e+00	1.81320726434778e+04
1.26000000000000e+00	1.76260987566975e+04
1.27000000000000e+00	1.71287752894696e+04
1.28000000000000e+00	1.66360126872148e+04
1.29000000000000e+00	1.61456360176120e+04
1.30000000000000e+00	1.56535135651195e+04
1.31000000000000e+00	1.51560221473836e+04
1.32000000000000e+00	1.46489564986560e+04
1.33000000000000e+00	1.41282494545797e+04
1.34000000000000e+00	1.35900163376015e+04
1.35000000000000e+00	1.30315638731841e+04
1.36000000000000e+00	1.24514551802746e+04
1.37000000000000e+00	1.18500755614641e+04
1.38000000000000e+00	1.12301161680913e+04
1.39000000000000e+00	1.05973097226826e+04
1.40000000000000e+00	9.96128058084661e+03
1.41000000000000e+00	9.33440574243421e+03
1.42000000000000e+00	8.73305209078487e+03
1.43000000000000e+00	8.17642733520206e+03
1.44000000000000e+00	7.68599707586882e+03
1.45000000000000e+00	7.28429162596496e+03
1.46000000000000e+00	6.99365080283434e+03
1.47000000000000e+00	6.83408144993451e+03
1.48000000000000e+00	6.82286701486132e+03
1.49000000000000e+00	6.97183059532434e+03
1.50000000000000e+00	7.28708389836031e+03
1.51000000000000e+00	7.76797957321302e+03
1.52000000000000e+00	8.40681896229344e+03
1.53000000000000e+00	9.18981328671152e+03
1.54000000000000e+00	1.00967861107400e+04
1.55000000000000e+00	1.11029769913920e+04
1.56000000000000e+00	1.21808314994262e+04
1.57000000000000e+00	1.33006885181437e+04
1.58000000000000e+00	1.44321582953891e+04
1.59000000000000e+00	1.55459623182942e+04
1.60000000000000e+00	1.66143776810940e+04
1.61000000000000e+00	1.76124276829503e+04
1.62000000000000e+00	1.85170274688194e+04
1.63000000000000e+00	1.93086887420148e+04
1.64000000000000e+00	1.99712043488096e+04
1.65000000000000e+00	2.04946057416460e+04
1.66000000000000e+00	2.08759144220049e+04
1.67000000000000e+00	2.11222547740230e+04
1.68000000000000e+00	2.12503483041102e+04
1.69000000000000e+00	2.12858097188723e+04
1.70000000000000e+00	2.12587921875266e+04
1.71000000000000e+00	2.12069171404032e+04
1.72000000000000e+00	2.11754751911824e+04
1.73000000000000e+00	2.12242251527207e+04
1.74000000000000e+00	2.14300638974203e+04
1.75000000000000e+00	2.18836004099563e+04
1.76000000000000e+00	2.26846462582497e+04
1.77000000000000e+00	2.39337923151111e+04
1.78000000000000e+00	2.57251188890219e+04
1.79000000000000e+00	2.81344722884791e+04
1.80000000000000e+00	3.12021805497636e+04
1.81000000000000e+00	3.49196083414928e+04
1.82000000000000e+00	3.92259352409211e+04
1.83000000000000e+00	4.40228195908319e+04
1.84000000000000e+00	4.92064800134512e+04
1.85000000000000e+00	5.47033984522128e+04
1.86000000000000e+00	6.04714268144738e+04
1.87000000000000e+00	6.65014163774393e+04
1.88000000000000e+00	7.27898828131445e+04
1.89000000000000e+00	7.93283913950739e+04
1.90000000000000e+00	8.60937236581762e+04
1.91000000000000e+00	9.30318535756054e+04
1.92000000000000e+00	1.00060333227923e+05
1.93000000000000e+00	1.07051240646062e+05
1.94000000000000e+00	1.13832566584302e+05
1.95000000000000e+00	1.20192746912615e+05
1.96000000000000e+00	1.25892413647325e+05
1.97000000000000e+00	1.30687983810002e+05
1.98000000000000e+00	1.34354698398426e+05
1.99000000000000e+00	1.36712654570277e+05
2.00000000000000e+00	1.37636190635376e+05
2.01000000000000e+00	1.37067056325941e+05
2.02000000000000e+00	1.35019052779634e+05
2.03000000000000e+00	1.31572437076376e+05
2.04000000000000e+00	1.26865658654227e+05
2.05000000000000e+00	1.21089792467818e+05
2.06000000000000e+00	1.14466406595065e+05
2.07000000000000e+00	1.07222940256548e+05
2.08000000000000e+00	9.95765949780375e+04
2.09000000000000e+00	9.17080423713706e+04
2.10000000000000e+00	8.37619395244596e+04
2.11000000000000e+00	7.58570681303634e+04
2.12000000000000e+00	6.81008711422566e+04
2.13000000000000e+00	6.06132953447127e+04
2.14000000000000e+00	5.35302935179676e+04
2.15000000000000e+00	4.69836412280794e+04
2.16000000000000e+00	4.10796691763508e+04
2.17000000000000e+00	3.58667597490807e+04
2.18000000000000e+00	3.13349440470640e+04
2.19000000000000e+00	2.74195948545294e+04
2.20000000000000e+00	2.40275154781911e+04
2.21000000000000e+00	2.10582927037527e+04
2.22000000000000e+00	1.84258762802050e+04
2.23000000000000e+00	1.60733765102432e+04
2.24000000000000e+00	1.39743128674927e+04
2.25000000000000e+00	1.21278608975305e+04
2.26000000000000e+00	1.05428012253675e+04
2.27000000000000e+00	9.22346439957077e+03
2.28000000000000e+00	8.16159290423687e+03
2.29000000000000e+00	7.33545697441689e+03
2.30000000000000e+00	6.71263951640580e+03
2.31000000000000e+00	6.25457805661185e+03
2.32000000000000e+00	5.91994586453249e+03
2.33000000000000e+00	5.66724455077574e+03
2.34000000000000e+00	5.45746770088602e+03
2.35000000000000e+00	5.25911611455903e+03
2.36000000000000e+00	5.05235819020228e+03
2.37000000000000e+00	4.83359414258383e+03
2.38000000000000e+00	4.61646452536111e+03
2.39000000000000e+00	4.42902166290166e+03
2.40000000000000e+00	4.30863542545132e+03
2.41000000000000e+00	4.29530453788464e+03
2.42000000000000e+00	4.42504869948426e+03
2.43000000000000e+00	4.72403829720952e+03
2.44000000000000e+00	5.20449569904144e+03
2.45000000000000e+00	5.86312962381046e+03
2.46000000000000e+00	6.68083417753533e+03
2.47000000000000e+00	7.62525586891840e+03
2.48000000000000e+00	8.65208455614565e+03
2.49000000000000e+00	9.70936906618371e+03
2.50000000000000e+00	1.07402007995555e+04
2.51000000000000e+00	1.16866471544394e+04
2.52000000000000e+00	1.24938816389949e+04
2.53000000000000e+00	1.31140108116137e+04
2.54000000000000e+00	1.35110000645160e+04
2.55000000000000e+00	1.36653890370124e+04
2.56000000000000e+00	1.35765847675602e+04
2.57000000000000e+00	1.32626552894660e+04
2.58000000000000e+00	1.27574555855154e+04
2.59000000000000e+00	1.21053231294825e+04
2.60000000000000e+00	1.13531784292488e+04
2.61000000000000e+00	1.05458875958378e+04
2.62000000000000e+00	9.72108814581955e+03
2.63000000000000e+00	8.90957455585880e+03
2.64000000000000e+00	8.13919695333041e+03
2.65000000000000e+00	7.43653821991696e+03
2.66000000000000e+00	6.82849151319635e+03
2.67000000000000e+00	6.33717810724839e+03
2.68000000000000e+00	5.97644272696736e+03
2.69000000000000e+00	5.74942430278118e+03
2.70000000000000e+00	5.64983751906495e+03
2.71000000000000e+00	5.66382362889677e+03
2.72000000000000e+00	5.77188202436570e+03
2.73000000000000e+00	5.95031659254762e+03
2.74000000000000e+00	6.17199153063345e+03
2.75000000000000e+00	6.40911433768736e+03
2.76000000000000e+00	6.63501305449202e+03
2.77000000000000e+00	6.82678531735272e+03
2.78000000000000e+00	6.96563519756011e+03
2.79000000000000e+00	7.03743538608145e+03
2.80000000000000e+00	7.03125015347970e+03
2.81000000000000e+00	6.93920461762953e+03
2.82000000000000e+00	6.75634591269570e+03
2.83000000000000e+00	6.48071461005538e+03
2.84000000000000e+00	6.11469699305279e+03
2.85000000000000e+00	5.66544488881051e+03
2.86000000000000e+00	5.14527945608729e+03
2.87000000000000e+00	4.57184322386554e+03
2.88000000000000e+00	3.96635688288890e+03
2.89000000000000e+00	3.35212006894961e+03
2.90000000000000e+00	2.75210680790837e+03
2.91000000000000e+00	2.18742977863192e+03
2.92000000000000e+00	1.67546381738114e+03
2.93000000000000e+00	1.22948614111549e+03
2.94000000000000e+00	8.58126206880023e+02
2.95000000000000e+00	5.65240153221405e+02
2.96000000000000e+00	3.50083245470070e+02
2.97000000000000e+00	2.07739477167976e+02
2.98000000000000e+00	1.30205239270206e+02
2.99000000000000e+00	1.07777539062960e+02
3.00000000000000e+00	1.30616969403211e+02
3.01000000000000e+00	1.89979866333340e+02
3.02000000000000e+00	2.78896177550915e+02
3.03000000000000e+00	3.92273468071616e+02
3.04000000000000e+00	5.26578881136187e+02
3.05000000000000e+00	6.79335026588955e+02
3.06000000000000e+00	8.48569020919728e+02
3.07000000000000e+00	1.03239699162932e+03
3.08000000000000e+00	1.22866440055104e+03
3.09000000000000e+00	1.43468141471529e+03
3.10000000000000e+00	1.64718748716449e+03
3.11000000000000e+00	1.86210922734352e+03
3.12000000000000e+00	2.07444886835740e+03
3.13000000000000e+00	2.27793868345832e+03
3.14000000000000e+00	2.46478111533030e+03
3.15000000000000e+00	2.62561283599557e+03
3.16000000000000e+00	2.75049066129306e+03
3.17000000000000e+00	2.83014295028985e+03
3.18000000000000e+00	2.85786835476795e+03
3.19000000000000e+00	2.83158785875726e+03
3.20000000000000e+00	2.75422918013617e+03
3.21000000000000e+00	2.63318798530345e+03
3.22000000000000e+00	2.47855188408949e+03
3.23000000000000e+00	2.30112080197919e+03
3.24000000000000e+00	2.11101709325069e+03
3.25000000000000e+00	1.91685862930397e+03
3.26000000000000e+00	1.72577176854453e+03
3.27000000000000e+00	1.54339650115374e+03
3.28000000000000e+00	1.37386081684943e+03
3.29000000000000e+00	1.22003382261491e+03
3.30000000000000e+00	1.08342246193490e+03
3.31000000000000e+00	9.64339647701796e+02
3.32000000000000e+00	8.62122704258020e+02
3.33000000000000e+00	7.75291666122718e+02
3.34000000000000e+00	7.01846297754521e+02
3.35000000000000e+00	6.39484113997587e+02
3.36000000000000e+00	5.85854778639806e+02
3.37000000000000e+00	5.38824385663193e+02
3.38000000000000e+00	4.96583914756244e+02
3.39000000000000e+00	4.57871643274581e+02
3.40000000000000e+00	4.21998072129181e+02
3.41000000000000e+00	3.88790223444563e+02
3.42000000000000e+00	3.58517759949879e+02
3.43000000000000e+00	3.31743214156520e+02
3.44000000000000e+00	3.09175427056173e+02
3.45000000000000e+00	2.91542727388392e+02
3.46000000000000e+00	2.79502525915007e+02
3.47000000000000e+00	2.73566848310004e+02
3.48000000000000e+00	2.74068163046104e+02
3.49000000000000e+00	2.81145493659114e+02
3.50000000000000e+00	2.94761333297681e+02
3.51000000000000e+00	3.14728251145136e+02
3.52000000000000e+00	3.40756639487399e+02
3.53000000000000e+00	3.72479373538990e+02
3.54000000000000e+00	4.09475379276107e+02
3.55000000000000e+00	4.51237768894940e+02
3.56000000000000e+00	4.97132582941714e+02
3.57000000000000e+00	5.46348844866623e+02
3.58000000000000e+00	5.97874655724985e+02
3.59000000000000e+00	6.50486330027017e+02
3.60000000000000e+00	7.02804445035724e+02
3.61000000000000e+00	7.53344269720846e+02
3.62000000000000e+00	8.00569564078790e+02
3.63000000000000e+00	8.43050779681562e+02
3.64000000000000e+00	8.79452935687737e+02
3.65000000000000e+00	9.08765530900664e+02
3.66000000000000e+00	9.30454116419975e+02
3.67000000000000e+00	9.44535403009264e+02
3.68000000000000e+00	9.51808944677640e+02
3.69000000000000e+00	9.53901366691763e+02
3.70000000000000e+00	9.53202857100327e+02
3.71000000000000e+00	9.52970089270474e+02
3.72000000000000e+00	9.57099425317380e+02
3.73000000000000e+00	9.69964875362344e+02
3.74000000000000e+00	9.96210931431221e+02
3.75000000000000e+00	1.04033882725786e+03
3.76000000000000e+00	1.10639495905159e+03
3.77000000000000e+00	1.19730205525036e+03
3.78000000000000e+00	1.31454907050688e+03
3.79000000000000e+00	1.45759870176156e+03
3.80000000000000e+00	1.62354894580836e+03
3.81000000000000e+00	1.80681684029843e+03
3.82000000000000e+00	1.99937495734567e+03
3.83000000000000e+00	2.19119507587079e+03
3.84000000000000e+00	2.37120072644611e+03
3.85000000000000e+00	2.52878484101218e+03
3.86000000000000e+00	2.65507138399483e+03
3.87000000000000e+00	2.74423566004570e+03
3.88000000000000e+00	2.79417485704556e+03
3.89000000000000e+00	2.80639249067316e+03
3.90000000000000e+00	2.78564104830000e+03
3.91000000000000e+00	2.73870989935346e+03
3.92000000000000e+00	2.67326487550233e+03
3.93000000000000e+00	2.59698843698679e+03
3.94000000000000e+00	2.51687003128267e+03
3.95000000000000e+00	2.43881300002596e+03
3.96000000000000e+00	2.36755502665937e+03
3.97000000000000e+00	2.30676482564889e+03
3.98000000000000e+00	2.25909954754090e+03
3.99000000000000e+00	2.22630298820759e+03
4.00000000000000e+00	2.20947313019394e+03
4.01000000000000e+00	2.20903016245658e+03
4.02000000000000e+00	2.22469841627513e+03
4.03000000000000e+00	2.25566311676983e+03
4.04000000000000e+00	2.30034724837645e+03
4.05000000000000e+00	2.35652253226419e+03
4.06000000000000e+00	2.42117658252521e+03
4.07000000000000e+00	2.49075352569587e+03
4.08000000000000e+00	2.56105299955240e+03
4.09000000000000e+00	2.62774428287882e+03
4.10000000000000e+00	2.68640081211320e+03
4.11000000000000e+00	2.73290397753878e+03
4.12000000000000e+00	2.76368671551199e+03
4.13000000000000e+00	2.77600599583515e+03
4.14000000000000e+00	2.76825996659700e+03
4.15000000000000e+00	2.73989552730942e+03
4.16000000000000e+00	2.69175954692326e+03
4.17000000000000e+00	2.62557357210344e+03
4.18000000000000e+00	2.54403222808095e+03
4.19000000000000e+00	2.45006533488718e+03
4.20000000000000e+00	2.34658272529545e+03
4.21000000000000e+00	2.23597823679086e+03
4.22000000000000e+00	2.12007743332755e+03
4.23000000000000e+00	1.99998772209251e+03
4.24000000000000e+00	1.87661473066196e+03
4.25000000000000e+00	1.75093733885849e+03
4.26000000000000e+00	1.62464881059794e+03
4.27000000000000e+00	1.50045602504819e+03
4.28000000000000e+00	1.38222529022442e+03
4.29000000000000e+00	1.27476013712035e+03
4.30000000000000e+00	1.18323857071868e+03
4.31000000000000e+00	1.11271648680360e+03
4.32000000000000e+00	1.06759359641900e+03
4.33000000000000e+00	1.05148139825258e+03
4.34000000000000e+00	1.06706860429607e+03
4.35000000000000e+00	1.11624704710413e+03
4.36000000000000e+00	1.20034226214970e+03
4.37000000000000e+00	1.32018316737844e+03
4.38000000000000e+00	1.47624631494606e+03
4.39000000000000e+00	1.66865834742438e+03
4.40000000000000e+00	1.89707899165470e+03
4.41000000000000e+00	2.16026272745726e+03
4.42000000000000e+00	2.45554606590722e+03
4.43000000000000e+00	2.77806585310209e+03
4.44000000000000e+00	3.11991250940863e+03
4.45000000000000e+00	3.46979087328390e+03
4.46000000000000e+00	3.81289074617037e+03
4.47000000000000e+00	4.13194443250830e+03
4.48000000000000e+00	4.40908557209702e+03
4.49000000000000e+00	4.62802351577483e+03
4.50000000000000e+00	4.77676730814172e+03
4.51000000000000e+00	4.84938603780710e+03
4.52000000000000e+00	4.84700557272510e+03
4.53000000000000e+00	4.77734416082804e+03
4.54000000000000e+00	4.65312502700601e+03
4.55000000000000e+00	4.48982098235074e+03
4.56000000000000e+00	4.30337470885174e+03
4.57000000000000e+00	4.10833338651879e+03
4.58000000000000e+00	3.91663823030689e+03
4.59000000000000e+00	3.73708851614948e+03
4.60000000000000e+00	3.57564037110850e+03
4.61000000000000e+00	3.43574173432220e+03
4.62000000000000e+00	3.31895167405788e+03
4.63000000000000e+00	3.22549389437047e+03
4.64000000000000e+00	3.15466311120509e+03
4.65000000000000e+00	3.10516814487748e+03
4.66000000000000e+00	3.07517358259743e+03
4.67000000000000e+00	3.06252551012791e+03
4.68000000000000e+00	3.06451509651597e+03
4.69000000000000e+00	3.07789472644227e+03
4.70000000000000e+00	3.09861529243509e+03
4.71000000000000e+00	3.12170107666963e+03
4.72000000000000e+00	3.14096114093812e+03
4.73000000000000e+00	3.14931347385680e+03
4.74000000000000e+00	3.13911770817897e+03
4.75000000000000e+00	3.10284583044677e+03
4.76000000000000e+00	3.03407046741328e+03
4.77000000000000e+00	2.92860515170231e+03
4.78000000000000e+00	2.78512035412036e+03
4.79000000000000e+00	2.60574725137624e+03
4.80000000000000e+00	2.39597518278520e+03
4.81000000000000e+00	2.16396219850952e+03
4.82000000000000e+00	1.91968388828836e+03
4.83000000000000e+00	1.67361340431084e+03
4.84000000000000e+00	1.43561977778716e+03
4.85000000000000e+00	1.21392858354370e+03
4.86000000000000e+00	1.01458768351003e+03
4.87000000000000e+00	8.41157665014320e+02
4.88000000000000e+00	6.94929111032186e+02
4.89000000000000e+00	5.75303145155741e+02
4.90000000000000e+00	4.80341643185483e+02
4.91000000000000e+00	4.07218540503536e+02
4.92000000000000e+00	3.52670147491610e+02
4.93000000000000e+00	3.13268248235662e+02
4.94000000000000e+00	2.85657908451694e+02
4.95000000000000e+00	2.66728670449493e+02
4.96000000000000e+00	2.53728681753839e+02
4.97000000000000e+00	2.44406033595892e+02
4.98000000000000e+00	2.37036551377482e+02
4.99000000000000e+00	2.30458029768314e+02
5.00000000000000e+00	2.24026122939477e+02
5.01000000000000e+00	2.17540842622324e+02
5.02000000000000e+00	2.11160475358799e+02
5.03000000000000e+00	2.05296994457100e+02
5.04000000000000e+00	2.00543119745167e+02
5.05000000000000e+00	1.97626596123984e+02
5.06000000000000e+00	1.97391639168046e+02
5.07000000000000e+00	2.00794091488759e+02
5.08000000000000e+00	2.08922516506202e+02
5.09000000000000e+00	2.23007733588013e+02
5.10000000000000e+00	2.44427418775272e+02
5.11000000000000e+00	2.74718645269000e+02
5.12000000000000e+00	3.15558814163964e+02
5.13000000000000e+00	3.68791687185229e+02
5.14000000000000e+00	4.36431071036717e+02
5.15000000000000e+00	5.20679352055040e+02
5.16000000000000e+00	6.23898067192603e+02
5.17000000000000e+00	7.48526409625459e+02
5.18000000000000e+00	8.96788608468781e+02
5.19000000000000e+00	1.07024413318261e+03
5.20000000000000e+00	1.26913283351736e+03
5.21000000000000e+00	1.49151092228800e+03
5.22000000000000e+00	1.73252581108566e+03
5.23000000000000e+00	1.98405757146472e+03
5.24000000000000e+00	2.23473684253474e+03
5.25000000000000e+00	2.47090768834921e+03
5.26000000000000e+00	2.67829853422234e+03
5.27000000000000e+00	2.84397150911206e+03
5.28000000000000e+00	2.95863679445994e+03
5.29000000000000e+00	3.01790463531866e+03
5.30000000000000e+00	3.02323476911942e+03
5.31000000000000e+00	2.98125280141906e+03
5.32000000000000e+00	2.90248785595910e+03
5.33000000000000e+00	2.79977886051765e+03
5.34000000000000e+00	2.68638073857903e+03
5.35000000000000e+00	2.57489502016018e+03
5.36000000000000e+00	2.47655051794279e+03
5.37000000000000e+00	2.40097673348268e+03
5.38000000000000e+00	2.35620870097084e+03
5.39000000000000e+00	2.34892642423307e+03
5.40000000000000e+00	2.38452418017266e+03
5.41000000000000e+00	2.46706894006730e+03
5.42000000000000e+00	2.59941388966592e+03
5.43000000000000e+00	2.78304786424117e+03
5.44000000000000e+00	3.01814754174765e+03
5.45000000000000e+00	3.30358411380690e+03
5.46000000000000e+00	3.63726428422143e+03
5.47000000000000e+00	4.01570866380641e+03
5.48000000000000e+00	4.43496887652328e+03
5.49000000000000e+00	4.89013553448234e+03
5.50000000000000e+00	5.37563307879326e+03
5.51000000000000e+00	5.88523556997636e+03
5.52000000000000e+00	6.41187728278255e+03
5.53000000000000e+00	6.94733912443113e+03
5.54000000000000e+00	7.48185317911156e+03
5.55000000000000e+00	8.00326932221742e+03
5.56000000000000e+00	8.49679239083951e+03
5.57000000000000e+00	8.94479120992036e+03
5.58000000000000e+00	9.32746927792404e+03
5.59000000000000e+00	9.62457327974541e+03
5.60000000000000e+00	9.81697814914620e+03
5.61000000000000e+00	9.89001052076893e+03
5.62000000000000e+00	9.83460530524462e+03
5.63000000000000e+00	9.64980694622017e+03
5.64000000000000e+00	9.34245183404117e+03
5.65000000000000e+00	8.92675026049486e+03
5.66000000000000e+00	8.42286475600738e+03
5.67000000000000e+00	7.85414236525464e+03
5.68000000000000e+00	7.24484124572041e+03
5.69000000000000e+00	6.61798830160405e+03
5.70000000000000e+00	5.99384137520643e+03
5.71000000000000e+00	5.38884540668783e+03
5.72000000000000e+00	4.81530041109013e+03
5.73000000000000e+00	4.28172202817848e+03
5.74000000000000e+00	3.79286738165730e+03
5.75000000000000e+00	3.35095927091540e+03
5.76000000000000e+00	2.95609264832020e+03
5.77000000000000e+00	2.60694775501784e+03
5.78000000000000e+00	2.30121078923041e+03
5.79000000000000e+00	2.03589471860334e+03
5.80000000000000e+00	1.80756905615287e+03
5.81000000000000e+00	1.61245438663863e+03
5.82000000000000e+00	1.44657582406893e+03
5.83000000000000e+00	1.30596103669035e+03
5.84000000000000e+00	1.18671224656030e+03
5.85000000000000e+00	1.08524691012089e+03
5.86000000000000e+00	9.98322940085396e+02
5.87000000000000e+00	9.23132045790270e+02
5.88000000000000e+00	8.57344372949497e+02
5.89000000000000e+00	7.99017058473671e+02
5.90000000000000e+00	7.46646811299741e+02
5.91000000000000e+00	6.98999783445308e+02
5.92000000000000e+00	6.55098030947731e+02
5.93000000000000e+00	6.14117980558511e+02
5.94000000000000e+00	5.75388190298009e+02
5.95000000000000e+00	5.38333656535118e+02
5.96000000000000e+00	5.02492165373958e+02
5.97000000000000e+00	4.67521037227799e+02
5.98000000000000e+00	4.33207787167347e+02
5.99000000000000e+00	3.99472151795606e+02
6.00000000000000e+00	3.66364801413672e+02
6.01000000000000e+00	3.34084472151128e+02
6.02000000000000e+00	3.02951613787913e+02
6.03000000000000e+00	2.73384211897464e+02
6.04000000000000e+00	2.45867333460979e+02
6.05000000000000e+00	2.20899786511097e+02
6.06000000000000e+00	1.98921189765871e+02
6.07000000000000e+00	1.80284265011195e+02
6.08000000000000e+00	1.65186187559816e+02
6.09000000000000e+00	1.53658350392877e+02
6.10000000000000e+00	1.45537923730442e+02
6.11000000000000e+00	1.40482435361701e+02
6.12000000000000e+00	1.37988979066549e+02
6.13000000000000e+00	1.37435950712072e+02
6.14000000000000e+00	1.38120317480728e+02
6.15000000000000e+00	1.39328297585110e+02
6.16000000000000e+00	1.40375064526198e+02
6.17000000000000e+00	1.40667647911801e+02
6.18000000000000e+00	1.39758081034792e+02
6.19000000000000e+00	1.37363038458238e+02
6.20000000000000e+00	1.33409435140548e+02
6.21000000000000e+00	1.28011396625860e+02
6.22000000000000e+00	1.21470506920947e+02
6.23000000000000e+00	1.14228185540056e+02
6.24000000000000e+00	1.06825926939762e+02
6.25000000000000e+00	9.98453421017096e+01
6.26000000000000e+00	9.38567939996844e+01
6.27000000000000e+00	8.93671080378044e+01
6.28000000000000e+00	8.67727949409058e+01
6.29000000000000e+00	8.63396930584813e+01
6.30000000000000e+00	8.81829154381027e+01
6.31000000000000e+00	9.22715012320239e+01
6.32000000000000e+00	9.84442885016774e+01
6.33000000000000e+00	1.06444209414215e+02
6.34000000000000e+00	1.15952231973948e+02
6.35000000000000e+00	1.26649236848343e+02
6.36000000000000e+00	1.38256453861518e+02
6.37000000000000e+00	1.50599010258134e+02
6.38000000000000e+00	1.63664417337560e+02
6.39000000000000e+00	1.77644886115680e+02
6.40000000000000e+00	1.92969647111735e+02
6.41000000000000e+00	2.10351019552944e+02
6.42000000000000e+00	2.30791394584182e+02
6.43000000000000e+00	2.55597792984196e+02
6.44000000000000e+00	2.86380666857165e+02
6.45000000000000e+00	3.25026621702208e+02
6.46000000000000e+00	3.73680477536511e+02
6.47000000000000e+00	4.34707778731941e+02
6.48000000000000e+00	5.10643646838188e+02
6.49000000000000e+00	6.04116422961867e+02
6.50000000000000e+00	7.17788090575413e+02
6.51000000000000e+00	8.54249715566462e+02
6.52000000000000e+00	1.01589058619153e+03
6.53000000000000e+00	1.20469098757688e+03
6.54000000000000e+00	1.42196905810697e+03
6.55000000000000e+00	1.66800631664912e+03
6.56000000000000e+00	1.94162821023572e+03
6.57000000000000e+00	2.23962667179896e+03
6.58000000000000e+00	2.55634401820009e+03
6.59000000000000e+00	2.88316865821689e+03
6.60000000000000e+00	3.20848528531259e+03
6.61000000000000e+00	3.51772615420674e+03
6.62000000000000e+00	3.79439242196990e+03
6.63000000000000e+00	4.02126042288374e+03
6.64000000000000e+00	4.18258910217996e+03
6.65000000000000e+00	4.26618137619140e+03
6.66000000000000e+00	4.26538129851963e+03
6.67000000000000e+00	4.18007834815583e+03
6.68000000000000e+00	4.01668667988000e+03
6.69000000000000e+00	3.78682444292312e+03
6.70000000000000e+00	3.50557319898949e+03
6.71000000000000e+00	3.18929613424954e+03
6.72000000000000e+00	2.85377762945701e+03
6.73000000000000e+00	2.51307057914360e+03
6.74000000000000e+00	2.17870611343986e+03
6.75000000000000e+00	1.85975734133420e+03
6.76000000000000e+00	1.56304480821029e+03
6.77000000000000e+00	1.29364321501737e+03
6.78000000000000e+00	1.05518466010443e+03
6.79000000000000e+00	8.50189296927706e+02
6.80000000000000e+00	6.80169574049434e+02
6.81000000000000e+00	5.45600279683123e+02
6.82000000000000e+00	4.45916784252205e+02
6.83000000000000e+00	3.79456175101543e+02
6.84000000000000e+00	3.43504827356058e+02
6.85000000000000e+00	3.34420865810973e+02
6.86000000000000e+00	3.47823686887765e+02
6.87000000000000e+00	3.78860481774553e+02
6.88000000000000e+00	4.22500786368790e+02
6.89000000000000e+00	4.73791810144408e+02
6.90000000000000e+00	5.28161419500860e+02
6.91000000000000e+00	5.81572307427418e+02
6.92000000000000e+00	6.30721115413079e+02
6.93000000000000e+00	6.73067081892420e+02
6.94000000000000e+00	7.06887626795061e+02
6.95000000000000e+00	7.31199758851024e+02
6.96000000000000e+00	7.45736627217990e+02
6.97000000000000e+00	7.50766054585539e+02
6.98000000000000e+00	7.47019707769981e+02
6.99000000000000e+00	7.35569295550122e+02
7.00000000000000e+00	7.17683079184504e+02
7.01000000000000e+00	6.94785793144378e+02
7.02000000000000e+00	6.68327189980457e+02
7.03000000000000e+00	6.39714658301214e+02
7.04000000000000e+00	6.10255022173208e+02
7.05000000000000e+00	5.81048860687836e+02
7.06000000000000e+00	5.52974961955988e+02
7.07000000000000e+00	5.26658124155571e+02
7.08000000000000e+00	5.02452074504895e+02
7.09000000000000e+00	4.80461142218728e+02
7.10000000000000e+00	4.60597679394682e+02
7.11000000000000e+00	4.42627090265211e+02
7.12000000000000e+00	4.26211925640353e+02
7.13000000000000e+00	4.10986307818217e+02
7.14000000000000e+00	3.96605255565878e+02
7.15000000000000e+00	3.82774188607704e+02
7.16000000000000e+00	3.69298332596920e+02
7.17000000000000e+00	3.56094260378246e+02
7.18000000000000e+00	3.43210551340613e+02
7.19000000000000e+00	3.30797225748420e+02
7.20000000000000e+00	3.19111787040158e+02
7.21000000000000e+00	3.08449824136410e+02
7.22000000000000e+00	2.99124072180952e+02
7.23000000000000e+00	2.91391760471746e+02
7.24000000000000e+00	2.85427836523107e+02
7.25000000000000e+00	2.81286757668117e+02
7.26000000000000e+00	2.78865359519906e+02
7.27000000000000e+00	2.77908029831647e+02
7.28000000000000e+00	2.78013493113905e+02
7.29000000000000e+00	2.78658712159592e+02
7.30000000000000e+00	2.79223258874124e+02
7.31000000000000e+00	2.79055904297281e+02
7.32000000000000e+00	2.77500948913766e+02
7.33000000000000e+00	2.73971665305130e+02
7.34000000000000e+00	2.67969308565324e+02
7.35000000000000e+00	2.59147664820124e+02
7.36000000000000e+00	2.47328391801975e+02
7.37000000000000e+00	2.32541855860077e+02
7.38000000000000e+00	2.15024777777595e+02
7.39000000000000e+00	1.95220646852731e+02
7.40000000000000e+00	1.73757409646311e+02
7.41000000000000e+00	1.51404488021015e+02
7.42000000000000e+00	1.29008832620620e+02
7.43000000000000e+00	1.07426096347271e+02
7.44000000000000e+00	8.74368237362023e+01
7.45000000000000e+00	6.96839718358663e+01
7.46000000000000e+00	5.46261501564887e+01
7.47000000000000e+00	4.25110074424138e+01
7.48000000000000e+00	3.33790936524926e+01
7.49000000000000e+00	2.70878959883953e+01
7.50000000000000e+00	2.33509822700026e+01
7.51000000000000e+00	2.17847857543521e+01
7.52000000000000e+00	2.19551470316496e+01
7.53000000000000e+00	2.34182202450455e+01
7.54000000000000e+00	2.57526099884575e+01
7.55000000000000e+00	2.85822588406120e+01
7.56000000000000e+00	3.15889973729999e+01
7.57000000000000e+00	3.45191754679032e+01
7.58000000000000e+00	3.71839082095962e+01
7.59000000000000e+00	3.94570046937964e+01
7.60000000000000e+00	4.12671884407828e+01
7.61000000000000e+00	4.25931538327381e+01
7.62000000000000e+00	4.34525116790349e+01
7.63000000000000e+00	4.38958799896292e+01
7.64000000000000e+00	4.39968033049981e+01
7.65000000000000e+00	4.38438704873195e+01
7.66000000000000e+00	4.35332185198655e+01
7.67000000000000e+00	4.31624819177475e+01
7.68000000000000e+00	4.28216034538219e+01
7.69000000000000e+00	4.25856252108699e+01
7.70000000000000e+00	4.25107504828120e+01
7.71000000000000e+00	4.26280476758217e+01
7.72000000000000e+00	4.29426391310567e+01
7.73000000000000e+00	4.34335303539303e+01
7.74000000000000e+00	4.40595986108359e+01
7.75000000000000e+00	4.47602738208035e+01
7.76000000000000e+00	4.54659535897929e+01
7.77000000000000e+00	4.60992536725844e+01
7.78000000000000e+00	4.65829774009507e+01
7.79000000000000e+00	4.68449841617383e+01
7.80000000000000e+00	4.68240237114834e+01
7.81000000000000e+00	4.64778743802432e+01
7.82000000000000e+00	4.57852383049559e+01
7.83000000000000e+00	4.47485785876214e+01
7.84000000000000e+00	4.33956358844196e+01
7.85000000000000e+00	4.17754906484325e+01
7.86000000000000e+00	3.99535586754813e+01
7.87000000000000e+00	3.80075934868736e+01
7.88000000000000e+00	3.60217560015724e+01
7.89000000000000e+00	3.40783108175921e+01
7.90000000000000e+00	3.22571693537590e+01
7.91000000000000e+00	3.06280881333910e+01
7.92000000000000e+00	2.92501363354931e+01
7.93000000000000e+00	2.81681556020745e+01
7.94000000000000e+00	2.74122931420773e+01
7.95000000000000e+00	2.69983167287279e+01
7.96000000000000e+00	2.69266226158662e+01
7.97000000000000e+00	2.71830100272722e+01
7.98000000000000e+00	2.77388304396864e+01
7.99000000000000e+00	2.85553724795202e+01
8.00000000000000e+00	2.95817229848294e+01
8.01000000000000e+00	3.07612441291192e+01
8.02000000000000e+00	3.20328050119306e+01
8.03000000000000e+00	3.33343643674559e+01
8.04000000000000e+00	3.46039115641549e+01
8.05000000000000e+00	3.57866119794396e+01
8.06000000000000e+00	3.68332957833089e+01
8.07000000000000e+00	3.77051693868316e+01
8.08000000000000e+00	3.83748336397342e+01
8.09000000000000e+00	3.88272408962272e+01
8.10000000000000e+00	3.90608972249447e+01
8.11000000000000e+00	3.90871675985529e+01
8.12000000000000e+00	3.89285644897959e+01
8.13000000000000e+00	3.86180114248637e+01
8.14000000000000e+00	3.81939985929386e+01
8.15000000000000e+00	3.77002362333085e+01
8.16000000000000e+00	3.71796530822674e+01
8.17000000000000e+00	3.66725118746490e+01
8.18000000000000e+00	3.62155954820758e+01
8.19000000000000e+00	3.58350287931398e+01
8.20000000000000e+00	3.55481749050891e+01
8.21000000000000e+00	3.53642341589083e+01
8.22000000000000e+00	3.52824601709265e+01
8.23000000000000e+00	3.52956867084317e+01
8.24000000000000e+00	3.53944284209683e+01
8.25000000000000e+00	3.55678480613820e+01
8.26000000000000e+00	3.58046936419679e+01
8.27000000000000e+00	3.60990115277994e+01
8.28000000000000e+00	3.64474456509896e+01
8.29000000000000e+00	3.68513685665474e+01
8.30000000000000e+00	3.73189029612583e+01
8.31000000000000e+00	3.78602381999375e+01
8.32000000000000e+00	3.84918798769142e+01
8.33000000000000e+00	3.92319637716929e+01
8.34000000000000e+00	4.01012483030660e+01
8.35000000000000e+00	4.11205752533153e+01
8.36000000000000e+00	4.23119202356986e+01
8.37000000000000e+00	4.36962325915148e+01
8.38000000000000e+00	4.52938668048234e+01
8.39000000000000e+00	4.71216456813355e+01
8.40000000000000e+00	4.91953631465301e+01
8.41000000000000e+00	5.15218727040313e+01
8.42000000000000e+00	5.41011224621114e+01
8.43000000000000e+00	5.69195884363694e+01
8.44000000000000e+00	5.99461197366223e+01
8.45000000000000e+00	6.31273347105053e+01
8.46000000000000e+00	6.63858436022577e+01
8.47000000000000e+00	6.96192315639539e+01
8.48000000000000e+00	7.26994828615898e+01
8.49000000000000e+00	7.54833576579532e+01
8.50000000000000e+00	7.78163120206261e+01
8.51000000000000e+00	7.95445131864263e+01
8.52000000000000e+00	8.05189692735037e+01
8.53000000000000e+00	8.06118609103439e+01
8.54000000000000e+00	7.97238087179131e+01
8.55000000000000e+00	7.77954471011870e+01
8.56000000000000e+00	7.48191584270920e+01
8.57000000000000e+00	7.08451069105122e+01
8.58000000000000e+00	6.59858392211147e+01
8.59000000000000e+00	6.04075430369519e+01
8.60000000000000e+00	5.43212520173361e+01
8.61000000000000e+00	4.79596705520980e+01
8.62000000000000e+00	4.15584553710663e+01
8.63000000000000e+00	3.53379040832895e+01
8.64000000000000e+00	2.94860930815357e+01
8.65000000000000e+00	2.41481692575763e+01
8.66000000000000e+00	1.94227003768088e+01
8.67000000000000e+00	1.53608666250855e+01
8.68000000000000e+00	1.19735157296319e+01
8.69000000000000e+00	9.23556510899248e+00
8.70000000000000e+00	7.09618729814409e+00
8.71000000000000e+00	5.48645537155508e+00
8.72000000000000e+00	4.32768111325148e+00
8.73000000000000e+00	3.53785913534386e+00
8.74000000000000e+00	3.03782575908528e+00
8.75000000000000e+00	2.75499612730745e+00
8.76000000000000e+00	2.62672619216171e+00
8.77000000000000e+00	2.60146823003320e+00
8.78000000000000e+00	2.63984823769968e+00
8.79000000000000e+00	2.71388065786333e+00
8.80000000000000e+00	2.80620554718457e+00
8.81000000000000e+00	2.90860011919915e+00
8.82000000000000e+00	3.02010784153548e+00
8.83000000000000e+00	3.14548324447739e+00
8.84000000000000e+00	3.29342927010717e+00
8.85000000000000e+00	3.47543741064073e+00
8.86000000000000e+00	3.70434204416484e+00
8.87000000000000e+00	3.99357637967626e+00
8.88000000000000e+00	4.35608603311844e+00
8.89000000000000e+00	4.80349870371216e+00
8.90000000000000e+00	5.34494913195966e+00
8.91000000000000e+00	5.98625996212784e+00
8.92000000000000e+00	6.72849769196305e+00
8.93000000000000e+00	7.56816459630436e+00
8.94000000000000e+00	8.49582877595635e+00
8.95000000000000e+00	9.49681168266336e+00
8.96000000000000e+00	1.05511908078811e+01
8.97000000000000e+00	1.16355741601170e+01
8.98000000000000e+00	1.27231446944094e+01
8.99000000000000e+00	1.37870487009284e+01
9.00000000000000e+00	1.48015446053272e+01
9.01000000000000e+00	1.57442491397892e+01
9.02000000000000e+00	1.65975170605111e+01
9.03000000000000e+00	1.73489196462294e+01
9.04000000000000e+00	1.79920283139459e+01
9.05000000000000e+00	1.85241433851046e+01
9.06000000000000e+00	1.89481744143792e+01
9.07000000000000e+00	1.92688465962240e+01
9.08000000000000e+00	1.94944466799063e+01
9.09000000000000e+00	1.96352063659868e+01
9.10000000000000e+00	1.97025510004478e+01
9.11000000000000e+00	1.97069484897457e+01
9.12000000000000e+00	1.96583302740264e+01
9.13000000000000e+00	1.95634567101059e+01
9.14000000000000e+00	1.94276418325636e+01
9.15000000000000e+00	1.92522995977090e+01
9.16000000000000e+00	1.90373702319840e+01
9.17000000000000e+00	1.87816552594594e+01
9.18000000000000e+00	1.84843691811013e+01
9.19000000000000e+00	1.81447244851165e+01
9.20000000000000e+00	1.77653661983001e+01
9.21000000000000e+00	1.73503860457904e+01
9.22000000000000e+00	1.69074335756561e+01
9.23000000000000e+00	1.64462735818035e+01
9.24000000000000e+00	1.59787993841406e+01
9.25000000000000e+00	1.55175112093308e+01
9.26000000000000e+00	1.50751323557901e+01
9.27000000000000e+00	1.46638644309989e+01
9.28000000000000e+00	1.42935067536586e+01
9.29000000000000e+00	1.39715596213960e+01
9.30000000000000e+00	1.37027586662897e+01
9.31000000000000e+00	1.34886332064969e+01
9.32000000000000e+00	1.33281251319938e+01
9.33000000000000e+00	1.32183858749139e+01
9.34000000000000e+00	1.31554233987580e+01
9.35000000000000e+00	1.31340624531188e+01
9.36000000000000e+00	1.31496878201216e+01
9.37000000000000e+00	1.31973645026822e+01
9.38000000000000e+00	1.32728939915248e+01
9.39000000000000e+00	1.33729968159204e+01
9.40000000000000e+00	1.34939039586562e+01
9.41000000000000e+00	1.36324984580826e+01
9.42000000000000e+00	1.37851246364133e+01
9.43000000000000e+00	1.39475574853161e+01
9.44000000000000e+00	1.41151559977962e+01
9.45000000000000e+00	1.42829474162910e+01
9.46000000000000e+00	1.44456088093293e+01
9.47000000000000e+00	1.45976540053554e+01
9.48000000000000e+00	1.47347817355412e+01
9.49000000000000e+00	1.48527349813623e+01
9.50000000000000e+00	1.49494372458061e+01
9.51000000000000e+00	1.50231414047501e+01
9.52000000000000e+00	1.50730589311244e+01
9.53000000000000e+00	1.50994091592463e+01
9.54000000000000e+00	1.51030054511251e+01
9.55000000000000e+00	1.50853857765592e+01
9.56000000000000e+00	1.50495990538567e+01
9.57000000000000e+00	1.50012056762532e+01
9.58000000000000e+00	1.49462785318592e+01
9.59000000000000e+00	1.48925515916950e+01
9.60000000000000e+00	1.48464030254365e+01
9.61000000000000e+00	1.48127868718228e+01
9.62000000000000e+00	1.47933744743423e+01
9.63000000000000e+00	1.47883622404546e+01
9.64000000000000e+00	1.47959935609505e+01
9.65000000000000e+00	1.48136099277485e+01
9.66000000000000e+00	1.48387460979315e+01
9.67000000000000e+00	1.48697506681681e+01
9.68000000000000e+00	1.49050313892846e+01
9.69000000000000e+00	1.49432330742959e+01
9.70000000000000e+00	1.49833089789824e+01
9.71000000000000e+00	1.50247020497578e+01
9.72000000000000e+00	1.50659148941655e+01
9.73000000000000e+00	1.51065090372316e+01
9.74000000000000e+00	1.51456505872140e+01
9.75000000000000e+00	1.51830935177988e+01
9.76000000000000e+00	1.52184933524628e+01
9.77000000000000e+00	1.52514646289336e+01
9.78000000000000e+00	1.52817802507359e+01
9.79000000000000e+00	1.53099240032355e+01
9.80000000000000e+00	1.53356671474250e+01
9.81000000000000e+00	1.53591119917811e+01
9.82000000000000e+00	1.53811350465861e+01
9.83000000000000e+00	1.54012619244920e+01
9.84000000000000e+00	1.54199089585281e+01
9.85000000000000e+00	1.54371035134523e+01
9.86000000000000e+00	1.54523318202891e+01
9.87000000000000e+00	1.54665277385994e+01
9.88000000000000e+00	1.54817322543042e+01
9.89000000000000e+00	1.55052076831850e+01
9.90000000000000e+00	1.55550340283577e+01
9.91000000000000e+00	1.56713129668578e+01
9.92000000000000e+00	1.59350440574120e+01
9.93000000000000e+00	1.64918592247657e+01
9.94000000000000e+00	1.75941454622604e+01
9.95000000000000e+00	1.96758943445774e+01
9.96000000000000e+00	2.35263243406163e+01
9.97000000000000e+00	3.07113843494554e+01
9.98000000000000e+00	4.46447556619688e+01
9.99000000000000e+00	7.34822881301695e+01
1.00000000000000e+01	1.38608615239777e+02
1.00100000000000e+01	2.98822687513126e+02
1.00200000000000e+01	6.52273161931776e+02
1.00300000000000e+01	8.13564468006490e+02
1.00400000000000e+01	3.77186236132668e+02
1.00500000000000e+01	1.27360668642960e+02
1.00600000000000e+01	4.53355345889262e+01
1.00700000000000e+01	1.80668440025816e+01
1.00800000000000e+01	8.02532556210835e+00
1.00900000000000e+01	3.91009218110442e+00
1.01000000000000e+01	2.05623146654684e+00
1.01100000000000e+01	1.15155482766326e+00
1.01200000000000e+01	6.79470526542258e-01
1.01300000000000e+01	4.18864544505390e-01
1.01400000000000e+01	2.67970735685375e-01
1.01500000000000e+01	1.76977475073384e-01
1.01600000000000e+01	1.20143809996490e-01
1.01700000000000e+01	8.35481966133169e-02
1.01800000000000e+01	5.93421082537185e-02
1.01900000000000e+01	4.29482936931139e-02
1.02000000000000e+01	3.16095889196790e-02
1.02100000000000e+01	2.36170254860702e-02
1.02200000000000e+01	1.78873197871762e-02
1.02300000000000e+01	1.37160053560493e-02
1.02400000000000e+01	1.06364237562728e-02
1.02500000000000e+01	8.33384577632039e-03
1.02600000000000e+01	6.59194345209759e-03
1.02700000000000e+01	5.25994215167160e-03
1.02800000000000e+01	4.23120881354099e-03
1.02900000000000e+01	3.42940842081945e-03
1.03000000000000e+01	2.79911966419177e-03
1.03100000000000e+01	2.29969485222767e-03
1.03200000000000e+01	1.90098308842886e-03
1.03300000000000e+01	1.58048882165053e-03
1.03400000000000e+01	1.32115972577858e-03
1.03500000000000e+01	1.11003352212397e-03
1.03600000000000e+01	9.37123716120526e-04
1.03700000000000e+01	7.94752231703351e-04
1.03800000000000e+01	6.76907176730882e-04
1.03900000000000e+01	5.78875967256349e-04
1.04000000000000e+01	4.96957431567190e-04
1.04100000000000e+01	4.28182340682215e-04
1.04200000000000e+01	3.70207602723360e-04
1.04300000000000e+01	3.21137238137053e-04
1.04400000000000e+01	2.79443291659622e-04
1.04500000000000e+01	2.43892508299563e-04
1.04600000000000e+01	2.13478176294277e-04
1.04700000000000e+01	1.87362387509855e-04
1.04800000000000e+01	1.64876531876073e-04
1.04900000000000e+01	1.45456434964856e-04
1.05000000000000e+01	1.28632467506408e-04
1.05100000000000e+01	1.14020560689487e-04
1.05200000000000e+01	1.01296294101911e-04
1.05300000000000e+01	9.01849969096555e-05
1.05400000000000e+01	8.04624597163570e-05
1.05500000000000e+01	7.19318938295801e-05
1.05600000000000e+01	6.44313380396108e-05
1.05700000000000e+01	5.78212954542793e-05
1.05800000000000e+01	5.19837254949620e-05
1.05900000000000e+01	4.68166712207898e-05
1.06000000000000e+01	4.22347164308617e-05
1.06100000000000e+01	3.81636676019849e-05
1.06200000000000e+01	3.45397045713938e-05
1.06300000000000e+01	3.13076758202770e-05
1.06400000000000e+01	2.84200756261196e-05
1.06500000000000e+01	2.58351696304965e-05
1.06600000000000e+01	2.35178653750007e-05
1.06700000000000e+01	2.14370275067435e-05
1.06800000000000e+01	1.95655299018496e-05
1.06900000000000e+01	1.78794566129021e-05
1.07000000000000e+01	1.63583761178755e-05
1.07100000000000e+01	1.49842464077397e-05
1.07200000000000e+01	1.37411950638442e-05
1.07300000000000e+01	1.26151821075860e-05
1.07400000000000e+01	1.15939021998551e-05
1.07500000000000e+01	1.06662006336972e-05
1.07600000000000e+01	9.82288405137553e-06
1.07700000000000e+01	9.05526314989830e-06
1.07800000000000e+01	8.35573585760907e-06
1.07900000000000e+01	7.71784752491359e-06
1.08000000000000e+01	7.13531653051682e-06
1.08100000000000e+01	6.60289363812406e-06
1.08200000000000e+01	6.11581780715427e-06
1.08300000000000e+01	5.66977808323477e-06
1.08400000000000e+01	5.26079094026918e-06
1.08500000000000e+01	4.88548841059281e-06
1.08600000000000e+01	4.54077713032636e-06
1.08700000000000e+01	4.22385063013269e-06
1.08800000000000e+01	3.93216626644858e-06
1.08900000000000e+01	3.66336615852031e-06
1.09000000000000e+01	3.41550039151983e-06
1.09100000000000e+01	3.18672048416941e-06
1.09200000000000e+01	2.97531377018085e-06
1.09300000000000e+01	2.77981227508409e-06
1.09400000000000e+01	2.59882400691237e-06
1.09500000000000e+01	2.43116270871761e-06
1.09600000000000e+01	2.27567868984255e-06
1.09700000000000e+01	2.13139356937397e-06
1.09800000000000e+01	1.99736689864386e-06
1.09900000000000e+01	1.87278596842266e-06
1.10000000000000e+01	1.75690953773854e-06
1.10100000000000e+01	1.64905271244251e-06
1.10200000000000e+01	1.54860941587392e-06
1.10300000000000e+01	1.45502724767958e-06
1.10400000000000e+01	1.36778782446182e-06
1.10500000000000e+01	1.28644090839440e-06
1.10600000000000e+01	1.21057144025859e-06
1.10700000000000e+01	1.13977506645190e-06
1.10800000000000e+01	1.07369977989969e-06
1.10900000000000e+01	1.01202012552816e-06
1.11000000000000e+01	9.54417473686616e-07
1.11100000000000e+01	9.00609754905372e-07
1.11200000000000e+01	8.50313898896482e-07
1.11300000000000e+01	8.03285318013871e-07
1.11400000000000e+01	7.59289724919853e-07
1.11500000000000e+01	7.18100943874866e-07
1.11600000000000e+01	6.79513345625944e-07
1.11700000000000e+01	6.43344784720370e-07
1.11800000000000e+01	6.09410652786528e-07
1.11900000000000e+01	5.77552674283670e-07
1.12000000000000e+01	5.47616248799774e-07
1.12100000000000e+01	5.19472502185236e-07
1.12200000000000e+01	4.92992749464312e-07
1.12300000000000e+01	4.68058964994415e-07
1.12400000000000e+01	4.44565582031324e-07
1.12500000000000e+01	4.22421753331591e-07
1.12600000000000e+01	4.01531570359659e-07
1.12700000000000e+01	3.81817588199920e-07
1.12800000000000e+01	3.63204343874059e-07
1.12900000000000e+01	3.45619490021339e-07
1.13000000000000e+01	3.29001858265785e-07
1.13100000000000e+01	3.13289622001672e-07
1.13200000000000e+01	2.98425370354985e-07
1.13300000000000e+01	2.84362042025728e-07
1.13400000000000e+01	2.71046122345493e-07
1.13500000000000e+01	2.58436457797225e-07
1.13600000000000e+01	2.46487551658910e-07
1.13700000000000e+01	2.35159451264427e-07
1.13800000000000e+01	2.24419540359369e-07
1.13900000000000e+01	2.14228924804182e-07
1.14000000000000e+01	2.04558143014124e-07
1.14100000000000e+01	1.95377597661879e-07
1.14200000000000e+01	1.86657494583439e-07
1.14300000000000e+01	1.78374306092560e-07
1.14400000000000e+01	1.70503102024191e-07
1.14500000000000e+01	1.63021705787783e-07
1.14600000000000e+01	1.55908226308039e-07
1.14700000000000e+01	1.49141971430696e-07
1.14800000000000e+01	1.42704487674377e-07
1.14900000000000e+01	1.36577517967753e-07
1.15000000000000e+01	1.30745804448241e-07
1.15100000000000e+01	1.25191907081474e-07
1.15200000000000e+01	1.19901109856063e-07
1.15300000000000e+01	1.14860441983988e-07
1.15400000000000e+01	1.10055552411309e-07
1.15500000000000e+01	1.05476580296693e-07
1.15600000000000e+01	1.01111590210171e-07
1.15700000000000e+01	9.69501872289660e-08
1.15800000000000e+01	9.29836481879736e-08
1.15900000000000e+01	8.92023412537442e-08
1.16000000000000e+01	8.55976822831070e-08
1.16100000000000e+01	8.21627727224129e-08
1.16200000000000e+01	7.88881588810588e-08
1.16300000000000e+01	7.57669762796027e-08
1.16400000000000e+01	7.27907402397322e-08
1.16500000000000e+01	6.99526067162025e-08
1.16600000000000e+01	6.72449086890829e-08
1.16700000000000e+01	6.46605296907536e-08
1.16800000000000e+01	6.21919120643384e-08
1.16900000000000e+01	5.98324759666956e-08
1.17000000000000e+01	5.75757574590271e-08
1.17100000000000e+01	5.54156317452301e-08
1.17200000000000e+01	5.33465282190896e-08
1.17300000000000e+01	5.13628143781826e-08
1.17400000000000e+01	4.94599815294009e-08
1.17500000000000e+01	4.76340343427873e-08
1.17600000000000e+01	4.58808760136813e-08
1.17700000000000e+01	4.41970100143409e-08
1.17800000000000e+01	4.25803521074505e-08
1.17900000000000e+01	4.10274496593185e-08
1.18000000000000e+01	3.95364609506466e-08
1.18100000000000e+01	3.81049986013429e-08
1.18200000000000e+01	3.67312119386223e-08
1.18300000000000e+01	3.54131522107095e-08
1.18400000000000e+01	3.41487050430483e-08
1.18500000000000e+01	3.29360512457455e-08
1.18600000000000e+01	3.17730956829712e-08
1.18700000000000e+01	3.06580068544301e-08
1.18800000000000e+01	2.95885087494836e-08
1.18900000000000e+01	2.85628451122271e-08
1.19000000000000e+01	2.75788270233173e-08
1.19100000000000e+01	2.66344638959328e-08
1.19200000000000e+01	2.57279039734709e-08
1.19300000000000e+01	2.48573324802671e-08
1.19400000000000e+01	2.40207091306844e-08
1.19500000000000e+01	2.32164915676973e-08
1.19600000000000e+01	2.24431210823715e-08
1.19700000000000e+01	2.16990205317003e-08
1.19800000000000e+01	2.09826329801365e-08
1.19900000000000e+01	2.02927062217575e-08
1.20000000000000e+01	1.96278046643647e-08
1.20100000000000e+01	1.89869263889192e-08
1.20200000000000e+01	1.83690827365514e-08
1.20300000000000e+01	1.77732379354449e-08
1.20400000000000e+01	1.71986244710684e-08
1.20500000000000e+01	1.66442397418030e-08
1.20600000000000e+01	1.61096654433133e-08
1.20700000000000e+01	1.55940737219598e-08
1.20800000000000e+01	1.50969296410633e-08
1.20900000000000e+01	1.46176824677824e-08
1.21000000000000e+01	1.41558864342624e-08
1.21100000000000e+01	1.37109780923099e-08
1.21200000000000e+01	1.32824384559262e-08
1.21300000000000e+01	1.28695896865154e-08
1.21400000000000e+01	1.24720865206828e-08
1.21500000000000e+01	1.20893466942368e-08
1.21600000000000e+01	1.17206017986338e-08
1.21700000000000e+01	1.13653840967083e-08
1.21800000000000e+01	1.10230431511201e-08
1.21900000000000e+01	1.06930454255566e-08
1.22000000000000e+01	1.03747099731619e-08
1.22100000000000e+01	1.00675251891996e-08
1.22200000000000e+01	9.77087736106318e-09
1.22300000000000e+01	9.48423144073704e-09
1.22400000000000e+01	9.20706996713578e-09
1.22500000000000e+01	8.93894841796523e-09
1.22600000000000e+01	8.67944587585098e-09
1.22700000000000e+01	8.42813400120197e-09
1.22800000000000e+01	8.18452872363121e-09
1.22900000000000e+01	7.94841155094733e-09
1.23000000000000e+01	7.71931674300567e-09
1.23100000000000e+01	7.49702943304417e-09
1.23200000000000e+01	7.28120182237579e-09
1.23300000000000e+01	7.07154562781683e-09
1.23400000000000e+01	6.86791815758766e-09
1.23500000000000e+01	6.67010987464859e-09
1.23600000000000e+01	6.47790406647453e-09
1.23700000000000e+01	6.29117243438905e-09
1.23800000000000e+01	6.10974788153105e-09
1.23900000000000e+01	5.93364782107092e-09
1.24000000000000e+01	5.76260974160328e-09
1.24100000000000e+01	5.59673174705652e-09
1.24200000000000e+01	5.43577612290429e-09
1.24300000000000e+01	5.27971142868156e-09
1.24400000000000e+01	5.12851352526295e-09
1.24500000000000e+01	4.98194340455149e-09
1.24600000000000e+01	4.83995999402747e-09
1.24700000000000e+01	4.70242284054171e-09
1.24800000000000e+01	4.56923224371012e-09
1.24900000000000e+01	4.44017130919386e-09
1.25000000000000e+01	4.31522812673676e-09
1.25100000000000e+01	4.19422178960164e-09
1.25200000000000e+01	4.07699473951832e-09
1.25300000000000e+01	3.96347087666596e-09
1.25400000000000e+01	3.85356570375552e-09
1.25500000000000e+01	3.74710480324411e-09
1.25600000000000e+01	3.64405156898157e-09
1.25700000000000e+01	3.54426103188833e-09
1.25800000000000e+01	3.44765399350257e-09
1.25900000000000e+01	3.35411670286393e-09
1.26000000000000e+01	3.26354791496959e-09
1.26100000000000e+01	3.17581398704410e-09
1.26200000000000e+01	3.09085886693949e-09
1.26300000000000e+01	3.00853267221960e-09
1.26400000000000e+01	2.92873554214278e-09
1.26500000000000e+01	2.85138710180010e-09
1.26600000000000e+01	2.77642062073404e-09
1.26700000000000e+01	2.70369723611433e-09
1.26800000000000e+01	2.63316331800175e-09
1.26900000000000e+01	2.56475236837044e-09
1.27000000000000e+01	2.49840636260441e-09
1.27100000000000e+01	2.43406224078253e-09
1.27200000000000e+01	2.37166401634207e-09
1.27300000000000e+01	2.31114126406521e-09
1.27400000000000e+01	2.25247383819030e-09
1.27500000000000e+01	2.19558698634448e-09
1.27600000000000e+01	2.14044948080425e-09
1.27700000000000e+01	2.08698335930742e-09
1.27800000000000e+01	2.03515370348580e-09
1.27900000000000e+01	1.98488254965624e-09
1.28000000000000e+01	1.93612932147225e-09
1.28100000000000e+01	1.88881765756168e-09
1.28200000000000e+01	1.84292038872576e-09
1.28300000000000e+01	1.79835295652236e-09
1.28400000000000e+01	1.75509007398164e-09
1.28500000000000e+01	1.71308049493753e-09
1.28600000000000e+01	1.67225989476342e-09
1.28700000000000e+01	1.63261180180892e-09
1.28800000000000e+01	1.59407700061279e-09
1.28900000000000e+01	1.55663279172871e-09
1.29000000000000e+01	1.52023079123214e-09
1.29100000000000e+01	1.48484498525307e-09
1.29200000000000e+01	1.45043210058749e-09
1.29300000000000e+01	1.41698145356239e-09
1.29400000000000e+01	1.38442438961092e-09
1.29500000000000e+01	1.35277064156509e-09
1.29600000000000e+01	1.32194836217413e-09
1.29700000000000e+01	1.29196746340588e-09
1.29800000000000e+01	1.26277133044506e-09
1.29900000000000e+01	1.23435796811243e-09
1.30000000000000e+01	1.20668366632569e-09
1.30100000000000e+01	1.17974839814820e-09
1.30200000000000e+01	1.15351384783321e-09
1.30300000000000e+01	1.12797788624727e-09
1.30400000000000e+01	1.10309927541961e-09
1.30500000000000e+01	1.07887665502717e-09
1.30600000000000e+01	1.05527001938086e-09
1.30700000000000e+01	1.03226491988666e-09
1.30800000000000e+01	1.00983070384593e-09
1.30900000000000e+01	9.87953455965374e-10
1.31000000000000e+01	9.66594773319567e-10
1.31100000000000e+01	9.45749827895215e-10
1.31200000000000e+01	9.25373610170189e-10
1.31300000000000e+01	9.05461286985744e-10
1.31400000000000e+01	8.85986096123917e-10
1.31500000000000e+01	8.66940725788402e-10
1.31600000000000e+01	8.48318700719781e-10
1.31700000000000e+01	8.30102721946816e-10
1.31800000000000e+01	8.12287737709902e-10
1.31900000000000e+01	7.94876350385126e-10
1.32000000000000e+01	7.77856392704882e-10
1.32100000000000e+01	7.61223814725814e-10
1.32200000000000e+01	7.44976367236159e-10
1.32300000000000e+01	7.29106227773988e-10
1.32400000000000e+01	7.13605308957424e-10
1.32500000000000e+01	6.98460884671136e-10
1.32600000000000e+01	6.83655358085641e-10
1.32700000000000e+01	6.69192719587385e-10
1.32800000000000e+01	6.55051484568442e-10
1.32900000000000e+01	6.41225000091265e-10
1.33000000000000e+01	6.27705844543593e-10
1.33100000000000e+01	6.14483760155345e-10
1.33200000000000e+01	6.01555126768425e-10
1.33300000000000e+01	5.88911816963279e-10
1.33400000000000e+01	5.76557634353755e-10
1.33500000000000e+01	5.64484623979142e-10
1.33600000000000e+01	5.52689567139427e-10
1.33700000000000e+01	5.41169426402406e-10
1.33800000000000e+01	5.29927452078841e-10
1.33900000000000e+01	5.18954006661895e-10
1.34000000000000e+01	5.08244775392221e-10
1.34100000000000e+01	4.97794927849933e-10
1.34200000000000e+01	4.87601982608810e-10
1.34300000000000e+01	4.77651044753762e-10
1.34400000000000e+01	4.67942923899756e-10
1.34500000000000e+01	4.58467062928809e-10
1.34600000000000e+01	4.49215342479670e-10
1.34700000000000e+01	4.40178046700804e-10
1.34800000000000e+01	4.31355024963056e-10
1.34900000000000e+01	4.22732486274895e-10
1.35000000000000e+01	4.14307461113261e-10
1.35100000000000e+01	4.06066534445672e-10
1.35200000000000e+01	3.98008531387819e-10
1.35300000000000e+01	3.90126956646935e-10
1.35400000000000e+01	3.82415023018323e-10
1.35500000000000e+01	3.74862931086937e-10
1.35600000000000e+01	3.67469152368980e-10
1.35700000000000e+01	3.60223437266979e-10
1.35800000000000e+01	3.53125734889980e-10
1.35900000000000e+01	3.46164658466940e-10
1.36000000000000e+01	3.39342368758689e-10
1.36100000000000e+01	3.32650867339713e-10
1.36200000000000e+01	3.26088626529329e-10
1.36300000000000e+01	3.19648788910758e-10
1.36400000000000e+01	3.13335543441113e-10
1.36500000000000e+01	3.07144734479955e-10
1.36600000000000e+01	3.01071826757764e-10
1.36700000000000e+01	2.95120107591338e-10
1.36800000000000e+01	2.89288925909744e-10
1.36900000000000e+01	2.83577546818338e-10
1.37000000000000e+01	2.77982748746842e-10
1.37100000000000e+01	2.72509148320036e-10
1.37200000000000e+01	2.67154098274344e-10
1.37300000000000e+01	2.61922445909667e-10
1.37400000000000e+01	2.56810189140556e-10
1.37500000000000e+01	2.51819279073492e-10
1.37600000000000e+01	2.46948613658143e-10
1.37700000000000e+01	2.42194272237238e-10
1.37800000000000e+01	2.37557931917328e-10
1.37900000000000e+01	2.33033677441218e-10
1.38000000000000e+01	2.28623592539973e-10
1.38100000000000e+01	2.24318042506826e-10
1.38200000000000e+01	2.20116732832780e-10
1.38300000000000e+01	2.16013074935265e-10
1.38400000000000e+01	2.12005246021502e-10
1.38500000000000e+01	2.08089173269525e-10
1.38600000000000e+01	2.04259018503996e-10
1.38700000000000e+01	2.00512216672321e-10
1.38800000000000e+01	1.96848014733423e-10
1.38900000000000e+01	1.93258244849635e-10
1.39000000000000e+01	1.89741980600489e-10
1.39100000000000e+01	1.86299378417243e-10
1.39200000000000e+01	1.82924216976390e-10
1.39300000000000e+01	1.79615254994818e-10
1.39400000000000e+01	1.76371811277305e-10
1.39500000000000e+01	1.73191673727706e-10
1.39600000000000e+01	1.70070859970138e-10
1.39700000000000e+01	1.67009451874730e-10
1.39800000000000e+01	1.64007001053501e-10
1.39900000000000e+01	1.61060087813207e-10
1.40000000000000e+01	1.58169625919905e-10
1.40100000000000e+01	1.55333378428053e-10
1.40200000000000e+01	1.52550117960535e-10
1.40300000000000e+01	1.49820352996175e-10
1.40400000000000e+01	1.47145480469722e-10
1.40500000000000e+01	1.44522217812868e-10
1.40600000000000e+01	1.41951498751654e-10
1.40700000000000e+01	1.39433278334706e-10
1.40800000000000e+01	1.36966243721116e-10
1.40900000000000e+01	1.34549708368817e-10
1.41000000000000e+01	1.32183038309356e-10
1.41100000000000e+01	1.29865167561346e-10
1.41200000000000e+01	1.27594379717623e-10
1.41300000000000e+01	1.25370228857128e-10
1.41400000000000e+01	1.23190679181639e-10
1.41500000000000e+01	1.21052347286163e-10
1.41600000000000e+01	1.18954860076372e-10
1.41700000000000e+01	1.16895383990899e-10
1.41800000000000e+01	1.14872874236624e-10
1.41900000000000e+01	1.12885991371250e-10
1.42000000000000e+01	1.10932018533001e-10
1.42100000000000e+01	1.09011516958403e-10
1.42200000000000e+01	1.07124925758850e-10
1.42300000000000e+01	1.05269908087030e-10
1.42400000000000e+01	1.03446714676786e-10
1.42500000000000e+01	1.01656653976254e-10
1.42600000000000e+01	9.98978749021676e-11
1.42700000000000e+01	9.81721399557088e-11
1.42800000000000e+01	9.64799445726044e-11
1.42900000000000e+01	9.48193550842844e-11
1.43000000000000e+01	9.31922129956201e-11
1.43100000000000e+01	9.15974438007731e-11
1.43200000000000e+01	9.00329831185219e-11
1.43300000000000e+01	8.85003354663508e-11
1.43400000000000e+01	8.69975568575827e-11
1.43500000000000e+01	8.55249708454039e-11
1.43600000000000e+01	8.40808975293424e-11
1.43700000000000e+01	8.26640578010156e-11
1.43800000000000e+01	8.12751459187678e-11
1.43900000000000e+01	7.99132921948438e-11
1.44000000000000e+01	7.85784700513154e-11
1.44100000000000e+01	7.72683899999247e-11
1.44200000000000e+01	7.59843057218712e-11
1.44300000000000e+01	7.47246944584881e-11
1.44400000000000e+01	7.34908398152631e-11
1.44500000000000e+01	7.22803792410602e-11
1.44600000000000e+01	7.10943725149778e-11
1.44700000000000e+01	6.99315727228945e-11
1.44800000000000e+01	6.87911945479615e-11
1.44900000000000e+01	6.76739635708034e-11
1.45000000000000e+01	6.65779461006851e-11
1.45100000000000e+01	6.55036179998615e-11
1.45200000000000e+01	6.44497149392217e-11
1.45300000000000e+01	6.34160392300020e-11
1.45400000000000e+01	6.24023491503841e-11
1.45500000000000e+01	6.14069865971384e-11
1.45600000000000e+01	6.04302392223073e-11
1.45700000000000e+01	5.94720162814479e-11
1.45800000000000e+01	5.85300229785927e-11
1.45900000000000e+01	5.76062275112546e-11
1.46000000000000e+01	5.66982137631809e-11
1.46100000000000e+01	5.58056724958933e-11
1.46200000000000e+01	5.49297116588508e-11
1.46300000000000e+01	5.40680378170089e-11
1.46400000000000e+01	5.32215235979646e-11
1.46500000000000e+01	5.23903025774536e-11
1.46600000000000e+01	5.15726775902314e-11
1.46700000000000e+01	5.07694527391043e-11
1.46800000000000e+01	4.99807615418002e-11
1.46900000000000e+01	4.92058997543389e-11
1.47000000000000e+01	4.84448668731329e-11
1.47100000000000e+01	4.76973692338499e-11
1.47200000000000e+01	4.69630968971022e-11
1.47300000000000e+01	4.62423012435288e-11
1.47400000000000e+01	4.55347257918821e-11
1.47500000000000e+01	4.48398555589281e-11
1.47600000000000e+01	4.41575531206691e-11
1.47700000000000e+01	4.34877217659524e-11
1.47800000000000e+01	4.28291341455702e-11
1.47900000000000e+01	4.21821658853987e-11
1.48000000000000e+01	4.15462977829114e-11
1.48100000000000e+01	4.09206499564618e-11
1.48200000000000e+01	4.03059234282216e-11
1.48300000000000e+01	3.97005267235221e-11
1.48400000000000e+01	3.91047994813394e-11
1.48500000000000e+01	3.85186474712094e-11
1.48600000000000e+01	3.79412743051162e-11
1.48700000000000e+01	3.73728928023815e-11
1.48800000000000e+01	3.68130233719994e-11
1.48900000000000e+01	3.62611790707872e-11
1.49000000000000e+01	3.57184720802715e-11
1.49100000000000e+01	3.51835167451989e-11
1.49200000000000e+01	3.46569010347177e-11
1.49300000000000e+01	3.41384586330759e-11
1.49400000000000e+01	3.36280974243668e-11
1.49500000000000e+01	3.31255713206207e-11
1.49600000000000e+01	3.26313278105811e-11
1.49700000000000e+01	3.21451963523052e-11
1.49800000000000e+01	3.16670497374342e-11
1.49900000000000e+01	3.11969997571521e-11
1.50000000000000e+01	3.07346527443826e-11
1.50100000000000e+01	3.02804897348156e-11
1.50200000000000e+01	2.98337589650126e-11
1.50300000000000e+01	2.93949016656380e-11
1.50400000000000e+01	2.89636563234572e-11
1.50500000000000e+01	2.85397572475784e-11
1.50600000000000e+01	2.81231296373999e-11
1.50700000000000e+01	2.77132954888666e-11
1.50800000000000e+01	2.73102802544126e-11
1.50900000000000e+01	2.69141089736964e-11
1.51000000000000e+01	2.65239276482154e-11
1.51100000000000e+01	2.61401810809736e-11
1.51200000000000e+01	2.57625534618994e-11
1.51300000000000e+01	2.53902437294533e-11
1.51400000000000e+01	2.50240775427812e-11
1.51500000000000e+01	2.46630008877458e-11
1.51600000000000e+01	2.43072452870434e-11
1.51700000000000e+01	2.39568372223982e-11
1.51800000000000e+01	2.36118502435643e-11
1.51900000000000e+01	2.32717662836927e-11
1.52000000000000e+01	2.29369239573293e-11
1.52100000000000e+01	2.26071349810802e-11
1.52200000000000e+01	2.22827896391078e-11
1.52300000000000e+01	2.19631783941864e-11
1.52400000000000e+01	2.16484010487058e-11
1.52500000000000e+01	2.13385821768186e-11
1.52600000000000e+01	2.10333576409595e-11
1.52700000000000e+01	2.07325108742109e-11
1.52800000000000e+01	2.04358906908259e-11
1.52900000000000e+01	2.01430166828967e-11
1.53000000000000e+01	1.98537542348093e-11
1.53100000000000e+01	1.95674762835738e-11
1.53200000000000e+01	1.92842459208769e-11
1.53300000000000e+01	1.90037001829976e-11
1.53400000000000e+01	1.87252214548094e-11
1.53500000000000e+01	1.84488084923985e-11
1.53600000000000e+01	1.81745944621690e-11
1.53700000000000e+01	1.79018943541181e-11
1.53800000000000e+01	1.76309211415140e-11
1.53900000000000e+01	1.73617546863775e-11
1.54000000000000e+01	1.70943876409089e-11
1.54100000000000e+01	1.68291734095461e-11
1.54200000000000e+01	1.65659109608765e-11
1.54300000000000e+01	1.63054098939155e-11
1.54400000000000e+01	1.60476374630722e-11
1.54500000000000e+01	1.57931178204398e-11
1.54600000000000e+01	1.55421870858372e-11
1.54700000000000e+01	1.52956414518762e-11
1.54800000000000e+01	1.50535017569021e-11
1.54900000000000e+01	1.48164582631229e-11
1.55000000000000e+01	1.45847588125936e-11
1.55100000000000e+01	1.43590692169660e-11
1.55200000000000e+01	1.41395417421916e-11
1.55300000000000e+01	1.39264168073656e-11
1.55400000000000e+01	1.37193902450794e-11
1.55500000000000e+01	1.35189576448746e-11
1.55600000000000e+01	1.33245473978000e-11
1.55700000000000e+01	1.31360811729841e-11
1.55800000000000e+01	1.29533943787636e-11
1.55900000000000e+01	1.27759204399577e-11
1.56000000000000e+01	1.26029674333999e-11
1.56100000000000e+01	1.24346811458272e-11
1.56200000000000e+01	1.22700468067033e-11
1.56300000000000e+01	1.21091073630926e-11
1.56400000000000e+01	1.19511105300714e-11
1.56500000000000e+01	1.17957609897650e-11
1.56600000000000e+01	1.16426393510936e-11
1.56700000000000e+01	1.14916325907183e-11
1.56800000000000e+01	1.13423529760078e-11
1.56900000000000e+01	1.11946651764737e-11
1.57000000000000e+01	1.10483393545499e-11
1.57100000000000e+01	1.09032041523548e-11
1.57200000000000e+01	1.07593544544943e-11
1.57300000000000e+01	1.06166405068838e-11
1.57400000000000e+01	1.04749655407029e-11
1.57500000000000e+01	1.03345195402373e-11
1.57600000000000e+01	1.01952655869739e-11
1.57700000000000e+01	1.00572121767667e-11
1.57800000000000e+01	9.92056943764963e-12
1.57900000000000e+01	9.78560496296916e-12
1.58000000000000e+01	9.65219158710471e-12
1.58100000000000e+01	9.52064960451888e-12
1.58200000000000e+01	9.39100947472254e-12
1.58300000000000e+01	9.26364687396154e-12
1.58400000000000e+01	9.13851765380018e-12
1.58500000000000e+01	9.01576054343519e-12
1.58600000000000e+01	8.89554560886056e-12
1.58700000000000e+01	8.77775918370189e-12
1.58800000000000e+01	8.66249843412184e-12
1.58900000000000e+01	8.54986707074475e-12
1.59000000000000e+01	8.43965387266669e-12
1.59100000000000e+01	8.33191194115216e-12
1.59200000000000e+01	8.22640787724773e-12
1.59300000000000e+01	8.12305842751700e-12
1.59400000000000e+01	8.02179643040971e-12
1.59500000000000e+01	7.92237014328638e-12
1.59600000000000e+01	7.82458353159246e-12
1.59700000000000e+01	7.72850854067688e-12
1.59800000000000e+01	7.63388875869028e-12
1.59900000000000e+01	7.54053102151292e-12
1.60000000000000e+01	7.44859508916081e-12
1.60100000000000e+01	7.35774720459113e-12
1.60200000000000e+01	7.26810044875007e-12
1.60300000000000e+01	7.17956323699882e-12
1.60400000000000e+01	7.09210952340504e-12
1.60500000000000e+01	7.00571352554330e-12
1.60600000000000e+01	6.92039486163623e-12
1.60700000000000e+01	6.83606670635853e-12
1.60800000000000e+01	6.75265600300535e-12
1.60900000000000e+01	6.67033446323896e-12
1.61000000000000e+01	6.58904771907594e-12
1.61100000000000e+01	6.50871846453207e-12
1.61200000000000e+01	6.42939188240963e-12
1.61300000000000e+01	6.35100646665618e-12
1.61400000000000e+01	6.27371680304838e-12
1.61500000000000e+01	6.19741573821249e-12
1.61600000000000e+01	6.12204619744604e-12
1.61700000000000e+01	6.04770051960272e-12
1.61800000000000e+01	5.97435156331965e-12
1.61900000000000e+01	5.90212653543294e-12
1.62000000000000e+01	5.83084122434696e-12
1.62100000000000e+01	5.76073566870362e-12
1.62200000000000e+01	5.69164967308442e-12
1.62300000000000e+01	5.62366574045773e-12
1.62400000000000e+01	5.55682861859763e-12
1.62500000000000e+01	5.49114816201122e-12
1.62600000000000e+01	5.42651516963458e-12
1.62700000000000e+01	5.36297758616189e-12
1.62800000000000e+01	5.30051466347371e-12
1.62900000000000e+01	5.23911182769702e-12
1.63000000000000e+01	5.17871251634766e-12
1.63100000000000e+01	5.11910304108771e-12
1.63200000000000e+01	5.06047783143644e-12
1.63300000000000e+01	5.00254495322766e-12
1.63400000000000e+01	4.94531950916880e-12
1.63500000000000e+01	4.88873585368260e-12
1.63600000000000e+01	4.83266291411744e-12
1.63700000000000e+01	4.77704685570472e-12
1.63800000000000e+01	4.72186929311831e-12
1.63900000000000e+01	4.66689020503135e-12
1.64000000000000e+01	4.61224602488965e-12
1.64100000000000e+01	4.55779286383920e-12
1.64200000000000e+01	4.50354499101484e-12
1.64300000000000e+01	4.44946315727840e-12
1.64400000000000e+01	4.39560305802807e-12
1.64500000000000e+01	4.34186698507825e-12
1.64600000000000e+01	4.28840643168041e-12
1.64700000000000e+01	4.23526110659339e-12
1.64800000000000e+01	4.18243064653489e-12
1.64900000000000e+01	4.13010099138811e-12
1.65000000000000e+01	4.07832586021159e-12
1.65100000000000e+01	4.02708818665138e-12
1.65200000000000e+01	3.97654294446499e-12
1.65300000000000e+01	3.92674746571263e-12
1.65400000000000e+01	3.87773892476860e-12
1.65500000000000e+01	3.82956411625252e-12
1.65600000000000e+01	3.78228198388499e-12
1.65700000000000e+01	3.73581443042861e-12
1.65800000000000e+01	3.69022465109537e-12
1.65900000000000e+01	3.64554127280361e-12
1.66000000000000e+01	3.60180812635486e-12
1.66100000000000e+01	3.55885008520113e-12
1.66200000000000e+01	3.51679320130561e-12
1.66300000000000e+01	3.47551492434434e-12
1.66400000000000e+01	3.43508765603556e-12
1.66500000000000e+01	3.39539609015315e-12
1.66600000000000e+01	3.35650985609070e-12
1.66700000000000e+01	3.31833633940146e-12
1.66800000000000e+01	3.28089112355060e-12
1.66900000000000e+01	3.24409005944731e-12
1.67000000000000e+01	3.20794619152869e-12
1.67100000000000e+01	3.17237903340887e-12
1.67200000000000e+01	3.13745625973520e-12
1.67300000000000e+01	3.10304587068440e-12
1.67400000000000e+01	3.06913811417236e-12
1.67500000000000e+01	3.03570913341740e-12
1.67600000000000e+01	3.00273009786225e-12
1.67700000000000e+01	2.97013158696069e-12
1.67800000000000e+01	2.93789360030678e-12
1.67900000000000e+01	2.90604634490165e-12
1.68000000000000e+01	2.87447876295075e-12
1.68100000000000e+01	2.84318966271981e-12
1.68200000000000e+01	2.81221435589926e-12
1.68300000000000e+01	2.78149712012795e-12
1.68400000000000e+01	2.75102169923327e-12
1.68500000000000e+01	2.72081705824479e-12
1.68600000000000e+01	2.69087859904744e-12
1.68700000000000e+01	2.66117415783184e-12
1.68800000000000e+01	2.63177922056691e-12
1.68900000000000e+01	2.60262224116841e-12
1.69000000000000e+01	2.57381353960357e-12
1.69100000000000e+01	2.54523875322653e-12
1.69200000000000e+01	2.51695425684438e-12
1.69300000000000e+01	2.48897280214576e-12
1.69400000000000e+01	2.46130297967224e-12
1.69500000000000e+01	2.43388258589598e-12
1.69600000000000e+01	2.40678674125744e-12
1.69700000000000e+01	2.37997295530288e-12
1.69800000000000e+01	2.35348811598046e-12
1.69900000000000e+01	2.32732460481592e-12
1.70000000000000e+01	2.30148023327775e-12
1.70100000000000e+01	2.27602585414250e-12
1.70200000000000e+01	2.25096095962853e-12
1.70300000000000e+01	2.22627364857492e-12
1.70400000000000e+01	2.20197905204076e-12
1.70500000000000e+01	2.17812863853848e-12
1.70600000000000e+01	2.15468998260865e-12
1.70700000000000e+01	2.13170738161150e-12
1.70800000000000e+01	2.10910721572202e-12
1.70900000000000e+01	2.08692793011339e-12
1.71000000000000e+01	2.06515647585765e-12
1.71100000000000e+01	2.04378042889049e-12
1.71200000000000e+01	2.02272218496217e-12
1.71300000000000e+01	2.00201033678628e-12
1.71400000000000e+01	1.98163621955122e-12
1.71500000000000e+01	1.96154863393125e-12
1.71600000000000e+01	1.94173168819713e-12
1.71700000000000e+01	1.92219511241486e-12
1.71800000000000e+01	1.90287720025388e-12
1.71900000000000e+01	1.88385569293098e-12
1.72000000000000e+01	1.86503628634166e-12
1.72100000000000e+01	1.84646589411875e-12
1.72200000000000e+01	1.82812533535147e-12
1.72300000000000e+01	1.80997200287615e-12
1.72400000000000e+01	1.79208589076980e-12
1.72500000000000e+01	1.77436283134880e-12
1.72600000000000e+01	1.75687972881279e-12
1.72700000000000e+01	1.73958601114623e-12
1.72800000000000e+01	1.72248476057042e-12
1.72900000000000e+01	1.70557830954178e-12
1.73000000000000e+01	1.68884925368302e-12
1.73100000000000e+01	1.67231797355187e-12
1.73200000000000e+01	1.65597439832785e-12
1.73300000000000e+01	1.63977250224063e-12
1.73400000000000e+01	1.62372776443692e-12
1.73500000000000e+01	1.60786133970945e-12
1.73600000000000e+01	1.59214700027308e-12
1.73700000000000e+01	1.57658148730449e-12
1.73800000000000e+01	1.56115429944430e-12
1.73900000000000e+01	1.54588552086644e-12
1.74000000000000e+01	1.53078089381371e-12
1.74100000000000e+01	1.51579502581478e-12
1.74200000000000e+01	1.50095263592303e-12
1.74300000000000e+01	1.48625454611842e-12
1.74400000000000e+01	1.47171515605009e-12
1.74500000000000e+01	1.45729712551675e-12
1.74600000000000e+01	1.44303656458419e-12
1.74700000000000e+01	1.42891184682800e-12
1.74800000000000e+01	1.41492129020902e-12
1.74900000000000e+01	1.40104140525917e-12
1.75000000000000e+01	1.38730771201174e-12
1.75100000000000e+01	1.37370528507142e-12
1.75200000000000e+01	1.36021408774140e-12
1.75300000000000e+01	1.34681215645968e-12
1.75400000000000e+01	1.33352062459763e-12
1.75500000000000e+01	1.32035747757918e-12
1.75600000000000e+01	1.30726577215636e-12
1.75700000000000e+01	1.29427891229199e-12
1.75800000000000e+01	1.28137365171033e-12
1.75900000000000e+01	1.26857697922401e-12
1.76000000000000e+01	1.25585453188090e-12
1.76100000000000e+01	1.24327160532332e-12
1.76200000000000e+01	1.23076609955218e-12
1.76300000000000e+01	1.21839215845005e-12
1.76400000000000e+01	1.20612441554084e-12
1.76500000000000e+01	1.19397889298831e-12
1.76600000000000e+01	1.18198202394616e-12
1.76700000000000e+01	1.17010937907965e-12
1.76800000000000e+01	1.15838065973861e-12
1.76900000000000e+01	1.14681488165577e-12
1.77000000000000e+01	1.13536011507477e-12
1.77100000000000e+01	1.12406070882327e-12
1.77200000000000e+01	1.11289232552369e-12
1.77300000000000e+01	1.10185564636000e-12
1.77400000000000e+01	1.09096032487242e-12
1.77500000000000e+01	1.08016947617830e-12
1.77600000000000e+01	1.06952068137129e-12
1.77700000000000e+01	1.05897410824149e-12
1.77800000000000e+01	1.04854705022082e-12
1.77900000000000e+01	1.03823128232048e-12
1.78000000000000e+01	1.02799413310982e-12
1.78100000000000e+01	1.01787143020652e-12
1.78200000000000e+01	1.00784072823791e-12
1.78300000000000e+01	9.97885755472618e-13
1.78400000000000e+01	9.88025517986462e-13
1.78500000000000e+01	9.78260976240037e-13
1.78600000000000e+01	9.68583803458930e-13
1.78700000000000e+01	9.58990111769696e-13
1.78800000000000e+01	9.49464369520549e-13
1.78900000000000e+01	9.40024519374159e-13
1.79000000000000e+01	9.30683276077936e-13
1.79100000000000e+01	9.21409590207500e-13
1.79200000000000e+01	9.12209124386181e-13
1.79300000000000e+01	9.03091980084386e-13
1.79400000000000e+01	8.94035807785846e-13
1.79500000000000e+01	8.85048305321013e-13
1.79600000000000e+01	8.76110301877524e-13
1.79700000000000e+01	8.67254204516525e-13
1.79800000000000e+01	8.58434777658626e-13
1.79900000000000e+01	8.49693331592456e-13
1.80000000000000e+01	8.41014592998892e-13
1.80100000000000e+01	8.32427509453832e-13
1.80200000000000e+01	8.23905631315294e-13
1.80300000000000e+01	8.15496787428728e-13
1.80400000000000e+01	8.07194612314499e-13
1.80500000000000e+01	7.99018585013420e-13
1.80600000000000e+01	7.90964823318596e-13
1.80700000000000e+01	7.83076454001713e-13
1.80800000000000e+01	7.75326851430986e-13
1.80900000000000e+01	7.67732776261730e-13
1.81000000000000e+01	7.60286631697826e-13
1.81100000000000e+01	7.52995480275352e-13
1.81200000000000e+01	7.45856795942825e-13
1.81300000000000e+01	7.38853195428758e-13
1.81400000000000e+01	7.31964830187095e-13
1.81500000000000e+01	7.25199200188297e-13
1.81600000000000e+01	7.18529319236783e-13
1.81700000000000e+01	7.11961512882224e-13
1.81800000000000e+01	7.05459487306714e-13
1.81900000000000e+01	6.99047334418844e-13
1.82000000000000e+01	6.92699284998463e-13
1.82100000000000e+01	6.86395500279918e-13
1.82200000000000e+01	6.80154582673028e-13
1.82300000000000e+01	6.73958258214351e-13
1.82400000000000e+01	6.67804562020787e-13
1.82500000000000e+01	6.61683038600265e-13
1.82600000000000e+01	6.55595612572173e-13
1.82700000000000e+01	6.49547565175895e-13
1.82800000000000e+01	6.43526582505194e-13
1.82900000000000e+01	6.37534824691234e-13
1.83000000000000e+01	6.31592862649677e-13
1.83100000000000e+01	6.25668224596285e-13
1.83200000000000e+01	6.19797320318823e-13
1.83300000000000e+01	6.13959928583659e-13
1.83400000000000e+01	6.08170585750171e-13
1.83500000000000e+01	6.02430285900509e-13
1.83600000000000e+01	5.96746130311940e-13
1.83700000000000e+01	5.91125439067100e-13
1.83800000000000e+01	5.85574232762148e-13
1.83900000000000e+01	5.80093184345439e-13
1.84000000000000e+01	5.74691526176318e-13
1.84100000000000e+01	5.69371965586316e-13
1.84200000000000e+01	5.64141926767458e-13
1.84300000000000e+01	5.59007156226225e-13
1.84400000000000e+01	5.53963023917275e-13
1.84500000000000e+01	5.49017723910445e-13
1.84600000000000e+01	5.44167495878018e-13
1.84700000000000e+01	5.39409202155823e-13
1.84800000000000e+01	5.34742939069995e-13
1.84900000000000e+01	5.30158938434196e-13
1.85000000000000e+01	5.25660512449624e-13
1.85100000000000e+01	5.21229522482766e-13
1.85200000000000e+01	5.16869284984422e-13
1.85300000000000e+01	5.12567812112803e-13
1.85400000000000e+01	5.08316631083913e-13
1.85500000000000e+01	5.04116350080537e-13
1.85600000000000e+01	4.99952897687667e-13
1.85700000000000e+01	4.95823723054833e-13
1.85800000000000e+01	4.91726684581449e-13
1.85900000000000e+01	4.87656362457024e-13
1.86000000000000e+01	4.83608138590035e-13
1.86100000000000e+01	4.79583474209319e-13
1.86200000000000e+01	4.75581300085497e-13
1.86300000000000e+01	4.71597182456056e-13
1.86400000000000e+01	4.67634979372642e-13
1.86500000000000e+01	4.63692534901048e-13
1.86600000000000e+01	4.59775000560336e-13
1.86700000000000e+01	4.55882551575592e-13
1.86800000000000e+01	4.52013552961051e-13
1.86900000000000e+01	4.48171947704354e-13
1.87000000000000e+01	4.44358157964330e-13
1.87100000000000e+01	4.40575079278343e-13
1.87200000000000e+01	4.36822415289207e-13
1.87300000000000e+01	4.33098866051911e-13
1.87400000000000e+01	4.29406446866320e-13
1.87500000000000e+01	4.25743112937837e-13
1.87600000000000e+01	4.22110120500107e-13
1.87700000000000e+01	4.18507790677311e-13
1.87800000000000e+01	4.14932049759368e-13
1.87900000000000e+01	4.11384195907311e-13
1.88000000000000e+01	4.07861682799483e-13
1.88100000000000e+01	4.04365831193314e-13
1.88200000000000e+01	4.00891482172686e-13
1.88300000000000e+01	3.97444258746691e-13
1.88400000000000e+01	3.94013384252406e-13
1.88500000000000e+01	3.90604583871217e-13
1.88600000000000e+01	3.87215813488341e-13
1.88700000000000e+01	3.83844523330460e-13
1.88800000000000e+01	3.80485936078325e-13
1.88900000000000e+01	3.77146686561068e-13
1.89000000000000e+01	3.73819606812344e-13
1.89100000000000e+01	3.70506554240919e-13
1.89200000000000e+01	3.67205903601842e-13
1.89300000000000e+01	3.63919599725233e-13
1.89400000000000e+01	3.60646105980107e-13
1.89500000000000e+01	3.57389190869450e-13
1.89600000000000e+01	3.54150515505774e-13
1.89700000000000e+01	3.50928423691637e-13
1.89800000000000e+01	3.47726225994744e-13
1.89900000000000e+01	3.44550100773244e-13
1.90000000000000e+01	3.41400459938037e-13
1.90100000000000e+01	3.38277988088169e-13
1.90200000000000e+01	3.35186404347307e-13
1.90300000000000e+01	3.32125574493529e-13
1.90400000000000e+01	3.29091032286073e-13
1.90500000000000e+01	3.26087666071054e-13
1.90600000000000e+01	3.23108327858448e-13
1.90700000000000e+01	3.20151697831283e-13
1.90800000000000e+01	3.17213120129748e-13
1.90900000000000e+01	3.14287427038511e-13
1.91000000000000e+01	3.11377272685747e-13
1.91100000000000e+01	3.08475069867948e-13
1.91200000000000e+01	3.05587414926698e-13
1.91300000000000e+01	3.02711431508136e-13
1.91400000000000e+01	2.99858326528755e-13
1.91500000000000e+01	2.97030227958869e-13
1.91600000000000e+01	2.94236901810740e-13
1.91700000000000e+01	2.91488543510420e-13
1.91800000000000e+01	2.88793373002474e-13
1.91900000000000e+01	2.86159205618995e-13
1.92000000000000e+01	2.83591318643062e-13
1.92100000000000e+01	2.81094659902148e-13
1.92200000000000e+01	2.78672665165144e-13
1.92300000000000e+01	2.76320702491854e-13
1.92400000000000e+01	2.74038523790922e-13
1.92500000000000e+01	2.71817137597007e-13
1.92600000000000e+01	2.69653587194384e-13
1.92700000000000e+01	2.67537452869008e-13
1.92800000000000e+01	2.65463869285858e-13
1.92900000000000e+01	2.63422941881520e-13
1.93000000000000e+01	2.61410666760047e-13
1.93100000000000e+01	2.59419311102286e-13
1.93200000000000e+01	2.57446794355124e-13
1.93300000000000e+01	2.55488135026297e-13
1.93400000000000e+01	2.53542399326781e-13
1.93500000000000e+01	2.51608508287127e-13
1.93600000000000e+01	2.49682587857850e-13
1.93700000000000e+01	2.47764057804297e-13
1.93800000000000e+01	2.45855531497457e-13
1.93900000000000e+01	2.43954423393073e-13
1.94000000000000e+01	2.42061934049784e-13
1.94100000000000e+01	2.40179515689636e-13
1.94200000000000e+01	2.38304127228410e-13
1.94300000000000e+01	2.36436352636528e-13
1.94400000000000e+01	2.34577688247388e-13
1.94500000000000e+01	2.32726840191481e-13
1.94600000000000e+01	2.30884868765736e-13
1.94700000000000e+01	2.29053081195702e-13
1.94800000000000e+01	2.27228508277067e-13
1.94900000000000e+01	2.25411237043351e-13
1.95000000000000e+01	2.23603919020122e-13
1.95100000000000e+01	2.21804055024679e-13
1.95200000000000e+01	2.20014256513512e-13
1.95300000000000e+01	2.18233373297226e-13
1.95400000000000e+01	2.16459784255674e-13
1.95500000000000e+01	2.14694007747513e-13
1.95600000000000e+01	2.12938628425147e-13
1.95700000000000e+01	2.11190477631393e-13
1.95800000000000e+01	2.09454059102725e-13
1.95900000000000e+01	2.07725827521035e-13
1.96000000000000e+01	2.06009023978080e-13
1.96100000000000e+01	2.04303174785168e-13
1.96200000000000e+01	2.02609854168976e-13
1.96300000000000e+01	2.00928887577028e-13
1.96400000000000e+01	1.99261005733717e-13
1.96500000000000e+01	1.97606347337673e-13
1.96600000000000e+01	1.95965934286824e-13
1.96700000000000e+01	1.94338754210385e-13
1.96800000000000e+01	1.92726496308541e-13
1.96900000000000e+01	1.91127071202853e-13
1.97000000000000e+01	1.89543560726446e-13
1.97100000000000e+01	1.87970975763225e-13
1.97200000000000e+01	1.86415734199308e-13
1.97300000000000e+01	1.84873491677461e-13
1.97400000000000e+01	1.83349783318447e-13
1.97500000000000e+01	1.81846215764614e-13
1.97600000000000e+01	1.80368865620307e-13
1.97700000000000e+01	1.78931502685211e-13
1.97800000000000e+01	1.77546786505749e-13
1.97900000000000e+01	1.76243617062117e-13
1.98000000000000e+01	1.75058898020093e-13
1.98100000000000e+01	1.74045363405309e-13
1.98200000000000e+01	1.73274776186157e-13
1.98300000000000e+01	1.72841467170178e-13
1.98400000000000e+01	1.72868369496302e-13
1.98500000000000e+01	1.73506147683936e-13
1.98600000000000e+01	1.74944153920150e-13
1.98700000000000e+01	1.77404963759631e-13
1.98800000000000e+01	1.81165545139909e-13
1.98900000000000e+01	1.86555464416968e-13
1.99000000000000e+01	1.93984821987058e-13
1.99100000000000e+01	2.03970229181400e-13
1.99200000000000e+01	2.17174722012611e-13
1.99300000000000e+01	2.34484303061502e-13
1.99400000000000e+01	2.57109931249224e-13
1.99500000000000e+01	2.86749668945350e-13
1.99600000000000e+01	3.25874052199554e-13
1.99700000000000e+01	3.78175240605562e-13
1.99800000000000e+01	4.49392182377328e-13
1.99900000000000e+01	5.48801305902212e-13
2.00000000000000e+01	6.92169374691569e-13
