1.00000000000000e-02	1.20106624339461e+12
2.00000000000000e-02	7.50408513318739e+10
3.00000000000000e-02	1.48145599690832e+10
4.00000000000000e-02	4.68369430846767e+09
5.00000000000000e-02	1.91646670365512e+09
6.00000000000000e-02	9.23053886487612e+08
7.00000000000000e-02	4.97503154126166e+08
8.00000000000000e-02	2.91131797780092e+08
9.00000000000000e-02	1.81396882042331e+08
1.00000000000000e-01	1.18756215944832e+08
1.10000000000000e-01	8.09169785831412e+07
1.20000000000000e-01	5.69817448297373e+07
1.30000000000000e-01	4.12510423437983e+07
1.40000000000000e-01	3.05738564504783e+07
1.50000000000000e-01	2.31226054585852e+07
1.60000000000000e-01	1.77976905568230e+07
1.70000000000000e-01	1.39118073935117e+07
1.80000000000000e-01	1.10236521911063e+07
1.90000000000000e-01	8.84147330185417e+06
2.00000000000000e-01	7.16864169119622e+06
2.10000000000000e-01	5.86935345136062e+06
2.20000000000000e-01	4.84830573105398e+06
2.30000000000000e-01	4.03699984206025e+06
2.40000000000000e-01	3.38615872652492e+06
2.50000000000000e-01	2.85934985149551e+06
2.60000000000000e-01	2.42937465695046e+06
2.70000000000000e-01	2.07574948095703e+06
2.80000000000000e-01	1.78294316140281e+06
2.90000000000000e-01	1.53883543619472e+06
3.00000000000000e-01	1.33412578269961e+06
3.10000000000000e-01	1.16148641869568e+06
3.20000000000000e-01	1.01511306781398e+06
3.30000000000000e-01	8.90434177529911e+05
3.40000000000000e-01	7.83699664279795e+05
3.50000000000000e-01	6.91962080295940e+05
3.60000000000000e-01	6.12780769040177e+05
3.70000000000000e-01	5.44177280554278e+05
3.80000000000000e-01	4.84516207378580e+05
3.90000000000000e-01	4.32464641376895e+05
4.00000000000000e-01	3.86904887193805e+05
4.10000000000000e-01	3.46894094185752e+05
4.20000000000000e-01	3.11668183065398e+05
4.30000000000000e-01	2.80559187764712e+05
4.40000000000000e-01	2.53019915334625e+05
4.50000000000000e-01	2.28577004513303e+05
4.60000000000000e-01	2.06831638191745e+05
4.70000000000000e-01	1.87446762831485e+05
4.80000000000000e-01	1.70123878456581e+05
4.90000000000000e-01	1.54612049217905e+05
5.00000000000000e-01	1.40695955499527e+05
5.10000000000000e-01	1.28188852846761e+05
5.20000000000000e-01	1.16928565762326e+05
5.30000000000000e-01	1.06772017612939e+05
5.40000000000000e-01	9.75967216174552e+04
5.50000000000000e-01	8.92971117980823e+04
5.60000000000000e-01	8.17729704438795e+04
5.70000000000000e-01	7.49467379115738e+04
5.80000000000000e-01	6.87456752685231e+04
5.90000000000000e-01	6.31020434330843e+04
6.00000000000000e-01	5.79618687712733e+04
6.10000000000000e-01	5.32721918494348e+04
6.20000000000000e-01	4.89916802506096e+04
6.30000000000000e-01	4.50781336121956e+04
6.40000000000000e-01	4.14983724283152e+04
6.50000000000000e-01	3.82194659001679e+04
6.60000000000000e-01	3.52131775866561e+04
6.70000000000000e-01	3.24535598539059e+04
6.80000000000000e-01	2.99200507090016e+04
6.90000000000000e-01	2.75917067347384e+04
7.00000000000000e-01	2.54498471935537e+04
7.10000000000000e-01	2.34781144786763e+04
7.20000000000000e-01	2.16614739932664e+04
7.30000000000000e-01	1.99877176231179e+04
7.40000000000000e-01	1.84433859259800e+04
7.50000000000000e-01	1.70185796704942e+04
7.60000000000000e-01	1.57025643179450e+04
7.70000000000000e-01	1.44872524362260e+04
7.80000000000000e-01	1.33637392974258e+04
7.90000000000000e-01	1.23250967401001e+04
8.00000000000000e-01	1.13641923796549e+04
8.10000000000000e-01	1.04751077995102e+04
8.20000000000000e-01	9.65227227599987e+03
8.30000000000000e-01	8.89037372447166e+03
8.40000000000000e-01	8.18509558110149e+03
8.50000000000000e-01	7.53156083279767e+03
8.60000000000000e-01	6.92628672112153e+03
8.70000000000000e-01	6.36547263028315e+03
8.80000000000000e-01	5.84581092542270e+03
8.90000000000000e-01	5.36444277064732e+03
9.00000000000000e-01	4.91844601844772e+03
9.10000000000000e-01	4.50522423733413e+03
9.20000000000000e-01	4.12251071487612e+03
9.30000000000000e-01	3.76812753633090e+03
9.40000000000000e-01	3.44002978554312e+03
9.50000000000000e-01	3.13631239251694e+03
9.60000000000000e-01	2.85530832323664e+03
9.70000000000000e-01	2.59547810258512e+03
9.80000000000000e-01	2.35533772132821e+03
9.90000000000000e-01	2.13350077705306e+03
1.00000000000000e+00	1.92880560051614e+03
1.01000000000000e+00	1.73995311809963e+03
1.02000000000000e+00	1.56592461199918e+03
1.03000000000000e+00	1.40577850599767e+03
1.04000000000000e+00	1.25851862137611e+03
1.05000000000000e+00	1.12329046703105e+03
1.06000000000000e+00	9.99299627305301e+02
1.07000000000000e+00	8.85823274317234e+02
1.08000000000000e+00	7.82116474056108e+02
1.09000000000000e+00	6.87536609650598e+02
1.10000000000000e+00	6.01498176555158e+02
1.11000000000000e+00	5.23411370650715e+02
1.12000000000000e+00	4.52748204708753e+02
1.13000000000000e+00	3.89014250234093e+02
1.14000000000000e+00	3.31738295782167e+02
1.15000000000000e+00	2.80476552725516e+02
1.16000000000000e+00	2.34816204499393e+02
1.17000000000000e+00	1.94373372269472e+02
1.18000000000000e+00	1.58779308506943e+02
1.19000000000000e+00	1.27693807505759e+02
1.20000000000000e+00	1.00795363666002e+02
1.21000000000000e+00	7.77823413666548e+01
1.22000000000000e+00	5.83721712806889e+01
1.23000000000000e+00	4.22962635873164e+01
1.24000000000000e+00	2.92935724194368e+01
1.25000000000000e+00	1.91092713485607e+01
1.26000000000000e+00	1.14831304893760e+01
1.27000000000000e+00	6.14287721991104e+00
1.28000000000000e+00	2.79353528655506e+00
1.29000000000000e+00	1.11141247271131e+00
1.30000000000000e+00	7.38313709838954e-01
1.31000000000000e+00	1.28334244660643e+00
1.32000000000000e+00	2.33223574339544e+00
1.33000000000000e+00	3.46799641974766e+00
1.34000000000000e+00	4.30469495713950e+00
1.35000000000000e+00	4.53703790830400e+00
1.36000000000000e+00	4.00587084794308e+00
1.37000000000000e+00	2.78048562029831e+00
1.38000000000000e+00	1.25501815387337e+00
1.39000000000000e+00	2.55721432384796e-01
1.40000000000000e+00	1.15089959294191e+00
1.41000000000000e+00	5.95292632544098e+00
1.42000000000000e+00	1.73975365034810e+01
1.43000000000000e+00	3.89819815160527e+01
1.44000000000000e+00	7.49451863904264e+01
1.45000000000000e+00	1.30167389504912e+02
1.46000000000000e+00	2.09997995539815e+02
1.47000000000000e+00	3.19967806766944e+02
1.48000000000000e+00	4.65495857285767e+02
1.49000000000000e+00	6.51479211209720e+02
1.50000000000000e+00	8.81956847871701e+02
1.51000000000000e+00	1.15977757419534e+03
1.52000000000000e+00	1.48633699940439e+03
1.53000000000000e+00	1.86150165088187e+03
1.54000000000000e+00	2.28343621423836e+03
1.55000000000000e+00	2.74867464310990e+03
1.56000000000000e+00	3.25243428358765e+03
1.57000000000000e+00	3.78851327249617e+03
1.58000000000000e+00	4.34944212687679e+03
1.59000000000000e+00	4.92678824519119e+03
1.60000000000000e+00	5.51115369153003e+03
1.61000000000000e+00	6.09230469548784e+03
1.62000000000000e+00	6.65889537751811e+03
1.63000000000000e+00	7.19902012875539e+03
1.64000000000000e+00	7.70025970651358e+03
1.65000000000000e+00	8.15132527176735e+03
1.66000000000000e+00	8.54258275647014e+03
1.67000000000000e+00	8.86911047941571e+03
1.68000000000000e+00	9.13035313507755e+03
1.69000000000000e+00	9.33165407600303e+03
1.70000000000000e+00	9.48288320510980e+03
1.71000000000000e+00	9.59953039248754e+03
1.72000000000000e+00	9.70343979736739e+03
1.73000000000000e+00	9.82559962771264e+03
1.74000000000000e+00	1.00072709685892e+04
1.75000000000000e+00	1.02977722252102e+04
1.76000000000000e+00	1.07526334376069e+04
1.77000000000000e+00	1.14297818249557e+04
1.78000000000000e+00	1.23864736112689e+04
1.79000000000000e+00	1.36743576957530e+04
1.80000000000000e+00	1.53311609273080e+04
1.81000000000000e+00	1.73747349792948e+04
1.82000000000000e+00	1.97986438033956e+04
1.83000000000000e+00	2.25777665721760e+04
1.84000000000000e+00	2.56822668203900e+04
1.85000000000000e+00	2.90940362830375e+04
1.86000000000000e+00	3.28084087341053e+04
1.87000000000000e+00	3.68359799838865e+04
1.88000000000000e+00	4.11902422065801e+04
1.89000000000000e+00	4.58814186894138e+04
1.90000000000000e+00	5.09112742583856e+04
1.91000000000000e+00	5.62633725163528e+04
1.92000000000000e+00	6.19031135476386e+04
1.93000000000000e+00	6.77648016042478e+04
1.94000000000000e+00	7.37499944022452e+04
1.95000000000000e+00	7.97248159516485e+04
1.96000000000000e+00	8.55249783708316e+04
1.97000000000000e+00	9.09663141031305e+04
1.98000000000000e+00	9.58584321235594e+04
1.99000000000000e+00	1.00020091532999e+05
2.00000000000000e+00	1.03288701635436e+05
2.01000000000000e+00	1.05530822197426e+05
2.02000000000000e+00	1.06651541015891e+05
2.03000000000000e+00	1.06598598984122e+05
2.04000000000000e+00	1.05364052144761e+05
2.05000000000000e+00	1.02992449935346e+05
2.06000000000000e+00	9.95714513141090e+04
2.07000000000000e+00	9.52223956391024e+04
2.08000000000000e+00	9.00921682690330e+04
2.09000000000000e+00	8.43289802519814e+04
2.10000000000000e+00	7.80832798208001e+04
2.11000000000000e+00	7.15083001355212e+04
2.12000000000000e+00	6.47684662949032e+04
2.13000000000000e+00	5.80504960169038e+04
2.14000000000000e+00	5.15566658462142e+04
2.15000000000000e+00	4.54782043154166e+04
2.16000000000000e+00	3.99673504816550e+04
2.17000000000000e+00	3.51058714227178e+04
2.18000000000000e+00	3.09039875373162e+04
2.19000000000000e+00	2.73076843038478e+04
2.20000000000000e+00	2.42270766710364e+04
2.21000000000000e+00	2.15591137410554e+04
2.22000000000000e+00	1.92104255966437e+04
2.23000000000000e+00	1.71155767651811e+04
2.24000000000000e+00	1.52403564351905e+04
2.25000000000000e+00	1.35813679039009e+04
2.26000000000000e+00	1.21508493093647e+04
2.27000000000000e+00	1.09628071336367e+04
2.28000000000000e+00	1.00220069490296e+04
2.29000000000000e+00	9.32030049084783e+03
2.30000000000000e+00	8.83669569990613e+03
2.31000000000000e+00	8.53991682675049e+03
2.32000000000000e+00	8.38956665728847e+03
2.33000000000000e+00	8.33749410663509e+03
2.34000000000000e+00	8.32878695657143e+03
2.35000000000000e+00	8.30709410502546e+03
2.36000000000000e+00	8.22074815383533e+03
2.37000000000000e+00	8.03135980505593e+03
2.38000000000000e+00	7.71956567079641e+03
2.39000000000000e+00	7.28692997606640e+03
2.40000000000000e+00	6.75430195587527e+03
2.41000000000000e+00	6.15821370139556e+03
2.42000000000000e+00	5.54617989121321e+03
2.43000000000000e+00	4.96944109738416e+03
2.44000000000000e+00	4.47637576459702e+03
2.45000000000000e+00	4.10678115890580e+03
2.46000000000000e+00	3.88751992390944e+03
2.47000000000000e+00	3.83234497693679e+03
2.48000000000000e+00	3.94174057732505e+03
2.49000000000000e+00	4.20500174437886e+03
2.50000000000000e+00	4.60177998385142e+03
2.51000000000000e+00	5.10483187658916e+03
2.52000000000000e+00	5.68203487562062e+03
2.53000000000000e+00	6.29921392443417e+03
2.54000000000000e+00	6.92281112155778e+03
2.55000000000000e+00	7.52317304305149e+03
2.56000000000000e+00	8.07619021784582e+03
2.57000000000000e+00	8.56465398536000e+03
2.58000000000000e+00	8.97744221519022e+03
2.59000000000000e+00	9.30743999323325e+03
2.60000000000000e+00	9.54740669066153e+03
2.61000000000000e+00	9.68808543828275e+03
2.62000000000000e+00	9.71652111075646e+03
2.63000000000000e+00	9.61959551499075e+03
2.64000000000000e+00	9.39468551188580e+03
2.65000000000000e+00	9.05831133969337e+03
2.66000000000000e+00	8.65007081487675e+03
2.67000000000000e+00	8.22333359482854e+03
2.68000000000000e+00	7.82913556362097e+03
2.69000000000000e+00	7.50311816084931e+03
2.70000000000000e+00	7.25950715443729e+03
2.71000000000000e+00	7.09282976498696e+03
2.72000000000000e+00	6.98189573496999e+03
2.73000000000000e+00	6.89605837936217e+03
2.74000000000000e+00	6.80026913671476e+03
2.75000000000000e+00	6.66149741460609e+03
2.76000000000000e+00	6.45361139968906e+03
2.77000000000000e+00	6.16104558484259e+03
2.78000000000000e+00	5.77963204862911e+03
2.79000000000000e+00	5.31622026389701e+03
2.80000000000000e+00	4.78578289538641e+03
2.81000000000000e+00	4.20986848131439e+03
2.82000000000000e+00	3.61395239333830e+03
2.83000000000000e+00	3.02490488263356e+03
2.84000000000000e+00	2.46889991273039e+03
2.85000000000000e+00	1.96877144022629e+03
2.86000000000000e+00	1.54200947260594e+03
2.87000000000000e+00	1.19947219373382e+03
2.88000000000000e+00	9.44785590505247e+02
2.89000000000000e+00	7.74994872592600e+02
2.90000000000000e+00	6.81934127705260e+02
2.91000000000000e+00	6.54095292852271e+02
2.92000000000000e+00	6.78422196193347e+02
2.93000000000000e+00	7.41880423493540e+02
2.94000000000000e+00	8.32601201289663e+02
2.95000000000000e+00	9.40693670717201e+02
2.96000000000000e+00	1.05899037370989e+03
2.97000000000000e+00	1.18339765037857e+03
2.98000000000000e+00	1.31331120943614e+03
2.99000000000000e+00	1.45129339350325e+03
3.00000000000000e+00	1.60262670400018e+03
3.01000000000000e+00	1.77426442035711e+03
3.02000000000000e+00	1.97369118463749e+03
3.03000000000000e+00	2.20772272127928e+03
3.04000000000000e+00	2.48132158030852e+03
3.05000000000000e+00	2.79648940705034e+03
3.06000000000000e+00	3.15149348112872e+03
3.07000000000000e+00	3.54072328418166e+03
3.08000000000000e+00	3.95475763193920e+03
3.09000000000000e+00	4.38087257347101e+03
3.10000000000000e+00	4.80450636403444e+03
3.11000000000000e+00	5.20976687819114e+03
3.12000000000000e+00	5.58012476672758e+03
3.13000000000000e+00	5.89896850935731e+03
3.14000000000000e+00	6.14922765399275e+03
3.15000000000000e+00	6.31396848677954e+03
3.16000000000000e+00	6.37864293987044e+03
3.17000000000000e+00	6.33318248351813e+03
3.18000000000000e+00	6.17536543310333e+03
3.19000000000000e+00	5.91313161157698e+03
3.20000000000000e+00	5.56422539256596e+03
3.21000000000000e+00	5.15353816746190e+03
3.22000000000000e+00	4.70872886063252e+03
3.23000000000000e+00	4.25666731032123e+03
3.24000000000000e+00	3.82064388389450e+03
3.25000000000000e+00	3.41919553661833e+03
3.26000000000000e+00	3.06613549674968e+03
3.27000000000000e+00	2.77023453283546e+03
3.28000000000000e+00	2.53555959331802e+03
3.29000000000000e+00	2.36174621735904e+03
3.30000000000000e+00	2.24446742238174e+03
3.31000000000000e+00	2.17654252976741e+03
3.32000000000000e+00	2.14903320781335e+03
3.33000000000000e+00	2.15237552315463e+03
3.34000000000000e+00	2.17736315206828e+03
3.35000000000000e+00	2.21552609565167e+03
3.36000000000000e+00	2.25954222665730e+03
3.37000000000000e+00	2.30335559470446e+03
3.38000000000000e+00	2.34234915823425e+03
3.39000000000000e+00	2.37356876504247e+03
3.40000000000000e+00	2.39608696304361e+03
3.41000000000000e+00	2.41073152329540e+03
3.42000000000000e+00	2.42014948106849e+03
3.43000000000000e+00	2.42821249611826e+03
3.44000000000000e+00	2.43970871695111e+03
3.45000000000000e+00	2.45973210299443e+03
3.46000000000000e+00	2.49343824688212e+03
3.47000000000000e+00	2.54583186057878e+03
3.48000000000000e+00	2.62165577845373e+03
3.49000000000000e+00	2.72552328254995e+03
3.50000000000000e+00	2.86180023764115e+03
3.51000000000000e+00	3.03496179122967e+03
3.52000000000000e+00	3.24955775467918e+03
3.53000000000000e+00	3.51027363889182e+03
3.54000000000000e+00	3.82165387361771e+03
3.55000000000000e+00	4.18776459080490e+03
3.56000000000000e+00	4.61134865978998e+03
3.57000000000000e+00	5.09303193477417e+03
3.58000000000000e+00	5.63035467434231e+03
3.59000000000000e+00	6.21665355987705e+03
3.60000000000000e+00	6.84043285076303e+03
3.61000000000000e+00	7.48423248098216e+03
3.62000000000000e+00	8.12447640919111e+03
3.63000000000000e+00	8.73168160080068e+03
3.64000000000000e+00	9.27177151562056e+03
3.65000000000000e+00	9.70882419008931e+03
3.66000000000000e+00	1.00088715045972e+04
3.67000000000000e+00	1.01443806606159e+04
3.68000000000000e+00	1.00981276913287e+04
3.69000000000000e+00	9.86601685382833e+03
3.70000000000000e+00	9.45714081982840e+03
3.71000000000000e+00	8.89281526990807e+03
3.72000000000000e+00	8.20373253666525e+03
3.73000000000000e+00	7.42677216586764e+03
3.74000000000000e+00	6.60095788367053e+03
3.75000000000000e+00	5.76400130594663e+03
3.76000000000000e+00	4.94884853522307e+03
3.77000000000000e+00	4.18130069522224e+03
3.78000000000000e+00	3.47921657669042e+03
3.79000000000000e+00	2.85259403388400e+03
3.80000000000000e+00	2.30505517624039e+03
3.81000000000000e+00	1.83556470096874e+03
3.82000000000000e+00	1.44004462556928e+03
3.83000000000000e+00	1.11263141479891e+03
3.84000000000000e+00	8.46508836783034e+02
3.85000000000000e+00	6.34488106828998e+02
3.86000000000000e+00	4.69292365332448e+02
3.87000000000000e+00	3.43748146489839e+02
3.88000000000000e+00	2.50977696124095e+02
3.89000000000000e+00	1.84567303961509e+02
3.90000000000000e+00	1.38732428291019e+02
3.91000000000000e+00	1.08461174101574e+02
3.92000000000000e+00	8.96061541854987e+01
3.93000000000000e+00	7.88900562487321e+01
3.94000000000000e+00	7.38321010350417e+01
3.95000000000000e+00	7.26081569777895e+01
3.96000000000000e+00	7.38863977725671e+01
3.97000000000000e+00	7.66773069902705e+01
3.98000000000000e+00	8.02461482783984e+01
3.99000000000000e+00	8.41232384541026e+01
4.00000000000000e+00	8.82288069969466e+01
4.01000000000000e+00	9.31026362199484e+01
4.02000000000000e+00	1.00221446087088e+02
4.03000000000000e+00	1.12316182344779e+02
4.04000000000000e+00	1.33576144885543e+02
4.05000000000000e+00	1.69564598560288e+02
4.06000000000000e+00	2.26709261959263e+02
4.07000000000000e+00	3.11300585425640e+02
4.08000000000000e+00	4.28144105806137e+02
4.09000000000000e+00	5.79186305037827e+02
4.10000000000000e+00	7.62527879236847e+02
4.11000000000000e+00	9.72161623287772e+02
4.12000000000000e+00	1.19855238126573e+03
4.13000000000000e+00	1.43003973854244e+03
4.14000000000000e+00	1.65438391983987e+03
4.15000000000000e+00	1.86051272440762e+03
4.16000000000000e+00	2.03959248106072e+03
4.17000000000000e+00	2.18552103458817e+03
4.18000000000000e+00	2.29503040415018e+03
4.19000000000000e+00	2.36705253692284e+03
4.20000000000000e+00	2.40219750009887e+03
4.21000000000000e+00	2.40215726767048e+03
4.22000000000000e+00	2.36954946888239e+03
4.23000000000000e+00	2.30759691890246e+03
4.24000000000000e+00	2.22008354645325e+03
4.25000000000000e+00	2.11144896071195e+03
4.26000000000000e+00	1.98646782816134e+03
4.27000000000000e+00	1.85021936913663e+03
4.28000000000000e+00	1.70775890069299e+03
4.29000000000000e+00	1.56394269032220e+03
4.30000000000000e+00	1.42311595534731e+03
4.31000000000000e+00	1.28904080626690e+03
4.32000000000000e+00	1.16498177329227e+03
4.33000000000000e+00	1.05379566550676e+03
4.34000000000000e+00	9.58169396245604e+02
4.35000000000000e+00	8.80835633630365e+02
4.36000000000000e+00	8.24553278514265e+02
4.37000000000000e+00	7.92026026127803e+02
4.38000000000000e+00	7.85703618658498e+02
4.39000000000000e+00	8.07290245034326e+02
4.40000000000000e+00	8.57476292842706e+02
4.41000000000000e+00	9.35491983649476e+02
4.42000000000000e+00	1.03890697502459e+03
4.43000000000000e+00	1.16356330462446e+03
4.44000000000000e+00	1.30379128910194e+03
4.45000000000000e+00	1.45275579051106e+03
4.46000000000000e+00	1.60304088271648e+03
4.47000000000000e+00	1.74728742729099e+03
4.48000000000000e+00	1.87892931041476e+03
4.49000000000000e+00	1.99265578147502e+03
4.50000000000000e+00	2.08489601958066e+03
4.51000000000000e+00	2.15401646181585e+03
4.52000000000000e+00	2.20050317796623e+03
4.53000000000000e+00	2.22685710013229e+03
4.54000000000000e+00	2.23750281255443e+03
4.55000000000000e+00	2.23856926243411e+03
4.56000000000000e+00	2.23764088655622e+03
4.57000000000000e+00	2.24381323648927e+03
4.58000000000000e+00	2.26761757368380e+03
4.59000000000000e+00	2.32135763471072e+03
4.60000000000000e+00	2.41973252712243e+03
4.61000000000000e+00	2.58049216611975e+03
4.62000000000000e+00	2.82544764949033e+03
4.63000000000000e+00	3.18170808955803e+03
4.64000000000000e+00	3.68282465501156e+03
4.65000000000000e+00	4.36990209223982e+03
4.66000000000000e+00	5.29264384771876e+03
4.67000000000000e+00	6.50990078708302e+03
4.68000000000000e+00	8.09003515273102e+03
4.69000000000000e+00	1.01099681375149e+04
4.70000000000000e+00	1.26535476964100e+04
4.71000000000000e+00	1.58065026819930e+04
4.72000000000000e+00	1.96484716206881e+04
4.73000000000000e+00	2.42396115108821e+04
4.74000000000000e+00	2.96039797046338e+04
4.75000000000000e+00	3.57080983633919e+04
4.76000000000000e+00	4.24414549514874e+04
4.77000000000000e+00	4.96047629339897e+04
4.78000000000000e+00	5.69061391058037e+04
4.79000000000000e+00	6.39805470768328e+04
4.80000000000000e+00	7.04208518062334e+04
4.81000000000000e+00	7.58271291232188e+04
4.82000000000000e+00	7.98597723619939e+04
4.83000000000000e+00	8.22846616141684e+04
4.84000000000000e+00	8.30050395075945e+04
4.85000000000000e+00	8.20671006759795e+04
4.86000000000000e+00	7.96427211692825e+04
4.87000000000000e+00	7.59902908192059e+04
4.88000000000000e+00	7.14117861659852e+04
4.89000000000000e+00	6.62119812887382e+04
4.90000000000000e+00	6.06722070043751e+04
4.91000000000000e+00	5.50309975690079e+04
4.92000000000000e+00	4.94846130630393e+04
4.93000000000000e+00	4.41861156583003e+04
4.94000000000000e+00	3.92499990369560e+04
4.95000000000000e+00	3.47588752336240e+04
4.96000000000000e+00	3.07632171412476e+04
4.97000000000000e+00	2.72888668196822e+04
4.98000000000000e+00	2.43358811387368e+04
4.99000000000000e+00	2.18835109449319e+04
5.00000000000000e+00	1.98943016435672e+04
5.01000000000000e+00	1.83165264003437e+04
5.02000000000000e+00	1.70905808479581e+04
5.03000000000000e+00	1.61516604876419e+04
5.04000000000000e+00	1.54347421152697e+04
5.05000000000000e+00	1.48777686154808e+04
5.06000000000000e+00	1.44250255799550e+04
5.07000000000000e+00	1.40285739860952e+04
5.08000000000000e+00	1.36502431160084e+04
5.09000000000000e+00	1.32615394360263e+04
5.10000000000000e+00	1.28435396538968e+04
5.11000000000000e+00	1.23866775740002e+04
5.12000000000000e+00	1.18888547902343e+04
5.13000000000000e+00	1.13547850056252e+04
5.14000000000000e+00	1.07935437376671e+04
5.15000000000000e+00	1.02166536868289e+04
5.16000000000000e+00	9.63639531558000e+03
5.17000000000000e+00	9.06439535144943e+03
5.18000000000000e+00	8.51039485253323e+03
5.19000000000000e+00	7.98155759229413e+03
5.20000000000000e+00	7.48245910016983e+03
5.21000000000000e+00	7.01504388831604e+03
5.22000000000000e+00	6.57874178098956e+03
5.23000000000000e+00	6.17121989586049e+03
5.24000000000000e+00	5.78853385275601e+03
5.25000000000000e+00	5.42598598983910e+03
5.26000000000000e+00	5.07858841874825e+03
5.27000000000000e+00	4.74192509431636e+03
5.28000000000000e+00	4.41279728920764e+03
5.29000000000000e+00	4.08929729205142e+03
5.30000000000000e+00	3.77150714240017e+03
5.31000000000000e+00	3.46097255103773e+03
5.32000000000000e+00	3.16053924636701e+03
5.33000000000000e+00	2.87386781674289e+03
5.34000000000000e+00	2.60473796245473e+03
5.35000000000000e+00	2.35677358633768e+03
5.36000000000000e+00	2.13301985719860e+03
5.37000000000000e+00	1.93587190532707e+03
5.38000000000000e+00	1.76702240580945e+03
5.39000000000000e+00	1.62765414763217e+03
5.40000000000000e+00	1.51859147774082e+03
5.41000000000000e+00	1.44042673653195e+03
5.42000000000000e+00	1.39379235594449e+03
5.43000000000000e+00	1.37937220616551e+03
5.44000000000000e+00	1.39791434991039e+03
5.45000000000000e+00	1.45008534615817e+03
5.46000000000000e+00	1.53623996906507e+03
5.47000000000000e+00	1.65599664132593e+03
5.48000000000000e+00	1.80795872828438e+03
5.49000000000000e+00	1.98936102644108e+03
5.50000000000000e+00	2.19581698907642e+03
5.51000000000000e+00	2.42151566049638e+03
5.52000000000000e+00	2.65942022897610e+03
5.53000000000000e+00	2.90179597760730e+03
5.54000000000000e+00	3.14077791789764e+03
5.55000000000000e+00	3.36892772760314e+03
5.56000000000000e+00	3.57964740669287e+03
5.57000000000000e+00	3.76757888431510e+03
5.58000000000000e+00	3.92867963347554e+03
5.59000000000000e+00	4.06056634603732e+03
5.60000000000000e+00	4.16222533096322e+03
5.61000000000000e+00	4.23440041793780e+03
5.62000000000000e+00	4.27886261229584e+03
5.63000000000000e+00	4.29892609661775e+03
5.64000000000000e+00	4.29808214991088e+03
5.65000000000000e+00	4.28077011268598e+03
5.66000000000000e+00	4.25117070484795e+03
5.67000000000000e+00	4.21365695457230e+03
5.68000000000000e+00	4.17180737520388e+03
5.69000000000000e+00	4.12870720167784e+03
5.70000000000000e+00	4.08683159835435e+03
5.71000000000000e+00	4.04787539843019e+03
5.72000000000000e+00	4.01269527388612e+03
5.73000000000000e+00	3.98145604382474e+03
5.74000000000000e+00	3.95327762921187e+03
5.75000000000000e+00	3.92668962930337e+03
5.76000000000000e+00	3.89953970087298e+03
5.77000000000000e+00	3.86940571050720e+03
5.78000000000000e+00	3.83372557473998e+03
5.79000000000000e+00	3.79014133146658e+03
5.80000000000000e+00	3.73675743371747e+03
5.81000000000000e+00	3.67215753769708e+03
5.82000000000000e+00	3.59542702078900e+03
5.83000000000000e+00	3.50628968737786e+03
5.84000000000000e+00	3.40493216369010e+03
5.85000000000000e+00	3.29227991256627e+03
5.86000000000000e+00	3.16981784220791e+03
5.87000000000000e+00	3.03967167328528e+03
5.88000000000000e+00	2.90462501425424e+03
5.89000000000000e+00	2.76771055347761e+03
5.90000000000000e+00	2.63238242248816e+03
5.91000000000000e+00	2.50197137603683e+03
5.92000000000000e+00	2.37964662349553e+03
5.93000000000000e+00	2.26822048576022e+03
5.94000000000000e+00	2.17023778902875e+03
5.95000000000000e+00	2.08789070756741e+03
5.96000000000000e+00	2.02316619125813e+03
5.97000000000000e+00	1.97789218103834e+03
5.98000000000000e+00	1.95370845077927e+03
5.99000000000000e+00	1.95199051206161e+03
6.00000000000000e+00	1.97372834038522e+03
6.01000000000000e+00	2.01950764579979e+03
6.02000000000000e+00	2.08937220797713e+03
6.03000000000000e+00	2.18272618360820e+03
6.04000000000000e+00	2.29840850130858e+03
6.05000000000000e+00	2.43469117451213e+03
6.06000000000000e+00	2.58935903812540e+03
6.07000000000000e+00	2.75986614732540e+03
6.08000000000000e+00	2.94344638148473e+03
6.09000000000000e+00	3.13734705780489e+03
6.10000000000000e+00	3.33897267399850e+03
6.11000000000000e+00	3.54621663926157e+03
6.12000000000000e+00	3.75765838971291e+03
6.13000000000000e+00	3.97278815983825e+03
6.14000000000000e+00	4.19202197143356e+03
6.15000000000000e+00	4.41705104161417e+03
6.16000000000000e+00	4.65042179452923e+03
6.17000000000000e+00	4.89554037547065e+03
6.18000000000000e+00	5.15669979609052e+03
6.19000000000000e+00	5.43813308051635e+03
6.20000000000000e+00	5.74406420635027e+03
6.21000000000000e+00	6.07738018291804e+03
6.22000000000000e+00	6.43915618677974e+03
6.23000000000000e+00	6.82744294346471e+03
6.24000000000000e+00	7.23682568321647e+03
6.25000000000000e+00	7.65770874258546e+03
6.26000000000000e+00	8.07649938161730e+03
6.27000000000000e+00	8.47579226965627e+03
6.28000000000000e+00	8.83450874367042e+03
6.29000000000000e+00	9.12928548105532e+03
6.30000000000000e+00	9.33490716107505e+03
6.31000000000000e+00	9.42567869895250e+03
6.32000000000000e+00	9.37769170150439e+03
6.33000000000000e+00	9.17201145129691e+03
6.34000000000000e+00	8.79724483060731e+03
6.35000000000000e+00	8.25412546397760e+03
6.36000000000000e+00	7.55688293114042e+03
6.37000000000000e+00	6.73368080444488e+03
6.38000000000000e+00	5.82497315030541e+03
6.39000000000000e+00	4.87881214372259e+03
6.40000000000000e+00	3.94500123002979e+03
6.41000000000000e+00	3.06923957556068e+03
6.42000000000000e+00	2.28785507897577e+03
6.43000000000000e+00	1.62485688261373e+03
6.44000000000000e+00	1.09109336078930e+03
6.45000000000000e+00	6.85614738189955e+02
6.46000000000000e+00	3.98491430634025e+02
6.47000000000000e+00	2.14015647491683e+02
6.48000000000000e+00	1.13773441249539e+02
6.49000000000000e+00	7.90672630298191e+01
6.50000000000000e+00	9.25217095538879e+01
6.51000000000000e+00	1.39001518900222e+02
6.52000000000000e+00	2.05971239420118e+02
6.53000000000000e+00	2.83503906069048e+02
6.54000000000000e+00	3.64047090412260e+02
6.55000000000000e+00	4.42129851750906e+02
6.56000000000000e+00	5.14026645476294e+02
6.57000000000000e+00	5.77428127140895e+02
6.58000000000000e+00	6.31212685272436e+02
6.59000000000000e+00	6.75195622248859e+02
6.60000000000000e+00	7.09906249949438e+02
6.61000000000000e+00	7.36385788157996e+02
6.62000000000000e+00	7.56000752063456e+02
6.63000000000000e+00	7.70277799490190e+02
6.64000000000000e+00	7.80800136221644e+02
6.65000000000000e+00	7.89071817573186e+02
6.66000000000000e+00	7.96450093506475e+02
6.67000000000000e+00	8.04058078676505e+02
6.68000000000000e+00	8.12736029670943e+02
6.69000000000000e+00	8.22961049744475e+02
6.70000000000000e+00	8.34856361044818e+02
6.71000000000000e+00	8.48217649977226e+02
6.72000000000000e+00	8.62535154698122e+02
6.73000000000000e+00	8.77101690971745e+02
6.74000000000000e+00	8.91059350666608e+02
6.75000000000000e+00	9.03539601262514e+02
6.76000000000000e+00	9.13739739587600e+02
6.77000000000000e+00	9.21000149949978e+02
6.78000000000000e+00	9.24876146745166e+02
6.79000000000000e+00	9.25237074173732e+02
6.80000000000000e+00	9.22271321085839e+02
6.81000000000000e+00	9.16562888254194e+02
6.82000000000000e+00	9.09058216977950e+02
6.83000000000000e+00	9.01121693793185e+02
6.84000000000000e+00	8.94465588873483e+02
6.85000000000000e+00	8.91111309182111e+02
6.86000000000000e+00	8.93315166582839e+02
6.87000000000000e+00	9.03530049671837e+02
6.88000000000000e+00	9.24195956200850e+02
6.89000000000000e+00	9.57633356989938e+02
6.90000000000000e+00	1.00586289806990e+03
6.91000000000000e+00	1.07034502027196e+03
6.92000000000000e+00	1.15179578542722e+03
6.93000000000000e+00	1.24997806645385e+03
6.94000000000000e+00	1.36351249657935e+03
6.95000000000000e+00	1.48974707811072e+03
6.96000000000000e+00	1.62483308988631e+03
6.97000000000000e+00	1.76368086430999e+03
6.98000000000000e+00	1.90027473576856e+03
6.99000000000000e+00	2.02786212133723e+03
7.00000000000000e+00	2.13928091744252e+03
7.01000000000000e+00	2.22736596588482e+03
7.02000000000000e+00	2.28540551272514e+03
7.03000000000000e+00	2.30752754140657e+03
7.04000000000000e+00	2.28938236326287e+03
7.05000000000000e+00	2.22855383261108e+03
7.06000000000000e+00	2.12527417441922e+03
7.07000000000000e+00	1.98274052383167e+03
7.08000000000000e+00	1.80703916120597e+03
7.09000000000000e+00	1.60696371565877e+03
7.10000000000000e+00	1.39310677257104e+03
7.11000000000000e+00	1.17667817432115e+03
7.12000000000000e+00	9.68206813601221e+02
7.13000000000000e+00	7.76462629647344e+02
7.14000000000000e+00	6.07658454630211e+02
7.15000000000000e+00	4.65189736782507e+02
7.16000000000000e+00	3.49847772589248e+02
7.17000000000000e+00	2.60290668606865e+02
7.18000000000000e+00	1.93711169378806e+02
7.19000000000000e+00	1.46466569898123e+02
7.20000000000000e+00	1.14636872024479e+02
7.21000000000000e+00	9.44288015437693e+01
7.22000000000000e+00	8.24609769620477e+01
7.23000000000000e+00	7.59065316729676e+01
7.24000000000000e+00	7.25485221164930e+01
7.25000000000000e+00	7.07648192952861e+01
7.26000000000000e+00	6.94645786243794e+01
7.27000000000000e+00	6.79979921639199e+01
7.28000000000000e+00	6.60529610996130e+01
7.29000000000000e+00	6.35520995848913e+01
7.30000000000000e+00	6.05559955587400e+01
7.31000000000000e+00	5.71791894130443e+01
7.32000000000000e+00	5.35320105790573e+01
7.33000000000000e+00	4.96827660633902e+01
7.34000000000000e+00	4.56393477737750e+01
7.35000000000000e+00	4.13574283603016e+01
7.36000000000000e+00	3.67631575884347e+01
7.37000000000000e+00	3.17934379522798e+01
7.38000000000000e+00	2.64406298037349e+01
7.39000000000000e+00	2.08060467865685e+01
7.40000000000000e+00	1.51543076014108e+01
7.41000000000000e+00	9.96466969548473e+00
7.42000000000000e+00	5.97586208903907e+00
7.43000000000000e+00	4.21561859616571e+00
7.44000000000000e+00	6.00797592209465e+00
7.45000000000000e+00	1.29487201047752e+01
7.46000000000000e+00	2.68346628296311e+01
7.47000000000000e+00	4.95374336780140e+01
7.48000000000000e+00	8.28175694430251e+01
7.49000000000000e+00	1.28084678988179e+02
7.50000000000000e+00	1.86127901568941e+02
7.51000000000000e+00	2.56858096465076e+02
7.52000000000000e+00	3.39122832886978e+02
7.53000000000000e+00	4.30618038854575e+02
7.54000000000000e+00	5.28034038842150e+02
7.55000000000000e+00	6.27272737098342e+02
7.56000000000000e+00	7.23920068945145e+02
7.57000000000000e+00	8.13667423728076e+02
7.58000000000000e+00	8.92817972855967e+02
7.59000000000000e+00	9.58662494662881e+02
7.60000000000000e+00	1.00955621587779e+03
7.61000000000000e+00	1.04501161003232e+03
7.62000000000000e+00	1.06548463955849e+03
7.63000000000000e+00	1.07212847188482e+03
7.64000000000000e+00	1.06648609848199e+03
7.65000000000000e+00	1.05022234460591e+03
7.66000000000000e+00	1.02491679252696e+03
7.67000000000000e+00	9.91981862388065e+02
7.68000000000000e+00	9.52493450292717e+02
7.69000000000000e+00	9.07257255888411e+02
7.70000000000000e+00	8.56898633417637e+02
7.71000000000000e+00	8.01885302468781e+02
7.72000000000000e+00	7.42731385639640e+02
7.73000000000000e+00	6.80101137520913e+02
7.74000000000000e+00	6.15012930480827e+02
7.75000000000000e+00	5.48839693302581e+02
7.76000000000000e+00	4.83502562811832e+02
7.77000000000000e+00	4.21485176666175e+02
7.78000000000000e+00	3.65905723671371e+02
7.79000000000000e+00	3.20517226928266e+02
7.80000000000000e+00	2.89670096889799e+02
7.81000000000000e+00	2.78110536236489e+02
7.82000000000000e+00	2.90644379861514e+02
7.83000000000000e+00	3.31640963431621e+02
7.84000000000000e+00	4.04432437477447e+02
7.85000000000000e+00	5.10645940911714e+02
7.86000000000000e+00	6.49631446152922e+02
7.87000000000000e+00	8.18097740749746e+02
7.88000000000000e+00	1.01006745988622e+03
7.89000000000000e+00	1.21724451678524e+03
7.90000000000000e+00	1.42986731327754e+03
7.91000000000000e+00	1.63753804058739e+03
7.92000000000000e+00	1.83052392291314e+03
7.93000000000000e+00	2.00056104505038e+03
7.94000000000000e+00	2.14145992704527e+03
7.95000000000000e+00	2.24963459528765e+03
7.96000000000000e+00	2.32380715745661e+03
7.97000000000000e+00	2.36492282078483e+03
7.98000000000000e+00	2.37562709835327e+03
7.99000000000000e+00	2.36002532492152e+03
8.00000000000000e+00	2.32287893934595e+03
8.01000000000000e+00	2.26941867529514e+03
8.02000000000000e+00	2.20484284877572e+03
8.03000000000000e+00	2.13390448146652e+03
8.04000000000000e+00	2.06064645894186e+03
8.05000000000000e+00	1.98836498597082e+03
8.06000000000000e+00	1.91935561823168e+03
8.07000000000000e+00	1.85512992886167e+03
8.08000000000000e+00	1.79640836662851e+03
8.09000000000000e+00	1.74325577136285e+03
8.10000000000000e+00	1.69533460940592e+03
8.11000000000000e+00	1.65197630540690e+03
8.12000000000000e+00	1.61227813656065e+03
8.13000000000000e+00	1.57537838301825e+03
8.14000000000000e+00	1.54032241298005e+03
8.15000000000000e+00	1.50633299715976e+03
8.16000000000000e+00	1.47267545235783e+03
8.17000000000000e+00	1.43878810688617e+03
8.18000000000000e+00	1.40435358109022e+03
8.19000000000000e+00	1.36914824581311e+03
8.20000000000000e+00	1.33310071342863e+03
8.21000000000000e+00	1.29637994250102e+03
8.22000000000000e+00	1.25925032902706e+03
8.23000000000000e+00	1.22203084911423e+03
8.24000000000000e+00	1.18518456202190e+03
8.25000000000000e+00	1.14914738481213e+03
8.26000000000000e+00	1.11427466732901e+03
8.27000000000000e+00	1.08090470745079e+03
8.28000000000000e+00	1.04921962100423e+03
8.29000000000000e+00	1.01933756205943e+03
8.30000000000000e+00	9.91312680618850e+02
8.31000000000000e+00	9.65122827166571e+02
8.32000000000000e+00	9.40712369887862e+02
8.33000000000000e+00	9.18043245271349e+02
8.34000000000000e+00	8.97035449157594e+02
8.35000000000000e+00	8.77603320372258e+02
8.36000000000000e+00	8.59665630576148e+02
8.37000000000000e+00	8.43120933014297e+02
8.38000000000000e+00	8.27830243648082e+02
8.39000000000000e+00	8.13679233543662e+02
8.40000000000000e+00	8.00525754581858e+02
8.41000000000000e+00	7.88247857594690e+02
8.42000000000000e+00	7.76709646406901e+02
8.43000000000000e+00	7.65824854548251e+02
8.44000000000000e+00	7.55534125879675e+02
8.45000000000000e+00	7.45820566967718e+02
8.46000000000000e+00	7.36713543796655e+02
8.47000000000000e+00	7.28344047656914e+02
8.48000000000000e+00	7.20933693731294e+02
8.49000000000000e+00	7.14817820272888e+02
8.50000000000000e+00	7.10458659451924e+02
8.51000000000000e+00	7.08432751338076e+02
8.52000000000000e+00	7.09315794723319e+02
8.53000000000000e+00	7.13686154787926e+02
8.54000000000000e+00	7.22025166354791e+02
8.55000000000000e+00	7.34592608237253e+02
8.56000000000000e+00	7.51414777300121e+02
8.57000000000000e+00	7.72233627072673e+02
8.58000000000000e+00	7.96490121928236e+02
8.59000000000000e+00	8.23316821644667e+02
8.60000000000000e+00	8.51679163487361e+02
8.61000000000000e+00	8.80348233223875e+02
8.62000000000000e+00	9.08081645620675e+02
8.63000000000000e+00	9.33702578041463e+02
8.64000000000000e+00	9.56187114046834e+02
8.65000000000000e+00	9.74797905927764e+02
8.66000000000000e+00	9.89046621447576e+02
8.67000000000000e+00	9.98791349840199e+02
8.68000000000000e+00	1.00421777380860e+03
8.69000000000000e+00	1.00574211057209e+03
8.70000000000000e+00	1.00403970663880e+03
8.71000000000000e+00	9.99826516677580e+02
8.72000000000000e+00	9.93918346445857e+02
8.73000000000000e+00	9.87066902212660e+02
8.74000000000000e+00	9.79910621859902e+02
8.75000000000000e+00	9.72906171988314e+02
8.76000000000000e+00	9.66392564450126e+02
8.77000000000000e+00	9.60476987943100e+02
8.78000000000000e+00	9.55183269911365e+02
8.79000000000000e+00	9.50382496120469e+02
8.80000000000000e+00	9.45961920792279e+02
8.81000000000000e+00	9.41736187835379e+02
8.82000000000000e+00	9.37556902003858e+02
8.83000000000000e+00	9.33313930234170e+02
8.84000000000000e+00	9.28883675547778e+02
8.85000000000000e+00	9.24238669103159e+02
8.86000000000000e+00	9.19344754523149e+02
8.87000000000000e+00	9.14161763408939e+02
8.88000000000000e+00	9.08736385333040e+02
8.89000000000000e+00	9.03103219396994e+02
8.90000000000000e+00	8.97311431894140e+02
8.91000000000000e+00	8.91447980421111e+02
8.92000000000000e+00	8.85544986274135e+02
8.93000000000000e+00	8.79755497643216e+02
8.94000000000000e+00	8.74108724104733e+02
8.95000000000000e+00	8.68701294897901e+02
8.96000000000000e+00	8.63581023358459e+02
8.97000000000000e+00	8.58787067977813e+02
8.98000000000000e+00	8.54311019492628e+02
8.99000000000000e+00	8.50156751625737e+02
9.00000000000000e+00	8.46331525754710e+02
9.01000000000000e+00	8.42899283242512e+02
9.02000000000000e+00	8.39891961073497e+02
9.03000000000000e+00	8.37346085526233e+02
9.04000000000000e+00	8.35325670980659e+02
9.05000000000000e+00	8.33761506079243e+02
9.06000000000000e+00	8.32623140747768e+02
9.07000000000000e+00	8.31794268924311e+02
9.08000000000000e+00	8.31140729125545e+02
9.09000000000000e+00	8.30538472196783e+02
9.10000000000000e+00	8.29891133638906e+02
9.11000000000000e+00	8.29089759639143e+02
9.12000000000000e+00	8.28071634136501e+02
9.13000000000000e+00	8.26754456154747e+02
9.14000000000000e+00	8.25128570514876e+02
9.15000000000000e+00	8.23133594018447e+02
9.16000000000000e+00	8.20771983916675e+02
9.17000000000000e+00	8.18057917563180e+02
9.18000000000000e+00	8.15014925872360e+02
9.19000000000000e+00	8.11709812847255e+02
9.20000000000000e+00	8.08198157292638e+02
9.21000000000000e+00	8.04567665628170e+02
9.22000000000000e+00	8.00887831997247e+02
9.23000000000000e+00	7.97247800052360e+02
9.24000000000000e+00	7.93686737251202e+02
9.25000000000000e+00	7.90228879743430e+02
9.26000000000000e+00	7.86882332638801e+02
9.27000000000000e+00	7.83644848727790e+02
9.28000000000000e+00	7.80511343215993e+02
9.29000000000000e+00	7.77471030775849e+02
9.30000000000000e+00	7.74496838658215e+02
9.31000000000000e+00	7.71603817791464e+02
9.32000000000000e+00	7.68769628081830e+02
9.33000000000000e+00	7.66032566518143e+02
9.34000000000000e+00	7.63382247611288e+02
9.35000000000000e+00	7.60824403998662e+02
9.36000000000000e+00	7.58386876258671e+02
9.37000000000000e+00	7.56067579494429e+02
9.38000000000000e+00	7.53877142801152e+02
9.39000000000000e+00	7.51850822476107e+02
9.40000000000000e+00	7.49961239754623e+02
9.41000000000000e+00	7.48256895271826e+02
9.42000000000000e+00	7.46723134704754e+02
9.43000000000000e+00	7.45362773180828e+02
9.44000000000000e+00	7.44173389700663e+02
9.45000000000000e+00	7.43119369504666e+02
9.46000000000000e+00	7.42201081220550e+02
9.47000000000000e+00	7.41360888201180e+02
9.48000000000000e+00	7.40611418676286e+02
9.49000000000000e+00	7.39932979729443e+02
9.50000000000000e+00	7.39333217582473e+02
9.51000000000000e+00	7.38803315182932e+02
9.52000000000000e+00	7.38317934650171e+02
9.53000000000000e+00	7.37835076772883e+02
9.54000000000000e+00	7.37281767471756e+02
9.55000000000000e+00	7.36590168850560e+02
9.56000000000000e+00	7.35734348376371e+02
9.57000000000000e+00	7.34767906528060e+02
9.58000000000000e+00	7.33820883462042e+02
9.59000000000000e+00	7.33072520926787e+02
9.60000000000000e+00	7.32686153100306e+02
9.61000000000000e+00	7.32762909564278e+02
9.62000000000000e+00	7.33302734039285e+02
9.63000000000000e+00	7.34231509606873e+02
9.64000000000000e+00	7.35411317819799e+02
9.65000000000000e+00	7.36702989340518e+02
9.66000000000000e+00	7.37995583604008e+02
9.67000000000000e+00	7.39217799957834e+02
9.68000000000000e+00	7.40334188356842e+02
9.69000000000000e+00	7.41325921859389e+02
9.70000000000000e+00	7.42187863762293e+02
9.71000000000000e+00	7.42932348834099e+02
9.72000000000000e+00	7.43547151578047e+02
9.73000000000000e+00	7.44044407157811e+02
9.74000000000000e+00	7.44425437316284e+02
9.75000000000000e+00	7.44690203071329e+02
9.76000000000000e+00	7.44850252677240e+02
9.77000000000000e+00	7.44897495509921e+02
9.78000000000000e+00	7.44834986796185e+02
9.79000000000000e+00	7.44680858004998e+02
9.80000000000000e+00	7.44438036729509e+02
9.81000000000000e+00	7.44123970084289e+02
9.82000000000000e+00	7.43762317225388e+02
9.83000000000000e+00	7.43355510359757e+02
9.84000000000000e+00	7.42911239103458e+02
9.85000000000000e+00	7.42433118187159e+02
9.86000000000000e+00	7.41918555567231e+02
9.87000000000000e+00	7.41401515515683e+02
9.88000000000000e+00	7.40991774486185e+02
9.89000000000000e+00	7.41031471659087e+02
9.90000000000000e+00	7.42383838531604e+02
9.91000000000000e+00	7.46964119306388e+02
9.92000000000000e+00	7.58592121396356e+02
9.93000000000000e+00	7.84203995470744e+02
9.94000000000000e+00	8.35705562885815e+02
9.95000000000000e+00	9.33627511525545e+02
9.96000000000000e+00	1.11525927379800e+03
9.97000000000000e+00	1.45455621494005e+03
9.98000000000000e+00	2.11270015068761e+03
9.99000000000000e+00	3.47456628416584e+03
1.00000000000000e+01	6.54906000234186e+03
1.00100000000000e+01	1.41089137248423e+04
1.00200000000000e+01	3.07761562390317e+04
1.00300000000000e+01	3.83609532806901e+04
1.00400000000000e+01	1.77738551884824e+04
1.00500000000000e+01	5.99795790079517e+03
1.00600000000000e+01	2.13378674861895e+03
1.00700000000000e+01	8.49860781514453e+02
1.00800000000000e+01	3.77304094913615e+02
1.00900000000000e+01	1.83730066860381e+02
1.01000000000000e+01	9.65692454545953e+01
1.01100000000000e+01	5.40540492361696e+01
1.01200000000000e+01	3.18782313399880e+01
1.01300000000000e+01	1.96416655848725e+01
1.01400000000000e+01	1.25598276364073e+01
1.01500000000000e+01	8.29104421422692e+00
1.01600000000000e+01	5.62595244810749e+00
1.01700000000000e+01	3.91049106984780e+00
1.01800000000000e+01	2.77629316510431e+00
1.01900000000000e+01	2.00844466122021e+00
1.02000000000000e+01	1.47756582410508e+00
1.02100000000000e+01	1.10350917134292e+00
1.02200000000000e+01	8.35451587030087e-01
1.02300000000000e+01	6.40370718287734e-01
1.02400000000000e+01	4.96404976848662e-01
1.02500000000000e+01	3.88799094661525e-01
1.02600000000000e+01	3.07421401795142e-01
1.02700000000000e+01	2.45213903390572e-01
1.02800000000000e+01	1.97188298127705e-01
1.02900000000000e+01	1.59768106689141e-01
1.03000000000000e+01	1.30361485559373e-01
1.03100000000000e+01	1.07066987506898e-01
1.03200000000000e+01	8.84772265045849e-02
1.03300000000000e+01	7.35384215155822e-02
1.03400000000000e+01	6.14537636874210e-02
1.03500000000000e+01	5.16181497594093e-02
1.03600000000000e+01	4.35657054096931e-02
1.03700000000000e+01	3.69371099109587e-02
1.03800000000000e+01	3.14517979507036e-02
1.03900000000000e+01	2.68902917993915e-02
1.04000000000000e+01	2.30790041297526e-02
1.04100000000000e+01	1.98803549430722e-02
1.04200000000000e+01	1.71845853898690e-02
1.04300000000000e+01	1.49033390463937e-02
1.04400000000000e+01	1.29656875715356e-02
1.04500000000000e+01	1.13138438885510e-02
1.04600000000000e+01	9.90075185236847e-03
1.04700000000000e+01	8.68795889372108e-03
1.04800000000000e+01	7.64375622724652e-03
1.04900000000000e+01	6.74210733795119e-03
1.05000000000000e+01	5.96124406635946e-03
1.05100000000000e+01	5.28314951463440e-03
1.05200000000000e+01	4.69276588166012e-03
1.05300000000000e+01	4.17737079173844e-03
1.05400000000000e+01	3.72639208723960e-03
1.05500000000000e+01	3.33082847280870e-03
1.05600000000000e+01	2.98307754480634e-03
1.05700000000000e+01	2.67665100856514e-03
1.05800000000000e+01	2.40607397741605e-03
1.05900000000000e+01	2.16665076568530e-03
1.06000000000000e+01	1.95436082857639e-03
1.06100000000000e+01	1.76576144960756e-03
1.06200000000000e+01	1.59789587163134e-03
1.06300000000000e+01	1.44820018586678e-03
1.06400000000000e+01	1.31447429876767e-03
1.06500000000000e+01	1.19480064401930e-03
1.06600000000000e+01	1.08752519024616e-03
1.06700000000000e+01	9.91204626499572e-04
1.06800000000000e+01	9.04581572925438e-04
1.06900000000000e+01	8.26565552541019e-04
1.07000000000000e+01	7.56186481096424e-04
1.07100000000000e+01	6.92613030794939e-04
1.07200000000000e+01	6.35105911905381e-04
1.07300000000000e+01	5.83016918012739e-04
1.07400000000000e+01	5.35777610376695e-04
1.07500000000000e+01	4.92877733679398e-04
1.07600000000000e+01	4.53882165035339e-04
1.07700000000000e+01	4.18387517372636e-04
1.07800000000000e+01	3.86050783461384e-04
1.07900000000000e+01	3.56557638983262e-04
1.08000000000000e+01	3.29631876220134e-04
1.08100000000000e+01	3.05022298989886e-04
1.08200000000000e+01	2.82509673649796e-04
1.08300000000000e+01	2.61893822567959e-04
1.08400000000000e+01	2.42996128242632e-04
1.08500000000000e+01	2.25654687426392e-04
1.08600000000000e+01	2.09726620284541e-04
1.08700000000000e+01	1.95082862904417e-04
1.08800000000000e+01	1.81605320754574e-04
1.08900000000000e+01	1.69188452364421e-04
1.09000000000000e+01	1.57738843345573e-04
1.09100000000000e+01	1.47170634746828e-04
1.09200000000000e+01	1.37406691372150e-04
1.09300000000000e+01	1.28376814106587e-04
1.09400000000000e+01	1.20017780641450e-04
1.09500000000000e+01	1.12274481720532e-04
1.09600000000000e+01	1.05094091762962e-04
1.09700000000000e+01	9.84309442737902e-05
1.09800000000000e+01	9.22416844186667e-05
1.09900000000000e+01	8.64889300508446e-05
1.10000000000000e+01	8.11382297588422e-05
1.10100000000000e+01	7.61580926631779e-05
1.10200000000000e+01	7.15203403396717e-05
1.10300000000000e+01	6.71992481528131e-05
1.10400000000000e+01	6.31713545912310e-05
1.10500000000000e+01	5.94154444924006e-05
1.10600000000000e+01	5.59125425560929e-05
1.10700000000000e+01	5.26440623438141e-05
1.10800000000000e+01	4.95933650309613e-05
1.10900000000000e+01	4.67457855741947e-05
1.11000000000000e+01	4.40864040785891e-05
1.11100000000000e+01	4.16022009020931e-05
1.11200000000000e+01	3.92801483170803e-05
1.11300000000000e+01	3.71091066000365e-05
1.11400000000000e+01	3.50778657059156e-05
1.11500000000000e+01	3.31763954966855e-05
1.11600000000000e+01	3.13948789417870e-05
1.11700000000000e+01	2.97250481522950e-05
1.11800000000000e+01	2.81584093191262e-05
1.11900000000000e+01	2.66876185682303e-05
1.12000000000000e+01	2.53055653494818e-05
1.12100000000000e+01	2.40061919579606e-05
1.12200000000000e+01	2.27836164661031e-05
1.12300000000000e+01	2.16324384935547e-05
1.12400000000000e+01	2.05477561225279e-05
1.12500000000000e+01	1.95252927713448e-05
1.12600000000000e+01	1.85607897275009e-05
1.12700000000000e+01	1.76505263952445e-05
1.12800000000000e+01	1.67910457726824e-05
1.12900000000000e+01	1.59790794278722e-05
1.13000000000000e+01	1.52117491593019e-05
1.13100000000000e+01	1.44861555833956e-05
1.13200000000000e+01	1.37997754448173e-05
1.13300000000000e+01	1.31503560002870e-05
1.13400000000000e+01	1.25353871799067e-05
1.13500000000000e+01	1.19530150724598e-05
1.13600000000000e+01	1.14011652657076e-05
1.13700000000000e+01	1.08779666979254e-05
1.13800000000000e+01	1.03818810331963e-05
1.13900000000000e+01	9.91120468022330e-06
1.14000000000000e+01	9.46448801398330e-06
1.14100000000000e+01	9.04038984954276e-06
1.14200000000000e+01	8.63757401598402e-06
1.14300000000000e+01	8.25491553666891e-06
1.14400000000000e+01	7.89127359606208e-06
1.14500000000000e+01	7.54561705877006e-06
1.14600000000000e+01	7.21694448132831e-06
1.14700000000000e+01	6.90429361888578e-06
1.14800000000000e+01	6.60682098990856e-06
1.14900000000000e+01	6.32369166155757e-06
1.15000000000000e+01	6.05419348509043e-06
1.15100000000000e+01	5.79750191117435e-06
1.15200000000000e+01	5.55297167202648e-06
1.15300000000000e+01	5.31998475969688e-06
1.15400000000000e+01	5.09789661727486e-06
1.15500000000000e+01	4.88623458801755e-06
1.15600000000000e+01	4.68443762368474e-06
1.15700000000000e+01	4.49203839133409e-06
1.15800000000000e+01	4.30865984154616e-06
1.15900000000000e+01	4.13382168434411e-06
1.16000000000000e+01	3.96715239960778e-06
1.16100000000000e+01	3.80829779326474e-06
1.16200000000000e+01	3.65686665026432e-06
1.16300000000000e+01	3.51251993781693e-06
1.16400000000000e+01	3.37486625564709e-06
1.16500000000000e+01	3.24360137355366e-06
1.16600000000000e+01	3.11834864536073e-06
1.16700000000000e+01	2.99880182876320e-06
1.16800000000000e+01	2.88459073726720e-06
1.16900000000000e+01	2.77543219046548e-06
1.17000000000000e+01	2.67101735050170e-06
1.17100000000000e+01	2.57106958186184e-06
1.17200000000000e+01	2.47531919926622e-06
1.17300000000000e+01	2.38350974715369e-06
1.17400000000000e+01	2.29544962546799e-06
1.17500000000000e+01	2.21093456769056e-06
1.17600000000000e+01	2.12977878126910e-06
1.17700000000000e+01	2.05183081600072e-06
1.17800000000000e+01	1.97698706044088e-06
1.17900000000000e+01	1.90508598311092e-06
1.18000000000000e+01	1.83604527749735e-06
1.18100000000000e+01	1.76975925927377e-06
1.18200000000000e+01	1.70613819366442e-06
1.18300000000000e+01	1.64509238763877e-06
1.18400000000000e+01	1.58652259590423e-06
1.18500000000000e+01	1.53034701313168e-06
1.18600000000000e+01	1.47647266981090e-06
1.18700000000000e+01	1.42481480543251e-06
1.18800000000000e+01	1.37525958605133e-06
1.18900000000000e+01	1.32773138513632e-06
1.19000000000000e+01	1.28213227397311e-06
1.19100000000000e+01	1.23836547610303e-06
1.19200000000000e+01	1.19634701320543e-06
1.19300000000000e+01	1.15599594637631e-06
1.19400000000000e+01	1.11721353327335e-06
1.19500000000000e+01	1.07993265231214e-06
1.19600000000000e+01	1.04407453841387e-06
1.19700000000000e+01	1.00957293512139e-06
1.19800000000000e+01	9.76355598784943e-07
1.19900000000000e+01	9.44358547980559e-07
1.20000000000000e+01	9.13521427506298e-07
1.20100000000000e+01	8.83796720637030e-07
1.20200000000000e+01	8.55134303222931e-07
1.20300000000000e+01	8.27491820962656e-07
1.20400000000000e+01	8.00828622108385e-07
1.20500000000000e+01	7.75105515667490e-07
1.20600000000000e+01	7.50298210117873e-07
1.20700000000000e+01	7.26369410023355e-07
1.20800000000000e+01	7.03295465150592e-07
1.20900000000000e+01	6.81049158219283e-07
1.21000000000000e+01	6.59610871743824e-07
1.21100000000000e+01	6.38955512763095e-07
1.21200000000000e+01	6.19058220253638e-07
1.21300000000000e+01	5.99886206007617e-07
1.21400000000000e+01	5.81426685952166e-07
1.21500000000000e+01	5.63650461877243e-07
1.21600000000000e+01	5.46524101758936e-07
1.21700000000000e+01	5.30025247743871e-07
1.21800000000000e+01	5.14121011168111e-07
1.21900000000000e+01	4.98789518699224e-07
1.22000000000000e+01	4.83997862169724e-07
1.22100000000000e+01	4.69724234408033e-07
1.22200000000000e+01	4.55936527806836e-07
1.22300000000000e+01	4.42614766823109e-07
1.22400000000000e+01	4.29731941111015e-07
1.22500000000000e+01	4.17267500488085e-07
1.22600000000000e+01	4.05203069954685e-07
1.22700000000000e+01	3.93519232792676e-07
1.22800000000000e+01	3.82190425206918e-07
1.22900000000000e+01	3.71210660330055e-07
1.23000000000000e+01	3.60554321520955e-07
1.23100000000000e+01	3.50214413563665e-07
1.23200000000000e+01	3.40174294742514e-07
1.23300000000000e+01	3.30419248998760e-07
1.23400000000000e+01	3.20944460963799e-07
1.23500000000000e+01	3.11738922772125e-07
1.23600000000000e+01	3.02792251327806e-07
1.23700000000000e+01	2.94100960063855e-07
1.23800000000000e+01	2.85654120200516e-07
1.23900000000000e+01	2.77454989229863e-07
1.24000000000000e+01	2.69490630596006e-07
1.24100000000000e+01	2.61764602463621e-07
1.24200000000000e+01	2.54269095153820e-07
1.24300000000000e+01	2.46999179072166e-07
1.24400000000000e+01	2.39954889520723e-07
1.24500000000000e+01	2.33126445962438e-07
1.24600000000000e+01	2.26509738322581e-07
1.24700000000000e+01	2.20100779925284e-07
1.24800000000000e+01	2.13892531843810e-07
1.24900000000000e+01	2.07877023308053e-07
1.25000000000000e+01	2.02052559760818e-07
1.25100000000000e+01	1.96410760822274e-07
1.25200000000000e+01	1.90945411495928e-07
1.25300000000000e+01	1.85651130954840e-07
1.25400000000000e+01	1.80525872685622e-07
1.25500000000000e+01	1.75560469099622e-07
1.25600000000000e+01	1.70753058562929e-07
1.25700000000000e+01	1.66097849211608e-07
1.25800000000000e+01	1.61590723405385e-07
1.25900000000000e+01	1.57225951848809e-07
1.26000000000000e+01	1.52999714413868e-07
1.26100000000000e+01	1.48905369082727e-07
1.26200000000000e+01	1.44939500551967e-07
1.26300000000000e+01	1.41097187736425e-07
1.26400000000000e+01	1.37371749479386e-07
1.26500000000000e+01	1.33760290133457e-07
1.26600000000000e+01	1.30259514915722e-07
1.26700000000000e+01	1.26863330038198e-07
1.26800000000000e+01	1.23569602122550e-07
1.26900000000000e+01	1.20374344970599e-07
1.27000000000000e+01	1.17274553376530e-07
1.27100000000000e+01	1.14268506804145e-07
1.27200000000000e+01	1.11353247262296e-07
1.27300000000000e+01	1.08525023908781e-07
1.27400000000000e+01	1.05783398552850e-07
1.27500000000000e+01	1.03124740814034e-07
1.27600000000000e+01	1.00547452537173e-07
1.27700000000000e+01	9.80484914692773e-08
1.27800000000000e+01	9.56251042278699e-08
1.27900000000000e+01	9.32749153612616e-08
1.28000000000000e+01	9.09948214157561e-08
1.28100000000000e+01	8.87827270917098e-08
1.28200000000000e+01	8.66359346650896e-08
1.28300000000000e+01	8.45512734889817e-08
1.28400000000000e+01	8.25275682888714e-08
1.28500000000000e+01	8.05623119869285e-08
1.28600000000000e+01	7.86522631375721e-08
1.28700000000000e+01	7.67972515385246e-08
1.28800000000000e+01	7.49939313912818e-08
1.28900000000000e+01	7.32415913300892e-08
1.29000000000000e+01	7.15373332282864e-08
1.29100000000000e+01	6.98811255334646e-08
1.29200000000000e+01	6.82699989581280e-08
1.29300000000000e+01	6.67036724560170e-08
1.29400000000000e+01	6.51795340957310e-08
1.29500000000000e+01	6.36968722064427e-08
1.29600000000000e+01	6.22532996199172e-08
1.29700000000000e+01	6.08490064731962e-08
1.29800000000000e+01	5.94814235762635e-08
1.29900000000000e+01	5.81503826727771e-08
1.30000000000000e+01	5.68536616768612e-08
1.30100000000000e+01	5.55912824052546e-08
1.30200000000000e+01	5.43620446944735e-08
1.30300000000000e+01	5.31648571570410e-08
1.30400000000000e+01	5.19987796600699e-08
1.30500000000000e+01	5.08632584214884e-08
1.30600000000000e+01	4.97564367839591e-08
1.30700000000000e+01	4.86777868843201e-08
1.30800000000000e+01	4.76258005703794e-08
1.30900000000000e+01	4.65996844456626e-08
1.31000000000000e+01	4.55979973332481e-08
1.31100000000000e+01	4.46200976382145e-08
1.31200000000000e+01	4.36641459987139e-08
1.31300000000000e+01	4.27298565043180e-08
1.31400000000000e+01	4.18159736300761e-08
1.31500000000000e+01	4.09221593681935e-08
1.31600000000000e+01	4.00479875700699e-08
1.31700000000000e+01	3.91927808812114e-08
1.31800000000000e+01	3.83563630493934e-08
1.31900000000000e+01	3.75389255765431e-08
1.32000000000000e+01	3.67394862807488e-08
1.32100000000000e+01	3.59583289776228e-08
1.32200000000000e+01	3.51951788975002e-08
1.32300000000000e+01	3.44495616791438e-08
1.32400000000000e+01	3.37213256455127e-08
1.32500000000000e+01	3.30096553424990e-08
1.32600000000000e+01	3.23139882080265e-08
1.32700000000000e+01	3.16342106465087e-08
1.32800000000000e+01	3.09694678236241e-08
1.32900000000000e+01	3.03194503485709e-08
1.33000000000000e+01	2.96839532908765e-08
1.33100000000000e+01	2.90621168084919e-08
1.33200000000000e+01	2.84542457241986e-08
1.33300000000000e+01	2.78594981722682e-08
1.33400000000000e+01	2.72782919397056e-08
1.33500000000000e+01	2.67104711558099e-08
1.33600000000000e+01	2.61554519896858e-08
1.33700000000000e+01	2.56133152648035e-08
1.33800000000000e+01	2.50842192365463e-08
1.33900000000000e+01	2.45679121413602e-08
1.34000000000000e+01	2.40637902146584e-08
1.34100000000000e+01	2.35718328434033e-08
1.34200000000000e+01	2.30919266969532e-08
1.34300000000000e+01	2.26234460607616e-08
1.34400000000000e+01	2.21662805784856e-08
1.34500000000000e+01	2.17199780881035e-08
1.34600000000000e+01	2.12842242455134e-08
1.34700000000000e+01	2.08585988810313e-08
1.34800000000000e+01	2.04429254403718e-08
1.34900000000000e+01	2.00365899193525e-08
1.35000000000000e+01	1.96396878903770e-08
1.35100000000000e+01	1.92513228056365e-08
1.35200000000000e+01	1.88716043152317e-08
1.35300000000000e+01	1.85000066425893e-08
1.35400000000000e+01	1.81365222364321e-08
1.35500000000000e+01	1.77804712408145e-08
1.35600000000000e+01	1.74318197206859e-08
1.35700000000000e+01	1.70901118738829e-08
1.35800000000000e+01	1.67554051514039e-08
1.35900000000000e+01	1.64270455354049e-08
1.36000000000000e+01	1.61051712601006e-08
1.36100000000000e+01	1.57895099169831e-08
1.36200000000000e+01	1.54798315006017e-08
1.36300000000000e+01	1.51759455436572e-08
1.36400000000000e+01	1.48779468646864e-08
1.36500000000000e+01	1.45856707721278e-08
1.36600000000000e+01	1.42989772710094e-08
1.36700000000000e+01	1.40179239400297e-08
1.36800000000000e+01	1.37425804297153e-08
1.36900000000000e+01	1.34728640167774e-08
1.37000000000000e+01	1.32086027090086e-08
1.37100000000000e+01	1.29500394087924e-08
1.37200000000000e+01	1.26970502545614e-08
1.37300000000000e+01	1.24498478100542e-08
1.37400000000000e+01	1.22082212046930e-08
1.37500000000000e+01	1.19723943552789e-08
1.37600000000000e+01	1.17421875667291e-08
1.37700000000000e+01	1.15174818719803e-08
1.37800000000000e+01	1.12982955234281e-08
1.37900000000000e+01	1.10844300692238e-08
1.38000000000000e+01	1.08758893929297e-08
1.38100000000000e+01	1.06723132364153e-08
1.38200000000000e+01	1.04736498243930e-08
1.38300000000000e+01	1.02795707457043e-08
1.38400000000000e+01	1.00900079544913e-08
1.38500000000000e+01	9.90480474326709e-09
1.38600000000000e+01	9.72359709132678e-09
1.38700000000000e+01	9.54631674277793e-09
1.38800000000000e+01	9.37291394244477e-09
1.38900000000000e+01	9.20305008942876e-09
1.39000000000000e+01	9.03664781040474e-09
1.39100000000000e+01	8.87366902589025e-09
1.39200000000000e+01	8.71389851265637e-09
1.39300000000000e+01	8.55727662489948e-09
1.39400000000000e+01	8.40369529132420e-09
1.39500000000000e+01	8.25312626409278e-09
1.39600000000000e+01	8.10530655843258e-09
1.39700000000000e+01	7.96031467051799e-09
1.39800000000000e+01	7.81809998733684e-09
1.39900000000000e+01	7.67848774301139e-09
1.40000000000000e+01	7.54152301685819e-09
1.40100000000000e+01	7.40715254389878e-09
1.40200000000000e+01	7.27522666100670e-09
1.40300000000000e+01	7.14588805061163e-09
1.40400000000000e+01	7.01906174629448e-09
1.40500000000000e+01	6.89473275254989e-09
1.40600000000000e+01	6.77284507427055e-09
1.40700000000000e+01	6.65342401914531e-09
1.40800000000000e+01	6.53644367420394e-09
1.40900000000000e+01	6.42181204365347e-09
1.41000000000000e+01	6.30955926060411e-09
1.41100000000000e+01	6.19963408277165e-09
1.41200000000000e+01	6.09192105227560e-09
1.41300000000000e+01	5.98637756269142e-09
1.41400000000000e+01	5.88296304598410e-09
1.41500000000000e+01	5.78146204662511e-09
1.41600000000000e+01	5.68193308863494e-09
1.41700000000000e+01	5.58419703880799e-09
1.41800000000000e+01	5.48816509064409e-09
1.41900000000000e+01	5.39384429309231e-09
1.42000000000000e+01	5.30105666396337e-09
1.42100000000000e+01	5.20987697036980e-09
1.42200000000000e+01	5.12025994354958e-09
1.42300000000000e+01	5.03213267659451e-09
1.42400000000000e+01	4.94554561770391e-09
1.42500000000000e+01	4.86049562769444e-09
1.42600000000000e+01	4.77691439892091e-09
1.42700000000000e+01	4.69491329155400e-09
1.42800000000000e+01	4.61448988294913e-09
1.42900000000000e+01	4.53557797173372e-09
1.43000000000000e+01	4.45822305885471e-09
1.43100000000000e+01	4.38239245468453e-09
1.43200000000000e+01	4.30801246295974e-09
1.43300000000000e+01	4.23513092114694e-09
1.43400000000000e+01	4.16365563317746e-09
1.43500000000000e+01	4.09362601584356e-09
1.43600000000000e+01	4.02496138849601e-09
1.43700000000000e+01	3.95753986350349e-09
1.43800000000000e+01	3.89147192466864e-09
1.43900000000000e+01	3.82668485048805e-09
1.44000000000000e+01	3.76317119798793e-09
1.44100000000000e+01	3.70082203946778e-09
1.44200000000000e+01	3.63969811012633e-09
1.44300000000000e+01	3.57974763512214e-09
1.44400000000000e+01	3.52101167805910e-09
1.44500000000000e+01	3.46339759740316e-09
1.44600000000000e+01	3.40693634917010e-09
1.44700000000000e+01	3.35156883222504e-09
1.44800000000000e+01	3.29725803478716e-09
1.44900000000000e+01	3.24404511051645e-09
1.45000000000000e+01	3.19184481565740e-09
1.45100000000000e+01	3.14068558360364e-09
1.45200000000000e+01	3.09047071516745e-09
1.45300000000000e+01	3.04121518404174e-09
1.45400000000000e+01	2.99293183425169e-09
1.45500000000000e+01	2.94549416657870e-09
1.45600000000000e+01	2.89895109368374e-09
1.45700000000000e+01	2.85326980375459e-09
1.45800000000000e+01	2.80838042686599e-09
1.45900000000000e+01	2.76434924111764e-09
1.46000000000000e+01	2.72106079545181e-09
1.46100000000000e+01	2.67850070668296e-09
1.46200000000000e+01	2.63672260621847e-09
1.46300000000000e+01	2.59563217142868e-09
1.46400000000000e+01	2.55526643143109e-09
1.46500000000000e+01	2.51561115435061e-09
1.46600000000000e+01	2.47661056882879e-09
1.46700000000000e+01	2.43829863033407e-09
1.46800000000000e+01	2.40066195536557e-09
1.46900000000000e+01	2.36368705849749e-09
1.47000000000000e+01	2.32736427890908e-09
1.47100000000000e+01	2.29169359276789e-09
1.47200000000000e+01	2.25664641791146e-09
1.47300000000000e+01	2.22223521541421e-09
1.47400000000000e+01	2.18844803667219e-09
1.47500000000000e+01	2.15528243725562e-09
1.47600000000000e+01	2.12270962930347e-09
1.47700000000000e+01	2.09071658418562e-09
1.47800000000000e+01	2.05926224598352e-09
1.47900000000000e+01	2.02836465492266e-09
1.48000000000000e+01	1.99799414825428e-09
1.48100000000000e+01	1.96809298150493e-09
1.48200000000000e+01	1.93872739447043e-09
1.48300000000000e+01	1.90980065256030e-09
1.48400000000000e+01	1.88134085381943e-09
1.48500000000000e+01	1.85332067176243e-09
1.48600000000000e+01	1.82573259585837e-09
1.48700000000000e+01	1.79854908173492e-09
1.48800000000000e+01	1.77178487696849e-09
1.48900000000000e+01	1.74540534676505e-09
1.49000000000000e+01	1.71944931855306e-09
1.49100000000000e+01	1.69387556161082e-09
1.49200000000000e+01	1.66868419626831e-09
1.49300000000000e+01	1.64388820032692e-09
1.49400000000000e+01	1.61947296094541e-09
1.49500000000000e+01	1.59542385178842e-09
1.49600000000000e+01	1.57177553137366e-09
1.49700000000000e+01	1.54851963875756e-09
1.49800000000000e+01	1.52563091383960e-09
1.49900000000000e+01	1.50313123883229e-09
1.50000000000000e+01	1.48100445036561e-09
1.50100000000000e+01	1.45926168110705e-09
1.50200000000000e+01	1.43787255530833e-09
1.50300000000000e+01	1.41686190651288e-09
1.50400000000000e+01	1.39621711415219e-09
1.50500000000000e+01	1.37591333813961e-09
1.50600000000000e+01	1.35595928748441e-09
1.50700000000000e+01	1.33633189444010e-09
1.50800000000000e+01	1.31702080909797e-09
1.50900000000000e+01	1.29804728804372e-09
1.51000000000000e+01	1.27935358798203e-09
1.51100000000000e+01	1.26096634346221e-09
1.51200000000000e+01	1.24286559327162e-09
1.51300000000000e+01	1.22502856367647e-09
1.51400000000000e+01	1.20746867422722e-09
1.51500000000000e+01	1.19016677969108e-09
1.51600000000000e+01	1.17311039095201e-09
1.51700000000000e+01	1.15631144756979e-09
1.51800000000000e+01	1.13976839531353e-09
1.51900000000000e+01	1.12346140747804e-09
1.52000000000000e+01	1.10740185373529e-09
1.52100000000000e+01	1.09158569378895e-09
1.52200000000000e+01	1.07602210386391e-09
1.52300000000000e+01	1.06069145083191e-09
1.52400000000000e+01	1.04558894272222e-09
1.52500000000000e+01	1.03072742923334e-09
1.52600000000000e+01	1.01607603650340e-09
1.52700000000000e+01	1.00163573540508e-09
1.52800000000000e+01	9.87399191284843e-10
1.52900000000000e+01	9.73345093802237e-10
1.53000000000000e+01	9.59454307345631e-10
1.53100000000000e+01	9.45707376967013e-10
1.53200000000000e+01	9.32103066767864e-10
1.53300000000000e+01	9.18634159637409e-10
1.53400000000000e+01	9.05254499833312e-10
1.53500000000000e+01	8.91974311892087e-10
1.53600000000000e+01	8.78801742111221e-10
1.53700000000000e+01	8.65696096463546e-10
1.53800000000000e+01	8.52669561585356e-10
1.53900000000000e+01	8.39735514937866e-10
1.54000000000000e+01	8.26878557586460e-10
1.54100000000000e+01	8.14121517668289e-10
1.54200000000000e+01	8.01462178891477e-10
1.54300000000000e+01	7.88928555693913e-10
1.54400000000000e+01	7.76531698891877e-10
1.54500000000000e+01	7.64286516245607e-10
1.54600000000000e+01	7.52210992586681e-10
1.54700000000000e+01	7.40347233062617e-10
1.54800000000000e+01	7.28692834745958e-10
1.54900000000000e+01	7.17284692519617e-10
1.55000000000000e+01	7.06134801817686e-10
1.55100000000000e+01	6.95267473945427e-10
1.55200000000000e+01	6.84699648743498e-10
1.55300000000000e+01	6.74441540502445e-10
1.55400000000000e+01	6.64478438039313e-10
1.55500000000000e+01	6.54826854937666e-10
1.55600000000000e+01	6.45471209954020e-10
1.55700000000000e+01	6.36395921166209e-10
1.55800000000000e+01	6.27604806585226e-10
1.55900000000000e+01	6.19058920504355e-10
1.56000000000000e+01	6.10734962162971e-10
1.56100000000000e+01	6.02631312946653e-10
1.56200000000000e+01	5.94711550912118e-10
1.56300000000000e+01	5.86961095009953e-10
1.56400000000000e+01	5.79352103984719e-10
1.56500000000000e+01	5.71872675341334e-10
1.56600000000000e+01	5.64501241978417e-10
1.56700000000000e+01	5.57229636547313e-10
1.56800000000000e+01	5.50037979738907e-10
1.56900000000000e+01	5.42927309118772e-10
1.57000000000000e+01	5.35876337472519e-10
1.57100000000000e+01	5.28883154173853e-10
1.57200000000000e+01	5.21949813813277e-10
1.57300000000000e+01	5.15071601662802e-10
1.57400000000000e+01	5.08243793058932e-10
1.57500000000000e+01	5.01475576632508e-10
1.57600000000000e+01	4.94762731857615e-10
1.57700000000000e+01	4.88104697391755e-10
1.57800000000000e+01	4.81516154610610e-10
1.57900000000000e+01	4.75005698857249e-10
1.58000000000000e+01	4.68570541826321e-10
1.58100000000000e+01	4.62223951887160e-10
1.58200000000000e+01	4.55971938779869e-10
1.58300000000000e+01	4.49826030255568e-10
1.58400000000000e+01	4.43787642961432e-10
1.58500000000000e+01	4.37865411159402e-10
1.58600000000000e+01	4.32063574715806e-10
1.58700000000000e+01	4.26379733487405e-10
1.58800000000000e+01	4.20816523288768e-10
1.58900000000000e+01	4.15381105745732e-10
1.59000000000000e+01	4.10063216193670e-10
1.59100000000000e+01	4.04860542664567e-10
1.59200000000000e+01	3.99769589030132e-10
1.59300000000000e+01	3.94780574243887e-10
1.59400000000000e+01	3.89893109150993e-10
1.59500000000000e+01	3.85093030503370e-10
1.59600000000000e+01	3.80370038432089e-10
1.59700000000000e+01	3.75733101181694e-10
1.59800000000000e+01	3.71164321435010e-10
1.59900000000000e+01	3.66655180766097e-10
1.60000000000000e+01	3.62215313736534e-10
1.60100000000000e+01	3.57828477388233e-10
1.60200000000000e+01	3.53500156779248e-10
1.60300000000000e+01	3.49221595667459e-10
1.60400000000000e+01	3.44998393672482e-10
1.60500000000000e+01	3.40824256259890e-10
1.60600000000000e+01	3.36700204155175e-10
1.60700000000000e+01	3.32625229583147e-10
1.60800000000000e+01	3.28596684732926e-10
1.60900000000000e+01	3.24617185765474e-10
1.61000000000000e+01	3.20688181116393e-10
1.61100000000000e+01	3.16804278145272e-10
1.61200000000000e+01	3.12968621053331e-10
1.61300000000000e+01	3.09179596093163e-10
1.61400000000000e+01	3.05441772308475e-10
1.61500000000000e+01	3.01752213166928e-10
1.61600000000000e+01	2.98106595157728e-10
1.61700000000000e+01	2.94510311021267e-10
1.61800000000000e+01	2.90963347209841e-10
1.61900000000000e+01	2.87469099236393e-10
1.62000000000000e+01	2.84020756251924e-10
1.62100000000000e+01	2.80627919307826e-10
1.62200000000000e+01	2.77285522722949e-10
1.62300000000000e+01	2.73996325903035e-10
1.62400000000000e+01	2.70761722152956e-10
1.62500000000000e+01	2.67583620773743e-10
1.62600000000000e+01	2.64454718625853e-10
1.62700000000000e+01	2.61379359520474e-10
1.62800000000000e+01	2.58356524638843e-10
1.62900000000000e+01	2.55384159976161e-10
1.63000000000000e+01	2.52458970017033e-10
1.63100000000000e+01	2.49575647862090e-10
1.63200000000000e+01	2.46737260327836e-10
1.63300000000000e+01	2.43930944477010e-10
1.63400000000000e+01	2.41159850578474e-10
1.63500000000000e+01	2.38419663194815e-10
1.63600000000000e+01	2.35704533328276e-10
1.63700000000000e+01	2.33010590023284e-10
1.63800000000000e+01	2.30336434331961e-10
1.63900000000000e+01	2.27673335407729e-10
1.64000000000000e+01	2.25025505470030e-10
1.64100000000000e+01	2.22387130382919e-10
1.64200000000000e+01	2.19757214668892e-10
1.64300000000000e+01	2.17135539332788e-10
1.64400000000000e+01	2.14523660554258e-10
1.64500000000000e+01	2.11917476006264e-10
1.64600000000000e+01	2.09325347651078e-10
1.64700000000000e+01	2.06746639134361e-10
1.64800000000000e+01	2.04183903619455e-10
1.64900000000000e+01	2.01644169276846e-10
1.65000000000000e+01	1.99134242549283e-10
1.65100000000000e+01	1.96646516276398e-10
1.65200000000000e+01	1.94194237971652e-10
1.65300000000000e+01	1.91777179542348e-10
1.65400000000000e+01	1.89398666505396e-10
1.65500000000000e+01	1.87059525674470e-10
1.65600000000000e+01	1.84764546062022e-10
1.65700000000000e+01	1.82509037257781e-10
1.65800000000000e+01	1.80295113068541e-10
1.65900000000000e+01	1.78126991974433e-10
1.66000000000000e+01	1.76003055766132e-10
1.66100000000000e+01	1.73916719095391e-10
1.66200000000000e+01	1.71874959850000e-10
1.66300000000000e+01	1.69870969804900e-10
1.66400000000000e+01	1.67907770632957e-10
1.66500000000000e+01	1.65980270133108e-10
1.66600000000000e+01	1.64091364723992e-10
1.66700000000000e+01	1.62237443934634e-10
1.66800000000000e+01	1.60420150407473e-10
1.66900000000000e+01	1.58632331367162e-10
1.67000000000000e+01	1.56876792824910e-10
1.67100000000000e+01	1.55149223937662e-10
1.67200000000000e+01	1.53452454582634e-10
1.67300000000000e+01	1.51780891728243e-10
1.67400000000000e+01	1.50134052448188e-10
1.67500000000000e+01	1.48510408343305e-10
1.67600000000000e+01	1.46908085928657e-10
1.67700000000000e+01	1.45323357090331e-10
1.67800000000000e+01	1.43757223673369e-10
1.67900000000000e+01	1.42209540650952e-10
1.68000000000000e+01	1.40675678451860e-10
1.68100000000000e+01	1.39154453881714e-10
1.68200000000000e+01	1.37648394218571e-10
1.68300000000000e+01	1.36155432844820e-10
1.68400000000000e+01	1.34673345176470e-10
1.68500000000000e+01	1.33204325331389e-10
1.68600000000000e+01	1.31748789746301e-10
1.68700000000000e+01	1.30304513662212e-10
1.68800000000000e+01	1.28873733931373e-10
1.68900000000000e+01	1.27456507429174e-10
1.69000000000000e+01	1.26053673034582e-10
1.69100000000000e+01	1.24664165840305e-10
1.69200000000000e+01	1.23287978277298e-10
1.69300000000000e+01	1.21926056547584e-10
1.69400000000000e+01	1.20579229306823e-10
1.69500000000000e+01	1.19244744110475e-10
1.69600000000000e+01	1.17926274919262e-10
1.69700000000000e+01	1.16620777944526e-10
1.69800000000000e+01	1.15331519589994e-10
1.69900000000000e+01	1.14058120890840e-10
1.70000000000000e+01	1.12799540886716e-10
1.70100000000000e+01	1.11559274273085e-10
1.70200000000000e+01	1.10339138819219e-10
1.70300000000000e+01	1.09136716990795e-10
1.70400000000000e+01	1.07953397456178e-10
1.70500000000000e+01	1.06792237456944e-10
1.70600000000000e+01	1.05650234693811e-10
1.70700000000000e+01	1.04530978102215e-10
1.70800000000000e+01	1.03430331420276e-10
1.70900000000000e+01	1.02349587045511e-10
1.71000000000000e+01	1.01289813615731e-10
1.71100000000000e+01	1.00247865741235e-10
1.71200000000000e+01	9.92224660880974e-11
1.71300000000000e+01	9.82133476101366e-11
1.71400000000000e+01	9.72201037488860e-11
1.71500000000000e+01	9.62424204419295e-11
1.71600000000000e+01	9.52759561608599e-11
1.71700000000000e+01	9.43247321328256e-11
1.71800000000000e+01	9.33835574882542e-11
1.71900000000000e+01	9.24557179244710e-11
1.72000000000000e+01	9.15384711492206e-11
1.72100000000000e+01	9.06335646106884e-11
1.72200000000000e+01	8.97398255466933e-11
1.72300000000000e+01	8.88548621486836e-11
1.72400000000000e+01	8.79831339939855e-11
1.72500000000000e+01	8.71193016151370e-11
1.72600000000000e+01	8.62661142209301e-11
1.72700000000000e+01	8.54235912209724e-11
1.72800000000000e+01	8.45891789008872e-11
1.72900000000000e+01	8.37651702125411e-11
1.73000000000000e+01	8.29497668834499e-11
1.73100000000000e+01	8.21429860579469e-11
1.73200000000000e+01	8.13455453937459e-11
1.73300000000000e+01	8.05556643657914e-11
1.73400000000000e+01	7.97729211868469e-11
1.73500000000000e+01	7.89990482753008e-11
1.73600000000000e+01	7.82320793411901e-11
1.73700000000000e+01	7.74725355061501e-11
1.73800000000000e+01	7.67196986285560e-11
1.73900000000000e+01	7.59742927230424e-11
1.74000000000000e+01	7.52375210118529e-11
1.74100000000000e+01	7.45060385959087e-11
1.74200000000000e+01	7.37810729991833e-11
1.74300000000000e+01	7.30639467146965e-11
1.74400000000000e+01	7.23539007499746e-11
1.74500000000000e+01	7.16501136263646e-11
1.74600000000000e+01	7.09533636004597e-11
1.74700000000000e+01	7.02640146114587e-11
1.74800000000000e+01	6.95807479515487e-11
1.74900000000000e+01	6.89024203651575e-11
1.75000000000000e+01	6.82318077433525e-11
1.75100000000000e+01	6.75677459412058e-11
1.75200000000000e+01	6.69082456985116e-11
1.75300000000000e+01	6.62534748255504e-11
1.75400000000000e+01	6.56038250301017e-11
1.75500000000000e+01	6.49605897111535e-11
1.75600000000000e+01	6.43207940496966e-11
1.75700000000000e+01	6.36862502057407e-11
1.75800000000000e+01	6.30552524691189e-11
1.75900000000000e+01	6.24296930156809e-11
1.76000000000000e+01	6.18082617827845e-11
1.76100000000000e+01	6.11923085919702e-11
1.76200000000000e+01	6.05811849054622e-11
1.76300000000000e+01	5.99760849399597e-11
1.76400000000000e+01	5.93757708684078e-11
1.76500000000000e+01	5.87819350285818e-11
1.76600000000000e+01	5.81949807063711e-11
1.76700000000000e+01	5.76142314639059e-11
1.76800000000000e+01	5.70406542659313e-11
1.76900000000000e+01	5.64746760086464e-11
1.77000000000000e+01	5.59141023468179e-11
1.77100000000000e+01	5.53612667748662e-11
1.77200000000000e+01	5.48149678984316e-11
1.77300000000000e+01	5.42747471411659e-11
1.77400000000000e+01	5.37419155469479e-11
1.77500000000000e+01	5.32138261050752e-11
1.77600000000000e+01	5.26923398811275e-11
1.77700000000000e+01	5.21759767428751e-11
1.77800000000000e+01	5.16655858276878e-11
1.77900000000000e+01	5.11606206338435e-11
1.78000000000000e+01	5.06596092358375e-11
1.78100000000000e+01	5.01638576314815e-11
1.78200000000000e+01	4.96725865678933e-11
1.78300000000000e+01	4.91851283938710e-11
1.78400000000000e+01	4.87024169689683e-11
1.78500000000000e+01	4.82240557317026e-11
1.78600000000000e+01	4.77503873253109e-11
1.78700000000000e+01	4.72801669116182e-11
1.78800000000000e+01	4.68132487158012e-11
1.78900000000000e+01	4.63509439246739e-11
1.79000000000000e+01	4.58932757848668e-11
1.79100000000000e+01	4.54388876376386e-11
1.79200000000000e+01	4.49877677295371e-11
1.79300000000000e+01	4.45411227336930e-11
1.79400000000000e+01	4.40972672103508e-11
1.79500000000000e+01	4.36567491526757e-11
1.79600000000000e+01	4.32186233237171e-11
1.79700000000000e+01	4.27843280276007e-11
1.79800000000000e+01	4.23517956488245e-11
1.79900000000000e+01	4.19231806205930e-11
1.80000000000000e+01	4.14977267065380e-11
1.80100000000000e+01	4.10763625760704e-11
1.80200000000000e+01	4.06586662206002e-11
1.80300000000000e+01	4.02458564773366e-11
1.80400000000000e+01	3.98390178489822e-11
1.80500000000000e+01	3.94377242831711e-11
1.80600000000000e+01	3.90425345443475e-11
1.80700000000000e+01	3.86555755176947e-11
1.80800000000000e+01	3.82754242274999e-11
1.80900000000000e+01	3.79030153987862e-11
1.81000000000000e+01	3.75376186752040e-11
1.81100000000000e+01	3.71798368406381e-11
1.81200000000000e+01	3.68296498477758e-11
1.81300000000000e+01	3.64861979347686e-11
1.81400000000000e+01	3.61478147094087e-11
1.81500000000000e+01	3.58161431511971e-11
1.81600000000000e+01	3.54889243256824e-11
1.81700000000000e+01	3.51667120314451e-11
1.81800000000000e+01	3.48478128164514e-11
1.81900000000000e+01	3.45330859284205e-11
1.82000000000000e+01	3.42212644290367e-11
1.82100000000000e+01	3.39119255329365e-11
1.82200000000000e+01	3.36057550777310e-11
1.82300000000000e+01	3.33017535833854e-11
1.82400000000000e+01	3.29993795826442e-11
1.82500000000000e+01	3.26988821402346e-11
1.82600000000000e+01	3.24000377413316e-11
1.82700000000000e+01	3.21031992995256e-11
1.82800000000000e+01	3.18074498839302e-11
1.82900000000000e+01	3.15132054344787e-11
1.83000000000000e+01	3.12213912740827e-11
1.83100000000000e+01	3.09301923051838e-11
1.83200000000000e+01	3.06417102216661e-11
1.83300000000000e+01	3.03551501709341e-11
1.83400000000000e+01	3.00707271411365e-11
1.83500000000000e+01	2.97886990611421e-11
1.83600000000000e+01	2.95095025583623e-11
1.83700000000000e+01	2.92332134170585e-11
1.83800000000000e+01	2.89601347712137e-11
1.83900000000000e+01	2.86907819312032e-11
1.84000000000000e+01	2.84254099354772e-11
1.84100000000000e+01	2.81637942190953e-11
1.84200000000000e+01	2.79069367096838e-11
1.84300000000000e+01	2.76543008144857e-11
1.84400000000000e+01	2.74066649882903e-11
1.84500000000000e+01	2.71634345612465e-11
1.84600000000000e+01	2.69249643725913e-11
1.84700000000000e+01	2.66912829142133e-11
1.84800000000000e+01	2.64616845490545e-11
1.84900000000000e+01	2.62366554331349e-11
1.85000000000000e+01	2.60152158787932e-11
1.85100000000000e+01	2.57975312699570e-11
1.85200000000000e+01	2.55832220621218e-11
1.85300000000000e+01	2.53718000191906e-11
1.85400000000000e+01	2.51628461527777e-11
1.85500000000000e+01	2.49562899379639e-11
1.85600000000000e+01	2.47515374938005e-11
1.85700000000000e+01	2.45487072948603e-11
1.85800000000000e+01	2.43472746688115e-11
1.85900000000000e+01	2.41469750796433e-11
1.86000000000000e+01	2.39479914346435e-11
1.86100000000000e+01	2.37499861518091e-11
1.86200000000000e+01	2.35531459666524e-11
1.86300000000000e+01	2.33571804775188e-11
1.86400000000000e+01	2.31621171628001e-11
1.86500000000000e+01	2.29682463224285e-11
1.86600000000000e+01	2.27754276181776e-11
1.86700000000000e+01	2.25839009634767e-11
1.86800000000000e+01	2.23935171057393e-11
1.86900000000000e+01	2.22045379405462e-11
1.87000000000000e+01	2.20166945343529e-11
1.87100000000000e+01	2.18306428569652e-11
1.87200000000000e+01	2.16457039559634e-11
1.87300000000000e+01	2.14624106727513e-11
1.87400000000000e+01	2.12807060588991e-11
1.87500000000000e+01	2.11004240318228e-11
1.87600000000000e+01	2.09214770854925e-11
1.87700000000000e+01	2.07440960785277e-11
1.87800000000000e+01	2.05680157556049e-11
1.87900000000000e+01	2.03931539412679e-11
1.88000000000000e+01	2.02197402264647e-11
1.88100000000000e+01	2.00474858226297e-11
1.88200000000000e+01	1.98764855515782e-11
1.88300000000000e+01	1.97065267218442e-11
1.88400000000000e+01	1.95375055515708e-11
1.88500000000000e+01	1.93696214862982e-11
1.88600000000000e+01	1.92025741947144e-11
1.88700000000000e+01	1.90364367307202e-11
1.88800000000000e+01	1.88708556988301e-11
1.88900000000000e+01	1.87063330469364e-11
1.89000000000000e+01	1.85422054195778e-11
1.89100000000000e+01	1.83790063953546e-11
1.89200000000000e+01	1.82162160826838e-11
1.89300000000000e+01	1.80541782342315e-11
1.89400000000000e+01	1.78927603919133e-11
1.89500000000000e+01	1.77322041177401e-11
1.89600000000000e+01	1.75724075901291e-11
1.89700000000000e+01	1.74134196850451e-11
1.89800000000000e+01	1.72555848894476e-11
1.89900000000000e+01	1.70989010322531e-11
1.90000000000000e+01	1.69433917351345e-11
1.90100000000000e+01	1.67893938642953e-11
1.90200000000000e+01	1.66367905943765e-11
1.90300000000000e+01	1.64857514660012e-11
1.90400000000000e+01	1.63361239687536e-11
1.90500000000000e+01	1.61877880444320e-11
1.90600000000000e+01	1.60408018324243e-11
1.90700000000000e+01	1.58948101696864e-11
1.90800000000000e+01	1.57497020191900e-11
1.90900000000000e+01	1.56053858096758e-11
1.91000000000000e+01	1.54615952242161e-11
1.91100000000000e+01	1.53183022255666e-11
1.91200000000000e+01	1.51756523063468e-11
1.91300000000000e+01	1.50336821210858e-11
1.91400000000000e+01	1.48927691684039e-11
1.91500000000000e+01	1.47530851610310e-11
1.91600000000000e+01	1.46151153400932e-11
1.91700000000000e+01	1.44794119614515e-11
1.91800000000000e+01	1.43462294029354e-11
1.91900000000000e+01	1.42160659869512e-11
1.92000000000000e+01	1.40893350483283e-11
1.92100000000000e+01	1.39660243595829e-11
1.92200000000000e+01	1.38464560555997e-11
1.92300000000000e+01	1.37302086614840e-11
1.92400000000000e+01	1.36176094159534e-11
1.92500000000000e+01	1.35078744278229e-11
1.92600000000000e+01	1.34010471465282e-11
1.92700000000000e+01	1.32965669411329e-11
1.92800000000000e+01	1.31942343427357e-11
1.92900000000000e+01	1.30933737675284e-11
1.93000000000000e+01	1.29941118086622e-11
1.93100000000000e+01	1.28957401575320e-11
1.93200000000000e+01	1.27983379333327e-11
1.93300000000000e+01	1.27017540028842e-11
1.93400000000000e+01	1.26055687875307e-11
1.93500000000000e+01	1.25100054472462e-11
1.93600000000000e+01	1.24148307508262e-11
1.93700000000000e+01	1.23201502004110e-11
1.93800000000000e+01	1.22258635892868e-11
1.93900000000000e+01	1.21319377262905e-11
1.94000000000000e+01	1.20384711662501e-11
1.94100000000000e+01	1.19454045791881e-11
1.94200000000000e+01	1.18526802379965e-11
1.94300000000000e+01	1.17604562843234e-11
1.94400000000000e+01	1.16685859498339e-11
1.94500000000000e+01	1.15772238923363e-11
1.94600000000000e+01	1.14860781422032e-11
1.94700000000000e+01	1.13954694089542e-11
1.94800000000000e+01	1.13053372444286e-11
1.94900000000000e+01	1.12154356308679e-11
1.95000000000000e+01	1.11260583960430e-11
1.95100000000000e+01	1.10371666675225e-11
1.95200000000000e+01	1.09485595756001e-11
1.95300000000000e+01	1.08604252683572e-11
1.95400000000000e+01	1.07727667687260e-11
1.95500000000000e+01	1.06854885563335e-11
1.95600000000000e+01	1.05986360749666e-11
1.95700000000000e+01	1.05121360726420e-11
1.95800000000000e+01	1.04262470166354e-11
1.95900000000000e+01	1.03406422435725e-11
1.96000000000000e+01	1.02557487138048e-11
1.96100000000000e+01	1.01712784901348e-11
1.96200000000000e+01	1.00874587688464e-11
1.96300000000000e+01	1.00043593854688e-11
1.96400000000000e+01	9.92171291980246e-12
1.96500000000000e+01	9.83982974414400e-12
1.96600000000000e+01	9.75857110210084e-12
1.96700000000000e+01	9.67807430497586e-12
1.96800000000000e+01	9.59823655073686e-12
1.96900000000000e+01	9.51903136089427e-12
1.97000000000000e+01	9.44053699526851e-12
1.97100000000000e+01	9.36265619011948e-12
1.97200000000000e+01	9.28537919033754e-12
1.97300000000000e+01	9.20871623662404e-12
1.97400000000000e+01	9.13248634815926e-12
1.97500000000000e+01	9.05682237559722e-12
1.97600000000000e+01	8.98159731782241e-12
1.97700000000000e+01	8.90680438681344e-12
1.97800000000000e+01	8.83225087984932e-12
1.97900000000000e+01	8.75792821919719e-12
1.98000000000000e+01	8.68360668303581e-12
1.98100000000000e+01	8.60925031581547e-12
1.98200000000000e+01	8.53466269124895e-12
1.98300000000000e+01	8.45953267102352e-12
1.98400000000000e+01	8.38353968388372e-12
1.98500000000000e+01	8.30651641296648e-12
1.98600000000000e+01	8.22790685188538e-12
1.98700000000000e+01	8.14726154080850e-12
1.98800000000000e+01	8.06405897398268e-12
1.98900000000000e+01	7.97767161627367e-12
1.99000000000000e+01	7.88742901160182e-12
1.99100000000000e+01	7.79253701549200e-12
1.99200000000000e+01	7.69207551322130e-12
1.99300000000000e+01	7.58457058939051e-12
1.99400000000000e+01	7.46871305523633e-12
1.99500000000000e+01	7.34238531314249e-12
1.99600000000000e+01	7.20286346896944e-12
1.99700000000000e+01	7.04647935847203e-12
1.99800000000000e+01	6.86781259350733e-12
1.99900000000000e+01	6.65897586382417e-12
2.00000000000000e+01	6.40780218060307e-12
