1.00000000000000e-02	3.59259528189324e+14
2.00000000000000e-02	2.24521220980176e+13
3.00000000000000e-02	4.43446070570819e+12
4.00000000000000e-02	1.40284656556452e+12
5.00000000000000e-02	5.74484084701816e+11
6.00000000000000e-02	2.76972173931121e+11
7.00000000000000e-02	1.49456818843462e+11
8.00000000000000e-02	8.75771019235462e+10
9.00000000000000e-02	5.46518405305015e+10
1.00000000000000e-01	3.58406431323596e+10
1.10000000000000e-01	2.44672672889994e+10
1.20000000000000e-01	1.72659290272161e+10
1.30000000000000e-01	1.25279416138684e+10
1.40000000000000e-01	9.30809315728984e+09
1.50000000000000e-01	7.05834257957222e+09
1.60000000000000e-01	5.44829431882509e+09
1.70000000000000e-01	4.27170830579611e+09
1.80000000000000e-01	3.39578788593198e+09
1.90000000000000e-01	2.73294890494022e+09
2.00000000000000e-01	2.22389911937732e+09
2.10000000000000e-01	1.82777922980192e+09
2.20000000000000e-01	1.51587347196763e+09
2.30000000000000e-01	1.26754389311159e+09
2.40000000000000e-01	1.06791110982404e+09
2.50000000000000e-01	9.05942453217523e+08
2.60000000000000e-01	7.73445085175218e+08
2.70000000000000e-01	6.64204333659307e+08
2.80000000000000e-01	5.73521639939746e+08
2.90000000000000e-01	4.97719041158086e+08
3.00000000000000e-01	4.33973612887498e+08
3.10000000000000e-01	3.80058419254189e+08
3.20000000000000e-01	3.34216298712255e+08
3.30000000000000e-01	2.95037170363807e+08
3.40000000000000e-01	2.61395951479890e+08
3.50000000000000e-01	2.32384244622811e+08
3.60000000000000e-01	2.07255929646658e+08
3.70000000000000e-01	1.85406978064784e+08
3.80000000000000e-01	1.66338404849441e+08
3.90000000000000e-01	1.49636597294253e+08
4.00000000000000e-01	1.34959405640098e+08
4.10000000000000e-01	1.22018256590631e+08
4.20000000000000e-01	1.10577823014673e+08
4.30000000000000e-01	1.00429845106294e+08
4.40000000000000e-01	9.14071197817671e+07
4.50000000000000e-01	8.33624082971345e+07
4.60000000000000e-01	7.61709761620305e+07
4.70000000000000e-01	6.97289333207100e+07
4.80000000000000e-01	6.39439821345760e+07
4.90000000000000e-01	5.87369225951392e+07
5.00000000000000e-01	5.40408967112908e+07
5.10000000000000e-01	4.97963404460253e+07
5.20000000000000e-01	4.59549922955736e+07
5.30000000000000e-01	4.24684828228648e+07
5.40000000000000e-01	3.93010372084235e+07
5.50000000000000e-01	3.64181363949504e+07
5.60000000000000e-01	3.37881031113277e+07
5.70000000000000e-01	3.13863436761630e+07
5.80000000000000e-01	2.91905333070139e+07
5.90000000000000e-01	2.71780189428961e+07
6.00000000000000e-01	2.53322702109702e+07
6.10000000000000e-01	2.36361287761642e+07
6.20000000000000e-01	2.20761473978219e+07
6.30000000000000e-01	2.06392143103481e+07
6.40000000000000e-01	1.93145438121635e+07
6.50000000000000e-01	1.80910340556791e+07
6.60000000000000e-01	1.69601314575578e+07
6.70000000000000e-01	1.59129105912192e+07
6.80000000000000e-01	1.49431352124863e+07
6.90000000000000e-01	1.40437159302557e+07
7.00000000000000e-01	1.32086045358374e+07
7.10000000000000e-01	1.24324072300921e+07
7.20000000000000e-01	1.17101176486055e+07
7.30000000000000e-01	1.10379190080488e+07
7.40000000000000e-01	1.04110555626610e+07
7.50000000000000e-01	9.82639599072576e+06
7.60000000000000e-01	9.28031887139012e+06
7.70000000000000e-01	8.77024504725500e+06
7.80000000000000e-01	8.29298948723764e+06
7.90000000000000e-01	7.84641892291378e+06
8.00000000000000e-01	7.42796474661065e+06
8.10000000000000e-01	7.03564827732916e+06
8.20000000000000e-01	6.66773892594428e+06
8.30000000000000e-01	6.32217902403827e+06
8.40000000000000e-01	5.99777513712020e+06
8.50000000000000e-01	5.69253002076296e+06
8.60000000000000e-01	5.40546665441097e+06
8.70000000000000e-01	5.13516998383264e+06
8.80000000000000e-01	4.88053581622134e+06
8.90000000000000e-01	4.64054553412492e+06
9.00000000000000e-01	4.41421668803261e+06
9.10000000000000e-01	4.20054445098477e+06
9.20000000000000e-01	3.99883469115533e+06
9.30000000000000e-01	3.80827484242521e+06
9.40000000000000e-01	3.62814245790360e+06
9.50000000000000e-01	3.45768837076534e+06
9.60000000000000e-01	3.29638417620700e+06
9.70000000000000e-01	3.14366126489992e+06
9.80000000000000e-01	2.99899052177038e+06
9.90000000000000e-01	2.86185602235288e+06
1.00000000000000e+00	2.73189301478218e+06
1.01000000000000e+00	2.60849175713041e+06
1.02000000000000e+00	2.49135079647180e+06
1.03000000000000e+00	2.38017235210135e+06
1.04000000000000e+00	2.27451911693919e+06
1.05000000000000e+00	2.17409092964366e+06
1.06000000000000e+00	2.07857318571706e+06
1.07000000000000e+00	1.98777845031337e+06
1.08000000000000e+00	1.90131234753891e+06
1.09000000000000e+00	1.81897989023110e+06
1.10000000000000e+00	1.74058641634916e+06
1.11000000000000e+00	1.66586559531125e+06
1.12000000000000e+00	1.59462637919756e+06
1.13000000000000e+00	1.52670055718854e+06
1.14000000000000e+00	1.46191969937276e+06
1.15000000000000e+00	1.40007516247151e+06
1.16000000000000e+00	1.34102035744838e+06
1.17000000000000e+00	1.28463567518623e+06
1.18000000000000e+00	1.23076148011814e+06
1.19000000000000e+00	1.17925839445491e+06
1.20000000000000e+00	1.13001729118171e+06
1.21000000000000e+00	1.08290233326100e+06
1.22000000000000e+00	1.03780885392492e+06
1.23000000000000e+00	9.94658355397864e+05
1.24000000000000e+00	9.53307160008044e+05
1.25000000000000e+00	9.13697473519284e+05
1.26000000000000e+00	8.75686767686589e+05
1.27000000000000e+00	8.39245637345638e+05
1.28000000000000e+00	8.04210934788032e+05
1.29000000000000e+00	7.70557533014733e+05
1.30000000000000e+00	7.38157167509795e+05
1.31000000000000e+00	7.06952886456826e+05
1.32000000000000e+00	6.76856032762207e+05
1.33000000000000e+00	6.47790133066745e+05
1.34000000000000e+00	6.19671885635545e+05
1.35000000000000e+00	5.92455972945480e+05
1.36000000000000e+00	5.66084490751774e+05
1.37000000000000e+00	5.40518960172043e+05
1.38000000000000e+00	5.15724959273935e+05
1.39000000000000e+00	4.91688926396968e+05
1.40000000000000e+00	4.68438286650826e+05
1.41000000000000e+00	4.45976264006263e+05
1.42000000000000e+00	4.24357308437136e+05
1.43000000000000e+00	4.03638502102458e+05
1.44000000000000e+00	3.83891752165950e+05
1.45000000000000e+00	3.65190546807803e+05
1.46000000000000e+00	3.47619241870180e+05
1.47000000000000e+00	3.31225505158452e+05
1.48000000000000e+00	3.16079657737360e+05
1.49000000000000e+00	3.02200935792118e+05
1.50000000000000e+00	2.89600231870145e+05
1.51000000000000e+00	2.78252657019197e+05
1.52000000000000e+00	2.68096818107131e+05
1.53000000000000e+00	2.59057375744372e+05
1.54000000000000e+00	2.51011063142550e+05
1.55000000000000e+00	2.43813698928198e+05
1.56000000000000e+00	2.37323292251761e+05
1.57000000000000e+00	2.31368830536447e+05
1.58000000000000e+00	2.25775409957081e+05
1.59000000000000e+00	2.20375678718793e+05
1.60000000000000e+00	2.15004508796449e+05
1.61000000000000e+00	2.09513397832213e+05
1.62000000000000e+00	2.03753631679239e+05
1.63000000000000e+00	1.97605632465330e+05
1.64000000000000e+00	1.90972349626624e+05
1.65000000000000e+00	1.83813903282088e+05
1.66000000000000e+00	1.76139336179219e+05
1.67000000000000e+00	1.68045789723688e+05
1.68000000000000e+00	1.59682727742382e+05
1.69000000000000e+00	1.51252656418777e+05
1.70000000000000e+00	1.42966802305339e+05
1.71000000000000e+00	1.35057182172898e+05
1.72000000000000e+00	1.27768507902045e+05
1.73000000000000e+00	1.21389876347568e+05
1.74000000000000e+00	1.16242881906320e+05
1.75000000000000e+00	1.12650222101613e+05
1.76000000000000e+00	1.10898616498358e+05
1.77000000000000e+00	1.11203956347563e+05
1.78000000000000e+00	1.13687551510081e+05
1.79000000000000e+00	1.18339822235078e+05
1.80000000000000e+00	1.24977424022489e+05
1.81000000000000e+00	1.33229428361500e+05
1.82000000000000e+00	1.42563274184494e+05
1.83000000000000e+00	1.52380810432548e+05
1.84000000000000e+00	1.62145587744379e+05
1.85000000000000e+00	1.71500095597800e+05
1.86000000000000e+00	1.80239612768485e+05
1.87000000000000e+00	1.88293947395268e+05
1.88000000000000e+00	1.95637748126431e+05
1.89000000000000e+00	2.02249040011417e+05
1.90000000000000e+00	2.08098607504564e+05
1.91000000000000e+00	2.13113817059871e+05
1.92000000000000e+00	2.17203043433699e+05
1.93000000000000e+00	2.20223711321523e+05
1.94000000000000e+00	2.22007856775884e+05
1.95000000000000e+00	2.22367946881138e+05
1.96000000000000e+00	2.21127052754398e+05
1.97000000000000e+00	2.18148876232215e+05
1.98000000000000e+00	2.13353483205246e+05
1.99000000000000e+00	2.06741887172913e+05
2.00000000000000e+00	1.98381430682230e+05
2.01000000000000e+00	1.88412272350971e+05
2.02000000000000e+00	1.77035703078685e+05
2.03000000000000e+00	1.64510112892153e+05
2.04000000000000e+00	1.51131673796438e+05
2.05000000000000e+00	1.37235857051595e+05
2.06000000000000e+00	1.23165545916522e+05
2.07000000000000e+00	1.09247777326149e+05
2.08000000000000e+00	9.57744779627053e+04
2.09000000000000e+00	8.29753155776763e+04
2.10000000000000e+00	7.10211963024559e+04
2.11000000000000e+00	6.00323304693924e+04
2.12000000000000e+00	5.00900128330763e+04
2.13000000000000e+00	4.12512270709006e+04
2.14000000000000e+00	3.35475232893880e+04
2.15000000000000e+00	2.69724922002651e+04
2.16000000000000e+00	2.14751776856044e+04
2.17000000000000e+00	1.69569694284088e+04
2.18000000000000e+00	1.32890871733982e+04
2.19000000000000e+00	1.03298251469994e+04
2.20000000000000e+00	7.94641887760434e+03
2.21000000000000e+00	6.02635024340642e+03
2.22000000000000e+00	4.48238517354235e+03
2.23000000000000e+00	3.25098181435299e+03
2.24000000000000e+00	2.28470009163504e+03
2.25000000000000e+00	1.54499809468593e+03
2.26000000000000e+00	9.95873687565465e+02
2.27000000000000e+00	6.02272981750605e+02
2.28000000000000e+00	3.31640762950489e+02
2.29000000000000e+00	1.56706984425180e+02
2.30000000000000e+00	5.77602193564593e+01
2.31000000000000e+00	2.36550500267561e+01
2.32000000000000e+00	5.15491666171693e+01
2.33000000000000e+00	1.45504848029973e+02
2.34000000000000e+00	3.13902157420295e+02
2.35000000000000e+00	5.65733103920910e+02
2.36000000000000e+00	9.06228015274299e+02
2.37000000000000e+00	1.33294698131464e+03
2.38000000000000e+00	1.83339714416235e+03
2.39000000000000e+00	2.38460869396035e+03
2.40000000000000e+00	2.95460899506772e+03
2.41000000000000e+00	3.50553814549788e+03
2.42000000000000e+00	3.99860929943189e+03
2.43000000000000e+00	4.39912502942954e+03
2.44000000000000e+00	4.68072247698335e+03
2.45000000000000e+00	4.82832094953298e+03
2.46000000000000e+00	4.83833618125892e+03
2.47000000000000e+00	4.71963264863996e+03
2.48000000000000e+00	4.49246588393119e+03
2.49000000000000e+00	4.18841944248058e+03
2.50000000000000e+00	3.84820732748811e+03
2.51000000000000e+00	3.51894917789183e+03
2.52000000000000e+00	3.24917403627202e+03
2.53000000000000e+00	3.08356062615345e+03
2.54000000000000e+00	3.05682873361481e+03
2.55000000000000e+00	3.18936077683376e+03
2.56000000000000e+00	3.48474969130334e+03
2.57000000000000e+00	3.93013566431230e+03
2.58000000000000e+00	4.49881437248274e+03
2.59000000000000e+00	5.15448588683078e+03
2.60000000000000e+00	5.85481970058414e+03
2.61000000000000e+00	6.55461792490898e+03
2.62000000000000e+00	7.20871706161635e+03
2.63000000000000e+00	7.77660041922103e+03
2.64000000000000e+00	8.23216482368770e+03
2.65000000000000e+00	8.57437668598595e+03
2.66000000000000e+00	8.83382458194458e+03
2.67000000000000e+00	9.06762429871345e+03
2.68000000000000e+00	9.34480052251074e+03
2.69000000000000e+00	9.73043247271663e+03
2.70000000000000e+00	1.02754142808480e+04
2.71000000000000e+00	1.10114659437983e+04
2.72000000000000e+00	1.19499968813568e+04
2.73000000000000e+00	1.30828285142772e+04
2.74000000000000e+00	1.43826621159405e+04
2.75000000000000e+00	1.58088102744492e+04
2.76000000000000e+00	1.73128676406899e+04
2.77000000000000e+00	1.88477581689089e+04
2.78000000000000e+00	2.03725160409002e+04
2.79000000000000e+00	2.18556752359700e+04
2.80000000000000e+00	2.32748722530677e+04
2.81000000000000e+00	2.46143489885379e+04
2.82000000000000e+00	2.58640856089262e+04
2.83000000000000e+00	2.70170700432041e+04
2.84000000000000e+00	2.80695029545427e+04
2.85000000000000e+00	2.90199682623106e+04
2.86000000000000e+00	2.98690026743291e+04
2.87000000000000e+00	3.06210763503131e+04
2.88000000000000e+00	3.12812738760059e+04
2.89000000000000e+00	3.18539903405324e+04
2.90000000000000e+00	3.23392087585911e+04
2.91000000000000e+00	3.27283980963849e+04
2.92000000000000e+00	3.30006177626270e+04
2.93000000000000e+00	3.31245825472917e+04
2.94000000000000e+00	3.30622792826590e+04
2.95000000000000e+00	3.27765313651004e+04
2.96000000000000e+00	3.22444140765206e+04
2.97000000000000e+00	3.14605738604485e+04
2.98000000000000e+00	3.04460645793067e+04
2.99000000000000e+00	2.92388509416993e+04
3.00000000000000e+00	2.78884117491891e+04
3.01000000000000e+00	2.64430601858563e+04
3.02000000000000e+00	2.49436971433153e+04
3.03000000000000e+00	2.34239486332784e+04
3.04000000000000e+00	2.19119552386577e+04
3.05000000000000e+00	2.04345284988476e+04
3.06000000000000e+00	1.90203736621846e+04
3.07000000000000e+00	1.77025293900021e+04
3.08000000000000e+00	1.65171494097471e+04
3.09000000000000e+00	1.55011980610448e+04
3.10000000000000e+00	1.46930976069837e+04
3.11000000000000e+00	1.41291154547126e+04
3.12000000000000e+00	1.38427526607300e+04
3.13000000000000e+00	1.38618183866654e+04
3.14000000000000e+00	1.42056367134978e+04
3.15000000000000e+00	1.48804467223105e+04
3.16000000000000e+00	1.58766406612884e+04
3.17000000000000e+00	1.71651501780904e+04
3.18000000000000e+00	1.86985711966447e+04
3.19000000000000e+00	2.04175539540843e+04
3.20000000000000e+00	2.22579802088128e+04
3.21000000000000e+00	2.41593002818869e+04
3.22000000000000e+00	2.60672428290616e+04
3.23000000000000e+00	2.79329303928964e+04
3.24000000000000e+00	2.97107691347822e+04
3.25000000000000e+00	3.13556979598836e+04
3.26000000000000e+00	3.28254617114781e+04
3.27000000000000e+00	3.40845964514698e+04
3.28000000000000e+00	3.51084216634370e+04
3.29000000000000e+00	3.58892582705150e+04
3.30000000000000e+00	3.64365419841892e+04
3.31000000000000e+00	3.67766547284945e+04
3.32000000000000e+00	3.69515147391036e+04
3.33000000000000e+00	3.70095128115641e+04
3.34000000000000e+00	3.69993469099463e+04
3.35000000000000e+00	3.69608535573966e+04
3.36000000000000e+00	3.69198454783772e+04
3.37000000000000e+00	3.68876661911697e+04
3.38000000000000e+00	3.68631657561958e+04
3.39000000000000e+00	3.68397655091670e+04
3.40000000000000e+00	3.68118095470463e+04
3.41000000000000e+00	3.67769669770746e+04
3.42000000000000e+00	3.67399275152153e+04
3.43000000000000e+00	3.67111855123556e+04
3.44000000000000e+00	3.67055942154401e+04
3.45000000000000e+00	3.67403106211415e+04
3.46000000000000e+00	3.68348673611992e+04
3.47000000000000e+00	3.70108543486936e+04
3.48000000000000e+00	3.72930841298170e+04
3.49000000000000e+00	3.77109399066987e+04
3.50000000000000e+00	3.82995091148610e+04
3.51000000000000e+00	3.91010911402649e+04
3.52000000000000e+00	4.01661033542893e+04
3.53000000000000e+00	4.15505404137501e+04
3.54000000000000e+00	4.33158636607484e+04
3.55000000000000e+00	4.55242958424294e+04
3.56000000000000e+00	4.82369432358978e+04
3.57000000000000e+00	5.15115615428224e+04
3.58000000000000e+00	5.54018013704187e+04
3.59000000000000e+00	5.99579246801280e+04
3.60000000000000e+00	6.52289325151678e+04
3.61000000000000e+00	7.12617854059479e+04
3.62000000000000e+00	7.81039529312562e+04
3.63000000000000e+00	8.57979475886305e+04
3.64000000000000e+00	9.43874559837388e+04
3.65000000000000e+00	1.03911139924773e+05
3.66000000000000e+00	1.14409944305558e+05
3.67000000000000e+00	1.25919508357243e+05
3.68000000000000e+00	1.38483358110611e+05
3.69000000000000e+00	1.52144288303668e+05
3.70000000000000e+00	1.66928603347541e+05
3.71000000000000e+00	1.82854560166455e+05
3.72000000000000e+00	1.99922729451239e+05
3.73000000000000e+00	2.18132704925628e+05
3.74000000000000e+00	2.37512578547505e+05
3.75000000000000e+00	2.58169892414886e+05
3.76000000000000e+00	2.80354113575613e+05
3.77000000000000e+00	3.04487327785699e+05
3.78000000000000e+00	3.31229914114090e+05
3.79000000000000e+00	3.61495087909092e+05
3.80000000000000e+00	3.96485771586580e+05
3.81000000000000e+00	4.37733781722314e+05
3.82000000000000e+00	4.87100408177404e+05
3.83000000000000e+00	5.46812199208517e+05
3.84000000000000e+00	6.19416118518249e+05
3.85000000000000e+00	7.07757562051566e+05
3.86000000000000e+00	8.14858577143217e+05
3.87000000000000e+00	9.43755922759778e+05
3.88000000000000e+00	1.09734611390527e+06
3.89000000000000e+00	1.27818339818775e+06
3.90000000000000e+00	1.48822217421574e+06
3.91000000000000e+00	1.72852957887189e+06
3.92000000000000e+00	1.99891782714058e+06
3.93000000000000e+00	2.29739132512090e+06
3.94000000000000e+00	2.61952026694170e+06
3.95000000000000e+00	2.95776401608390e+06
3.96000000000000e+00	3.30108141358665e+06
3.97000000000000e+00	3.63499784559882e+06
3.98000000000000e+00	3.94252929935073e+06
3.99000000000000e+00	4.20587937252545e+06
4.00000000000000e+00	4.40849910247663e+06
4.01000000000000e+00	4.53727266222371e+06
4.02000000000000e+00	4.58387600970207e+06
4.03000000000000e+00	4.54561605906513e+06
4.04000000000000e+00	4.42561437638651e+06
4.05000000000000e+00	4.23236656417296e+06
4.06000000000000e+00	3.97868029667528e+06
4.07000000000000e+00	3.68030921245884e+06
4.08000000000000e+00	3.35396132793002e+06
4.09000000000000e+00	3.01568482902728e+06
4.10000000000000e+00	2.67929783264775e+06
4.11000000000000e+00	2.35553210289335e+06
4.12000000000000e+00	2.05196396644049e+06
4.13000000000000e+00	1.77330747340699e+06
4.14000000000000e+00	1.52206177868246e+06
4.15000000000000e+00	1.29902423302684e+06
4.16000000000000e+00	1.10382214700986e+06
4.17000000000000e+00	9.35186340250417e+05
4.18000000000000e+00	7.91234157255455e+05
4.19000000000000e+00	6.69624545570398e+05
4.20000000000000e+00	5.67735965667810e+05
4.21000000000000e+00	4.82862050539852e+05
4.22000000000000e+00	4.12358056002625e+05
4.23000000000000e+00	3.53790840796455e+05
4.24000000000000e+00	3.05024974825057e+05
4.25000000000000e+00	2.64246860647034e+05
4.26000000000000e+00	2.29985300856578e+05
4.27000000000000e+00	2.01080001939304e+05
4.28000000000000e+00	1.76619298587537e+05
4.29000000000000e+00	1.55899951687986e+05
4.30000000000000e+00	1.38351377918574e+05
4.31000000000000e+00	1.23504380340817e+05
4.32000000000000e+00	1.10949019710473e+05
4.33000000000000e+00	1.00320462388580e+05
4.34000000000000e+00	9.12950269954153e+04
4.35000000000000e+00	8.35774064489703e+04
4.36000000000000e+00	7.69152319708522e+04
4.37000000000000e+00	7.10842813672422e+04
4.38000000000000e+00	6.58984166306899e+04
4.39000000000000e+00	6.12004793731151e+04
4.40000000000000e+00	5.68609584405327e+04
4.41000000000000e+00	5.27741062815476e+04
4.42000000000000e+00	4.88531794088672e+04
4.43000000000000e+00	4.50380148512990e+04
4.44000000000000e+00	4.12868516514084e+04
4.45000000000000e+00	3.75830955996279e+04
4.46000000000000e+00	3.39322608310744e+04
4.47000000000000e+00	3.03590654330410e+04
4.48000000000000e+00	2.69038550956540e+04
4.49000000000000e+00	2.36153899546083e+04
4.50000000000000e+00	2.05446114304206e+04
4.51000000000000e+00	1.77388389488801e+04
4.52000000000000e+00	1.52360983565352e+04
4.53000000000000e+00	1.30624520512620e+04
4.54000000000000e+00	1.12298200534556e+04
4.55000000000000e+00	9.73609906543195e+03
4.56000000000000e+00	8.56716174420738e+03
4.57000000000000e+00	7.69954793550511e+03
4.58000000000000e+00	7.10350171605721e+03
4.59000000000000e+00	6.74664920724044e+03
4.60000000000000e+00	6.59657830374595e+03
4.61000000000000e+00	6.62326740127344e+03
4.62000000000000e+00	6.80038281374134e+03
4.63000000000000e+00	7.10621939813620e+03
4.64000000000000e+00	7.52362800939246e+03
4.65000000000000e+00	8.03975683396154e+03
4.66000000000000e+00	8.64529973756515e+03
4.67000000000000e+00	9.33293395781204e+03
4.68000000000000e+00	1.00962138040376e+04
4.69000000000000e+00	1.09270130928214e+04
4.70000000000000e+00	1.18137848280690e+04
4.71000000000000e+00	1.27386698754637e+04
4.72000000000000e+00	1.36761853552559e+04
4.73000000000000e+00	1.45917739475448e+04
4.74000000000000e+00	1.54439247981777e+04
4.75000000000000e+00	1.61855720919704e+04
4.76000000000000e+00	1.67695550937353e+04
4.77000000000000e+00	1.71539333453060e+04
4.78000000000000e+00	1.73073016162974e+04
4.79000000000000e+00	1.72144966832626e+04
4.80000000000000e+00	1.68799202798045e+04
4.81000000000000e+00	1.63302934026389e+04
4.82000000000000e+00	1.56154467718330e+04
4.83000000000000e+00	1.48067021745460e+04
4.84000000000000e+00	1.39936100777754e+04
4.85000000000000e+00	1.32773221752357e+04
4.86000000000000e+00	1.27619530820313e+04
4.87000000000000e+00	1.25438749263978e+04
4.88000000000000e+00	1.27008171735288e+04
4.89000000000000e+00	1.32828144837008e+04
4.90000000000000e+00	1.43058276871112e+04
4.91000000000000e+00	1.57489569810936e+04
4.92000000000000e+00	1.75577842822046e+04
4.93000000000000e+00	1.96498602557690e+04
4.94000000000000e+00	2.19248544396970e+04
4.95000000000000e+00	2.42759359301745e+04
4.96000000000000e+00	2.65980327752979e+04
4.97000000000000e+00	2.87986972726295e+04
4.98000000000000e+00	3.08011874926641e+04
4.99000000000000e+00	3.25470495163627e+04
5.00000000000000e+00	3.39968204000948e+04
5.01000000000000e+00	3.51273629510706e+04
5.02000000000000e+00	3.59322721537193e+04
5.03000000000000e+00	3.64185484407861e+04
5.04000000000000e+00	3.66051043306530e+04
5.05000000000000e+00	3.65197387382623e+04
5.06000000000000e+00	3.61966350572118e+04
5.07000000000000e+00	3.56725901235175e+04
5.08000000000000e+00	3.49849580722693e+04
5.09000000000000e+00	3.41692986908674e+04
5.10000000000000e+00	3.32599259299006e+04
5.11000000000000e+00	3.22903842676648e+04
5.12000000000000e+00	3.12939911763800e+04
5.13000000000000e+00	3.03062509088223e+04
5.14000000000000e+00	2.93640913412361e+04
5.15000000000000e+00	2.85059553565256e+04
5.16000000000000e+00	2.77702699497711e+04
5.17000000000000e+00	2.71948725965246e+04
5.18000000000000e+00	2.68142982338182e+04
5.19000000000000e+00	2.66570833855127e+04
5.20000000000000e+00	2.67439766740819e+04
5.21000000000000e+00	2.70827232429295e+04
5.22000000000000e+00	2.76669956461362e+04
5.23000000000000e+00	2.84737297307604e+04
5.24000000000000e+00	2.94611641815583e+04
5.25000000000000e+00	3.05710035165925e+04
5.26000000000000e+00	3.17324594918337e+04
5.27000000000000e+00	3.28676183763748e+04
5.28000000000000e+00	3.39012958131752e+04
5.29000000000000e+00	3.47671131206800e+04
5.30000000000000e+00	3.54190699188178e+04
5.31000000000000e+00	3.58336894018406e+04
5.32000000000000e+00	3.60128232804472e+04
5.33000000000000e+00	3.59821784253639e+04
5.34000000000000e+00	3.57847530741406e+04
5.35000000000000e+00	3.54757661978824e+04
5.36000000000000e+00	3.51158918717138e+04
5.37000000000000e+00	3.47649204773711e+04
5.38000000000000e+00	3.44769244683579e+04
5.39000000000000e+00	3.42984137705288e+04
5.40000000000000e+00	3.42647644446870e+04
5.41000000000000e+00	3.43984805180162e+04
5.42000000000000e+00	3.47110994281068e+04
5.43000000000000e+00	3.52011259420911e+04
5.44000000000000e+00	3.58567612469909e+04
5.45000000000000e+00	3.66566313879683e+04
5.46000000000000e+00	3.75722530394799e+04
5.47000000000000e+00	3.85679743800709e+04
5.48000000000000e+00	3.96058284721651e+04
5.49000000000000e+00	4.06467777487009e+04
5.50000000000000e+00	4.16521035841383e+04
5.51000000000000e+00	4.25879283074976e+04
5.52000000000000e+00	4.34262857659840e+04
5.53000000000000e+00	4.41474160342167e+04
5.54000000000000e+00	4.47371332191779e+04
5.55000000000000e+00	4.51879077406482e+04
5.56000000000000e+00	4.54947698149320e+04
5.57000000000000e+00	4.56552956335011e+04
5.58000000000000e+00	4.56682388637814e+04
5.59000000000000e+00	4.55363587160088e+04
5.60000000000000e+00	4.52641454225678e+04
5.61000000000000e+00	4.48666517245728e+04
5.62000000000000e+00	4.43647676978384e+04
5.63000000000000e+00	4.37931513559295e+04
5.64000000000000e+00	4.31964307485724e+04
5.65000000000000e+00	4.26337545624226e+04
5.66000000000000e+00	4.21745550073712e+04
5.67000000000000e+00	4.18997301430677e+04
5.68000000000000e+00	4.18946008614055e+04
5.69000000000000e+00	4.22472353639068e+04
5.70000000000000e+00	4.30430996269160e+04
5.71000000000000e+00	4.43579487285167e+04
5.72000000000000e+00	4.62505326362670e+04
5.73000000000000e+00	4.87604400368365e+04
5.74000000000000e+00	5.18947497568545e+04
5.75000000000000e+00	5.56311195665232e+04
5.76000000000000e+00	5.99122770313566e+04
5.77000000000000e+00	6.46475469390600e+04
5.78000000000000e+00	6.97156320581153e+04
5.79000000000000e+00	7.49665566200059e+04
5.80000000000000e+00	8.02296832225088e+04
5.81000000000000e+00	8.53127591825193e+04
5.82000000000000e+00	9.00035426074840e+04
5.83000000000000e+00	9.40759503534074e+04
5.84000000000000e+00	9.72916043257499e+04
5.85000000000000e+00	9.94168498545311e+04
5.86000000000000e+00	1.00237825357713e+05
5.87000000000000e+00	9.95884264229721e+04
5.88000000000000e+00	9.73770049364380e+04
5.89000000000000e+00	9.36003766247854e+04
5.90000000000000e+00	8.83659709772412e+04
5.91000000000000e+00	8.18767108411702e+04
5.92000000000000e+00	7.44173650097619e+04
5.93000000000000e+00	6.63234471508622e+04
5.94000000000000e+00	5.79507785570985e+04
5.95000000000000e+00	4.96398793493597e+04
5.96000000000000e+00	4.16885853390662e+04
5.97000000000000e+00	3.43329521787132e+04
5.98000000000000e+00	2.77368308092510e+04
5.99000000000000e+00	2.19905570353419e+04
6.00000000000000e+00	1.71183818045609e+04
6.01000000000000e+00	1.30921078665612e+04
6.02000000000000e+00	9.84517008801650e+03
6.03000000000000e+00	7.28716780784922e+03
6.04000000000000e+00	5.31704514376345e+03
6.05000000000000e+00	3.83250953434375e+03
6.06000000000000e+00	2.73723192937817e+03
6.07000000000000e+00	1.94548922942942e+03
6.08000000000000e+00	1.38449892764224e+03
6.09000000000000e+00	9.95160392704034e+02
6.10000000000000e+00	7.31515643344690e+02
6.11000000000000e+00	5.59423711579997e+02
6.12000000000000e+00	4.54772360057868e+02
6.13000000000000e+00	4.01439623106789e+02
6.14000000000000e+00	3.89287788684965e+02
6.15000000000000e+00	4.12310247028409e+02
6.16000000000000e+00	4.67013142053730e+02
6.17000000000000e+00	5.51150212743469e+02
6.18000000000000e+00	6.62854908635349e+02
6.19000000000000e+00	8.00003777947165e+02
6.20000000000000e+00	9.60064089439862e+02
6.21000000000000e+00	1.13995423905845e+03
6.22000000000000e+00	1.33625264533897e+03
6.23000000000000e+00	1.54530334153504e+03
6.24000000000000e+00	1.76350699144217e+03
6.25000000000000e+00	1.98747810723178e+03
6.26000000000000e+00	2.21431633917372e+03
6.27000000000000e+00	2.44178736209440e+03
6.28000000000000e+00	2.66830881036811e+03
6.29000000000000e+00	2.89311941541576e+03
6.30000000000000e+00	3.11610253694497e+03
6.31000000000000e+00	3.33756156418950e+03
6.32000000000000e+00	3.55808004057894e+03
6.33000000000000e+00	3.77847477562127e+03
6.34000000000000e+00	3.99921371274499e+03
6.35000000000000e+00	4.22085723875916e+03
6.36000000000000e+00	4.44345131397898e+03
6.37000000000000e+00	4.66644833359608e+03
6.38000000000000e+00	4.88892995797970e+03
6.39000000000000e+00	5.10932508906597e+03
6.40000000000000e+00	5.32558477261005e+03
6.41000000000000e+00	5.53553873298875e+03
6.42000000000000e+00	5.73701691717622e+03
6.43000000000000e+00	5.92840313842743e+03
6.44000000000000e+00	6.10852372413863e+03
6.45000000000000e+00	6.27697681116143e+03
6.46000000000000e+00	6.43403512335776e+03
6.47000000000000e+00	6.58042790959424e+03
6.48000000000000e+00	6.71714967654050e+03
6.49000000000000e+00	6.84512358199163e+03
6.50000000000000e+00	6.96472052328881e+03
6.51000000000000e+00	7.07561445950475e+03
6.52000000000000e+00	7.17621837409630e+03
6.53000000000000e+00	7.26358387726447e+03
6.54000000000000e+00	7.33321574863865e+03
6.55000000000000e+00	7.37969994591306e+03
6.56000000000000e+00	7.39722428332603e+03
6.57000000000000e+00	7.38031771052355e+03
6.58000000000000e+00	7.32518160889229e+03
6.59000000000000e+00	7.22998782846797e+03
6.60000000000000e+00	7.09568963183585e+03
6.61000000000000e+00	6.92551653207487e+03
6.62000000000000e+00	6.72502239149682e+03
6.63000000000000e+00	6.50123020167295e+03
6.64000000000000e+00	6.26245490172064e+03
6.65000000000000e+00	6.01727311605631e+03
6.66000000000000e+00	5.77423266106690e+03
6.67000000000000e+00	5.54116598421554e+03
6.68000000000000e+00	5.32487943792205e+03
6.69000000000000e+00	5.13072858135195e+03
6.70000000000000e+00	4.96289324061212e+03
6.71000000000000e+00	4.82425608767898e+03
6.72000000000000e+00	4.71674547245413e+03
6.73000000000000e+00	4.64158735584667e+03
6.74000000000000e+00	4.59924963120629e+03
6.75000000000000e+00	4.58945728421491e+03
6.76000000000000e+00	4.61114356359147e+03
6.77000000000000e+00	4.66240040775573e+03
6.78000000000000e+00	4.74023530727608e+03
6.79000000000000e+00	4.84090619636633e+03
6.80000000000000e+00	4.96000385460155e+03
6.81000000000000e+00	5.09290633603323e+03
6.82000000000000e+00	5.23500611971583e+03
6.83000000000000e+00	5.38229184996075e+03
6.84000000000000e+00	5.53146609355022e+03
6.85000000000000e+00	5.68018071854651e+03
6.86000000000000e+00	5.82707796663256e+03
6.87000000000000e+00	5.97181723092031e+03
6.88000000000000e+00	6.11458431070702e+03
6.89000000000000e+00	6.25579665789679e+03
6.90000000000000e+00	6.39596695681901e+03
6.91000000000000e+00	6.53514180684079e+03
6.92000000000000e+00	6.67295922451759e+03
6.93000000000000e+00	6.80858206299262e+03
6.94000000000000e+00	6.94047724549203e+03
6.95000000000000e+00	7.06668102479210e+03
6.96000000000000e+00	7.18488790772147e+03
6.97000000000000e+00	7.29225609516610e+03
6.98000000000000e+00	7.38584421499311e+03
6.99000000000000e+00	7.46253985134846e+03
7.00000000000000e+00	7.51930874429403e+03
7.01000000000000e+00	7.55338293054859e+03
7.02000000000000e+00	7.56254384629552e+03
7.03000000000000e+00	7.54499344993408e+03
7.04000000000000e+00	7.49976139805626e+03
7.05000000000000e+00	7.42636282617576e+03
7.06000000000000e+00	7.32532667462451e+03
7.07000000000000e+00	7.19803037182966e+03
7.08000000000000e+00	7.04669750061474e+03
7.09000000000000e+00	6.87486685812636e+03
7.10000000000000e+00	6.68730843769856e+03
7.11000000000000e+00	6.48996839766829e+03
7.12000000000000e+00	6.28949699974032e+03
7.13000000000000e+00	6.09302895977755e+03
7.14000000000000e+00	5.90737579153769e+03
7.15000000000000e+00	5.73841067041652e+03
7.16000000000000e+00	5.59071122312479e+03
7.17000000000000e+00	5.46715428326584e+03
7.18000000000000e+00	5.36891957946253e+03
7.19000000000000e+00	5.29528117172378e+03
7.20000000000000e+00	5.24439806213028e+03
7.21000000000000e+00	5.21288068167864e+03
7.22000000000000e+00	5.19672069356058e+03
7.23000000000000e+00	5.19127845754221e+03
7.24000000000000e+00	5.19184993914099e+03
7.25000000000000e+00	5.19391750056097e+03
7.26000000000000e+00	5.19346738441727e+03
7.27000000000000e+00	5.18723845057467e+03
7.28000000000000e+00	5.17280440929692e+03
7.29000000000000e+00	5.14891548529314e+03
7.30000000000000e+00	5.11563291421948e+03
7.31000000000000e+00	5.07408275424314e+03
7.32000000000000e+00	5.02707649156544e+03
7.33000000000000e+00	4.97892104465610e+03
7.34000000000000e+00	4.93537258402626e+03
7.35000000000000e+00	4.90368818959577e+03
7.36000000000000e+00	4.89213727390336e+03
7.37000000000000e+00	4.90990506491584e+03
7.38000000000000e+00	4.96635063799527e+03
7.39000000000000e+00	5.07033136927852e+03
7.40000000000000e+00	5.22951046594459e+03
7.41000000000000e+00	5.44940589925113e+03
7.42000000000000e+00	5.73267333449403e+03
7.43000000000000e+00	6.07856391671738e+03
7.44000000000000e+00	6.48223646167057e+03
7.45000000000000e+00	6.93492544754008e+03
7.46000000000000e+00	7.42428229241717e+03
7.47000000000000e+00	7.93498733629346e+03
7.48000000000000e+00	8.44985172464902e+03
7.49000000000000e+00	8.95122565853173e+03
7.50000000000000e+00	9.42216305919138e+03
7.51000000000000e+00	9.84770730843695e+03
7.52000000000000e+00	1.02161546894798e+04
7.53000000000000e+00	1.05193278704939e+04
7.54000000000000e+00	1.07533623957236e+04
7.55000000000000e+00	1.09187802992352e+04
7.56000000000000e+00	1.10197810780238e+04
7.57000000000000e+00	1.10638327301190e+04
7.58000000000000e+00	1.10607928404634e+04
7.59000000000000e+00	1.10220919339661e+04
7.60000000000000e+00	1.09591990955579e+04
7.61000000000000e+00	1.08830490234799e+04
7.62000000000000e+00	1.08026039950641e+04
7.63000000000000e+00	1.07247344034750e+04
7.64000000000000e+00	1.06534167670033e+04
7.65000000000000e+00	1.05899619086805e+04
7.66000000000000e+00	1.05335178564464e+04
7.67000000000000e+00	1.04816988736569e+04
7.68000000000000e+00	1.04309451910455e+04
7.69000000000000e+00	1.03772529926025e+04
7.70000000000000e+00	1.03171441396155e+04
7.71000000000000e+00	1.02477251699493e+04
7.72000000000000e+00	1.01670251922193e+04
7.73000000000000e+00	1.00739221687303e+04
7.74000000000000e+00	9.96883270864538e+03
7.75000000000000e+00	9.85217095357833e+03
7.76000000000000e+00	9.72530916918349e+03
7.77000000000000e+00	9.58905142242843e+03
7.78000000000000e+00	9.44374885795425e+03
7.79000000000000e+00	9.28906633081057e+03
7.80000000000000e+00	9.12422491850997e+03
7.81000000000000e+00	8.94850527256971e+03
7.82000000000000e+00	8.76131591227524e+03
7.83000000000000e+00	8.56217867216072e+03
7.84000000000000e+00	8.35129341120227e+03
7.85000000000000e+00	8.12888760198879e+03
7.86000000000000e+00	7.89518200043634e+03
7.87000000000000e+00	7.65047390396780e+03
7.88000000000000e+00	7.39482433125764e+03
7.89000000000000e+00	7.12770229077693e+03
7.90000000000000e+00	6.84890213221186e+03
7.91000000000000e+00	6.55748928800055e+03
7.92000000000000e+00	6.25289700865414e+03
7.93000000000000e+00	5.93479009108994e+03
7.94000000000000e+00	5.60373783382088e+03
7.95000000000000e+00	5.26244187293230e+03
7.96000000000000e+00	4.91625797209249e+03
7.97000000000000e+00	4.57491750855074e+03
7.98000000000000e+00	4.25340867009059e+03
7.99000000000000e+00	3.97334782244459e+03
8.00000000000000e+00	3.76273189333381e+03
8.01000000000000e+00	3.65598683872683e+03
8.02000000000000e+00	3.69197793799274e+03
8.03000000000000e+00	3.91123065225247e+03
8.04000000000000e+00	4.35154177012251e+03
8.05000000000000e+00	5.04323641395975e+03
8.06000000000000e+00	6.00304561641504e+03
8.07000000000000e+00	7.22944170534301e+03
8.08000000000000e+00	8.69908326632111e+03
8.09000000000000e+00	1.03659786393530e+04
8.10000000000000e+00	1.21643730365517e+04
8.11000000000000e+00	1.40141712566118e+04
8.12000000000000e+00	1.58288257609467e+04
8.13000000000000e+00	1.75243163180445e+04
8.14000000000000e+00	1.90260534988501e+04
8.15000000000000e+00	2.02760734557338e+04
8.16000000000000e+00	2.12348912939620e+04
8.17000000000000e+00	2.18836651134182e+04
8.18000000000000e+00	2.22237484060187e+04
8.19000000000000e+00	2.22727190208372e+04
8.20000000000000e+00	2.20620525571200e+04
8.21000000000000e+00	2.16344280278669e+04
8.22000000000000e+00	2.10383044398348e+04
8.23000000000000e+00	2.03241942333883e+04
8.24000000000000e+00	1.95417373501703e+04
8.25000000000000e+00	1.87354498808140e+04
8.26000000000000e+00	1.79412619318027e+04
8.27000000000000e+00	1.71872654772185e+04
8.28000000000000e+00	1.64917593528974e+04
8.29000000000000e+00	1.58648201812953e+04
8.30000000000000e+00	1.53107801566921e+04
8.31000000000000e+00	1.48280835865542e+04
8.32000000000000e+00	1.44125122731745e+04
8.33000000000000e+00	1.40579080550128e+04
8.34000000000000e+00	1.37573575773623e+04
8.35000000000000e+00	1.35033669428507e+04
8.36000000000000e+00	1.32890400012147e+04
8.37000000000000e+00	1.31079703364830e+04
8.38000000000000e+00	1.29542875375678e+04
8.39000000000000e+00	1.28229450443040e+04
8.40000000000000e+00	1.27099410150415e+04
8.41000000000000e+00	1.26117802603239e+04
8.42000000000000e+00	1.25260895112904e+04
8.43000000000000e+00	1.24511594058011e+04
8.44000000000000e+00	1.23857902933667e+04
8.45000000000000e+00	1.23290989278943e+04
8.46000000000000e+00	1.22801762552439e+04
8.47000000000000e+00	1.22381797335956e+04
8.48000000000000e+00	1.22019411185849e+04
8.49000000000000e+00	1.21705957712741e+04
8.50000000000000e+00	1.21433332677723e+04
8.51000000000000e+00	1.21197967627479e+04
8.52000000000000e+00	1.20988707812648e+04
8.53000000000000e+00	1.20798437473935e+04
8.54000000000000e+00	1.20615288656431e+04
8.55000000000000e+00	1.20424824638777e+04
8.56000000000000e+00	1.20211944688442e+04
8.57000000000000e+00	1.19962569705473e+04
8.58000000000000e+00	1.19666746139070e+04
8.59000000000000e+00	1.19321523724142e+04
8.60000000000000e+00	1.18930865685391e+04
8.61000000000000e+00	1.18502409694772e+04
8.62000000000000e+00	1.18043566240010e+04
8.63000000000000e+00	1.17567744047995e+04
8.64000000000000e+00	1.17087831504861e+04
8.65000000000000e+00	1.16614564735326e+04
8.66000000000000e+00	1.16157967726635e+04
8.67000000000000e+00	1.15722569914231e+04
8.68000000000000e+00	1.15314870085888e+04
8.69000000000000e+00	1.14936196940479e+04
8.70000000000000e+00	1.14588823092024e+04
8.71000000000000e+00	1.14268583883118e+04
8.72000000000000e+00	1.13976332548439e+04
8.73000000000000e+00	1.13706239763277e+04
8.74000000000000e+00	1.13455362690971e+04
8.75000000000000e+00	1.13216339701754e+04
8.76000000000000e+00	1.12986845425573e+04
8.77000000000000e+00	1.12756491233213e+04
8.78000000000000e+00	1.12526555178728e+04
8.79000000000000e+00	1.12290978424102e+04
8.80000000000000e+00	1.12051267190278e+04
8.81000000000000e+00	1.11812697212321e+04
8.82000000000000e+00	1.11579156817458e+04
8.83000000000000e+00	1.11357130957025e+04
8.84000000000000e+00	1.11150294216402e+04
8.85000000000000e+00	1.10964396470757e+04
8.86000000000000e+00	1.10797898842836e+04
8.87000000000000e+00	1.10650932621897e+04
8.88000000000000e+00	1.10519732224173e+04
8.89000000000000e+00	1.10403026568053e+04
8.90000000000000e+00	1.10297398331195e+04
8.91000000000000e+00	1.10201273349953e+04
8.92000000000000e+00	1.10107410867201e+04
8.93000000000000e+00	1.10019429116412e+04
8.94000000000000e+00	1.09930667952681e+04
8.95000000000000e+00	1.09843036538233e+04
8.96000000000000e+00	1.09750945475243e+04
8.97000000000000e+00	1.09651922783528e+04
8.98000000000000e+00	1.09539144816502e+04
8.99000000000000e+00	1.09411389898646e+04
9.00000000000000e+00	1.09269197037412e+04
9.01000000000000e+00	1.09120992371977e+04
9.02000000000000e+00	1.08977630075867e+04
9.03000000000000e+00	1.08849628997163e+04
9.04000000000000e+00	1.08752649749115e+04
9.05000000000000e+00	1.08687686470823e+04
9.06000000000000e+00	1.08658112251131e+04
9.07000000000000e+00	1.08654239314182e+04
9.08000000000000e+00	1.08667212475204e+04
9.09000000000000e+00	1.08686320039591e+04
9.10000000000000e+00	1.08703967980235e+04
9.11000000000000e+00	1.08709053046944e+04
9.12000000000000e+00	1.08698406846711e+04
9.13000000000000e+00	1.08665790027207e+04
9.14000000000000e+00	1.08611772156223e+04
9.15000000000000e+00	1.08535947800852e+04
9.16000000000000e+00	1.08440518941807e+04
9.17000000000000e+00	1.08332230704050e+04
9.18000000000000e+00	1.08218628926134e+04
9.19000000000000e+00	1.08108410482980e+04
9.20000000000000e+00	1.08010842039534e+04
9.21000000000000e+00	1.07935246226319e+04
9.22000000000000e+00	1.07886709174074e+04
9.23000000000000e+00	1.07868602239127e+04
9.24000000000000e+00	1.07877521185975e+04
9.25000000000000e+00	1.07906798693483e+04
9.26000000000000e+00	1.07945317764974e+04
9.27000000000000e+00	1.07980574361937e+04
9.28000000000000e+00	1.08000963659788e+04
9.29000000000000e+00	1.07995695518116e+04
9.30000000000000e+00	1.07957791962482e+04
9.31000000000000e+00	1.07885037085586e+04
9.32000000000000e+00	1.07776732535327e+04
9.33000000000000e+00	1.07637256271657e+04
9.34000000000000e+00	1.07474151564247e+04
9.35000000000000e+00	1.07293670915696e+04
9.36000000000000e+00	1.07105423152837e+04
9.37000000000000e+00	1.06915839297511e+04
9.38000000000000e+00	1.06732230202270e+04
9.39000000000000e+00	1.06560729321557e+04
9.40000000000000e+00	1.06404844511379e+04
9.41000000000000e+00	1.06268455985462e+04
9.42000000000000e+00	1.06152170829581e+04
9.43000000000000e+00	1.06056989116758e+04
9.44000000000000e+00	1.05980504398069e+04
9.45000000000000e+00	1.05919763650042e+04
9.46000000000000e+00	1.05872722420129e+04
9.47000000000000e+00	1.05837218736498e+04
9.48000000000000e+00	1.05811910141630e+04
9.49000000000000e+00	1.05796332245589e+04
9.50000000000000e+00	1.05794517239124e+04
9.51000000000000e+00	1.05804840144566e+04
9.52000000000000e+00	1.05826006687057e+04
9.53000000000000e+00	1.05852347005926e+04
9.54000000000000e+00	1.05874437255048e+04
9.55000000000000e+00	1.05880834574234e+04
9.56000000000000e+00	1.05868500845858e+04
9.57000000000000e+00	1.05844249533377e+04
9.58000000000000e+00	1.05823983728604e+04
9.59000000000000e+00	1.05834013114741e+04
9.60000000000000e+00	1.05895202258588e+04
9.61000000000000e+00	1.06021450286613e+04
9.62000000000000e+00	1.06212265520528e+04
9.63000000000000e+00	1.06456172350377e+04
9.64000000000000e+00	1.06732897042785e+04
9.65000000000000e+00	1.07022257370969e+04
9.66000000000000e+00	1.07307952647994e+04
9.67000000000000e+00	1.07580219241143e+04
9.68000000000000e+00	1.07834726241892e+04
9.69000000000000e+00	1.08069713796161e+04
9.70000000000000e+00	1.08284071139420e+04
9.71000000000000e+00	1.08481213655439e+04
9.72000000000000e+00	1.08659396192893e+04
9.73000000000000e+00	1.08820959200692e+04
9.74000000000000e+00	1.08965911079163e+04
9.75000000000000e+00	1.09094205266165e+04
9.76000000000000e+00	1.09206777268892e+04
9.77000000000000e+00	1.09302633778524e+04
9.78000000000000e+00	1.09382564695524e+04
9.79000000000000e+00	1.09447839448871e+04
9.80000000000000e+00	1.09499229690966e+04
9.81000000000000e+00	1.09537993584322e+04
9.82000000000000e+00	1.09568351779604e+04
9.83000000000000e+00	1.09589112135399e+04
9.84000000000000e+00	1.09603526301125e+04
9.85000000000000e+00	1.09609938745105e+04
9.86000000000000e+00	1.09609458505719e+04
9.87000000000000e+00	1.09606437185010e+04
9.88000000000000e+00	1.09617738672010e+04
9.89000000000000e+00	1.09694771709531e+04
9.90000000000000e+00	1.09964621014512e+04
9.91000000000000e+00	1.10712657893974e+04
9.92000000000000e+00	1.12505869270782e+04
9.93000000000000e+00	1.16376425659592e+04
9.94000000000000e+00	1.24096676848518e+04
9.95000000000000e+00	1.38724504505710e+04
9.96000000000000e+00	1.65816313048928e+04
9.97000000000000e+00	2.16398864469597e+04
9.98000000000000e+00	3.14513428589048e+04
9.99000000000000e+00	5.17584911292027e+04
1.00000000000000e+01	9.76204630025307e+04
1.00100000000000e+01	2.10444496044471e+05
1.00200000000000e+01	4.59350644131972e+05
1.00300000000000e+01	5.72935199210361e+05
1.00400000000000e+01	2.65633646288812e+05
1.00500000000000e+01	8.97003357974686e+04
1.00600000000000e+01	3.19320921383340e+04
1.00700000000000e+01	1.27265785728667e+04
1.00800000000000e+01	5.65380730660694e+03
1.00900000000000e+01	2.75496114665152e+03
1.01000000000000e+01	1.44895951526893e+03
1.01100000000000e+01	8.11574775351089e+02
1.01200000000000e+01	4.78933740088872e+02
1.01300000000000e+01	2.95284417670472e+02
1.01400000000000e+01	1.88940418916209e+02
1.01500000000000e+01	1.24803669321494e+02
1.01600000000000e+01	8.47399928664169e+01
1.01700000000000e+01	5.89384276873716e+01
1.01800000000000e+01	4.18701702570684e+01
1.01900000000000e+01	3.03090302111960e+01
1.02000000000000e+01	2.23114572563647e+01
1.02100000000000e+01	1.66734679740526e+01
1.02200000000000e+01	1.26310383161235e+01
1.02300000000000e+01	9.68759248962075e+00
1.02400000000000e+01	7.51422680298127e+00
1.02500000000000e+01	5.88896268263675e+00
1.02600000000000e+01	4.65918706296338e+00
1.02700000000000e+01	3.71860130649387e+00
1.02800000000000e+01	2.99210484273519e+00
1.02900000000000e+01	2.42573826733658e+00
1.03000000000000e+01	1.98043261120848e+00
1.03100000000000e+01	1.62751197179659e+00
1.03200000000000e+01	1.34571726408176e+00
1.03300000000000e+01	1.11915471877543e+00
1.03400000000000e+01	9.35790658273221e-01
1.03500000000000e+01	7.86471248008734e-01
1.03600000000000e+01	6.64165370655264e-01
1.03700000000000e+01	5.63433056180923e-01
1.03800000000000e+01	4.80034599242571e-01
1.03900000000000e+01	4.10649280010814e-01
1.04000000000000e+01	3.52645152921192e-01
1.04100000000000e+01	3.03941478750935e-01
1.04200000000000e+01	2.62874091596398e-01
1.04300000000000e+01	2.28104093715866e-01
1.04400000000000e+01	1.98557116233877e-01
1.04500000000000e+01	1.73356951104269e-01
1.04600000000000e+01	1.51788289496358e-01
1.04700000000000e+01	1.33268178913043e-01
1.04800000000000e+01	1.17314880623457e-01
1.04900000000000e+01	1.03532365846838e-01
1.05000000000000e+01	9.15908927388949e-02
1.05100000000000e+01	8.12160968687862e-02
1.05200000000000e+01	7.21786067547245e-02
1.05300000000000e+01	6.42857731307563e-02
1.05400000000000e+01	5.73760089834608e-02
1.05500000000000e+01	5.13126758719313e-02
1.05600000000000e+01	4.59796028877838e-02
1.05700000000000e+01	4.12780837655147e-02
1.05800000000000e+01	3.71245750129435e-02
1.05900000000000e+01	3.34477406841291e-02
1.06000000000000e+01	3.01860833353021e-02
1.06100000000000e+01	2.72872638623183e-02
1.06200000000000e+01	2.47056863076017e-02
1.06300000000000e+01	2.24026458092526e-02
1.06400000000000e+01	2.03442937112221e-02
1.06500000000000e+01	1.85013955119514e-02
1.06600000000000e+01	1.68486685992500e-02
1.06700000000000e+01	1.53641507766879e-02
1.06800000000000e+01	1.40284807467881e-02
1.06900000000000e+01	1.28249396154324e-02
1.07000000000000e+01	1.17387519713818e-02
1.07100000000000e+01	1.07571219046963e-02
1.07200000000000e+01	9.86878859792499e-03
1.07300000000000e+01	9.06385240944276e-03
1.07400000000000e+01	8.33344315923983e-03
1.07500000000000e+01	7.66991041385616e-03
1.07600000000000e+01	7.06649356410852e-03
1.07700000000000e+01	6.51702113076652e-03
1.07800000000000e+01	6.01616621823620e-03
1.07900000000000e+01	5.55919344755760e-03
1.08000000000000e+01	5.14181472379860e-03
1.08100000000000e+01	4.76018411251859e-03
1.08200000000000e+01	4.41091739963499e-03
1.08300000000000e+01	4.09094874270266e-03
1.08400000000000e+01	3.79751760597020e-03
1.08500000000000e+01	3.52816890591551e-03
1.08600000000000e+01	3.28064825421726e-03
1.08700000000000e+01	3.05296323012978e-03
1.08800000000000e+01	2.84334954997490e-03
1.08900000000000e+01	2.65015528708151e-03
1.09000000000000e+01	2.47193235844309e-03
1.09100000000000e+01	2.30736387072209e-03
1.09200000000000e+01	2.15525897894415e-03
1.09300000000000e+01	2.01451842285507e-03
1.09400000000000e+01	1.88419649428835e-03
1.09500000000000e+01	1.76341282210718e-03
1.09600000000000e+01	1.65136052352377e-03
1.09700000000000e+01	1.54734377420899e-03
1.09800000000000e+01	1.45068644552446e-03
1.09900000000000e+01	1.36081039372825e-03
1.10000000000000e+01	1.27718254960582e-03
1.10100000000000e+01	1.19930639082345e-03
1.10200000000000e+01	1.12676452790398e-03
1.10300000000000e+01	1.05914418078691e-03
1.10400000000000e+01	9.96087496041915e-04
1.10500000000000e+01	9.37265911442410e-04
1.10600000000000e+01	8.82381543135456e-04
1.10700000000000e+01	8.31148194452223e-04
1.10800000000000e+01	7.83321513984676e-04
1.10900000000000e+01	7.38648530953416e-04
1.11000000000000e+01	6.96920320461754e-04
1.11100000000000e+01	6.57928449992361e-04
1.11200000000000e+01	6.21463332889930e-04
1.11300000000000e+01	5.87357330354001e-04
1.11400000000000e+01	5.55435114102322e-04
1.11500000000000e+01	5.25539969226602e-04
1.11600000000000e+01	4.97523835351697e-04
1.11700000000000e+01	4.71254616094490e-04
1.11800000000000e+01	4.46597740844326e-04
1.11900000000000e+01	4.23444425305909e-04
1.12000000000000e+01	4.01674972610944e-04
1.12100000000000e+01	3.81204774558069e-04
1.12200000000000e+01	3.61935668428160e-04
1.12300000000000e+01	3.43786352907440e-04
1.12400000000000e+01	3.26676522081645e-04
1.12500000000000e+01	3.10544304485269e-04
1.12600000000000e+01	2.95320998229213e-04
1.12700000000000e+01	2.80947178167487e-04
1.12800000000000e+01	2.67372057476572e-04
1.12900000000000e+01	2.54540648821233e-04
1.13000000000000e+01	2.42411035796350e-04
1.13100000000000e+01	2.30938499362220e-04
1.13200000000000e+01	2.20080209970276e-04
1.13300000000000e+01	2.09803616324916e-04
1.13400000000000e+01	2.00068304950853e-04
1.13500000000000e+01	1.90846319936231e-04
1.13600000000000e+01	1.82105075007704e-04
1.13700000000000e+01	1.73813768199956e-04
1.13800000000000e+01	1.65950379472596e-04
1.13900000000000e+01	1.58485710124553e-04
1.14000000000000e+01	1.51398226844847e-04
1.14100000000000e+01	1.44669337562718e-04
1.14200000000000e+01	1.38273475257250e-04
1.14300000000000e+01	1.32196386129756e-04
1.14400000000000e+01	1.26419643991004e-04
1.14500000000000e+01	1.20926431133310e-04
1.14600000000000e+01	1.15701637325263e-04
1.14700000000000e+01	1.10729551869404e-04
1.14800000000000e+01	1.05997500412163e-04
1.14900000000000e+01	1.01491818069755e-04
1.15000000000000e+01	9.72010380507784e-05
1.15100000000000e+01	9.31133283212394e-05
1.15200000000000e+01	8.92181842692786e-05
1.15300000000000e+01	8.55054345533823e-05
1.15400000000000e+01	8.19646738493205e-05
1.15500000000000e+01	7.85894853980751e-05
1.15600000000000e+01	7.53703338804411e-05
1.15700000000000e+01	7.23005113602678e-05
1.15800000000000e+01	6.93732375853775e-05
1.15900000000000e+01	6.65812149659128e-05
1.16000000000000e+01	6.39189556412570e-05
1.16100000000000e+01	6.13807725731401e-05
1.16200000000000e+01	5.89605899908897e-05
1.16300000000000e+01	5.66527626753289e-05
1.16400000000000e+01	5.44511176057843e-05
1.16500000000000e+01	5.23511480906621e-05
1.16600000000000e+01	5.03467843297553e-05
1.16700000000000e+01	4.84328438721448e-05
1.16800000000000e+01	4.66042070404867e-05
1.16900000000000e+01	4.48556382035020e-05
1.17000000000000e+01	4.31827898263892e-05
1.17100000000000e+01	4.15805167555356e-05
1.17200000000000e+01	4.00452845153714e-05
1.17300000000000e+01	3.85731248238116e-05
1.17400000000000e+01	3.71603768039086e-05
1.17500000000000e+01	3.58039493670532e-05
1.17600000000000e+01	3.45010266652266e-05
1.17700000000000e+01	3.32492665803321e-05
1.17800000000000e+01	3.20468666238809e-05
1.17900000000000e+01	3.08913802759182e-05
1.18000000000000e+01	2.97814137547129e-05
1.18100000000000e+01	2.87155648506093e-05
1.18200000000000e+01	2.76921589762352e-05
1.18300000000000e+01	2.67097931680898e-05
1.18400000000000e+01	2.57672299785320e-05
1.18500000000000e+01	2.48628441031586e-05
1.18600000000000e+01	2.39951724696567e-05
1.18700000000000e+01	2.31628827261392e-05
1.18800000000000e+01	2.23644500897690e-05
1.18900000000000e+01	2.15983841709768e-05
1.19000000000000e+01	2.08631317168422e-05
1.19100000000000e+01	2.01572292547913e-05
1.19200000000000e+01	1.94792669795385e-05
1.19300000000000e+01	1.88281322415200e-05
1.19400000000000e+01	1.82021337049220e-05
1.19500000000000e+01	1.76001374081053e-05
1.19600000000000e+01	1.70209519384872e-05
1.19700000000000e+01	1.64636090633673e-05
1.19800000000000e+01	1.59267969128395e-05
1.19900000000000e+01	1.54094127375751e-05
1.20000000000000e+01	1.49107229104943e-05
1.20100000000000e+01	1.44300156932413e-05
1.20200000000000e+01	1.39662191261714e-05
1.20300000000000e+01	1.35188698303889e-05
1.20400000000000e+01	1.30871185367826e-05
1.20500000000000e+01	1.26705390167336e-05
1.20600000000000e+01	1.22686739778638e-05
1.20700000000000e+01	1.18808826951817e-05
1.20800000000000e+01	1.15069469741529e-05
1.20900000000000e+01	1.11462159255153e-05
1.21000000000000e+01	1.07985523191946e-05
1.21100000000000e+01	1.04633951624427e-05
1.21200000000000e+01	1.01405103247306e-05
1.21300000000000e+01	9.82934928453300e-06
1.21400000000000e+01	9.52963731325009e-06
1.21500000000000e+01	9.24094517776483e-06
1.21600000000000e+01	8.96278556811306e-06
1.21700000000000e+01	8.69466533713524e-06
1.21800000000000e+01	8.43622212772880e-06
1.21900000000000e+01	8.18694276209734e-06
1.22000000000000e+01	7.94645414886151e-06
1.22100000000000e+01	7.71422213208518e-06
1.22200000000000e+01	7.48993770666636e-06
1.22300000000000e+01	7.27314488910279e-06
1.22400000000000e+01	7.06343667636859e-06
1.22500000000000e+01	6.86048179583191e-06
1.22600000000000e+01	6.66398433869065e-06
1.22700000000000e+01	6.47360546020292e-06
1.22800000000000e+01	6.28898175402133e-06
1.22900000000000e+01	6.11002917995562e-06
1.23000000000000e+01	5.93625966317848e-06
1.23100000000000e+01	5.76757628734301e-06
1.23200000000000e+01	5.60378845701700e-06
1.23300000000000e+01	5.44456876159352e-06
1.23400000000000e+01	5.28990635353809e-06
1.23500000000000e+01	5.13954095113038e-06
1.23600000000000e+01	4.99337856121521e-06
1.23700000000000e+01	4.85137286713893e-06
1.23800000000000e+01	4.71328974278474e-06
1.23900000000000e+01	4.57924267272662e-06
1.24000000000000e+01	4.44896719225090e-06
1.24100000000000e+01	4.32259609346393e-06
1.24200000000000e+01	4.19989986115746e-06
1.24300000000000e+01	4.08091961229165e-06
1.24400000000000e+01	3.96555931910155e-06
1.24500000000000e+01	3.85374089696045e-06
1.24600000000000e+01	3.74533663653264e-06
1.24700000000000e+01	3.64032885685296e-06
1.24800000000000e+01	3.53856017416198e-06
1.24900000000000e+01	3.43995850816304e-06
1.25000000000000e+01	3.34442836728665e-06
1.25100000000000e+01	3.25186932088862e-06
1.25200000000000e+01	3.16221307995105e-06
1.25300000000000e+01	3.07532084429984e-06
1.25400000000000e+01	2.99118066303532e-06
1.25500000000000e+01	2.90964301344847e-06
1.25600000000000e+01	2.83069107371682e-06
1.25700000000000e+01	2.75420724213045e-06
1.25800000000000e+01	2.68014861336208e-06
1.25900000000000e+01	2.60842139236768e-06
1.26000000000000e+01	2.53894215903387e-06
1.26100000000000e+01	2.47162416690013e-06
1.26200000000000e+01	2.40638701680066e-06
1.26300000000000e+01	2.34318057980891e-06
1.26400000000000e+01	2.28186658592032e-06
1.26500000000000e+01	2.22244567256266e-06
1.26600000000000e+01	2.16480822051369e-06
1.26700000000000e+01	2.10887809179194e-06
1.26800000000000e+01	2.05462128644653e-06
1.26900000000000e+01	2.00198146269396e-06
1.27000000000000e+01	1.95090939856616e-06
1.27100000000000e+01	1.90136910329342e-06
1.27200000000000e+01	1.85331267816232e-06
1.27300000000000e+01	1.80668671177614e-06
1.27400000000000e+01	1.76145849531945e-06
1.27500000000000e+01	1.71759558293006e-06
1.27600000000000e+01	1.67508245047044e-06
1.27700000000000e+01	1.63383374368033e-06
1.27800000000000e+01	1.59383655109534e-06
1.27900000000000e+01	1.55503115720012e-06
1.28000000000000e+01	1.51737092581172e-06
1.28100000000000e+01	1.48083430543698e-06
1.28200000000000e+01	1.44536464993664e-06
1.28300000000000e+01	1.41092799476378e-06
1.28400000000000e+01	1.37747509109430e-06
1.28500000000000e+01	1.34498624033981e-06
1.28600000000000e+01	1.31340773489298e-06
1.28700000000000e+01	1.28271768281614e-06
1.28800000000000e+01	1.25289438644042e-06
1.28900000000000e+01	1.22389360142550e-06
1.29000000000000e+01	1.19569196546673e-06
1.29100000000000e+01	1.16827341081086e-06
1.29200000000000e+01	1.14160448319338e-06
1.29300000000000e+01	1.11567054528610e-06
1.29400000000000e+01	1.09041665484677e-06
1.29500000000000e+01	1.06586500884293e-06
1.29600000000000e+01	1.04194281170712e-06
1.29700000000000e+01	1.01867022882619e-06
1.29800000000000e+01	9.95989111824742e-07
1.29900000000000e+01	9.73923600576660e-07
1.30000000000000e+01	9.52415083474708e-07
1.30100000000000e+01	9.31475055451400e-07
1.30200000000000e+01	9.11079502633437e-07
1.30300000000000e+01	8.91218659226036e-07
1.30400000000000e+01	8.71859157381662e-07
1.30500000000000e+01	8.53011656808274e-07
1.30600000000000e+01	8.34633911474160e-07
1.30700000000000e+01	8.16719216116087e-07
1.30800000000000e+01	7.99237393482603e-07
1.30900000000000e+01	7.82193283631753e-07
1.31000000000000e+01	7.65541681030352e-07
1.31100000000000e+01	7.49287944676822e-07
1.31200000000000e+01	7.33394360032416e-07
1.31300000000000e+01	7.17851675783003e-07
1.31400000000000e+01	7.02647297675184e-07
1.31500000000000e+01	6.87775642519438e-07
1.31600000000000e+01	6.73229645511279e-07
1.31700000000000e+01	6.58998016662493e-07
1.31800000000000e+01	6.45067575496830e-07
1.31900000000000e+01	6.31452356532449e-07
1.32000000000000e+01	6.18138812040876e-07
1.32100000000000e+01	6.05125981371775e-07
1.32200000000000e+01	5.92405514435157e-07
1.32300000000000e+01	5.79976544060118e-07
1.32400000000000e+01	5.67836603044861e-07
1.32500000000000e+01	5.55965669943090e-07
1.32600000000000e+01	5.44358408047319e-07
1.32700000000000e+01	5.33018161024018e-07
1.32800000000000e+01	5.21927983234247e-07
1.32900000000000e+01	5.11076831462069e-07
1.33000000000000e+01	5.00465073433385e-07
1.33100000000000e+01	4.90083074335076e-07
1.33200000000000e+01	4.79931327777518e-07
1.33300000000000e+01	4.69994854501580e-07
1.33400000000000e+01	4.60284105598510e-07
1.33500000000000e+01	4.50794354852344e-07
1.33600000000000e+01	4.41515015195766e-07
1.33700000000000e+01	4.32450664092880e-07
1.33800000000000e+01	4.23604034032116e-07
1.33900000000000e+01	4.14968936021225e-07
1.34000000000000e+01	4.06534496860830e-07
1.34100000000000e+01	3.98303347753281e-07
1.34200000000000e+01	3.90269029894990e-07
1.34300000000000e+01	3.82430316397979e-07
1.34400000000000e+01	3.74776275281305e-07
1.34500000000000e+01	3.67301352753066e-07
1.34600000000000e+01	3.60001182500656e-07
1.34700000000000e+01	3.52870524805925e-07
1.34800000000000e+01	3.45908130243687e-07
1.34900000000000e+01	3.39101896557619e-07
1.35000000000000e+01	3.32447878770818e-07
1.35100000000000e+01	3.25934454910147e-07
1.35200000000000e+01	3.19569722114081e-07
1.35300000000000e+01	3.13338628011625e-07
1.35400000000000e+01	3.07238157314274e-07
1.35500000000000e+01	3.01265852603239e-07
1.35600000000000e+01	2.95415308346682e-07
1.35700000000000e+01	2.89677498940309e-07
1.35800000000000e+01	2.84060483600358e-07
1.35900000000000e+01	2.78546259133444e-07
1.36000000000000e+01	2.73138737050101e-07
1.36100000000000e+01	2.67837252366642e-07
1.36200000000000e+01	2.62634055499567e-07
1.36300000000000e+01	2.57524740237016e-07
1.36400000000000e+01	2.52514185816561e-07
1.36500000000000e+01	2.47600860526151e-07
1.36600000000000e+01	2.42781110270645e-07
1.36700000000000e+01	2.38053007549356e-07
1.36800000000000e+01	2.33420780932165e-07
1.36900000000000e+01	2.28880224531475e-07
1.37000000000000e+01	2.24432494660351e-07
1.37100000000000e+01	2.20080553118019e-07
1.37200000000000e+01	2.15819644478487e-07
1.37300000000000e+01	2.11657249461982e-07
1.37400000000000e+01	2.07586107261273e-07
1.37500000000000e+01	2.03615245969061e-07
1.37600000000000e+01	1.99734037372282e-07
1.37700000000000e+01	1.95949080726422e-07
1.37800000000000e+01	1.92254733562198e-07
1.37900000000000e+01	1.88647767114146e-07
1.38000000000000e+01	1.85133986146382e-07
1.38100000000000e+01	1.81699328759978e-07
1.38200000000000e+01	1.78349891134822e-07
1.38300000000000e+01	1.75076485627258e-07
1.38400000000000e+01	1.71877141691348e-07
1.38500000000000e+01	1.68753576461831e-07
1.38600000000000e+01	1.65694073069998e-07
1.38700000000000e+01	1.62702979561856e-07
1.38800000000000e+01	1.59776139730121e-07
1.38900000000000e+01	1.56907029659199e-07
1.39000000000000e+01	1.54098360399303e-07
1.39100000000000e+01	1.51344404107321e-07
1.39200000000000e+01	1.48646559338332e-07
1.39300000000000e+01	1.45999988999459e-07
1.39400000000000e+01	1.43403707269660e-07
1.39500000000000e+01	1.40858351807437e-07
1.39600000000000e+01	1.38360174105112e-07
1.39700000000000e+01	1.35908012527664e-07
1.39800000000000e+01	1.33502814689922e-07
1.39900000000000e+01	1.31140608208443e-07
1.40000000000000e+01	1.28823881129803e-07
1.40100000000000e+01	1.26550340774899e-07
1.40200000000000e+01	1.24317854867270e-07
1.40300000000000e+01	1.22126913187253e-07
1.40400000000000e+01	1.19981404291089e-07
1.40500000000000e+01	1.17874428224692e-07
1.40600000000000e+01	1.15810994042352e-07
1.40700000000000e+01	1.13788462801175e-07
1.40800000000000e+01	1.11805834421916e-07
1.40900000000000e+01	1.09863646103656e-07
1.41000000000000e+01	1.07961803690476e-07
1.41100000000000e+01	1.06098041408785e-07
1.41200000000000e+01	1.04271022746544e-07
1.41300000000000e+01	1.02482763259103e-07
1.41400000000000e+01	1.00727941653736e-07
1.41500000000000e+01	9.90074686635813e-08
1.41600000000000e+01	9.73178615271971e-08
1.41700000000000e+01	9.56599835528943e-08
1.41800000000000e+01	9.40307909809964e-08
1.41900000000000e+01	9.24288894461218e-08
1.42000000000000e+01	9.08540264704625e-08
1.42100000000000e+01	8.93047645349659e-08
1.42200000000000e+01	8.77842123191845e-08
1.42300000000000e+01	8.62865978879480e-08
1.42400000000000e+01	8.48151705282739e-08
1.42500000000000e+01	8.33703409273081e-08
1.42600000000000e+01	8.19498148084176e-08
1.42700000000000e+01	8.05561700593225e-08
1.42800000000000e+01	7.91887415892730e-08
1.42900000000000e+01	7.78459891099292e-08
1.43000000000000e+01	7.65312442146845e-08
1.43100000000000e+01	7.52408212571141e-08
1.43200000000000e+01	7.39761280793990e-08
1.43300000000000e+01	7.27353856461860e-08
1.43400000000000e+01	7.15200057048833e-08
1.43500000000000e+01	7.03273305808101e-08
1.43600000000000e+01	6.91588969241107e-08
1.43700000000000e+01	6.80105497746203e-08
1.43800000000000e+01	6.68862272326666e-08
1.43900000000000e+01	6.57819331703537e-08
1.44000000000000e+01	6.47006573063112e-08
1.44100000000000e+01	6.36378452167879e-08
1.44200000000000e+01	6.25971919617227e-08
1.44300000000000e+01	6.15757024582523e-08
1.44400000000000e+01	6.05744700080833e-08
1.44500000000000e+01	5.95924068030733e-08
1.44600000000000e+01	5.86295711988828e-08
1.44700000000000e+01	5.76857691243994e-08
1.44800000000000e+01	5.67595611053769e-08
1.44900000000000e+01	5.58521320145065e-08
1.45000000000000e+01	5.49615672459370e-08
1.45100000000000e+01	5.40880636587793e-08
1.45200000000000e+01	5.32320957764911e-08
1.45300000000000e+01	5.23910534325208e-08
1.45400000000000e+01	5.15666685786570e-08
1.45500000000000e+01	5.07573539078831e-08
1.45600000000000e+01	4.99626411502827e-08
1.45700000000000e+01	4.91829759647992e-08
1.45800000000000e+01	4.84161755827270e-08
1.45900000000000e+01	4.76636916069884e-08
1.46000000000000e+01	4.69242141878082e-08
1.46100000000000e+01	4.61974832983050e-08
1.46200000000000e+01	4.54837671987037e-08
1.46300000000000e+01	4.47811907896978e-08
1.46400000000000e+01	4.40913076216298e-08
1.46500000000000e+01	4.34132423956651e-08
1.46600000000000e+01	4.27464043973639e-08
1.46700000000000e+01	4.20910277380155e-08
1.46800000000000e+01	4.14474893693289e-08
1.46900000000000e+01	4.08149610385414e-08
1.47000000000000e+01	4.01938672447557e-08
1.47100000000000e+01	3.95833920809854e-08
1.47200000000000e+01	3.89832987895639e-08
1.47300000000000e+01	3.83943696408471e-08
1.47400000000000e+01	3.78163886787348e-08
1.47500000000000e+01	3.72480033146851e-08
1.47600000000000e+01	3.66905751179573e-08
1.47700000000000e+01	3.61427996575884e-08
1.47800000000000e+01	3.56039796609094e-08
1.47900000000000e+01	3.50744390910232e-08
1.48000000000000e+01	3.45544741795860e-08
1.48100000000000e+01	3.40419887728311e-08
1.48200000000000e+01	3.35387240676411e-08
1.48300000000000e+01	3.30427238947350e-08
1.48400000000000e+01	3.25547636260163e-08
1.48500000000000e+01	3.20747612999166e-08
1.48600000000000e+01	3.16012556622534e-08
1.48700000000000e+01	3.11355622541062e-08
1.48800000000000e+01	3.06761696485811e-08
1.48900000000000e+01	3.02235915127286e-08
1.49000000000000e+01	2.97784919096935e-08
1.49100000000000e+01	2.93390997907858e-08
1.49200000000000e+01	2.89070932032720e-08
1.49300000000000e+01	2.84814674054213e-08
1.49400000000000e+01	2.80621593180130e-08
1.49500000000000e+01	2.76490959263058e-08
1.49600000000000e+01	2.72429479709526e-08
1.49700000000000e+01	2.68435700626470e-08
1.49800000000000e+01	2.64504577226143e-08
1.49900000000000e+01	2.60638301080284e-08
1.50000000000000e+01	2.56832553310935e-08
1.50100000000000e+01	2.53100176132370e-08
1.50200000000000e+01	2.49421249294010e-08
1.50300000000000e+01	2.45809316323817e-08
1.50400000000000e+01	2.42258471040830e-08
1.50500000000000e+01	2.38768088278646e-08
1.50600000000000e+01	2.35336058227853e-08
1.50700000000000e+01	2.31961967093372e-08
1.50800000000000e+01	2.28640490314493e-08
1.50900000000000e+01	2.25373967490397e-08
1.51000000000000e+01	2.22158694255525e-08
1.51100000000000e+01	2.18993066684089e-08
1.51200000000000e+01	2.15879777930451e-08
1.51300000000000e+01	2.12808802349595e-08
1.51400000000000e+01	2.09785265118424e-08
1.51500000000000e+01	2.06806381535726e-08
1.51600000000000e+01	2.03868151625157e-08
1.51700000000000e+01	2.00975800261190e-08
1.51800000000000e+01	1.98125955158681e-08
1.51900000000000e+01	1.95315232719080e-08
1.52000000000000e+01	1.92548639885952e-08
1.52100000000000e+01	1.89822489254511e-08
1.52200000000000e+01	1.87138437119369e-08
1.52300000000000e+01	1.84495985364785e-08
1.52400000000000e+01	1.81894248576794e-08
1.52500000000000e+01	1.79328680771987e-08
1.52600000000000e+01	1.76801911242399e-08
1.52700000000000e+01	1.74312881602096e-08
1.52800000000000e+01	1.71857586086515e-08
1.52900000000000e+01	1.69431265403569e-08
1.53000000000000e+01	1.67035474017371e-08
1.53100000000000e+01	1.64663077224439e-08
1.53200000000000e+01	1.62313908643368e-08
1.53300000000000e+01	1.59988223382041e-08
1.53400000000000e+01	1.57677561793474e-08
1.53500000000000e+01	1.55382687219362e-08
1.53600000000000e+01	1.53106470195960e-08
1.53700000000000e+01	1.50843796729208e-08
1.53800000000000e+01	1.48591015458832e-08
1.53900000000000e+01	1.46354265183329e-08
1.54000000000000e+01	1.44132757417413e-08
1.54100000000000e+01	1.41924930655305e-08
1.54200000000000e+01	1.39737203371874e-08
1.54300000000000e+01	1.37567743350052e-08
1.54400000000000e+01	1.35422033691314e-08
1.54500000000000e+01	1.33302314552309e-08
1.54600000000000e+01	1.31212952175017e-08
1.54700000000000e+01	1.29159180106176e-08
1.54800000000000e+01	1.27140627971811e-08
1.54900000000000e+01	1.25165790869007e-08
1.55000000000000e+01	1.23234744527394e-08
1.55100000000000e+01	1.21352597903085e-08
1.55200000000000e+01	1.19522640576129e-08
1.55300000000000e+01	1.17745553032041e-08
1.55400000000000e+01	1.16018816271986e-08
1.55500000000000e+01	1.14347985260883e-08
1.55600000000000e+01	1.12726929631238e-08
1.55700000000000e+01	1.11156315357035e-08
1.55800000000000e+01	1.09633486188006e-08
1.55900000000000e+01	1.08153181147370e-08
1.56000000000000e+01	1.06712354744588e-08
1.56100000000000e+01	1.05307263029954e-08
1.56200000000000e+01	1.03936024579365e-08
1.56300000000000e+01	1.02592397929837e-08
1.56400000000000e+01	1.01274902892284e-08
1.56500000000000e+01	9.99800364979455e-09
1.56600000000000e+01	9.87014598852921e-09
1.56700000000000e+01	9.74410360342919e-09
1.56800000000000e+01	9.61959234381850e-09
1.56900000000000e+01	9.49618086678935e-09
1.57000000000000e+01	9.37394642578689e-09
1.57100000000000e+01	9.25278640166908e-09
1.57200000000000e+01	9.13243128902775e-09
1.57300000000000e+01	9.01310542457621e-09
1.57400000000000e+01	8.89472323747872e-09
1.57500000000000e+01	8.77715069656564e-09
1.57600000000000e+01	8.66075434397458e-09
1.57700000000000e+01	8.54514840878998e-09
1.57800000000000e+01	8.43075912076941e-09
1.57900000000000e+01	8.31771375946189e-09
1.58000000000000e+01	8.20590635671899e-09
1.58100000000000e+01	8.09570748194812e-09
1.58200000000000e+01	7.98708583432579e-09
1.58300000000000e+01	7.88024586890075e-09
1.58400000000000e+01	7.77540060924686e-09
1.58500000000000e+01	7.67245954505787e-09
1.58600000000000e+01	7.57160845261610e-09
1.58700000000000e+01	7.47287929518171e-09
1.58800000000000e+01	7.37619144384413e-09
1.58900000000000e+01	7.28167289609692e-09
1.59000000000000e+01	7.18926811751897e-09
1.59100000000000e+01	7.09886461573721e-09
1.59200000000000e+01	7.01030178786877e-09
1.59300000000000e+01	6.92362876330324e-09
1.59400000000000e+01	6.83855309175646e-09
1.59500000000000e+01	6.75517849427786e-09
1.59600000000000e+01	6.67302405896185e-09
1.59700000000000e+01	6.59238249482662e-09
1.59800000000000e+01	6.51292143729300e-09
1.59900000000000e+01	6.43455593431839e-09
1.60000000000000e+01	6.35723462428266e-09
1.60100000000000e+01	6.28100220813503e-09
1.60200000000000e+01	6.20562867043332e-09
1.60300000000000e+01	6.13122152710101e-09
1.60400000000000e+01	6.05768340074078e-09
1.60500000000000e+01	5.98499366444164e-09
1.60600000000000e+01	5.91327295531282e-09
1.60700000000000e+01	5.84231408621628e-09
1.60800000000000e+01	5.77211555069875e-09
1.60900000000000e+01	5.70286570291830e-09
1.61000000000000e+01	5.63444766210643e-09
1.61100000000000e+01	5.56676823054228e-09
1.61200000000000e+01	5.49992445111255e-09
1.61300000000000e+01	5.43390352592576e-09
1.61400000000000e+01	5.36877026965529e-09
1.61500000000000e+01	5.30443428002416e-09
1.61600000000000e+01	5.24091305999990e-09
1.61700000000000e+01	5.17824700565078e-09
1.61800000000000e+01	5.11636054305403e-09
1.61900000000000e+01	5.05547992604009e-09
1.62000000000000e+01	4.99535756275763e-09
1.62100000000000e+01	4.93620032308813e-09
1.62200000000000e+01	4.87793326915112e-09
1.62300000000000e+01	4.82050552007293e-09
1.62400000000000e+01	4.76407816475215e-09
1.62500000000000e+01	4.70868349419463e-09
1.62600000000000e+01	4.65406083974294e-09
1.62700000000000e+01	4.60041899987708e-09
1.62800000000000e+01	4.54765767500989e-09
1.62900000000000e+01	4.49582230013267e-09
1.63000000000000e+01	4.44480751848211e-09
1.63100000000000e+01	4.39445405935826e-09
1.63200000000000e+01	4.34488349753534e-09
1.63300000000000e+01	4.29594663636726e-09
1.63400000000000e+01	4.24755629692307e-09
1.63500000000000e+01	4.19970200910994e-09
1.63600000000000e+01	4.15232429607492e-09
1.63700000000000e+01	4.10520553480318e-09
1.63800000000000e+01	4.05850184094697e-09
1.63900000000000e+01	4.01202670646987e-09
1.64000000000000e+01	3.96570936564944e-09
1.64100000000000e+01	3.91959279169295e-09
1.64200000000000e+01	3.87368769991287e-09
1.64300000000000e+01	3.82781951376576e-09
1.64400000000000e+01	3.78215661649679e-09
1.64500000000000e+01	3.73658586542175e-09
1.64600000000000e+01	3.69119810172613e-09
1.64700000000000e+01	3.64613465338770e-09
1.64800000000000e+01	3.60128845548458e-09
1.64900000000000e+01	3.55684014040251e-09
1.65000000000000e+01	3.51285570376027e-09
1.65100000000000e+01	3.46934696320540e-09
1.65200000000000e+01	3.42640220186611e-09
1.65300000000000e+01	3.38407170386786e-09
1.65400000000000e+01	3.34238839755860e-09
1.65500000000000e+01	3.30145449584822e-09
1.65600000000000e+01	3.26124167947238e-09
1.65700000000000e+01	3.22177880925930e-09
1.65800000000000e+01	3.18298338986780e-09
1.65900000000000e+01	3.14499971638906e-09
1.66000000000000e+01	3.10778988708414e-09
1.66100000000000e+01	3.07123780322887e-09
1.66200000000000e+01	3.03547588621546e-09
1.66300000000000e+01	3.00037486857362e-09
1.66400000000000e+01	2.96596500386576e-09
1.66500000000000e+01	2.93223513920111e-09
1.66600000000000e+01	2.89910350116784e-09
1.66700000000000e+01	2.86661632331508e-09
1.66800000000000e+01	2.83474860403598e-09
1.66900000000000e+01	2.80344962634681e-09
1.67000000000000e+01	2.77269341172653e-09
1.67100000000000e+01	2.74242628525278e-09
1.67200000000000e+01	2.71267686823797e-09
1.67300000000000e+01	2.68334703121860e-09
1.67400000000000e+01	2.65447917280125e-09
1.67500000000000e+01	2.62601669601707e-09
1.67600000000000e+01	2.59790584112256e-09
1.67700000000000e+01	2.57015069362039e-09
1.67800000000000e+01	2.54269895962693e-09
1.67900000000000e+01	2.51554872904254e-09
1.68000000000000e+01	2.48861874579103e-09
1.68100000000000e+01	2.46190845873464e-09
1.68200000000000e+01	2.43550917517065e-09
1.68300000000000e+01	2.40929814766530e-09
1.68400000000000e+01	2.38332125681494e-09
1.68500000000000e+01	2.35752559434881e-09
1.68600000000000e+01	2.33197178747682e-09
1.68700000000000e+01	2.30661325683413e-09
1.68800000000000e+01	2.28148963947924e-09
1.68900000000000e+01	2.25660888528161e-09
1.69000000000000e+01	2.23195390698847e-09
1.69100000000000e+01	2.20753810437201e-09
1.69200000000000e+01	2.18339675151634e-09
1.69300000000000e+01	2.15944411614197e-09
1.69400000000000e+01	2.13579698940230e-09
1.69500000000000e+01	2.11234714625212e-09
1.69600000000000e+01	2.08916022542347e-09
1.69700000000000e+01	2.06624003453247e-09
1.69800000000000e+01	2.04354684988490e-09
1.69900000000000e+01	2.02115459565977e-09
1.70000000000000e+01	1.99906065624834e-09
1.70100000000000e+01	1.97724849368924e-09
1.70200000000000e+01	1.95579591187507e-09
1.70300000000000e+01	1.93465396113662e-09
1.70400000000000e+01	1.91384733086551e-09
1.70500000000000e+01	1.89339894189879e-09
1.70600000000000e+01	1.87334002336413e-09
1.70700000000000e+01	1.85365010095849e-09
1.70800000000000e+01	1.83428727217596e-09
1.70900000000000e+01	1.81527453139706e-09
1.71000000000000e+01	1.79663651858903e-09
1.71100000000000e+01	1.77829141657150e-09
1.71200000000000e+01	1.76024290168003e-09
1.71300000000000e+01	1.74251530166931e-09
1.71400000000000e+01	1.72503193508766e-09
1.71500000000000e+01	1.70782756450601e-09
1.71600000000000e+01	1.69083394896898e-09
1.71700000000000e+01	1.67407989680613e-09
1.71800000000000e+01	1.65750197643441e-09
1.71900000000000e+01	1.64119466700313e-09
1.72000000000000e+01	1.62505235789841e-09
1.72100000000000e+01	1.60911954918088e-09
1.72200000000000e+01	1.59338913091439e-09
1.72300000000000e+01	1.57780831077193e-09
1.72400000000000e+01	1.56245012200357e-09
1.72500000000000e+01	1.54723942312296e-09
1.72600000000000e+01	1.53222482974142e-09
1.72700000000000e+01	1.51737451384392e-09
1.72800000000000e+01	1.50268824640217e-09
1.72900000000000e+01	1.48816510402531e-09
1.73000000000000e+01	1.47379886131182e-09
1.73100000000000e+01	1.45958969961056e-09
1.73200000000000e+01	1.44554080277556e-09
1.73300000000000e+01	1.43161773695840e-09
1.73400000000000e+01	1.41782537408827e-09
1.73500000000000e+01	1.40418230551481e-09
1.73600000000000e+01	1.39066858709148e-09
1.73700000000000e+01	1.37727577902209e-09
1.73800000000000e+01	1.36400873072491e-09
1.73900000000000e+01	1.35086567696538e-09
1.74000000000000e+01	1.33786819370111e-09
1.74100000000000e+01	1.32496846332681e-09
1.74200000000000e+01	1.31219089393932e-09
1.74300000000000e+01	1.29953088812538e-09
1.74400000000000e+01	1.28701437207128e-09
1.74500000000000e+01	1.27459033271649e-09
1.74600000000000e+01	1.26230608920203e-09
1.74700000000000e+01	1.25013498189903e-09
1.74800000000000e+01	1.23807564085709e-09
1.74900000000000e+01	1.22611015415119e-09
1.75000000000000e+01	1.21427205542761e-09
1.75100000000000e+01	1.20254586121082e-09
1.75200000000000e+01	1.19090424535714e-09
1.75300000000000e+01	1.17934762198497e-09
1.75400000000000e+01	1.16787750512280e-09
1.75500000000000e+01	1.15651459597678e-09
1.75600000000000e+01	1.14521619840120e-09
1.75700000000000e+01	1.13400681521743e-09
1.75800000000000e+01	1.12286139062327e-09
1.75900000000000e+01	1.11180605196961e-09
1.76000000000000e+01	1.10081761804066e-09
1.76100000000000e+01	1.08994193580714e-09
1.76200000000000e+01	1.07913369137526e-09
1.76300000000000e+01	1.06843815620851e-09
1.76400000000000e+01	1.05782864871452e-09
1.76500000000000e+01	1.04733035750439e-09
1.76600000000000e+01	1.03695763370694e-09
1.76700000000000e+01	1.02668696648098e-09
1.76800000000000e+01	1.01654010781419e-09
1.76900000000000e+01	1.00653164879468e-09
1.77000000000000e+01	9.96622391172389e-10
1.77100000000000e+01	9.86842860826484e-10
1.77200000000000e+01	9.77176011150161e-10
1.77300000000000e+01	9.67620410435299e-10
1.77400000000000e+01	9.58190697671055e-10
1.77500000000000e+01	9.48846360608386e-10
1.77600000000000e+01	9.39624574641227e-10
1.77700000000000e+01	9.30488384924876e-10
1.77800000000000e+01	9.21451087076093e-10
1.77900000000000e+01	9.12515327462501e-10
1.78000000000000e+01	9.03644554123892e-10
1.78100000000000e+01	8.94868404397180e-10
1.78200000000000e+01	8.86176767724512e-10
1.78300000000000e+01	8.77545798159865e-10
1.78400000000000e+01	8.68994206842375e-10
1.78500000000000e+01	8.60524774549221e-10
1.78600000000000e+01	8.52131984638282e-10
1.78700000000000e+01	8.43803357921431e-10
1.78800000000000e+01	8.35536206797265e-10
1.78900000000000e+01	8.27348045283816e-10
1.79000000000000e+01	8.19235790856015e-10
1.79100000000000e+01	8.11182862388771e-10
1.79200000000000e+01	8.03192519863121e-10
1.79300000000000e+01	7.95277095564663e-10
1.79400000000000e+01	7.87406608999676e-10
1.79500000000000e+01	7.79596463428010e-10
1.79600000000000e+01	7.71833128187744e-10
1.79700000000000e+01	7.64131714095649e-10
1.79800000000000e+01	7.56464138476505e-10
1.79900000000000e+01	7.48861832543190e-10
1.80000000000000e+01	7.41311396503106e-10
1.80100000000000e+01	7.33843214050939e-10
1.80200000000000e+01	7.26427534135331e-10
1.80300000000000e+01	7.19109814045669e-10
1.80400000000000e+01	7.11885999550796e-10
1.80500000000000e+01	7.04770184003925e-10
1.80600000000000e+01	6.97760569286599e-10
1.80700000000000e+01	6.90890635468351e-10
1.80800000000000e+01	6.84146143956820e-10
1.80900000000000e+01	6.77535819859540e-10
1.81000000000000e+01	6.71051547900931e-10
1.81100000000000e+01	6.64705573893254e-10
1.81200000000000e+01	6.58491270199329e-10
1.81300000000000e+01	6.52393370421483e-10
1.81400000000000e+01	6.46394421897501e-10
1.81500000000000e+01	6.40503948541514e-10
1.81600000000000e+01	6.34696730555287e-10
1.81700000000000e+01	6.28979757345227e-10
1.81800000000000e+01	6.23318191967841e-10
1.81900000000000e+01	6.17731982077151e-10
1.82000000000000e+01	6.12201204679198e-10
1.82100000000000e+01	6.06709672753253e-10
1.82200000000000e+01	6.01271127472563e-10
1.82300000000000e+01	5.95873469533327e-10
1.82400000000000e+01	5.90505613522894e-10
1.82500000000000e+01	5.85169028175502e-10
1.82600000000000e+01	5.79862693538813e-10
1.82700000000000e+01	5.74588678185166e-10
1.82800000000000e+01	5.69334830998171e-10
1.82900000000000e+01	5.64104414753200e-10
1.83000000000000e+01	5.58920736718854e-10
1.83100000000000e+01	5.53747420285162e-10
1.83200000000000e+01	5.48620550398745e-10
1.83300000000000e+01	5.43523451595946e-10
1.83400000000000e+01	5.38466532756530e-10
1.83500000000000e+01	5.33454357355048e-10
1.83600000000000e+01	5.28488340129972e-10
1.83700000000000e+01	5.23576242225077e-10
1.83800000000000e+01	5.18723442399745e-10
1.83900000000000e+01	5.13934109582264e-10
1.84000000000000e+01	5.09211713518139e-10
1.84100000000000e+01	5.04563367105950e-10
1.84200000000000e+01	4.99992175685418e-10
1.84300000000000e+01	4.95502138626995e-10
1.84400000000000e+01	4.91093759830872e-10
1.84500000000000e+01	4.86770914496544e-10
1.84600000000000e+01	4.82529201756321e-10
1.84700000000000e+01	4.78371455278951e-10
1.84800000000000e+01	4.74291110710738e-10
1.84900000000000e+01	4.70286156853313e-10
1.85000000000000e+01	4.66350824313028e-10
1.85100000000000e+01	4.62479896418048e-10
1.85200000000000e+01	4.58665559687647e-10
1.85300000000000e+01	4.54904719950207e-10
1.85400000000000e+01	4.51189827445377e-10
1.85500000000000e+01	4.47514082282465e-10
1.85600000000000e+01	4.43872372175984e-10
1.85700000000000e+01	4.40262397052086e-10
1.85800000000000e+01	4.36678127102339e-10
1.85900000000000e+01	4.33115820149233e-10
1.86000000000000e+01	4.29574422417338e-10
1.86100000000000e+01	4.26051186206583e-10
1.86200000000000e+01	4.22546208112370e-10
1.86300000000000e+01	4.19057539205145e-10
1.86400000000000e+01	4.15586638010686e-10
1.86500000000000e+01	4.12134529298224e-10
1.86600000000000e+01	4.08701887264692e-10
1.86700000000000e+01	4.05289878606879e-10
1.86800000000000e+01	4.01898971936150e-10
1.86900000000000e+01	3.98530774375614e-10
1.87000000000000e+01	3.95188500318559e-10
1.87100000000000e+01	3.91870961529590e-10
1.87200000000000e+01	3.88577942069946e-10
1.87300000000000e+01	3.85312930118464e-10
1.87400000000000e+01	3.82073100612476e-10
1.87500000000000e+01	3.78859393389810e-10
1.87600000000000e+01	3.75671123201748e-10
1.87700000000000e+01	3.72508602252961e-10
1.87800000000000e+01	3.69369994755337e-10
1.87900000000000e+01	3.66254691341174e-10
1.88000000000000e+01	3.63162188836470e-10
1.88100000000000e+01	3.60091923514553e-10
1.88200000000000e+01	3.57041039107930e-10
1.88300000000000e+01	3.54010270063715e-10
1.88400000000000e+01	3.50997715986118e-10
1.88500000000000e+01	3.48002500053484e-10
1.88600000000000e+01	3.45022842897535e-10
1.88700000000000e+01	3.42057345374619e-10
1.88800000000000e+01	3.39106700931112e-10
1.88900000000000e+01	3.36168573501646e-10
1.89000000000000e+01	3.33242338437354e-10
1.89100000000000e+01	3.30326399522787e-10
1.89200000000000e+01	3.27421737537921e-10
1.89300000000000e+01	3.24528491751904e-10
1.89400000000000e+01	3.21647666302392e-10
1.89500000000000e+01	3.18779469142500e-10
1.89600000000000e+01	3.15926197522533e-10
1.89700000000000e+01	3.13087924876239e-10
1.89800000000000e+01	3.10268353640000e-10
1.89900000000000e+01	3.07469943611698e-10
1.90000000000000e+01	3.04693104180817e-10
1.90100000000000e+01	3.01942207439227e-10
1.90200000000000e+01	2.99216096232640e-10
1.90300000000000e+01	2.96516178718317e-10
1.90400000000000e+01	2.93842842865222e-10
1.90500000000000e+01	2.91193175362753e-10
1.90600000000000e+01	2.88565168632163e-10
1.90700000000000e+01	2.85956218227898e-10
1.90800000000000e+01	2.83363589230102e-10
1.90900000000000e+01	2.80783351047081e-10
1.91000000000000e+01	2.78213694702485e-10
1.91100000000000e+01	2.75652705964016e-10
1.91200000000000e+01	2.73101473143340e-10
1.91300000000000e+01	2.70563566982172e-10
1.91400000000000e+01	2.68042229226117e-10
1.91500000000000e+01	2.65544098189762e-10
1.91600000000000e+01	2.63076557283744e-10
1.91700000000000e+01	2.60648738378422e-10
1.91800000000000e+01	2.58266704361340e-10
1.91900000000000e+01	2.55939418231560e-10
1.92000000000000e+01	2.53671601620296e-10
1.92100000000000e+01	2.51466420623393e-10
1.92200000000000e+01	2.49326983196436e-10
1.92300000000000e+01	2.47250424467320e-10
1.92400000000000e+01	2.45234670468396e-10
1.92500000000000e+01	2.43274180818752e-10
1.92600000000000e+01	2.41363854908480e-10
1.92700000000000e+01	2.39496225999694e-10
1.92800000000000e+01	2.37665734556945e-10
1.92900000000000e+01	2.35864740487517e-10
1.93000000000000e+01	2.34088466226881e-10
1.93100000000000e+01	2.32331186232350e-10
1.93200000000000e+01	2.30589267697764e-10
1.93300000000000e+01	2.28860612003614e-10
1.93400000000000e+01	2.27142040955666e-10
1.93500000000000e+01	2.25433190440780e-10
1.93600000000000e+01	2.23731746449853e-10
1.93700000000000e+01	2.22037178979714e-10
1.93800000000000e+01	2.20350690660352e-10
1.93900000000000e+01	2.18671098759716e-10
1.94000000000000e+01	2.16997795487048e-10
1.94100000000000e+01	2.15332661540045e-10
1.94200000000000e+01	2.13674083044584e-10
1.94300000000000e+01	2.12022573570192e-10
1.94400000000000e+01	2.10378379345342e-10
1.94500000000000e+01	2.08741430769100e-10
1.94600000000000e+01	2.07111060691341e-10
1.94700000000000e+01	2.05488998351379e-10
1.94800000000000e+01	2.03873649303451e-10
1.94900000000000e+01	2.02265607970823e-10
1.95000000000000e+01	2.00664622672418e-10
1.95100000000000e+01	1.99071077058720e-10
1.95200000000000e+01	1.97485750644880e-10
1.95300000000000e+01	1.95907111433910e-10
1.95400000000000e+01	1.94335249536124e-10
1.95500000000000e+01	1.92770620750646e-10
1.95600000000000e+01	1.91214536021159e-10
1.95700000000000e+01	1.89665155617098e-10
1.95800000000000e+01	1.88125034378546e-10
1.95900000000000e+01	1.86592481204045e-10
1.96000000000000e+01	1.85069425721568e-10
1.96100000000000e+01	1.83556904460152e-10
1.96200000000000e+01	1.82053913564608e-10
1.96300000000000e+01	1.80562712201198e-10
1.96400000000000e+01	1.79082046711567e-10
1.96500000000000e+01	1.77613473627181e-10
1.96600000000000e+01	1.76156971832983e-10
1.96700000000000e+01	1.74712569848815e-10
1.96800000000000e+01	1.73280400087968e-10
1.96900000000000e+01	1.71859976003971e-10
1.97000000000000e+01	1.70451341970946e-10
1.97100000000000e+01	1.69053213049903e-10
1.97200000000000e+01	1.67666429349571e-10
1.97300000000000e+01	1.66288058867722e-10
1.97400000000000e+01	1.64917862781371e-10
1.97500000000000e+01	1.63553091683996e-10
1.97600000000000e+01	1.62190358449369e-10
1.97700000000000e+01	1.60825243166054e-10
1.97800000000000e+01	1.59450192548203e-10
1.97900000000000e+01	1.58055654609624e-10
1.98000000000000e+01	1.56626818313120e-10
1.98100000000000e+01	1.55144248468091e-10
1.98200000000000e+01	1.53582053527080e-10
1.98300000000000e+01	1.51906586005940e-10
1.98400000000000e+01	1.50075015528102e-10
1.98500000000000e+01	1.48037709129318e-10
1.98600000000000e+01	1.45735039661339e-10
1.98700000000000e+01	1.43099077787011e-10
1.98800000000000e+01	1.40055251452016e-10
1.98900000000000e+01	1.36522189958823e-10
1.99000000000000e+01	1.32411818409756e-10
1.99100000000000e+01	1.27630291781976e-10
1.99200000000000e+01	1.22077841626247e-10
1.99300000000000e+01	1.15645029151095e-10
1.99400000000000e+01	1.08212057520406e-10
1.99500000000000e+01	9.96487682054585e-11
1.99600000000000e+01	8.98133463147181e-11
1.99700000000000e+01	7.85600870633172e-11
1.99800000000000e+01	6.57604850380556e-11
1.99900000000000e+01	5.13664113338528e-11
2.00000000000000e+01	3.55663857694789e-11
