1.00000000000000e-02	7.78192668459088e+12
2.00000000000000e-02	4.86393214031034e+11
3.00000000000000e-02	9.60857942968103e+10
4.00000000000000e-02	3.04057071798539e+10
5.00000000000000e-02	1.24560248097992e+10
6.00000000000000e-02	6.00807276527079e+09
7.00000000000000e-02	3.24371166858225e+09
8.00000000000000e-02	1.90189043714257e+09
9.00000000000000e-02	1.18767578742264e+09
1.00000000000000e-01	7.79480205678162e+08
1.10000000000000e-01	5.32586737941146e+08
1.20000000000000e-01	3.76184839342572e+08
1.30000000000000e-01	2.73235248066903e+08
1.40000000000000e-01	2.03234238122274e+08
1.50000000000000e-01	1.54295839017578e+08
1.60000000000000e-01	1.19251383234564e+08
1.70000000000000e-01	9.36249850138161e+07
1.80000000000000e-01	7.45334152207961e+07
1.90000000000000e-01	6.00757718235905e+07
2.00000000000000e-01	4.89640275291764e+07
2.10000000000000e-01	4.03104912417687e+07
2.20000000000000e-01	3.34907398418235e+07
2.30000000000000e-01	2.80562719786031e+07
2.40000000000000e-01	2.36832873415523e+07
2.50000000000000e-01	2.01318361032774e+07
2.60000000000000e-01	1.72237068286460e+07
2.70000000000000e-01	1.48234310188880e+07
2.80000000000000e-01	1.28286402747707e+07
2.90000000000000e-01	1.11593984440123e+07
3.00000000000000e-01	9.75397672168708e+06
3.10000000000000e-01	8.56379981842617e+06
3.20000000000000e-01	7.55054889139604e+06
3.30000000000000e-01	6.68350947639844e+06
3.40000000000000e-01	5.93790415191359e+06
3.50000000000000e-01	5.29409590604247e+06
3.60000000000000e-01	4.73561008449992e+06
3.70000000000000e-01	4.24933675654054e+06
3.80000000000000e-01	3.82428453161220e+06
3.90000000000000e-01	3.45142328491546e+06
4.00000000000000e-01	3.12321638080004e+06
4.10000000000000e-01	2.83338589018877e+06
4.20000000000000e-01	2.57669585750894e+06
4.30000000000000e-01	2.34863866260582e+06
4.40000000000000e-01	2.14550676645990e+06
4.50000000000000e-01	1.96405795646853e+06
4.60000000000000e-01	1.80156159223001e+06
4.70000000000000e-01	1.65572285054643e+06
4.80000000000000e-01	1.52449393641392e+06
4.90000000000000e-01	1.40615707017992e+06
5.00000000000000e-01	1.29921928063640e+06
5.10000000000000e-01	1.20235333899541e+06
5.20000000000000e-01	1.11450434801751e+06
5.30000000000000e-01	1.03460817075904e+06
5.40000000000000e-01	9.61865490238438e+05
5.50000000000000e-01	8.95505528119496e+05
5.60000000000000e-01	8.34830936401525e+05
5.70000000000000e-01	7.79294292637258e+05
5.80000000000000e-01	7.28397795898913e+05
5.90000000000000e-01	6.81643630939935e+05
6.00000000000000e-01	6.38653288521181e+05
6.10000000000000e-01	5.99050146852654e+05
6.20000000000000e-01	5.62534983205655e+05
6.30000000000000e-01	5.28818623516776e+05
6.40000000000000e-01	4.97652305711880e+05
6.50000000000000e-01	4.68788386631859e+05
6.60000000000000e-01	4.42037027285228e+05
6.70000000000000e-01	4.17198078819641e+05
6.80000000000000e-01	3.94132770354768e+05
6.90000000000000e-01	3.72680420008992e+05
7.00000000000000e-01	3.52704352594895e+05
7.10000000000000e-01	3.34083930397525e+05
7.20000000000000e-01	3.16702794655991e+05
7.30000000000000e-01	3.00480153175626e+05
7.40000000000000e-01	2.85305653681120e+05
7.50000000000000e-01	2.71110613642816e+05
7.60000000000000e-01	2.57807130561832e+05
7.70000000000000e-01	2.45344645395057e+05
7.80000000000000e-01	2.33644771775200e+05
7.90000000000000e-01	2.22660650292225e+05
8.00000000000000e-01	2.12333517227636e+05
8.10000000000000e-01	2.02621265753402e+05
8.20000000000000e-01	1.93478865428677e+05
8.30000000000000e-01	1.84864133878915e+05
8.40000000000000e-01	1.76748393844319e+05
8.50000000000000e-01	1.69084088418709e+05
8.60000000000000e-01	1.61850746705114e+05
8.70000000000000e-01	1.55014845243866e+05
8.80000000000000e-01	1.48550027006404e+05
8.90000000000000e-01	1.42435125444443e+05
9.00000000000000e-01	1.36645663766375e+05
9.10000000000000e-01	1.31158890800921e+05
9.20000000000000e-01	1.25958689144753e+05
9.30000000000000e-01	1.21027052402780e+05
9.40000000000000e-01	1.16345484352536e+05
9.50000000000000e-01	1.11897948810802e+05
9.60000000000000e-01	1.07670297904593e+05
9.70000000000000e-01	1.03651695512319e+05
9.80000000000000e-01	9.98282612487390e+04
9.90000000000000e-01	9.61877403992527e+04
1.00000000000000e+00	9.27228572119217e+04
1.01000000000000e+00	8.94172965425120e+04
1.02000000000000e+00	8.62644820996201e+04
1.03000000000000e+00	8.32592424893264e+04
1.04000000000000e+00	8.03886292969154e+04
1.05000000000000e+00	7.76468124117412e+04
1.06000000000000e+00	7.50263098289323e+04
1.07000000000000e+00	7.25224397857133e+04
1.08000000000000e+00	7.01259619553893e+04
1.09000000000000e+00	6.78308733996657e+04
1.10000000000000e+00	6.56343901782656e+04
1.11000000000000e+00	6.35287218948220e+04
1.12000000000000e+00	6.15098364381458e+04
1.13000000000000e+00	5.95738311749657e+04
1.14000000000000e+00	5.77156922652726e+04
1.15000000000000e+00	5.59313331074868e+04
1.16000000000000e+00	5.42160086047809e+04
1.17000000000000e+00	5.25680475329345e+04
1.18000000000000e+00	5.09822309856993e+04
1.19000000000000e+00	4.94555345710417e+04
1.20000000000000e+00	4.79848168193274e+04
1.21000000000000e+00	4.65663232318522e+04
1.22000000000000e+00	4.51971430057415e+04
1.23000000000000e+00	4.38745966702904e+04
1.24000000000000e+00	4.25935485197780e+04
1.25000000000000e+00	4.13515430935029e+04
1.26000000000000e+00	4.01424998378470e+04
1.27000000000000e+00	3.89645850578805e+04
1.28000000000000e+00	3.78097051910613e+04
1.29000000000000e+00	3.66750603201632e+04
1.30000000000000e+00	3.55538575491461e+04
1.31000000000000e+00	3.44417570954415e+04
1.32000000000000e+00	3.33328575104989e+04
1.33000000000000e+00	3.22229117160140e+04
1.34000000000000e+00	3.11076871804033e+04
1.35000000000000e+00	2.99857642329287e+04
1.36000000000000e+00	2.88564975496111e+04
1.37000000000000e+00	2.77221572148192e+04
1.38000000000000e+00	2.65866241896643e+04
1.39000000000000e+00	2.54570033058390e+04
1.40000000000000e+00	2.43442218020779e+04
1.41000000000000e+00	2.32605964835701e+04
1.42000000000000e+00	2.22221844784871e+04
1.43000000000000e+00	2.12469004838831e+04
1.44000000000000e+00	2.03543583216725e+04
1.45000000000000e+00	1.95641947242799e+04
1.46000000000000e+00	1.88966534847622e+04
1.47000000000000e+00	1.83687216201102e+04
1.48000000000000e+00	1.79964697193241e+04
1.49000000000000e+00	1.77907207272627e+04
1.50000000000000e+00	1.77582661663717e+04
1.51000000000000e+00	1.79006548164246e+04
1.52000000000000e+00	1.82135399877078e+04
1.53000000000000e+00	1.86881322565977e+04
1.54000000000000e+00	1.93098673120547e+04
1.55000000000000e+00	2.00603741580675e+04
1.56000000000000e+00	2.09192906200036e+04
1.57000000000000e+00	2.18635425368837e+04
1.58000000000000e+00	2.28684048956959e+04
1.59000000000000e+00	2.39090293557989e+04
1.60000000000000e+00	2.49595729294836e+04
1.61000000000000e+00	2.59941214968938e+04
1.62000000000000e+00	2.69833331978092e+04
1.63000000000000e+00	2.78976344860593e+04
1.64000000000000e+00	2.87054906968954e+04
1.65000000000000e+00	2.93772244263559e+04
1.66000000000000e+00	2.98878740006099e+04
1.67000000000000e+00	3.02235302012795e+04
1.68000000000000e+00	3.03811659856984e+04
1.69000000000000e+00	3.03732711465979e+04
1.70000000000000e+00	3.02220927657280e+04
1.71000000000000e+00	2.99649600515265e+04
1.72000000000000e+00	2.96565897131713e+04
1.73000000000000e+00	2.93752489887878e+04
1.74000000000000e+00	2.92247701517753e+04
1.75000000000000e+00	2.93232022000642e+04
1.76000000000000e+00	2.97937793495368e+04
1.77000000000000e+00	3.07489061688198e+04
1.78000000000000e+00	3.22809886023733e+04
1.79000000000000e+00	3.44486699689324e+04
1.80000000000000e+00	3.72600953725714e+04
1.81000000000000e+00	4.06651757483657e+04
1.82000000000000e+00	4.45576664342345e+04
1.83000000000000e+00	4.87996609520120e+04
1.84000000000000e+00	5.32588792536217e+04
1.85000000000000e+00	5.78428428860719e+04
1.86000000000000e+00	6.24971135066252e+04
1.87000000000000e+00	6.71997630323943e+04
1.88000000000000e+00	7.19346340919590e+04
1.89000000000000e+00	7.66799687630215e+04
1.90000000000000e+00	8.14038550596252e+04
1.91000000000000e+00	8.60541070929560e+04
1.92000000000000e+00	9.05683040612505e+04
1.93000000000000e+00	9.48613854091071e+04
1.94000000000000e+00	9.88362236574672e+04
1.95000000000000e+00	1.02388636238050e+05
1.96000000000000e+00	1.05417219756969e+05
1.97000000000000e+00	1.07837744575239e+05
1.98000000000000e+00	1.09589712251584e+05
1.99000000000000e+00	1.10644113310885e+05
2.00000000000000e+00	1.10995298538113e+05
2.01000000000000e+00	1.10657170766426e+05
2.02000000000000e+00	1.09659618192404e+05
2.03000000000000e+00	1.08039569514692e+05
2.04000000000000e+00	1.05837975636568e+05
2.05000000000000e+00	1.03103547388063e+05
2.06000000000000e+00	9.98843512727943e+04
2.07000000000000e+00	9.62233800398969e+04
2.08000000000000e+00	9.21557868692078e+04
2.09000000000000e+00	8.76956546332413e+04
2.10000000000000e+00	8.28443316185174e+04
2.11000000000000e+00	7.76066671112012e+04
2.12000000000000e+00	7.20105142956055e+04
2.13000000000000e+00	6.61374693256217e+04
2.14000000000000e+00	6.01324617150257e+04
2.15000000000000e+00	5.41808715481243e+04
2.16000000000000e+00	4.84751880490927e+04
2.17000000000000e+00	4.31630616138031e+04
2.18000000000000e+00	3.83287838343015e+04
2.19000000000000e+00	3.39839055492732e+04
2.20000000000000e+00	3.00911747453572e+04
2.21000000000000e+00	2.65892131858933e+04
2.22000000000000e+00	2.34189593006475e+04
2.23000000000000e+00	2.05460437508214e+04
2.24000000000000e+00	1.79637054923322e+04
2.25000000000000e+00	1.56900331076094e+04
2.26000000000000e+00	1.37486349667225e+04
2.27000000000000e+00	1.21535919030209e+04
2.28000000000000e+00	1.09011528432546e+04
2.29000000000000e+00	9.96990329271383e+03
2.30000000000000e+00	9.32528103215618e+03
2.31000000000000e+00	8.92513598469260e+03
2.32000000000000e+00	8.72313833188422e+03
2.33000000000000e+00	8.66991921480766e+03
2.34000000000000e+00	8.71418097434139e+03
2.35000000000000e+00	8.80672516570323e+03
2.36000000000000e+00	8.90479745041416e+03
2.37000000000000e+00	8.97911956205103e+03
2.38000000000000e+00	9.01813430318359e+03
2.39000000000000e+00	9.02841651410961e+03
2.40000000000000e+00	9.03274780489909e+03
2.41000000000000e+00	9.06557717519672e+03
2.42000000000000e+00	9.16920284273976e+03
2.43000000000000e+00	9.38739700310638e+03
2.44000000000000e+00	9.76033135454997e+03
2.45000000000000e+00	1.03197537504866e+04
2.46000000000000e+00	1.10842579596758e+04
2.47000000000000e+00	1.20588651581771e+04
2.48000000000000e+00	1.32327755756202e+04
2.49000000000000e+00	1.45815743417990e+04
2.50000000000000e+00	1.60669049434100e+04
2.51000000000000e+00	1.76398283286875e+04
2.52000000000000e+00	1.92427963573343e+04
2.53000000000000e+00	2.08141469795070e+04
2.54000000000000e+00	2.22919115683382e+04
2.55000000000000e+00	2.36215148939200e+04
2.56000000000000e+00	2.47584504559686e+04
2.57000000000000e+00	2.56700631968740e+04
2.58000000000000e+00	2.63346987622859e+04
2.59000000000000e+00	2.67372535608953e+04
2.60000000000000e+00	2.68600347697019e+04
2.61000000000000e+00	2.66815458956051e+04
2.62000000000000e+00	2.61757924705453e+04
2.63000000000000e+00	2.53248998319731e+04
2.64000000000000e+00	2.41461275423003e+04
2.65000000000000e+00	2.27098719346081e+04
2.66000000000000e+00	2.11410975796554e+04
2.67000000000000e+00	1.95862332070263e+04
2.68000000000000e+00	1.81718823927960e+04
2.69000000000000e+00	1.69744748170132e+04
2.70000000000000e+00	1.60145215675405e+04
2.71000000000000e+00	1.52656210212472e+04
2.72000000000000e+00	1.46713682945659e+04
2.73000000000000e+00	1.41616035717038e+04
2.74000000000000e+00	1.36658918946899e+04
2.75000000000000e+00	1.31268700191617e+04
2.76000000000000e+00	1.25086778615080e+04
2.77000000000000e+00	1.18007565374212e+04
2.78000000000000e+00	1.10150331043272e+04
2.79000000000000e+00	1.01798525358826e+04
2.80000000000000e+00	9.33135459989564e+03
2.81000000000000e+00	8.50657919326733e+03
2.82000000000000e+00	7.73772323683232e+03
2.83000000000000e+00	7.04867985839495e+03
2.84000000000000e+00	6.45322284103960e+03
2.85000000000000e+00	5.95484661233810e+03
2.86000000000000e+00	5.54784874749735e+03
2.87000000000000e+00	5.21887333967202e+03
2.88000000000000e+00	4.94913203646128e+03
2.89000000000000e+00	4.71691659329715e+03
2.90000000000000e+00	4.49971103765840e+03
2.91000000000000e+00	4.27716461546764e+03
2.92000000000000e+00	4.03251837721643e+03
2.93000000000000e+00	3.75517142776929e+03
2.94000000000000e+00	3.44168144644566e+03
2.95000000000000e+00	3.09597008036877e+03
2.96000000000000e+00	2.72882595120718e+03
2.97000000000000e+00	2.35497092101597e+03
2.98000000000000e+00	1.99044758767653e+03
2.99000000000000e+00	1.64915346869818e+03
3.00000000000000e+00	1.34111644360997e+03
3.01000000000000e+00	1.07178157642991e+03
3.02000000000000e+00	8.42712985763765e+02
3.03000000000000e+00	6.52892550951535e+02
3.04000000000000e+00	4.99905244981306e+02
3.05000000000000e+00	3.80823044976451e+02
3.06000000000000e+00	2.92693877838434e+02
3.07000000000000e+00	2.32770054457620e+02
3.08000000000000e+00	1.98558045816286e+02
3.09000000000000e+00	1.87849231374933e+02
3.10000000000000e+00	1.98758364125676e+02
3.11000000000000e+00	2.29692724389166e+02
3.12000000000000e+00	2.79303675553809e+02
3.13000000000000e+00	3.46314105771771e+02
3.14000000000000e+00	4.29218745029895e+02
3.15000000000000e+00	5.25878995664730e+02
3.16000000000000e+00	6.33183738607901e+02
3.17000000000000e+00	7.46813120826989e+02
3.18000000000000e+00	8.61419806215060e+02
3.19000000000000e+00	9.71240672674155e+02
3.20000000000000e+00	1.07085555844305e+03
3.21000000000000e+00	1.15591806311236e+03
3.22000000000000e+00	1.22348334962805e+03
3.23000000000000e+00	1.27197581666382e+03
3.24000000000000e+00	1.30098408610309e+03
3.25000000000000e+00	1.31103176280571e+03
3.26000000000000e+00	1.30345093796828e+03
3.27000000000000e+00	1.28031170504984e+03
3.28000000000000e+00	1.24424948944765e+03
3.29000000000000e+00	1.19832687446424e+03
3.30000000000000e+00	1.14569771988243e+03
3.31000000000000e+00	1.08935345824396e+03
3.32000000000000e+00	1.03191835204514e+03
3.33000000000000e+00	9.75375646468854e+02
3.34000000000000e+00	9.21021984582875e+02
3.35000000000000e+00	8.69398510183842e+02
3.36000000000000e+00	8.20410898221654e+02
3.37000000000000e+00	7.73541327239149e+02
3.38000000000000e+00	7.28083763554538e+02
3.39000000000000e+00	6.83425814552442e+02
3.40000000000000e+00	6.39219527705657e+02
3.41000000000000e+00	5.95442753202117e+02
3.42000000000000e+00	5.52400573960329e+02
3.43000000000000e+00	5.10648821018416e+02
3.44000000000000e+00	4.70890189266533e+02
3.45000000000000e+00	4.33889878856805e+02
3.46000000000000e+00	4.00425361174104e+02
3.47000000000000e+00	3.71254164888509e+02
3.48000000000000e+00	3.47094703263857e+02
3.49000000000000e+00	3.28620838888386e+02
3.50000000000000e+00	3.16457642434581e+02
3.51000000000000e+00	3.11179092795005e+02
3.52000000000000e+00	3.13311785197189e+02
3.53000000000000e+00	3.23320484253736e+02
3.54000000000000e+00	3.41616431544138e+02
3.55000000000000e+00	3.68523778082706e+02
3.56000000000000e+00	4.04252369029101e+02
3.57000000000000e+00	4.48850183256837e+02
3.58000000000000e+00	5.02144832211879e+02
3.59000000000000e+00	5.63690228071197e+02
3.60000000000000e+00	6.32744806061744e+02
3.61000000000000e+00	7.08225897647791e+02
3.62000000000000e+00	7.88700272395601e+02
3.63000000000000e+00	8.72394056971819e+02
3.64000000000000e+00	9.57196180118630e+02
3.65000000000000e+00	1.04076461964395e+03
3.66000000000000e+00	1.12052584863609e+03
3.67000000000000e+00	1.19391336726581e+03
3.68000000000000e+00	1.25840241235227e+03
3.69000000000000e+00	1.31171385102414e+03
3.70000000000000e+00	1.35183297560219e+03
3.71000000000000e+00	1.37738328325832e+03
3.72000000000000e+00	1.38783448574718e+03
3.73000000000000e+00	1.38379586227650e+03
3.74000000000000e+00	1.36758732127092e+03
3.75000000000000e+00	1.34332264929300e+03
3.76000000000000e+00	1.31691718139366e+03
3.77000000000000e+00	1.29568595917032e+03
3.78000000000000e+00	1.28766139522860e+03
3.79000000000000e+00	1.30072904598868e+03
3.80000000000000e+00	1.34174116191800e+03
3.81000000000000e+00	1.41572584938306e+03
3.82000000000000e+00	1.52516615793195e+03
3.83000000000000e+00	1.66944005058583e+03
3.84000000000000e+00	1.84432963534555e+03
3.85000000000000e+00	2.04164054092652e+03
3.86000000000000e+00	2.24908467629028e+03
3.87000000000000e+00	2.45020316106540e+03
3.88000000000000e+00	2.62530423496915e+03
3.89000000000000e+00	2.75318189587151e+03
3.90000000000000e+00	2.81389175036202e+03
3.91000000000000e+00	2.79225627296849e+03
3.92000000000000e+00	2.68183366956480e+03
3.93000000000000e+00	2.48727581504909e+03
3.94000000000000e+00	2.22554797766202e+03
3.95000000000000e+00	1.92424608285588e+03
3.96000000000000e+00	1.61805038358779e+03
3.97000000000000e+00	1.34408450484454e+03
3.98000000000000e+00	1.13723241325019e+03
3.99000000000000e+00	1.02689996832542e+03
4.00000000000000e+00	1.03544591893123e+03
4.01000000000000e+00	1.17841471940274e+03
4.02000000000000e+00	1.46538957185813e+03
4.03000000000000e+00	1.90057723023084e+03
4.04000000000000e+00	2.48238930883273e+03
4.05000000000000e+00	3.20227123637615e+03
4.06000000000000e+00	4.04276911514791e+03
4.07000000000000e+00	4.97670279082714e+03
4.08000000000000e+00	5.96724233145728e+03
4.09000000000000e+00	6.96959807856301e+03
4.10000000000000e+00	7.93425811771204e+03
4.11000000000000e+00	8.81065070513007e+03
4.12000000000000e+00	9.55173594561550e+03
4.13000000000000e+00	1.01180058231574e+04
4.14000000000000e+00	1.04815237811258e+04
4.15000000000000e+00	1.06283389981145e+04
4.16000000000000e+00	1.05595548484725e+04
4.17000000000000e+00	1.02903122797532e+04
4.18000000000000e+00	9.84715118528011e+03
4.19000000000000e+00	9.26348255788841e+03
4.20000000000000e+00	8.57509420565888e+03
4.21000000000000e+00	7.81696438695620e+03
4.22000000000000e+00	7.02070465133380e+03
4.23000000000000e+00	6.21401817602132e+03
4.24000000000000e+00	5.42095447021178e+03
4.25000000000000e+00	4.66254922294763e+03
4.26000000000000e+00	3.95709935870313e+03
4.27000000000000e+00	3.31993624335115e+03
4.28000000000000e+00	2.76255974914793e+03
4.29000000000000e+00	2.29168251972376e+03
4.30000000000000e+00	1.90875686824423e+03
4.31000000000000e+00	1.61035301310192e+03
4.32000000000000e+00	1.38893832942258e+03
4.33000000000000e+00	1.23439899288209e+03
4.34000000000000e+00	1.13544323876113e+03
4.35000000000000e+00	1.08074024564609e+03
4.36000000000000e+00	1.05975534724367e+03
4.37000000000000e+00	1.06323083150594e+03
4.38000000000000e+00	1.08329884780979e+03
4.39000000000000e+00	1.11351241184382e+03
4.40000000000000e+00	1.14869114802652e+03
4.41000000000000e+00	1.18470685505224e+03
4.42000000000000e+00	1.21841237004872e+03
4.43000000000000e+00	1.24748362618544e+03
4.44000000000000e+00	1.27041325305492e+03
4.45000000000000e+00	1.28657380703688e+03
4.46000000000000e+00	1.29618795478550e+03
4.47000000000000e+00	1.30039367402673e+03
4.48000000000000e+00	1.30116806263647e+03
4.49000000000000e+00	1.30124971823816e+03
4.50000000000000e+00	1.30388547524828e+03
4.51000000000000e+00	1.31272848814878e+03
4.52000000000000e+00	1.33157814835526e+03
4.53000000000000e+00	1.36434479821292e+03
4.54000000000000e+00	1.41482319673233e+03
4.55000000000000e+00	1.48683563568909e+03
4.56000000000000e+00	1.58418020176782e+03
4.57000000000000e+00	1.71083579801781e+03
4.58000000000000e+00	1.87105348497646e+03
4.59000000000000e+00	2.06959727733778e+03
4.60000000000000e+00	2.31177944846097e+03
4.61000000000000e+00	2.60369980884512e+03
4.62000000000000e+00	2.95209387636959e+03
4.63000000000000e+00	3.36443811150567e+03
4.64000000000000e+00	3.84867359885623e+03
4.65000000000000e+00	4.41330478569198e+03
4.66000000000000e+00	5.06709776419740e+03
4.67000000000000e+00	5.81904260793592e+03
4.68000000000000e+00	6.67830864837380e+03
4.69000000000000e+00	7.65341313379090e+03
4.70000000000000e+00	8.75189828816645e+03
4.71000000000000e+00	9.97824120150953e+03
4.72000000000000e+00	1.13323592168542e+04
4.73000000000000e+00	1.28071134464414e+04
4.74000000000000e+00	1.43871142298734e+04
4.75000000000000e+00	1.60469960085894e+04
4.76000000000000e+00	1.77521293740037e+04
4.77000000000000e+00	1.94603021203287e+04
4.78000000000000e+00	2.11229705030792e+04
4.79000000000000e+00	2.26897160468815e+04
4.80000000000000e+00	2.41100731241719e+04
4.81000000000000e+00	2.53369716863849e+04
4.82000000000000e+00	2.63301035479260e+04
4.83000000000000e+00	2.70574458591183e+04
4.84000000000000e+00	2.74981176848833e+04
4.85000000000000e+00	2.76439072162218e+04
4.86000000000000e+00	2.74996423922330e+04
4.87000000000000e+00	2.70812506842318e+04
4.88000000000000e+00	2.64138782850639e+04
4.89000000000000e+00	2.55286994995810e+04
4.90000000000000e+00	2.44610039402005e+04
4.91000000000000e+00	2.32464520757502e+04
4.92000000000000e+00	2.19211129498429e+04
4.93000000000000e+00	2.05191028210343e+04
4.94000000000000e+00	1.90715611447939e+04
4.95000000000000e+00	1.76066819273346e+04
4.96000000000000e+00	1.61477770239926e+04
4.97000000000000e+00	1.47152191885715e+04
4.98000000000000e+00	1.33245239535627e+04
4.99000000000000e+00	1.19878302774468e+04
5.00000000000000e+00	1.07145369660013e+04
5.01000000000000e+00	9.51144704223690e+03
5.02000000000000e+00	8.38392665152147e+03
5.03000000000000e+00	7.33594408043473e+03
5.04000000000000e+00	6.37025117290603e+03
5.05000000000000e+00	5.48796182039357e+03
5.06000000000000e+00	4.68873739949462e+03
5.07000000000000e+00	3.97059021446700e+03
5.08000000000000e+00	3.32991617627743e+03
5.09000000000000e+00	2.76186663591972e+03
5.10000000000000e+00	2.26092410573390e+03
5.11000000000000e+00	1.82137108627368e+03
5.12000000000000e+00	1.43772007813714e+03
5.13000000000000e+00	1.10527160735926e+03
5.14000000000000e+00	8.20373814402719e+02
5.15000000000000e+00	5.80719443121485e+02
5.16000000000000e+00	3.85489872845586e+02
5.17000000000000e+00	2.35370909093720e+02
5.18000000000000e+00	1.32291856149131e+02
5.19000000000000e+00	7.89236625774449e+01
5.20000000000000e+00	7.78597455294226e+01
5.21000000000000e+00	1.30569131703041e+02
5.22000000000000e+00	2.36286408589212e+02
5.23000000000000e+00	3.91074115396903e+02
5.24000000000000e+00	5.87324263607266e+02
5.25000000000000e+00	8.13919783776012e+02
5.26000000000000e+00	1.05716655719160e+03
5.27000000000000e+00	1.30223417211836e+03
5.28000000000000e+00	1.53504723413006e+03
5.29000000000000e+00	1.74382823315628e+03
5.30000000000000e+00	1.92040296310880e+03
5.31000000000000e+00	2.06050424155954e+03
5.32000000000000e+00	2.16348738989623e+03
5.33000000000000e+00	2.23160890729094e+03
5.34000000000000e+00	2.26887028864593e+03
5.35000000000000e+00	2.28027259152764e+03
5.36000000000000e+00	2.27114316364684e+03
5.37000000000000e+00	2.24682526964985e+03
5.38000000000000e+00	2.21243487471490e+03
5.39000000000000e+00	2.17288704043443e+03
5.40000000000000e+00	2.13278829643247e+03
5.41000000000000e+00	2.09627735039129e+03
5.42000000000000e+00	2.06702056493207e+03
5.43000000000000e+00	2.04808016382290e+03
5.44000000000000e+00	2.04188123069179e+03
5.45000000000000e+00	2.05017150285370e+03
5.46000000000000e+00	2.07414335350522e+03
5.47000000000000e+00	2.11434400829421e+03
5.48000000000000e+00	2.17090082163061e+03
5.49000000000000e+00	2.24362888560556e+03
5.50000000000000e+00	2.33208399279255e+03
5.51000000000000e+00	2.43599034029054e+03
5.52000000000000e+00	2.55534906005678e+03
5.53000000000000e+00	2.69073617972407e+03
5.54000000000000e+00	2.84344458339585e+03
5.55000000000000e+00	3.01553074875188e+03
5.56000000000000e+00	3.20982242939603e+03
5.57000000000000e+00	3.42977648206593e+03
5.58000000000000e+00	3.67921231473497e+03
5.59000000000000e+00	3.96213850462441e+03
5.60000000000000e+00	4.28220961850398e+03
5.61000000000000e+00	4.64227113774785e+03
5.62000000000000e+00	5.04343641262181e+03
5.63000000000000e+00	5.48498393363245e+03
5.64000000000000e+00	5.96260162938059e+03
5.65000000000000e+00	6.46840688578871e+03
5.66000000000000e+00	6.99000153885497e+03
5.67000000000000e+00	7.51105475699426e+03
5.68000000000000e+00	8.01151395832368e+03
5.69000000000000e+00	8.46905478594038e+03
5.70000000000000e+00	8.86122488477958e+03
5.71000000000000e+00	9.16838249614754e+03
5.72000000000000e+00	9.37488829948643e+03
5.73000000000000e+00	9.47224214528225e+03
5.74000000000000e+00	9.45836451880709e+03
5.75000000000000e+00	9.33875911185874e+03
5.76000000000000e+00	9.12481513087099e+03
5.77000000000000e+00	8.83215210424134e+03
5.78000000000000e+00	8.47830302913122e+03
5.79000000000000e+00	8.08124705447631e+03
5.80000000000000e+00	7.65742226272327e+03
5.81000000000000e+00	7.22050671229440e+03
5.82000000000000e+00	6.78094147819006e+03
5.83000000000000e+00	6.34599853506121e+03
5.84000000000000e+00	5.92022837659674e+03
5.85000000000000e+00	5.50665435925164e+03
5.86000000000000e+00	5.10656435132340e+03
5.87000000000000e+00	4.72117180210041e+03
5.88000000000000e+00	4.35134204758551e+03
5.89000000000000e+00	3.99772804702976e+03
5.90000000000000e+00	3.66119286652266e+03
5.91000000000000e+00	3.34220415244043e+03
5.92000000000000e+00	3.04098490148296e+03
5.93000000000000e+00	2.75728539073384e+03
5.94000000000000e+00	2.49064641724041e+03
5.95000000000000e+00	2.24028917382118e+03
5.96000000000000e+00	2.00541363085594e+03
5.97000000000000e+00	1.78529188435712e+03
5.98000000000000e+00	1.57933425134357e+03
5.99000000000000e+00	1.38712528898628e+03
6.00000000000000e+00	1.20840400691907e+03
6.01000000000000e+00	1.04309966483503e+03
6.02000000000000e+00	8.91258860265083e+02
6.03000000000000e+00	7.52954616203175e+02
6.04000000000000e+00	6.28261627269593e+02
6.05000000000000e+00	5.17171417718868e+02
6.06000000000000e+00	4.19514753565367e+02
6.07000000000000e+00	3.34949546299991e+02
6.08000000000000e+00	2.62940046604781e+02
6.09000000000000e+00	2.02773002297612e+02
6.10000000000000e+00	1.53564712232444e+02
6.11000000000000e+00	1.14299324679151e+02
6.12000000000000e+00	8.38534937338043e+01
6.13000000000000e+00	6.10364931368585e+01
6.14000000000000e+00	4.46321881658753e+01
6.15000000000000e+00	3.34465142040326e+01
6.16000000000000e+00	2.63456710756318e+01
6.17000000000000e+00	2.22948204406775e+01
6.18000000000000e+00	2.03856618957677e+01
6.19000000000000e+00	1.98510082145123e+01
6.20000000000000e+00	2.00755518938464e+01
6.21000000000000e+00	2.05917311637468e+01
6.22000000000000e+00	2.10728801495218e+01
6.23000000000000e+00	2.13161916201662e+01
6.24000000000000e+00	2.12248484716589e+01
6.25000000000000e+00	2.07844400033862e+01
6.26000000000000e+00	2.00413933750369e+01
6.27000000000000e+00	1.90803913790773e+01
6.28000000000000e+00	1.80025941741145e+01
6.29000000000000e+00	1.69100937304217e+01
6.30000000000000e+00	1.58913532208297e+01
6.31000000000000e+00	1.50125738969956e+01
6.32000000000000e+00	1.43132237457728e+01
6.33000000000000e+00	1.38068092498483e+01
6.34000000000000e+00	1.34818778050441e+01
6.35000000000000e+00	1.33090181592220e+01
6.36000000000000e+00	1.32462221699613e+01
6.37000000000000e+00	1.32456046754600e+01
6.38000000000000e+00	1.32609131934623e+01
6.39000000000000e+00	1.32529094718080e+01
6.40000000000000e+00	1.31934182842851e+01
6.41000000000000e+00	1.30688768094995e+01
6.42000000000000e+00	1.28809817214773e+01
6.43000000000000e+00	1.26462565301260e+01
6.44000000000000e+00	1.23934678518018e+01
6.45000000000000e+00	1.21601897377519e+01
6.46000000000000e+00	1.19886654693055e+01
6.47000000000000e+00	1.19211692002274e+01
6.48000000000000e+00	1.19958852821624e+01
6.49000000000000e+00	1.22438719214986e+01
6.50000000000000e+00	1.26862091803403e+01
6.51000000000000e+00	1.33335821807008e+01
6.52000000000000e+00	1.41852231765749e+01
6.53000000000000e+00	1.52307076024113e+01
6.54000000000000e+00	1.64506435382856e+01
6.55000000000000e+00	1.78197172859964e+01
6.56000000000000e+00	1.93090659231077e+01
6.57000000000000e+00	2.08882834939754e+01
6.58000000000000e+00	2.25291477392775e+01
6.59000000000000e+00	2.42063050678116e+01
6.60000000000000e+00	2.58989183019090e+01
6.61000000000000e+00	2.75882664295606e+01
6.62000000000000e+00	2.92581359933592e+01
6.63000000000000e+00	3.08908373310229e+01
6.64000000000000e+00	3.24678325903967e+01
6.65000000000000e+00	3.39671770081163e+01
6.66000000000000e+00	3.53640421929025e+01
6.67000000000000e+00	3.66307464625254e+01
6.68000000000000e+00	3.77374710873230e+01
6.69000000000000e+00	3.86505234615950e+01
6.70000000000000e+00	3.93338194560999e+01
6.71000000000000e+00	3.97489413419324e+01
6.72000000000000e+00	3.98555877652540e+01
6.73000000000000e+00	3.96154048310789e+01
6.74000000000000e+00	3.89917497001547e+01
6.75000000000000e+00	3.79544405942453e+01
6.76000000000000e+00	3.64841978171806e+01
6.77000000000000e+00	3.45774358628532e+01
6.78000000000000e+00	3.22513450094692e+01
6.79000000000000e+00	2.95510115069523e+01
6.80000000000000e+00	2.65512623980324e+01
6.81000000000000e+00	2.33575549235046e+01
6.82000000000000e+00	2.00991289954432e+01
6.83000000000000e+00	1.69182128236254e+01
6.84000000000000e+00	1.39530701141094e+01
6.85000000000000e+00	1.13207322632988e+01
6.86000000000000e+00	9.10139108860224e+00
6.87000000000000e+00	7.32873563808356e+00
6.88000000000000e+00	5.98793130753279e+00
6.89000000000000e+00	5.02240888454840e+00
6.90000000000000e+00	4.34729698628593e+00
6.91000000000000e+00	3.86600252044053e+00
6.92000000000000e+00	3.48648304349950e+00
6.93000000000000e+00	3.13487242924233e+00
6.94000000000000e+00	2.76422487683157e+00
6.95000000000000e+00	2.35829688751650e+00
6.96000000000000e+00	1.93148357212988e+00
6.97000000000000e+00	1.52543907906679e+00
6.98000000000000e+00	1.20449596189941e+00
6.99000000000000e+00	1.05029632022156e+00
7.00000000000000e+00	1.15655287929678e+00
7.01000000000000e+00	1.62414187205855e+00
7.02000000000000e+00	2.55683619929643e+00
7.03000000000000e+00	4.05739574300398e+00
7.04000000000000e+00	6.22438215641264e+00
7.05000000000000e+00	9.14811457399420e+00
7.06000000000000e+00	1.29058729221287e+01
7.07000000000000e+00	1.75544941659562e+01
7.08000000000000e+00	2.31200179885062e+01
7.09000000000000e+00	2.95859315296231e+01
7.10000000000000e+00	3.68817836735063e+01
7.11000000000000e+00	4.48739499131467e+01
7.12000000000000e+00	5.33622618850118e+01
7.13000000000000e+00	6.20855133637227e+01
7.14000000000000e+00	7.07342936045511e+01
7.15000000000000e+00	7.89686143022446e+01
7.16000000000000e+00	8.64446137764968e+01
7.17000000000000e+00	9.28383952206922e+01
7.18000000000000e+00	9.78731781573011e+01
7.19000000000000e+00	1.01334379085919e+02
7.20000000000000e+00	1.03091118552962e+02
7.21000000000000e+00	1.03087583422013e+02
7.22000000000000e+00	1.01347419181029e+02
7.23000000000000e+00	9.79584928547760e+01
7.24000000000000e+00	9.30625543335620e+01
7.25000000000000e+00	8.68419082998457e+01
7.26000000000000e+00	7.95080912408562e+01
7.27000000000000e+00	7.12944133101728e+01
7.28000000000000e+00	6.24489798482178e+01
7.29000000000000e+00	5.32329103988644e+01
7.30000000000000e+00	4.39177240616032e+01
7.31000000000000e+00	3.47804082881665e+01
7.32000000000000e+00	2.61071579164706e+01
7.33000000000000e+00	1.81908456107451e+01
7.34000000000000e+00	1.13293978006455e+01
7.35000000000000e+00	5.82655213601598e+00
7.36000000000000e+00	1.99220467729511e+00
7.37000000000000e+00	1.44518947431541e-01
7.38000000000000e+00	6.12872380997804e-01
7.39000000000000e+00	3.74213582536723e+00
7.40000000000000e+00	9.89769298950843e+00
7.41000000000000e+00	1.94718260994030e+01
7.42000000000000e+00	3.28905684452252e+01
7.43000000000000e+00	5.06234854700061e+01
7.44000000000000e+00	7.31905598306983e+01
7.45000000000000e+00	1.01172668393978e+02
7.46000000000000e+00	1.35216191892734e+02
7.47000000000000e+00	1.76033672033928e+02
7.48000000000000e+00	2.24396992964742e+02
7.49000000000000e+00	2.81116761043607e+02
7.50000000000000e+00	3.47008261460562e+02
7.51000000000000e+00	4.22835020391424e+02
7.52000000000000e+00	5.09239011761078e+02
7.53000000000000e+00	6.06641997824993e+02
7.54000000000000e+00	7.15115612669909e+02
7.55000000000000e+00	8.34310516748611e+02
7.56000000000000e+00	9.63286380253900e+02
7.57000000000000e+00	1.10045900923445e+03
7.58000000000000e+00	1.24350821144334e+03
7.59000000000000e+00	1.38950871613148e+03
7.60000000000000e+00	1.53488674730911e+03
7.61000000000000e+00	1.67575931288518e+03
7.62000000000000e+00	1.80800386156527e+03
7.63000000000000e+00	1.92768363014862e+03
7.64000000000000e+00	2.03130248541886e+03
7.65000000000000e+00	2.11600676619768e+03
7.66000000000000e+00	2.17994488795798e+03
7.67000000000000e+00	2.22241953417366e+03
7.68000000000000e+00	2.24376413701376e+03
7.69000000000000e+00	2.24537825986381e+03
7.70000000000000e+00	2.22957040942164e+03
7.71000000000000e+00	2.19917587219143e+03
7.72000000000000e+00	2.15736428077291e+03
7.73000000000000e+00	2.10726808672200e+03
7.74000000000000e+00	2.05191887890378e+03
7.75000000000000e+00	1.99378263363825e+03
7.76000000000000e+00	1.93479600162533e+03
7.77000000000000e+00	1.87612405055701e+03
7.78000000000000e+00	1.81813756091903e+03
7.79000000000000e+00	1.76048566181197e+03
7.80000000000000e+00	1.70225056367427e+03
7.81000000000000e+00	1.64211599649785e+03
7.82000000000000e+00	1.57863955560305e+03
7.83000000000000e+00	1.51036325979681e+03
7.84000000000000e+00	1.43610904803919e+03
7.85000000000000e+00	1.35508361246354e+03
7.86000000000000e+00	1.26701927585054e+03
7.87000000000000e+00	1.17234582793672e+03
7.88000000000000e+00	1.07218077637693e+03
7.89000000000000e+00	9.68348561483616e+02
7.90000000000000e+00	8.63355683329321e+02
7.91000000000000e+00	7.60083315575177e+02
7.92000000000000e+00	6.61645690243754e+02
7.93000000000000e+00	5.71026607883042e+02
7.94000000000000e+00	4.90832440424792e+02
7.95000000000000e+00	4.23085700393379e+02
7.96000000000000e+00	3.69056681644685e+02
7.97000000000000e+00	3.29249348944770e+02
7.98000000000000e+00	3.03423003950642e+02
7.99000000000000e+00	2.90723666323535e+02
8.00000000000000e+00	2.89781365372543e+02
8.01000000000000e+00	2.98899658842969e+02
8.02000000000000e+00	3.16178178528913e+02
8.03000000000000e+00	3.39639855902174e+02
8.04000000000000e+00	3.67294645041254e+02
8.05000000000000e+00	3.97224355457480e+02
8.06000000000000e+00	4.27579528548264e+02
8.07000000000000e+00	4.56615784377107e+02
8.08000000000000e+00	4.82709117807653e+02
8.09000000000000e+00	5.04374378465642e+02
8.10000000000000e+00	5.20335082129008e+02
8.11000000000000e+00	5.29552074743046e+02
8.12000000000000e+00	5.31307997851635e+02
8.13000000000000e+00	5.25277757011198e+02
8.14000000000000e+00	5.11526852643111e+02
8.15000000000000e+00	4.90558338460460e+02
8.16000000000000e+00	4.63238496124571e+02
8.17000000000000e+00	4.30764633073607e+02
8.18000000000000e+00	3.94557383051155e+02
8.19000000000000e+00	3.56113133960427e+02
8.20000000000000e+00	3.16884617996641e+02
8.21000000000000e+00	2.78207824233198e+02
8.22000000000000e+00	2.41188818989781e+02
8.23000000000000e+00	2.06665152202160e+02
8.24000000000000e+00	1.75206220756691e+02
8.25000000000000e+00	1.47117177952720e+02
8.26000000000000e+00	1.22471053764310e+02
8.27000000000000e+00	1.01176186062212e+02
8.28000000000000e+00	8.30145351882149e+01
8.29000000000000e+00	6.76952139903374e+01
8.30000000000000e+00	5.48990171811800e+01
8.31000000000000e+00	4.42972660513748e+01
8.32000000000000e+00	3.55765942504610e+01
8.33000000000000e+00	2.84494086582646e+01
8.34000000000000e+00	2.26569729062740e+01
8.35000000000000e+00	1.79724554824704e+01
8.36000000000000e+00	1.42004834775026e+01
8.37000000000000e+00	1.11750115317676e+01
8.38000000000000e+00	8.75553557187930e+00
8.39000000000000e+00	6.82498742478334e+00
8.40000000000000e+00	5.28656262184985e+00
8.41000000000000e+00	4.06046288586943e+00
8.42000000000000e+00	3.08212038279930e+00
8.43000000000000e+00	2.30006512088297e+00
8.44000000000000e+00	1.67443330250235e+00
8.45000000000000e+00	1.17570580150205e+00
8.46000000000000e+00	7.83471650662557e-01
8.47000000000000e+00	4.85063548830568e-01
8.48000000000000e+00	2.73909436909417e-01
8.49000000000000e+00	1.47652153642764e-01
8.50000000000000e+00	1.06012604640898e-01
8.51000000000000e+00	1.48725023402911e-01
8.52000000000000e+00	2.73747292834810e-01
8.53000000000000e+00	4.76022828586791e-01
8.54000000000000e+00	7.46891625285947e-01
8.55000000000000e+00	1.07422206743465e+00
8.56000000000000e+00	1.44316648817409e+00
8.57000000000000e+00	1.83734332902200e+00
8.58000000000000e+00	2.24029499278332e+00
8.59000000000000e+00	2.63686449785485e+00
8.60000000000000e+00	3.01442733203308e+00
8.61000000000000e+00	3.36352331338441e+00
8.62000000000000e+00	3.67803210194826e+00
8.63000000000000e+00	3.95512306567978e+00
8.64000000000000e+00	4.19446242498801e+00
8.65000000000000e+00	4.39718856730307e+00
8.66000000000000e+00	4.56497309439786e+00
8.67000000000000e+00	4.69877971403628e+00
8.68000000000000e+00	4.79858890804073e+00
8.69000000000000e+00	4.86266399916265e+00
8.70000000000000e+00	4.88813236981104e+00
8.71000000000000e+00	4.87118026825999e+00
8.72000000000000e+00	4.80842607396373e+00
8.73000000000000e+00	4.69751853692081e+00
8.74000000000000e+00	4.53864961508928e+00
8.75000000000000e+00	4.33504429141465e+00
8.76000000000000e+00	4.09399757611944e+00
8.77000000000000e+00	3.82641001894501e+00
8.78000000000000e+00	3.54723442864216e+00
8.79000000000000e+00	3.27388168569818e+00
8.80000000000000e+00	3.02539188587580e+00
8.81000000000000e+00	2.82075189241233e+00
8.82000000000000e+00	2.67704319448075e+00
8.83000000000000e+00	2.60811477459380e+00
8.84000000000000e+00	2.62333353462922e+00
8.85000000000000e+00	2.72699666343769e+00
8.86000000000000e+00	2.91803708016963e+00
8.87000000000000e+00	3.19047857438197e+00
8.88000000000000e+00	3.53405575020939e+00
8.89000000000000e+00	3.93520746161008e+00
8.90000000000000e+00	4.37805429035118e+00
8.91000000000000e+00	4.84557381188383e+00
8.92000000000000e+00	5.32021875645185e+00
8.93000000000000e+00	5.78551606547178e+00
8.94000000000000e+00	6.22577917966762e+00
8.95000000000000e+00	6.62768499138519e+00
8.96000000000000e+00	6.97957614787530e+00
8.97000000000000e+00	7.27293346318474e+00
8.98000000000000e+00	7.50119450762125e+00
8.99000000000000e+00	7.66164181929308e+00
9.00000000000000e+00	7.75396279762630e+00
9.01000000000000e+00	7.78152044799449e+00
9.02000000000000e+00	7.75016540396335e+00
9.03000000000000e+00	7.66752405155140e+00
9.04000000000000e+00	7.54313442071044e+00
9.05000000000000e+00	7.38637823654340e+00
9.06000000000000e+00	7.20701692113535e+00
9.07000000000000e+00	7.01382654217474e+00
9.08000000000000e+00	6.81491625542766e+00
9.09000000000000e+00	6.61729083924378e+00
9.10000000000000e+00	6.42711825806117e+00
9.11000000000000e+00	6.24953206631756e+00
9.12000000000000e+00	6.08895938988002e+00
9.13000000000000e+00	5.94904503093956e+00
9.14000000000000e+00	5.83354527753948e+00
9.15000000000000e+00	5.74615204484698e+00
9.16000000000000e+00	5.69085664828824e+00
9.17000000000000e+00	5.67201953044537e+00
9.18000000000000e+00	5.69395798267897e+00
9.19000000000000e+00	5.76049323775338e+00
9.20000000000000e+00	5.87440673731833e+00
9.21000000000000e+00	6.03682512182798e+00
9.22000000000000e+00	6.24646435073527e+00
9.23000000000000e+00	6.49943497149841e+00
9.24000000000000e+00	6.78891549072934e+00
9.25000000000000e+00	7.10568021852456e+00
9.26000000000000e+00	7.43861333894363e+00
9.27000000000000e+00	7.77561154712208e+00
9.28000000000000e+00	8.10545795765941e+00
9.29000000000000e+00	8.41770088014579e+00
9.30000000000000e+00	8.70482888740264e+00
9.31000000000000e+00	8.96287425912902e+00
9.32000000000000e+00	9.19046637259034e+00
9.33000000000000e+00	9.39045244912491e+00
9.34000000000000e+00	9.56788298225646e+00
9.35000000000000e+00	9.72979202999360e+00
9.36000000000000e+00	9.88460540476199e+00
9.37000000000000e+00	1.00397981480400e+01
9.38000000000000e+00	1.02024588033980e+01
9.39000000000000e+00	1.03770723361694e+01
9.40000000000000e+00	1.05661177164467e+01
9.41000000000000e+00	1.07686476349262e+01
9.42000000000000e+00	1.09814473961035e+01
9.43000000000000e+00	1.11980737192842e+01
9.44000000000000e+00	1.14100994799059e+01
9.45000000000000e+00	1.16078689758376e+01
9.46000000000000e+00	1.17809542307133e+01
9.47000000000000e+00	1.19196484325917e+01
9.48000000000000e+00	1.20154234155268e+01
9.49000000000000e+00	1.20615809266914e+01
9.50000000000000e+00	1.20545518553701e+01
9.51000000000000e+00	1.19927227554672e+01
9.52000000000000e+00	1.18772714949603e+01
9.53000000000000e+00	1.17118486537394e+01
9.54000000000000e+00	1.15015562747463e+01
9.55000000000000e+00	1.12536947666228e+01
9.56000000000000e+00	1.09771559308594e+01
9.57000000000000e+00	1.06832227893485e+01
9.58000000000000e+00	1.03834540364236e+01
9.59000000000000e+00	1.00894232954634e+01
9.60000000000000e+00	9.81094266112140e+00
9.61000000000000e+00	9.55589171496762e+00
9.62000000000000e+00	9.32863555680469e+00
9.63000000000000e+00	9.13138321258372e+00
9.64000000000000e+00	8.96364152251033e+00
9.65000000000000e+00	8.82424396823853e+00
9.66000000000000e+00	8.71099343696506e+00
9.67000000000000e+00	8.62120659561347e+00
9.68000000000000e+00	8.55211556618451e+00
9.69000000000000e+00	8.50061050150350e+00
9.70000000000000e+00	8.46351214465398e+00
9.71000000000000e+00	8.43790271677216e+00
9.72000000000000e+00	8.42074665096141e+00
9.73000000000000e+00	8.40953797284240e+00
9.74000000000000e+00	8.40206766311403e+00
9.75000000000000e+00	8.39648209296144e+00
9.76000000000000e+00	8.39144941186147e+00
9.77000000000000e+00	8.38580100623761e+00
9.78000000000000e+00	8.37882276172183e+00
9.79000000000000e+00	8.37019615535339e+00
9.80000000000000e+00	8.35967981868831e+00
9.81000000000000e+00	8.34739114820311e+00
9.82000000000000e+00	8.33353457469719e+00
9.83000000000000e+00	8.31820146838374e+00
9.84000000000000e+00	8.30159850361409e+00
9.85000000000000e+00	8.28386851533576e+00
9.86000000000000e+00	8.26510583636119e+00
9.87000000000000e+00	8.24579402419415e+00
9.88000000000000e+00	8.22722135472206e+00
9.89000000000000e+00	8.21329935208599e+00
9.90000000000000e+00	8.21356794931708e+00
9.91000000000000e+00	8.24917060179371e+00
9.92000000000000e+00	8.36206790517935e+00
9.93000000000000e+00	8.62813245043648e+00
9.94000000000000e+00	9.17727755043190e+00
9.95000000000000e+00	1.02328911253959e+01
9.96000000000000e+00	1.21999181262015e+01
9.97000000000000e+00	1.58804605984639e+01
9.98000000000000e+00	2.30205725400408e+01
9.99000000000000e+00	3.77850987056790e+01
1.00000000000000e+01	7.10785635661428e+01
1.00100000000000e+01	1.52823796425346e+02
1.00200000000000e+01	3.32697480430549e+02
1.00300000000000e+01	4.13869312816510e+02
1.00400000000000e+01	1.91378513370937e+02
1.00500000000000e+01	6.44550167165531e+01
1.00600000000000e+01	2.28848558057595e+01
1.00700000000000e+01	9.09684829159281e+00
1.00800000000000e+01	4.03072204199990e+00
1.00900000000000e+01	1.95895315363566e+00
1.01000000000000e+01	1.02763407867969e+00
1.01100000000000e+01	5.74096773034039e-01
1.01200000000000e+01	3.37918343982152e-01
1.01300000000000e+01	2.07807474792518e-01
1.01400000000000e+01	1.32627446481075e-01
1.01500000000000e+01	8.73833113837751e-02
1.01600000000000e+01	5.91818697165131e-02
1.01700000000000e+01	4.10581189672548e-02
1.01800000000000e+01	2.90945845668165e-02
1.01900000000000e+01	2.10081443315260e-02
1.02000000000000e+01	1.54261528065043e-02
1.02100000000000e+01	1.14993376069717e-02
1.02200000000000e+01	8.68973152230070e-03
1.02300000000000e+01	6.64822692070133e-03
1.02400000000000e+01	5.14403792846083e-03
1.02500000000000e+01	4.02149102195931e-03
1.02600000000000e+01	3.17389977657241e-03
1.02700000000000e+01	2.52698569984970e-03
1.02800000000000e+01	2.02833597303670e-03
1.02900000000000e+01	1.64040603329458e-03
1.03000000000000e+01	1.33602497016008e-03
1.03100000000000e+01	1.09528320922843e-03
1.03200000000000e+01	9.03461210302485e-04
1.03300000000000e+01	7.49550907030792e-04
1.03400000000000e+01	6.25240288024693e-04
1.03500000000000e+01	5.24219520919804e-04
1.03600000000000e+01	4.41641230905794e-04
1.03700000000000e+01	3.73768437756188e-04
1.03800000000000e+01	3.17688832792129e-04
1.03900000000000e+01	2.71125714334008e-04
1.04000000000000e+01	2.32279425033821e-04
1.04100000000000e+01	1.99727720157696e-04
1.04200000000000e+01	1.72335960356246e-04
1.04300000000000e+01	1.49191504364258e-04
1.04400000000000e+01	1.29562597940393e-04
1.04500000000000e+01	1.12854817814927e-04
1.04600000000000e+01	9.85839512920064e-05
1.04700000000000e+01	8.63540722070337e-05
1.04800000000000e+01	7.58407201287842e-05
1.04900000000000e+01	6.67762407378971e-05
1.05000000000000e+01	5.89378172632288e-05
1.05100000000000e+01	5.21416263405307e-05
1.05200000000000e+01	4.62332226129548e-05
1.05300000000000e+01	4.10831132774864e-05
1.05400000000000e+01	3.65835125995293e-05
1.05500000000000e+01	3.26427837938689e-05
1.05600000000000e+01	2.91834568904035e-05
1.05700000000000e+01	2.61399047967017e-05
1.05800000000000e+01	2.34564859803067e-05
1.05900000000000e+01	2.10855009533700e-05
1.06000000000000e+01	1.89863952193381e-05
1.06100000000000e+01	1.71243590855447e-05
1.06200000000000e+01	1.54694872617113e-05
1.06300000000000e+01	1.39959322161909e-05
1.06400000000000e+01	1.26815345937771e-05
1.06500000000000e+01	1.15070386402534e-05
1.06600000000000e+01	1.04557841811461e-05
1.06700000000000e+01	9.51328597144190e-06
1.06800000000000e+01	8.66696355332309e-06
1.06900000000000e+01	7.90584304984763e-06
1.07000000000000e+01	7.22027197388810e-06
1.07100000000000e+01	6.60189760619965e-06
1.07200000000000e+01	6.04338061386023e-06
1.07300000000000e+01	5.53823810006205e-06
1.07400000000000e+01	5.08079320209567e-06
1.07500000000000e+01	4.66598879681123e-06
1.07600000000000e+01	4.28949591427969e-06
1.07700000000000e+01	3.94732508626198e-06
1.07800000000000e+01	3.63605835381455e-06
1.07900000000000e+01	3.35257371066086e-06
1.08000000000000e+01	3.09413996751363e-06
1.08100000000000e+01	2.85829501212033e-06
1.08200000000000e+01	2.64285624935402e-06
1.08300000000000e+01	2.44585980538285e-06
1.08400000000000e+01	2.26554063960317e-06
1.08500000000000e+01	2.10032143780743e-06
1.08600000000000e+01	1.94878532876660e-06
1.08700000000000e+01	1.80967306988292e-06
1.08800000000000e+01	1.68182315845618e-06
1.08900000000000e+01	1.56420899677615e-06
1.09000000000000e+01	1.45591266758495e-06
1.09100000000000e+01	1.35610108777119e-06
1.09200000000000e+01	1.26401821879113e-06
1.09300000000000e+01	1.17898500993617e-06
1.09400000000000e+01	1.10038648566421e-06
1.09500000000000e+01	1.02768283548601e-06
1.09600000000000e+01	9.60359615023270e-07
1.09700000000000e+01	8.97982568297737e-07
1.09800000000000e+01	8.40126456390442e-07
1.09900000000000e+01	7.86429299849805e-07
1.10000000000000e+01	7.36558060253726e-07
1.10100000000000e+01	6.90210862495334e-07
1.10200000000000e+01	6.47111083800670e-07
1.10300000000000e+01	6.07016607400146e-07
1.10400000000000e+01	5.69697020846874e-07
1.10500000000000e+01	5.34946136459849e-07
1.10600000000000e+01	5.02585981082590e-07
1.10700000000000e+01	4.72431696057411e-07
1.10800000000000e+01	4.44329546909677e-07
1.10900000000000e+01	4.18134110131264e-07
1.11000000000000e+01	3.93704287652669e-07
1.11100000000000e+01	3.70916682864466e-07
1.11200000000000e+01	3.49644991093875e-07
1.11300000000000e+01	3.29784171739427e-07
1.11400000000000e+01	3.11229889361707e-07
1.11500000000000e+01	2.93882015627902e-07
1.11600000000000e+01	2.77653731698476e-07
1.11700000000000e+01	2.62461981116015e-07
1.11800000000000e+01	2.48229613923213e-07
1.11900000000000e+01	2.34885749026578e-07
1.12000000000000e+01	2.22364463674551e-07
1.12100000000000e+01	2.10608676082643e-07
1.12200000000000e+01	1.99563206040689e-07
1.12300000000000e+01	1.89177434178921e-07
1.12400000000000e+01	1.79405453650804e-07
1.12500000000000e+01	1.70206977985548e-07
1.12600000000000e+01	1.61541738314169e-07
1.12700000000000e+01	1.53375430629971e-07
1.12800000000000e+01	1.45675654532156e-07
1.12900000000000e+01	1.38411951304548e-07
1.13000000000000e+01	1.31556869135496e-07
1.13100000000000e+01	1.25084333106818e-07
1.13200000000000e+01	1.18969538862402e-07
1.13300000000000e+01	1.13192271440254e-07
1.13400000000000e+01	1.07729332017413e-07
1.13500000000000e+01	1.02563354495427e-07
1.13600000000000e+01	9.76748196471625e-08
1.13700000000000e+01	9.30467858647086e-08
1.13800000000000e+01	8.86648610874787e-08
1.13900000000000e+01	8.45131063698835e-08
1.14000000000000e+01	8.05780871882353e-08
1.14100000000000e+01	7.68479688657905e-08
1.14200000000000e+01	7.33096666320474e-08
1.14300000000000e+01	6.99535232931501e-08
1.14400000000000e+01	6.67682974415164e-08
1.14500000000000e+01	6.37449772943476e-08
1.14600000000000e+01	6.08743743815289e-08
1.14700000000000e+01	5.81474391256391e-08
1.14800000000000e+01	5.55566518868878e-08
1.14900000000000e+01	5.30941539341990e-08
1.15000000000000e+01	5.07534152075306e-08
1.15100000000000e+01	4.85271493537999e-08
1.15200000000000e+01	4.64092725337143e-08
1.15300000000000e+01	4.43941268818011e-08
1.15400000000000e+01	4.24760535256667e-08
1.15500000000000e+01	4.06505019231315e-08
1.15600000000000e+01	3.89123986130159e-08
1.15700000000000e+01	3.72577560804864e-08
1.15800000000000e+01	3.56825240663472e-08
1.15900000000000e+01	3.41829103759042e-08
1.16000000000000e+01	3.27551218382090e-08
1.16100000000000e+01	3.13961481655152e-08
1.16200000000000e+01	3.01023577061446e-08
1.16300000000000e+01	2.88706634510035e-08
1.16400000000000e+01	2.76975778305763e-08
1.16500000000000e+01	2.65803576748159e-08
1.16600000000000e+01	2.55157520610090e-08
1.16700000000000e+01	2.45008458537722e-08
1.16800000000000e+01	2.35326638619577e-08
1.16900000000000e+01	2.26084288552527e-08
1.17000000000000e+01	2.17255199807243e-08
1.17100000000000e+01	2.08815084490149e-08
1.17200000000000e+01	2.00740359909388e-08
1.17300000000000e+01	1.93009332296786e-08
1.17400000000000e+01	1.85603616840435e-08
1.17500000000000e+01	1.78506698732530e-08
1.17600000000000e+01	1.71701425430793e-08
1.17700000000000e+01	1.65173814879984e-08
1.17800000000000e+01	1.58914950710805e-08
1.17900000000000e+01	1.52911236381819e-08
1.18000000000000e+01	1.47153788866689e-08
1.18100000000000e+01	1.41634268904199e-08
1.18200000000000e+01	1.36343314036348e-08
1.18300000000000e+01	1.31273354203786e-08
1.18400000000000e+01	1.26415973103874e-08
1.18500000000000e+01	1.21762756696846e-08
1.18600000000000e+01	1.17305955816784e-08
1.18700000000000e+01	1.13037991445438e-08
1.18800000000000e+01	1.08948975981563e-08
1.18900000000000e+01	1.05032201376051e-08
1.19000000000000e+01	1.01278769018926e-08
1.19100000000000e+01	9.76811362068404e-09
1.19200000000000e+01	9.42312439350867e-09
1.19300000000000e+01	9.09224999714541e-09
1.19400000000000e+01	8.77464966372837e-09
1.19500000000000e+01	8.46974392064760e-09
1.19600000000000e+01	8.17685714394349e-09
1.19700000000000e+01	7.89539038055863e-09
1.19800000000000e+01	7.62473321543630e-09
1.19900000000000e+01	7.36440130291842e-09
1.20000000000000e+01	7.11382099743157e-09
1.20100000000000e+01	6.87260913084120e-09
1.20200000000000e+01	6.64036451555531e-09
1.20300000000000e+01	6.41663919740900e-09
1.20400000000000e+01	6.20116285279349e-09
1.20500000000000e+01	5.99354662243020e-09
1.20600000000000e+01	5.79359329277164e-09
1.20700000000000e+01	5.60096143908595e-09
1.20800000000000e+01	5.41546014187575e-09
1.20900000000000e+01	5.23684971965302e-09
1.21000000000000e+01	5.06493096124961e-09
1.21100000000000e+01	4.89948206398803e-09
1.21200000000000e+01	4.74031021683026e-09
1.21300000000000e+01	4.58715282466975e-09
1.21400000000000e+01	4.43985120075905e-09
1.21500000000000e+01	4.29815698897051e-09
1.21600000000000e+01	4.16179577767214e-09
1.21700000000000e+01	4.03059183431554e-09
1.21800000000000e+01	3.90427354295127e-09
1.21900000000000e+01	3.78265434575775e-09
1.22000000000000e+01	3.66544884424224e-09
1.22100000000000e+01	3.55247686804544e-09
1.22200000000000e+01	3.44350596679666e-09
1.22300000000000e+01	3.33832645573419e-09
1.22400000000000e+01	3.23674837456194e-09
1.22500000000000e+01	3.13860192109811e-09
1.22600000000000e+01	3.04372080875713e-09
1.22700000000000e+01	2.95194848870047e-09
1.22800000000000e+01	2.86309077955402e-09
1.22900000000000e+01	2.77708143559847e-09
1.23000000000000e+01	2.69372690026627e-09
1.23100000000000e+01	2.61295514540530e-09
1.23200000000000e+01	2.53463050064582e-09
1.23300000000000e+01	2.45864379582959e-09
1.23400000000000e+01	2.38494146911161e-09
1.23500000000000e+01	2.31344216483959e-09
1.23600000000000e+01	2.24404774072717e-09
1.23700000000000e+01	2.17672723980538e-09
1.23800000000000e+01	2.11140876441109e-09
1.23900000000000e+01	2.04807157318246e-09
1.24000000000000e+01	1.98664878036810e-09
1.24100000000000e+01	1.92715006405328e-09
1.24200000000000e+01	1.86948472581049e-09
1.24300000000000e+01	1.81363413085875e-09
1.24400000000000e+01	1.75959217228797e-09
1.24500000000000e+01	1.70727151807153e-09
1.24600000000000e+01	1.65664227256211e-09
1.24700000000000e+01	1.60765517929415e-09
1.24800000000000e+01	1.56027337620537e-09
1.24900000000000e+01	1.51441082221621e-09
1.25000000000000e+01	1.47005703854386e-09
1.25100000000000e+01	1.42715225669111e-09
1.25200000000000e+01	1.38563191159680e-09
1.25300000000000e+01	1.34547085377271e-09
1.25400000000000e+01	1.30663004666286e-09
1.25500000000000e+01	1.26905106026672e-09
1.25600000000000e+01	1.23270825990502e-09
1.25700000000000e+01	1.19755115612004e-09
1.25800000000000e+01	1.16356139458480e-09
1.25900000000000e+01	1.13068140968463e-09
1.26000000000000e+01	1.09887585131588e-09
1.26100000000000e+01	1.06809702571310e-09
1.26200000000000e+01	1.03832693091697e-09
1.26300000000000e+01	1.00950730231143e-09
1.26400000000000e+01	9.81600665064286e-10
1.26500000000000e+01	9.54582595605644e-10
1.26600000000000e+01	9.28422035119307e-10
1.26700000000000e+01	9.03067842435080e-10
1.26800000000000e+01	8.78510990013536e-10
1.26900000000000e+01	8.54710547355482e-10
1.27000000000000e+01	8.31655335432545e-10
1.27100000000000e+01	8.09318145358393e-10
1.27200000000000e+01	7.87679657871964e-10
1.27300000000000e+01	7.66710129309199e-10
1.27400000000000e+01	7.46404607273524e-10
1.27500000000000e+01	7.26738146153898e-10
1.27600000000000e+01	7.07690200216723e-10
1.27700000000000e+01	6.89240869820272e-10
1.27800000000000e+01	6.71370927115373e-10
1.27900000000000e+01	6.54056263716896e-10
1.28000000000000e+01	6.37278263047913e-10
1.28100000000000e+01	6.21015234311387e-10
1.28200000000000e+01	6.05254508976557e-10
1.28300000000000e+01	5.89960419315726e-10
1.28400000000000e+01	5.75129471058996e-10
1.28500000000000e+01	5.60744945774438e-10
1.28600000000000e+01	5.46779607202826e-10
1.28700000000000e+01	5.33228399235141e-10
1.28800000000000e+01	5.20071805254165e-10
1.28900000000000e+01	5.07298353159592e-10
1.29000000000000e+01	4.94893752175262e-10
1.29100000000000e+01	4.82844570529090e-10
1.29200000000000e+01	4.71143286542518e-10
1.29300000000000e+01	4.59774773483401e-10
1.29400000000000e+01	4.48722535859046e-10
1.29500000000000e+01	4.37986922235444e-10
1.29600000000000e+01	4.27546296366437e-10
1.29700000000000e+01	4.17398230060604e-10
1.29800000000000e+01	4.07524580572579e-10
1.29900000000000e+01	3.97927266148349e-10
1.30000000000000e+01	3.88587850554575e-10
1.30100000000000e+01	3.79505550372079e-10
1.30200000000000e+01	3.70671607168955e-10
1.30300000000000e+01	3.62076979860901e-10
1.30400000000000e+01	3.53715110103698e-10
1.30500000000000e+01	3.45577570163385e-10
1.30600000000000e+01	3.37657963309225e-10
1.30700000000000e+01	3.29946887248681e-10
1.30800000000000e+01	3.22434944949160e-10
1.30900000000000e+01	3.15116054512782e-10
1.31000000000000e+01	3.07978375799857e-10
1.31100000000000e+01	3.01019776937396e-10
1.31200000000000e+01	2.94224430090632e-10
1.31300000000000e+01	2.87591229473509e-10
1.31400000000000e+01	2.81111151163905e-10
1.31500000000000e+01	2.74781374482459e-10
1.31600000000000e+01	2.68598500950914e-10
1.31700000000000e+01	2.62555976416872e-10
1.31800000000000e+01	2.56653926836222e-10
1.31900000000000e+01	2.50892852961580e-10
1.32000000000000e+01	2.45266836463789e-10
1.32100000000000e+01	2.39773604538960e-10
1.32200000000000e+01	2.34413438808125e-10
1.32300000000000e+01	2.29184024144536e-10
1.32400000000000e+01	2.24081226577057e-10
1.32500000000000e+01	2.19100520725508e-10
1.32600000000000e+01	2.14235489471957e-10
1.32700000000000e+01	2.09489506149443e-10
1.32800000000000e+01	2.04853010902140e-10
1.32900000000000e+01	2.00324803862344e-10
1.33000000000000e+01	1.95902215282439e-10
1.33100000000000e+01	1.91581076034443e-10
1.33200000000000e+01	1.87360092008245e-10
1.33300000000000e+01	1.83236309770053e-10
1.33400000000000e+01	1.79211218753435e-10
1.33500000000000e+01	1.75281568868524e-10
1.33600000000000e+01	1.71446976552008e-10
1.33700000000000e+01	1.67704730078857e-10
1.33800000000000e+01	1.64055592333149e-10
1.33900000000000e+01	1.60497825947929e-10
1.34000000000000e+01	1.57028727660227e-10
1.34100000000000e+01	1.53647061578111e-10
1.34200000000000e+01	1.50350877275764e-10
1.34300000000000e+01	1.47136738410822e-10
1.34400000000000e+01	1.44002768468021e-10
1.34500000000000e+01	1.40947336042420e-10
1.34600000000000e+01	1.37965904294155e-10
1.34700000000000e+01	1.35057054085899e-10
1.34800000000000e+01	1.32220033709351e-10
1.34900000000000e+01	1.29449161596959e-10
1.35000000000000e+01	1.26745014983325e-10
1.35100000000000e+01	1.24102073392772e-10
1.35200000000000e+01	1.21520979843476e-10
1.35300000000000e+01	1.18997988299042e-10
1.35400000000000e+01	1.16531697614804e-10
1.35500000000000e+01	1.14119589996424e-10
1.35600000000000e+01	1.11759693632536e-10
1.35700000000000e+01	1.09449762596559e-10
1.35800000000000e+01	1.07189986205842e-10
1.35900000000000e+01	1.04975351442411e-10
1.36000000000000e+01	1.02807127500501e-10
1.36100000000000e+01	1.00683040805769e-10
1.36200000000000e+01	9.86018652491315e-11
1.36300000000000e+01	9.65617558865871e-11
1.36400000000000e+01	9.45637969927187e-11
1.36500000000000e+01	9.26072591094475e-11
1.36600000000000e+01	9.06894732534491e-11
1.36700000000000e+01	8.88118550858168e-11
1.36800000000000e+01	8.69741482017779e-11
1.36900000000000e+01	8.51762604521698e-11
1.37000000000000e+01	8.34168545698203e-11
1.37100000000000e+01	8.16969152918393e-11
1.37200000000000e+01	8.00160642079335e-11
1.37300000000000e+01	7.83753972149915e-11
1.37400000000000e+01	7.67730592446102e-11
1.37500000000000e+01	7.52103480641879e-11
1.37600000000000e+01	7.36865002108598e-11
1.37700000000000e+01	7.22000673301591e-11
1.37800000000000e+01	7.07516179975788e-11
1.37900000000000e+01	6.93397784197870e-11
1.38000000000000e+01	6.79639079519602e-11
1.38100000000000e+01	6.66221873883464e-11
1.38200000000000e+01	6.53137459089291e-11
1.38300000000000e+01	6.40367757795400e-11
1.38400000000000e+01	6.27904207501374e-11
1.38500000000000e+01	6.15740271119607e-11
1.38600000000000e+01	6.03847448130894e-11
1.38700000000000e+01	5.92225548437135e-11
1.38800000000000e+01	5.80869715144080e-11
1.38900000000000e+01	5.69755099923545e-11
1.39000000000000e+01	5.58876248745517e-11
1.39100000000000e+01	5.48233040368668e-11
1.39200000000000e+01	5.37812167013316e-11
1.39300000000000e+01	5.27602066864000e-11
1.39400000000000e+01	5.17605389044830e-11
1.39500000000000e+01	5.07809952672945e-11
1.39600000000000e+01	4.98208593119774e-11
1.39700000000000e+01	4.88796076595245e-11
1.39800000000000e+01	4.79575460422377e-11
1.39900000000000e+01	4.70534655409164e-11
1.40000000000000e+01	4.61675807242927e-11
1.40100000000000e+01	4.52990192801751e-11
1.40200000000000e+01	4.44475461683058e-11
1.40300000000000e+01	4.36129602485111e-11
1.40400000000000e+01	4.27960636572906e-11
1.40500000000000e+01	4.19957117191006e-11
1.40600000000000e+01	4.12119742318817e-11
1.40700000000000e+01	4.04449487645482e-11
1.40800000000000e+01	3.96942068362308e-11
1.40900000000000e+01	3.89590859033389e-11
1.41000000000000e+01	3.82400541745890e-11
1.41100000000000e+01	3.75364825684218e-11
1.41200000000000e+01	3.68475731229131e-11
1.41300000000000e+01	3.61735384867875e-11
1.41400000000000e+01	3.55133785190253e-11
1.41500000000000e+01	3.48662042686099e-11
1.41600000000000e+01	3.42321364985116e-11
1.41700000000000e+01	3.36100615206720e-11
1.41800000000000e+01	3.29997760056119e-11
1.41900000000000e+01	3.24007380502983e-11
1.42000000000000e+01	3.18123844405171e-11
1.42100000000000e+01	3.12343776274961e-11
1.42200000000000e+01	3.06673851401283e-11
1.42300000000000e+01	3.01101496565986e-11
1.42400000000000e+01	2.95631691045027e-11
1.42500000000000e+01	2.90265587231652e-11
1.42600000000000e+01	2.84998755620803e-11
1.42700000000000e+01	2.79833910691507e-11
1.42800000000000e+01	2.74776242278250e-11
1.42900000000000e+01	2.69815934829915e-11
1.43000000000000e+01	2.64958933419622e-11
1.43100000000000e+01	2.60201053570301e-11
1.43200000000000e+01	2.55539969912126e-11
1.43300000000000e+01	2.50975914712336e-11
1.43400000000000e+01	2.46504993769045e-11
1.43500000000000e+01	2.42127857031553e-11
1.43600000000000e+01	2.37837735072050e-11
1.43700000000000e+01	2.33631649579327e-11
1.43800000000000e+01	2.29513165008358e-11
1.43900000000000e+01	2.25477762480443e-11
1.44000000000000e+01	2.21524399565573e-11
1.44100000000000e+01	2.17649703695487e-11
1.44200000000000e+01	2.13852125573289e-11
1.44300000000000e+01	2.10132011205675e-11
1.44400000000000e+01	2.06489587032612e-11
1.44500000000000e+01	2.02919589449225e-11
1.44600000000000e+01	1.99424784533014e-11
1.44700000000000e+01	1.95999989249611e-11
1.44800000000000e+01	1.92644322442165e-11
1.44900000000000e+01	1.89357429009235e-11
1.45000000000000e+01	1.86136703219979e-11
1.45100000000000e+01	1.82982518727349e-11
1.45200000000000e+01	1.79891158177210e-11
1.45300000000000e+01	1.76859832240765e-11
1.45400000000000e+01	1.73890514003056e-11
1.45500000000000e+01	1.70976381895355e-11
1.45600000000000e+01	1.68119421897190e-11
1.45700000000000e+01	1.65317279143462e-11
1.45800000000000e+01	1.62567326946945e-11
1.45900000000000e+01	1.59870447944172e-11
1.46000000000000e+01	1.57223539285484e-11
1.46100000000000e+01	1.54621957707386e-11
1.46200000000000e+01	1.52072278394052e-11
1.46300000000000e+01	1.49565634881847e-11
1.46400000000000e+01	1.47104964541035e-11
1.46500000000000e+01	1.44691597668198e-11
1.46600000000000e+01	1.42317939812439e-11
1.46700000000000e+01	1.39990051231896e-11
1.46800000000000e+01	1.37703720490185e-11
1.46900000000000e+01	1.35461317769624e-11
1.47000000000000e+01	1.33258946281240e-11
1.47100000000000e+01	1.31098876179992e-11
1.47200000000000e+01	1.28977030812646e-11
1.47300000000000e+01	1.26897091736117e-11
1.47400000000000e+01	1.24856211685706e-11
1.47500000000000e+01	1.22853420274991e-11
1.47600000000000e+01	1.20888710304722e-11
1.47700000000000e+01	1.18960260429935e-11
1.47800000000000e+01	1.17066588481148e-11
1.47900000000000e+01	1.15207675514363e-11
1.48000000000000e+01	1.13381069479217e-11
1.48100000000000e+01	1.11586600561751e-11
1.48200000000000e+01	1.09823853398064e-11
1.48300000000000e+01	1.08089747152758e-11
1.48400000000000e+01	1.06385121682552e-11
1.48500000000000e+01	1.04708784947196e-11
1.48600000000000e+01	1.03058961702881e-11
1.48700000000000e+01	1.01436131899700e-11
1.48800000000000e+01	9.98389670345230e-12
1.48900000000000e+01	9.82660865557047e-12
1.49000000000000e+01	9.67204120755836e-12
1.49100000000000e+01	9.51989457970112e-12
1.49200000000000e+01	9.37012456087144e-12
1.49300000000000e+01	9.22283738702774e-12
1.49400000000000e+01	9.07800090572134e-12
1.49500000000000e+01	8.93550601027626e-12
1.49600000000000e+01	8.79542990834507e-12
1.49700000000000e+01	8.65779444736833e-12
1.49800000000000e+01	8.52248735104729e-12
1.49900000000000e+01	8.38957097164738e-12
1.50000000000000e+01	8.25896713590093e-12
1.50100000000000e+01	8.13076549777157e-12
1.50200000000000e+01	8.00468912777980e-12
1.50300000000000e+01	7.88098896499035e-12
1.50400000000000e+01	7.75952144181814e-12
1.50500000000000e+01	7.64014347623019e-12
1.50600000000000e+01	7.52296220305729e-12
1.50700000000000e+01	7.40777949910687e-12
1.50800000000000e+01	7.29453347901927e-12
1.50900000000000e+01	7.18335300419227e-12
1.51000000000000e+01	7.07394287355119e-12
1.51100000000000e+01	6.96635607208729e-12
1.51200000000000e+01	6.86062586652841e-12
1.51300000000000e+01	6.75647461571155e-12
1.51400000000000e+01	6.65405923981753e-12
1.51500000000000e+01	6.55318508346365e-12
1.51600000000000e+01	6.45387848999174e-12
1.51700000000000e+01	6.35608970473747e-12
1.51800000000000e+01	6.25997130780142e-12
1.51900000000000e+01	6.16524632736087e-12
1.52000000000000e+01	6.07208147372631e-12
1.52100000000000e+01	5.98034505367684e-12
1.52200000000000e+01	5.89024007259087e-12
1.52300000000000e+01	5.80149961111774e-12
1.52400000000000e+01	5.71419633016853e-12
1.52500000000000e+01	5.62826017530900e-12
1.52600000000000e+01	5.54369217188494e-12
1.52700000000000e+01	5.46045585967499e-12
1.52800000000000e+01	5.37841170763705e-12
1.52900000000000e+01	5.29750193084168e-12
1.53000000000000e+01	5.21764147381408e-12
1.53100000000000e+01	5.13868743678953e-12
1.53200000000000e+01	5.06063117198135e-12
1.53300000000000e+01	4.98344328799585e-12
1.53400000000000e+01	4.90684826590186e-12
1.53500000000000e+01	4.83095523924073e-12
1.53600000000000e+01	4.75573130851755e-12
1.53700000000000e+01	4.68101803335535e-12
1.53800000000000e+01	4.60688996184897e-12
1.53900000000000e+01	4.53330493685298e-12
1.54000000000000e+01	4.46032118236086e-12
1.54100000000000e+01	4.38798891051196e-12
1.54200000000000e+01	4.31629484306375e-12
1.54300000000000e+01	4.24538841708951e-12
1.54400000000000e+01	4.17529957236981e-12
1.54500000000000e+01	4.10619995945986e-12
1.54600000000000e+01	4.03808062169239e-12
1.54700000000000e+01	3.97123933768043e-12
1.54800000000000e+01	3.90562311078254e-12
1.54900000000000e+01	3.84139159777002e-12
1.55000000000000e+01	3.77871140030531e-12
1.55100000000000e+01	3.71762855339189e-12
1.55200000000000e+01	3.65821473617719e-12
1.55300000000000e+01	3.60054598570017e-12
1.55400000000000e+01	3.54457261133145e-12
1.55500000000000e+01	3.49033642903433e-12
1.55600000000000e+01	3.43776804717373e-12
1.55700000000000e+01	3.38679490679343e-12
1.55800000000000e+01	3.33735639632222e-12
1.55900000000000e+01	3.28935019991492e-12
1.56000000000000e+01	3.24259503910444e-12
1.56100000000000e+01	3.19707951994286e-12
1.56200000000000e+01	3.15261582728103e-12
1.56300000000000e+01	3.10910821974856e-12
1.56400000000000e+01	3.06643633453785e-12
1.56500000000000e+01	3.02449314475737e-12
1.56600000000000e+01	2.98321249119980e-12
1.56700000000000e+01	2.94249313453042e-12
1.56800000000000e+01	2.90227743116818e-12
1.56900000000000e+01	2.86255677459948e-12
1.57000000000000e+01	2.82320299160674e-12
1.57100000000000e+01	2.78423932678115e-12
1.57200000000000e+01	2.74564863364819e-12
1.57300000000000e+01	2.70737944022613e-12
1.57400000000000e+01	2.66945835293984e-12
1.57500000000000e+01	2.63190670139598e-12
1.57600000000000e+01	2.59467661074162e-12
1.57700000000000e+01	2.55783251083740e-12
1.57800000000000e+01	2.52138935424622e-12
1.57900000000000e+01	2.48540265301220e-12
1.58000000000000e+01	2.44988738382481e-12
1.58100000000000e+01	2.41488756703061e-12
1.58200000000000e+01	2.38041031839907e-12
1.58300000000000e+01	2.34656118911104e-12
1.58400000000000e+01	2.31333910979327e-12
1.58500000000000e+01	2.28073261810440e-12
1.58600000000000e+01	2.24883963490935e-12
1.58700000000000e+01	2.21758557726646e-12
1.58800000000000e+01	2.18702649525132e-12
1.58900000000000e+01	2.15717609598471e-12
1.59000000000000e+01	2.12795858316721e-12
1.59100000000000e+01	2.09939697137934e-12
1.59200000000000e+01	2.07146219071036e-12
1.59300000000000e+01	2.04409069785831e-12
1.59400000000000e+01	2.01730509186048e-12
1.59500000000000e+01	1.99099061454718e-12
1.59600000000000e+01	1.96512734249634e-12
1.59700000000000e+01	1.93973230858119e-12
1.59800000000000e+01	1.91474014670040e-12
1.59900000000000e+01	1.89009203492414e-12
1.60000000000000e+01	1.86583687126074e-12
1.60100000000000e+01	1.84189020725077e-12
1.60200000000000e+01	1.81827960170944e-12
1.60300000000000e+01	1.79497231934574e-12
1.60400000000000e+01	1.77195247138131e-12
1.60500000000000e+01	1.74924892471746e-12
1.60600000000000e+01	1.72683024147312e-12
1.60700000000000e+01	1.70470064040529e-12
1.60800000000000e+01	1.68282380842024e-12
1.60900000000000e+01	1.66124219355984e-12
1.61000000000000e+01	1.63995020314699e-12
1.61100000000000e+01	1.61891966607521e-12
1.61200000000000e+01	1.59817779077198e-12
1.61300000000000e+01	1.57769220950835e-12
1.61400000000000e+01	1.55750893319624e-12
1.61500000000000e+01	1.53758483848772e-12
1.61600000000000e+01	1.51792919022027e-12
1.61700000000000e+01	1.49854843612222e-12
1.61800000000000e+01	1.47943552517545e-12
1.61900000000000e+01	1.46062909569278e-12
1.62000000000000e+01	1.44208289052575e-12
1.62100000000000e+01	1.42385563128621e-12
1.62200000000000e+01	1.40588508777813e-12
1.62300000000000e+01	1.38823512379812e-12
1.62400000000000e+01	1.37087245192674e-12
1.62500000000000e+01	1.35382075220726e-12
1.62600000000000e+01	1.33705242363826e-12
1.62700000000000e+01	1.32057863283575e-12
1.62800000000000e+01	1.30439361767122e-12
1.62900000000000e+01	1.28848640917465e-12
1.63000000000000e+01	1.27283590835909e-12
1.63100000000000e+01	1.25740935676420e-12
1.63200000000000e+01	1.24224070650234e-12
1.63300000000000e+01	1.22726441552465e-12
1.63400000000000e+01	1.21247734062000e-12
1.63500000000000e+01	1.19786301333969e-12
1.63600000000000e+01	1.18340812270308e-12
1.63700000000000e+01	1.16906753136135e-12
1.63800000000000e+01	1.15485548762132e-12
1.63900000000000e+01	1.14071904060840e-12
1.64000000000000e+01	1.12666700598670e-12
1.64100000000000e+01	1.11269444270028e-12
1.64200000000000e+01	1.09878051341754e-12
1.64300000000000e+01	1.08492753023118e-12
1.64400000000000e+01	1.07114312990486e-12
1.64500000000000e+01	1.05741479116515e-12
1.64600000000000e+01	1.04375647751508e-12
1.64700000000000e+01	1.03020042923662e-12
1.64800000000000e+01	1.01673516129003e-12
1.64900000000000e+01	1.00341116272128e-12
1.65000000000000e+01	9.90246454227851e-13
1.65100000000000e+01	9.77215083776338e-13
1.65200000000000e+01	9.64370612401287e-13
1.65300000000000e+01	9.51726499146640e-13
1.65400000000000e+01	9.39291290730568e-13
1.65500000000000e+01	9.27065625657284e-13
1.65600000000000e+01	9.15068759402577e-13
1.65700000000000e+01	9.03291292673400e-13
1.65800000000000e+01	8.91742993368974e-13
1.65900000000000e+01	8.80420507548190e-13
1.66000000000000e+01	8.69348809088169e-13
1.66100000000000e+01	8.58475244810525e-13
1.66200000000000e+01	8.47820628510986e-13
1.66300000000000e+01	8.37383284283881e-13
1.66400000000000e+01	8.27152158552442e-13
1.66500000000000e+01	8.17117617915262e-13
1.66600000000000e+01	8.07286955103289e-13
1.66700000000000e+01	7.97633034324592e-13
1.66800000000000e+01	7.88172699169069e-13
1.66900000000000e+01	7.78876587658216e-13
1.67000000000000e+01	7.69751854771593e-13
1.67100000000000e+01	7.60774430637266e-13
1.67200000000000e+01	7.51969028177761e-13
1.67300000000000e+01	7.43282348443569e-13
1.67400000000000e+01	7.34737322587033e-13
1.67500000000000e+01	7.26315188672984e-13
1.67600000000000e+01	7.18009064305362e-13
1.67700000000000e+01	7.09806169391679e-13
1.67800000000000e+01	7.01697371700045e-13
1.67900000000000e+01	6.93689943098914e-13
1.68000000000000e+01	6.85761103633113e-13
1.68100000000000e+01	6.77910365342765e-13
1.68200000000000e+01	6.70141988473690e-13
1.68300000000000e+01	6.62442784230208e-13
1.68400000000000e+01	6.54812498494556e-13
1.68500000000000e+01	6.47253997473682e-13
1.68600000000000e+01	6.39766287968320e-13
1.68700000000000e+01	6.32348806805042e-13
1.68800000000000e+01	6.25004830282783e-13
1.68900000000000e+01	6.17731710856624e-13
1.69000000000000e+01	6.10548386403487e-13
1.69100000000000e+01	6.03427443679102e-13
1.69200000000000e+01	5.96392738831103e-13
1.69300000000000e+01	5.89422776686705e-13
1.69400000000000e+01	5.82547103569033e-13
1.69500000000000e+01	5.75733642813765e-13
1.69600000000000e+01	5.69006887645391e-13
1.69700000000000e+01	5.62349951405323e-13
1.69800000000000e+01	5.55787060732059e-13
1.69900000000000e+01	5.49296494403854e-13
1.70000000000000e+01	5.42897245928810e-13
1.70100000000000e+01	5.36592871647363e-13
1.70200000000000e+01	5.30389526942606e-13
1.70300000000000e+01	5.24277932952044e-13
1.70400000000000e+01	5.18270803783112e-13
1.70500000000000e+01	5.12373986067732e-13
1.70600000000000e+01	5.06585585153307e-13
1.70700000000000e+01	5.00903859916119e-13
1.70800000000000e+01	4.95317303649958e-13
1.70900000000000e+01	4.89843740898847e-13
1.71000000000000e+01	4.84468036418018e-13
1.71100000000000e+01	4.79187220375515e-13
1.71200000000000e+01	4.73988782555424e-13
1.71300000000000e+01	4.68879232592901e-13
1.71400000000000e+01	4.63856346330516e-13
1.71500000000000e+01	4.58905076881957e-13
1.71600000000000e+01	4.54021796778019e-13
1.71700000000000e+01	4.49208510120649e-13
1.71800000000000e+01	4.44453515311526e-13
1.71900000000000e+01	4.39772221056124e-13
1.72000000000000e+01	4.35142345543715e-13
1.72100000000000e+01	4.30577496558615e-13
1.72200000000000e+01	4.26075578673671e-13
1.72300000000000e+01	4.21616262385789e-13
1.72400000000000e+01	4.17220733818051e-13
1.72500000000000e+01	4.12877381647675e-13
1.72600000000000e+01	4.08588802277552e-13
1.72700000000000e+01	4.04348124303067e-13
1.72800000000000e+01	4.00158575456163e-13
1.72900000000000e+01	3.96020571866208e-13
1.73000000000000e+01	3.91932297272630e-13
1.73100000000000e+01	3.87888812753141e-13
1.73200000000000e+01	3.83890155857195e-13
1.73300000000000e+01	3.79932699342771e-13
1.73400000000000e+01	3.76017597546958e-13
1.73500000000000e+01	3.72144974465284e-13
1.73600000000000e+01	3.68313393307288e-13
1.73700000000000e+01	3.64521994764533e-13
1.73800000000000e+01	3.60765889432849e-13
1.73900000000000e+01	3.57045349460045e-13
1.74000000000000e+01	3.53374986255743e-13
1.74100000000000e+01	3.49733069193215e-13
1.74200000000000e+01	3.46125324843557e-13
1.74300000000000e+01	3.42556305403241e-13
1.74400000000000e+01	3.39031295999108e-13
1.74500000000000e+01	3.35533169926468e-13
1.74600000000000e+01	3.32074376886037e-13
1.74700000000000e+01	3.28656275443399e-13
1.74800000000000e+01	3.25269955098613e-13
1.74900000000000e+01	3.21910035596373e-13
1.75000000000000e+01	3.18590742461634e-13
1.75100000000000e+01	3.15302508513020e-13
1.75200000000000e+01	3.12046859349743e-13
1.75300000000000e+01	3.08812399716483e-13
1.75400000000000e+01	3.05606228313295e-13
1.75500000000000e+01	3.02434304108160e-13
1.75600000000000e+01	2.99281481094230e-13
1.75700000000000e+01	2.96157389577664e-13
1.75800000000000e+01	2.93056632802674e-13
1.75900000000000e+01	2.89981537816718e-13
1.76000000000000e+01	2.86926061170404e-13
1.76100000000000e+01	2.83905260210362e-13
1.76200000000000e+01	2.80908425526398e-13
1.76300000000000e+01	2.77942417402863e-13
1.76400000000000e+01	2.75005067028111e-13
1.76500000000000e+01	2.72098081256946e-13
1.76600000000000e+01	2.69229296651194e-13
1.76700000000000e+01	2.66389553417105e-13
1.76800000000000e+01	2.63586821231271e-13
1.76900000000000e+01	2.60821891994293e-13
1.77000000000000e+01	2.58087997766033e-13
1.77100000000000e+01	2.55390098513070e-13
1.77200000000000e+01	2.52726018133440e-13
1.77300000000000e+01	2.50095827895234e-13
1.77400000000000e+01	2.47499911100211e-13
1.77500000000000e+01	2.44928310000202e-13
1.77600000000000e+01	2.42392790112336e-13
1.77700000000000e+01	2.39884243172996e-13
1.77800000000000e+01	2.37403336808847e-13
1.77900000000000e+01	2.34949715620493e-13
1.78000000000000e+01	2.32517595425260e-13
1.78100000000000e+01	2.30115013504603e-13
1.78200000000000e+01	2.27735215851614e-13
1.78300000000000e+01	2.25376097860853e-13
1.78400000000000e+01	2.23038878466527e-13
1.78500000000000e+01	2.20723788821103e-13
1.78600000000000e+01	2.18436285097231e-13
1.78700000000000e+01	2.16163730987565e-13
1.78800000000000e+01	2.13911330641023e-13
1.78900000000000e+01	2.11683029551332e-13
1.79000000000000e+01	2.09476028626494e-13
1.79100000000000e+01	2.07288902133740e-13
1.79200000000000e+01	2.05118699137095e-13
1.79300000000000e+01	2.02969025592610e-13
1.79400000000000e+01	2.00834982690488e-13
1.79500000000000e+01	1.98720867052500e-13
1.79600000000000e+01	1.96619582678011e-13
1.79700000000000e+01	1.94538529988325e-13
1.79800000000000e+01	1.92467403364126e-13
1.79900000000000e+01	1.90414209823237e-13
1.80000000000000e+01	1.88378148306683e-13
1.80100000000000e+01	1.86366868296444e-13
1.80200000000000e+01	1.84370589401615e-13
1.80300000000000e+01	1.82400028605556e-13
1.80400000000000e+01	1.80457461765381e-13
1.80500000000000e+01	1.78543481017391e-13
1.80600000000000e+01	1.76659681065268e-13
1.80700000000000e+01	1.74815620696762e-13
1.80800000000000e+01	1.73001580428589e-13
1.80900000000000e+01	1.71227386587308e-13
1.81000000000000e+01	1.69486449399742e-13
1.81100000000000e+01	1.67781443450692e-13
1.81200000000000e+01	1.66110658537994e-13
1.81300000000000e+01	1.64474844666030e-13
1.81400000000000e+01	1.62862563945129e-13
1.81500000000000e+01	1.61281170711767e-13
1.81600000000000e+01	1.59723508882017e-13
1.81700000000000e+01	1.58189744112541e-13
1.81800000000000e+01	1.56670740403024e-13
1.81900000000000e+01	1.55174061001450e-13
1.82000000000000e+01	1.53693936261211e-13
1.82100000000000e+01	1.52222604821390e-13
1.82200000000000e+01	1.50769676913885e-13
1.82300000000000e+01	1.49325608404970e-13
1.82400000000000e+01	1.47892248381420e-13
1.82500000000000e+01	1.46469247190797e-13
1.82600000000000e+01	1.45054889657610e-13
1.82700000000000e+01	1.43651431110554e-13
1.82800000000000e+01	1.42254066066169e-13
1.82900000000000e+01	1.40863291930124e-13
1.83000000000000e+01	1.39486631910354e-13
1.83100000000000e+01	1.38113919468422e-13
1.83200000000000e+01	1.36755191441032e-13
1.83300000000000e+01	1.35404907568569e-13
1.83400000000000e+01	1.34067298480474e-13
1.83500000000000e+01	1.32741521910245e-13
1.83600000000000e+01	1.31428232040924e-13
1.83700000000000e+01	1.30130948318766e-13
1.83800000000000e+01	1.28849072322658e-13
1.83900000000000e+01	1.27585498812505e-13
1.84000000000000e+01	1.26339473739175e-13
1.84100000000000e+01	1.25114289453904e-13
1.84200000000000e+01	1.23908836021801e-13
1.84300000000000e+01	1.22724373076803e-13
1.84400000000000e+01	1.21562509989986e-13
1.84500000000000e+01	1.20422367727303e-13
1.84600000000000e+01	1.19304878365425e-13
1.84700000000000e+01	1.18208376915885e-13
1.84800000000000e+01	1.17133783184381e-13
1.84900000000000e+01	1.16077996807589e-13
1.85000000000000e+01	1.15040121812248e-13
1.85100000000000e+01	1.14020281782034e-13
1.85200000000000e+01	1.13015081675625e-13
1.85300000000000e+01	1.12025153809567e-13
1.85400000000000e+01	1.11046935970232e-13
1.85500000000000e+01	1.10079009218051e-13
1.85600000000000e+01	1.09121487619804e-13
1.85700000000000e+01	1.08172146870361e-13
1.85800000000000e+01	1.07231371146643e-13
1.85900000000000e+01	1.06296353975694e-13
1.86000000000000e+01	1.05366841818230e-13
1.86100000000000e+01	1.04443989269791e-13
1.86200000000000e+01	1.03527540738063e-13
1.86300000000000e+01	1.02614127645923e-13
1.86400000000000e+01	1.01706984642272e-13
1.86500000000000e+01	1.00806334084048e-13
1.86600000000000e+01	9.99110313001990e-14
1.86700000000000e+01	9.90211258504209e-14
1.86800000000000e+01	9.81384664488929e-14
1.86900000000000e+01	9.72616944703791e-14
1.87000000000000e+01	9.63915980234249e-14
1.87100000000000e+01	9.55295801921794e-14
1.87200000000000e+01	9.46741018228427e-14
1.87300000000000e+01	9.38270005099733e-14
1.87400000000000e+01	9.29865796467361e-14
1.87500000000000e+01	9.21530652137329e-14
1.87600000000000e+01	9.13274754328583e-14
1.87700000000000e+01	9.05084596763137e-14
1.87800000000000e+01	8.96971763576494e-14
1.87900000000000e+01	8.88918537615800e-14
1.88000000000000e+01	8.80925854767644e-14
1.88100000000000e+01	8.73003765942471e-14
1.88200000000000e+01	8.65133721324472e-14
1.88300000000000e+01	8.57315417545273e-14
1.88400000000000e+01	8.49557531978505e-14
1.88500000000000e+01	8.41846591323509e-14
1.88600000000000e+01	8.34191328075213e-14
1.88700000000000e+01	8.26573122143922e-14
1.88800000000000e+01	8.18993710480821e-14
1.88900000000000e+01	8.11462221727704e-14
1.89000000000000e+01	8.03962274151932e-14
1.89100000000000e+01	7.96492034493579e-14
1.89200000000000e+01	7.89066324444076e-14
1.89300000000000e+01	7.81670958907641e-14
1.89400000000000e+01	7.74320657766423e-14
1.89500000000000e+01	7.66993306715954e-14
1.89600000000000e+01	7.59728980425233e-14
1.89700000000000e+01	7.52493363034782e-14
1.89800000000000e+01	7.45317492147350e-14
1.89900000000000e+01	7.38208840201574e-14
1.90000000000000e+01	7.31144793642914e-14
1.90100000000000e+01	7.24155629255838e-14
1.90200000000000e+01	7.17243662683971e-14
1.90300000000000e+01	7.10397030570145e-14
1.90400000000000e+01	7.03616670298872e-14
1.90500000000000e+01	6.96897343413387e-14
1.90600000000000e+01	6.90245301913005e-14
1.90700000000000e+01	6.83641331390308e-14
1.90800000000000e+01	6.77091515626390e-14
1.90900000000000e+01	6.70573712373527e-14
1.91000000000000e+01	6.64083660160210e-14
1.91100000000000e+01	6.57630770673126e-14
1.91200000000000e+01	6.51203556080167e-14
1.91300000000000e+01	6.44810591820729e-14
1.91400000000000e+01	6.38471614091357e-14
1.91500000000000e+01	6.32180021353535e-14
1.91600000000000e+01	6.25987365573737e-14
1.91700000000000e+01	6.19889867998844e-14
1.91800000000000e+01	6.13905020866287e-14
1.91900000000000e+01	6.08054003444642e-14
1.92000000000000e+01	6.02357733422651e-14
1.92100000000000e+01	5.96812035059027e-14
1.92200000000000e+01	5.91424137481365e-14
1.92300000000000e+01	5.86198202476047e-14
1.92400000000000e+01	5.81119354972905e-14
1.92500000000000e+01	5.76172835577816e-14
1.92600000000000e+01	5.71357318250465e-14
1.92700000000000e+01	5.66645438457301e-14
1.92800000000000e+01	5.62022506764651e-14
1.92900000000000e+01	5.57481053709789e-14
1.93000000000000e+01	5.52998958533657e-14
1.93100000000000e+01	5.48564082524771e-14
1.93200000000000e+01	5.44176871923324e-14
1.93300000000000e+01	5.39821809824163e-14
1.93400000000000e+01	5.35501722930474e-14
1.93500000000000e+01	5.31196478149606e-14
1.93600000000000e+01	5.26919806465169e-14
1.93700000000000e+01	5.22670293243146e-14
1.93800000000000e+01	5.18431891376985e-14
1.93900000000000e+01	5.14220619634131e-14
1.94000000000000e+01	5.10034885588054e-14
1.94100000000000e+01	5.05860616221789e-14
1.94200000000000e+01	5.01712438767824e-14
1.94300000000000e+01	4.97583001461534e-14
1.94400000000000e+01	4.93479954759883e-14
1.94500000000000e+01	4.89395988620835e-14
1.94600000000000e+01	4.85329551462952e-14
1.94700000000000e+01	4.81291621563170e-14
1.94800000000000e+01	4.77271462774393e-14
1.94900000000000e+01	4.73269248099916e-14
1.95000000000000e+01	4.69286871359454e-14
1.95100000000000e+01	4.65330722156631e-14
1.95200000000000e+01	4.61394610535038e-14
1.95300000000000e+01	4.57484009751100e-14
1.95400000000000e+01	4.53583443777620e-14
1.95500000000000e+01	4.49709574266092e-14
1.95600000000000e+01	4.45864131446203e-14
1.95700000000000e+01	4.42028658717207e-14
1.95800000000000e+01	4.38224368996175e-14
1.95900000000000e+01	4.34447161601222e-14
1.96000000000000e+01	4.30685375390470e-14
1.96100000000000e+01	4.26956366443490e-14
1.96200000000000e+01	4.23252572099569e-14
1.96300000000000e+01	4.19584269899441e-14
1.96400000000000e+01	4.15935077330582e-14
1.96500000000000e+01	4.12330247807684e-14
1.96600000000000e+01	4.08747000274060e-14
1.96700000000000e+01	4.05200761119106e-14
1.96800000000000e+01	4.01684669051347e-14
1.96900000000000e+01	3.98197588154095e-14
1.97000000000000e+01	3.94756563708964e-14
1.97100000000000e+01	3.91350344828183e-14
1.97200000000000e+01	3.87982743437039e-14
1.97300000000000e+01	3.84674163203147e-14
1.97400000000000e+01	3.81442726717111e-14
1.97500000000000e+01	3.78316977578217e-14
1.97600000000000e+01	3.75370689918243e-14
1.97700000000000e+01	3.72689089767489e-14
1.97800000000000e+01	3.70427598340531e-14
1.97900000000000e+01	3.68819581718823e-14
1.98000000000000e+01	3.68181281069225e-14
1.98100000000000e+01	3.68987743127472e-14
1.98200000000000e+01	3.71893196222443e-14
1.98300000000000e+01	3.77763543660488e-14
1.98400000000000e+01	3.87768520880241e-14
1.98500000000000e+01	4.03439290968511e-14
1.98600000000000e+01	4.26816458563444e-14
1.98700000000000e+01	4.60579696370509e-14
1.98800000000000e+01	5.08333622618702e-14
1.98900000000000e+01	5.74968918297927e-14
1.99000000000000e+01	6.67211106847692e-14
1.99100000000000e+01	7.94451035304973e-14
1.99200000000000e+01	9.69903229391905e-14
1.99300000000000e+01	1.21252668214496e-13
1.99400000000000e+01	1.54980844918872e-13
1.99500000000000e+01	2.02244959052501e-13
1.99600000000000e+01	2.69199227781560e-13
1.99700000000000e+01	3.65419777681440e-13
1.99800000000000e+01	5.06283551825059e-13
1.99900000000000e+01	7.17506458407878e-13
2.00000000000000e+01	1.04425745073535e-12
