1.00000000000000e-02	1.35592680811460e+14
2.00000000000000e-02	8.47358495293912e+12
3.00000000000000e-02	1.67346191122891e+12
4.00000000000000e-02	5.29352205420167e+11
5.00000000000000e-02	2.16749492063203e+11
6.00000000000000e-02	1.04483884249487e+11
7.00000000000000e-02	5.63699950737039e+10
8.00000000000000e-02	3.30239854975847e+10
9.00000000000000e-02	2.06032809167024e+10
1.00000000000000e-01	1.35081039461337e+10
1.10000000000000e-01	9.21880236202416e+09
1.20000000000000e-01	6.50338741096544e+09
1.30000000000000e-01	4.71708260510837e+09
1.40000000000000e-01	3.50339243261061e+09
1.50000000000000e-01	2.65551389522487e+09
1.60000000000000e-01	2.04887011334240e+09
1.70000000000000e-01	1.60566054212448e+09
1.80000000000000e-01	1.27577619361716e+09
1.90000000000000e-01	1.02618730106509e+09
2.00000000000000e-01	8.34575891494331e+08
2.10000000000000e-01	6.85520485876597e+08
2.20000000000000e-01	5.68184239870890e+08
2.30000000000000e-01	4.74798265799232e+08
2.40000000000000e-01	3.99746555634893e+08
2.50000000000000e-01	3.38875376253720e+08
2.60000000000000e-01	2.89098912225262e+08
2.70000000000000e-01	2.48074751284073e+08
2.80000000000000e-01	2.14031784158606e+08
2.90000000000000e-01	1.85588393094484e+08
3.00000000000000e-01	1.61678302024641e+08
3.10000000000000e-01	1.41465707018021e+08
3.20000000000000e-01	1.24285524755527e+08
3.30000000000000e-01	1.09611590145352e+08
3.40000000000000e-01	9.70154899503386e+07
3.50000000000000e-01	8.61587541226269e+07
3.60000000000000e-01	7.67603216807360e+07
3.70000000000000e-01	6.85925535284432e+07
3.80000000000000e-01	6.14688740766251e+07
3.90000000000000e-01	5.52321991281749e+07
4.00000000000000e-01	4.97554069619276e+07
4.10000000000000e-01	4.49291994987756e+07
4.20000000000000e-01	4.06644248648148e+07
4.30000000000000e-01	3.68847763316140e+07
4.40000000000000e-01	3.35260443650502e+07
4.50000000000000e-01	3.05330852222988e+07
4.60000000000000e-01	2.78598757375433e+07
4.70000000000000e-01	2.54666725310315e+07
4.80000000000000e-01	2.33189373292421e+07
4.90000000000000e-01	2.13875662162136e+07
5.00000000000000e-01	1.96469117265406e+07
5.10000000000000e-01	1.80747070742588e+07
5.20000000000000e-01	1.66528746783347e+07
5.30000000000000e-01	1.53635162386390e+07
5.40000000000000e-01	1.41932766103767e+07
5.50000000000000e-01	1.31288857535058e+07
5.60000000000000e-01	1.21587887800146e+07
5.70000000000000e-01	1.12736477807334e+07
5.80000000000000e-01	1.04650166560956e+07
5.90000000000000e-01	9.72482066996613e+06
6.00000000000000e-01	9.04636650914571e+06
6.10000000000000e-01	8.42365451372300e+06
6.20000000000000e-01	7.85138240455367e+06
6.30000000000000e-01	7.32491617492858e+06
6.40000000000000e-01	6.83992397315698e+06
6.50000000000000e-01	6.39257291991688e+06
6.60000000000000e-01	5.97940309318120e+06
6.70000000000000e-01	5.59735528948363e+06
6.80000000000000e-01	5.24385440806502e+06
6.90000000000000e-01	4.91641301079669e+06
7.00000000000000e-01	4.61273579859414e+06
7.10000000000000e-01	4.33082047726587e+06
7.20000000000000e-01	4.06874916229610e+06
7.30000000000000e-01	3.82522030091745e+06
7.40000000000000e-01	3.59836486856714e+06
7.50000000000000e-01	3.38710143560746e+06
7.60000000000000e-01	3.18998187365977e+06
7.70000000000000e-01	3.00612490785726e+06
7.80000000000000e-01	2.83436054659435e+06
7.90000000000000e-01	2.67382129108206e+06
8.00000000000000e-01	2.52363512468527e+06
8.10000000000000e-01	2.38302749925968e+06
8.20000000000000e-01	2.25135050692209e+06
8.30000000000000e-01	2.12788132333942e+06
8.40000000000000e-01	2.01211061449735e+06
8.50000000000000e-01	1.90338921677315e+06
8.60000000000000e-01	1.80132414921464e+06
8.70000000000000e-01	1.70534591333401e+06
8.80000000000000e-01	1.61508872881398e+06
8.90000000000000e-01	1.53018005158618e+06
9.00000000000000e-01	1.45023246145629e+06
9.10000000000000e-01	1.37489611323520e+06
9.20000000000000e-01	1.30389992465231e+06
9.30000000000000e-01	1.23697932062214e+06
9.40000000000000e-01	1.17382044482763e+06
9.50000000000000e-01	1.11420094439316e+06
9.60000000000000e-01	1.05786980073858e+06
9.70000000000000e-01	1.00465669459661e+06
9.80000000000000e-01	9.54359004852115e+05
9.90000000000000e-01	9.06781883385969e+05
1.00000000000000e+00	8.61796438784553e+05
1.01000000000000e+00	8.19189156808853e+05
1.02000000000000e+00	7.78826776546248e+05
1.03000000000000e+00	7.40617236729791e+05
1.04000000000000e+00	7.04399508954094e+05
1.05000000000000e+00	6.70053328916210e+05
1.06000000000000e+00	6.37491828862511e+05
1.07000000000000e+00	6.06610347062528e+05
1.08000000000000e+00	5.77285082346268e+05
1.09000000000000e+00	5.49450401288591e+05
1.10000000000000e+00	5.23021062583122e+05
1.11000000000000e+00	4.97912118387579e+05
1.12000000000000e+00	4.74053340936764e+05
1.13000000000000e+00	4.51382032666778e+05
1.14000000000000e+00	4.29828937853702e+05
1.15000000000000e+00	4.09332211288206e+05
1.16000000000000e+00	3.89830743920520e+05
1.17000000000000e+00	3.71282429502756e+05
1.18000000000000e+00	3.53638535158327e+05
1.19000000000000e+00	3.36835064410584e+05
1.20000000000000e+00	3.20851707364807e+05
1.21000000000000e+00	3.05624392762324e+05
1.22000000000000e+00	2.91130620698942e+05
1.23000000000000e+00	2.77337619798455e+05
1.24000000000000e+00	2.64197261371017e+05
1.25000000000000e+00	2.51697269126322e+05
1.26000000000000e+00	2.39798256957367e+05
1.27000000000000e+00	2.28490656915818e+05
1.28000000000000e+00	2.17737417385111e+05
1.29000000000000e+00	2.07532945208005e+05
1.30000000000000e+00	1.97861917836136e+05
1.31000000000000e+00	1.88708327440951e+05
1.32000000000000e+00	1.80069269393865e+05
1.33000000000000e+00	1.71926010906908e+05
1.34000000000000e+00	1.64274087065967e+05
1.35000000000000e+00	1.57101165334303e+05
1.36000000000000e+00	1.50389900019450e+05
1.37000000000000e+00	1.44117879449751e+05
1.38000000000000e+00	1.38255777281225e+05
1.39000000000000e+00	1.32764903981908e+05
1.40000000000000e+00	1.27601844093383e+05
1.41000000000000e+00	1.22708176461990e+05
1.42000000000000e+00	1.18027081510147e+05
1.43000000000000e+00	1.13491492120461e+05
1.44000000000000e+00	1.09037374244492e+05
1.45000000000000e+00	1.04602510851947e+05
1.46000000000000e+00	1.00133408180253e+05
1.47000000000000e+00	9.55815456241147e+04
1.48000000000000e+00	9.09162595981840e+04
1.49000000000000e+00	8.61178093678412e+04
1.50000000000000e+00	8.11856998704028e+04
1.51000000000000e+00	7.61320053311116e+04
1.52000000000000e+00	7.09801835908458e+04
1.53000000000000e+00	6.57692823996593e+04
1.54000000000000e+00	6.05418025500623e+04
1.55000000000000e+00	5.53457807717763e+04
1.56000000000000e+00	5.02359566054602e+04
1.57000000000000e+00	4.52604930460949e+04
1.58000000000000e+00	4.04662833699259e+04
1.59000000000000e+00	3.58950265405350e+04
1.60000000000000e+00	3.15798171982210e+04
1.61000000000000e+00	2.75478244592269e+04
1.62000000000000e+00	2.38160359646409e+04
1.63000000000000e+00	2.03952585234660e+04
1.64000000000000e+00	1.72894422689445e+04
1.65000000000000e+00	1.44990032749746e+04
1.66000000000000e+00	1.20194836687676e+04
1.67000000000000e+00	9.84436055225010e+03
1.68000000000000e+00	7.96200874133068e+03
1.69000000000000e+00	6.35702761596149e+03
1.70000000000000e+00	5.00978726787519e+03
1.71000000000000e+00	3.89900581982558e+03
1.72000000000000e+00	3.00291161765002e+03
1.73000000000000e+00	2.30102843903522e+03
1.74000000000000e+00	1.77472572074972e+03
1.75000000000000e+00	1.40810766069229e+03
1.76000000000000e+00	1.19049098424235e+03
1.77000000000000e+00	1.11967532772880e+03
1.78000000000000e+00	1.20570306383854e+03
1.79000000000000e+00	1.47367754201400e+03
1.80000000000000e+00	1.96450965794467e+03
1.81000000000000e+00	2.73247025543918e+03
1.82000000000000e+00	3.83926372823738e+03
1.83000000000000e+00	5.34680555008990e+03
1.84000000000000e+00	7.31237728417819e+03
1.85000000000000e+00	9.78929656604607e+03
1.86000000000000e+00	1.28282307615891e+04
1.87000000000000e+00	1.64811353713668e+04
1.88000000000000e+00	2.07994010281707e+04
1.89000000000000e+00	2.58313405071850e+04
1.90000000000000e+00	3.16181278932048e+04
1.91000000000000e+00	3.81847107531932e+04
1.92000000000000e+00	4.55324816792169e+04
1.93000000000000e+00	5.36242426772260e+04
1.94000000000000e+00	6.23733278113476e+04
1.95000000000000e+00	7.16322195321881e+04
1.96000000000000e+00	8.11911225316227e+04
1.97000000000000e+00	9.07831641732593e+04
1.98000000000000e+00	1.00100499553934e+05
1.99000000000000e+00	1.08817496268347e+05
2.00000000000000e+00	1.16609113648069e+05
2.01000000000000e+00	1.23177802068532e+05
2.02000000000000e+00	1.28274917212866e+05
2.03000000000000e+00	1.31718092193725e+05
2.04000000000000e+00	1.33403194912345e+05
2.05000000000000e+00	1.33318657769203e+05
2.06000000000000e+00	1.31540046424486e+05
2.07000000000000e+00	1.28212068533462e+05
2.08000000000000e+00	1.23532696683048e+05
2.09000000000000e+00	1.17715972650465e+05
2.10000000000000e+00	1.10982691752254e+05
2.11000000000000e+00	1.03553947214830e+05
2.12000000000000e+00	9.56603903501414e+04
2.13000000000000e+00	8.75594217928072e+04
2.14000000000000e+00	7.95342123982743e+04
2.15000000000000e+00	7.18607879854638e+04
2.16000000000000e+00	6.47738333682492e+04
2.17000000000000e+00	5.84169880102927e+04
2.18000000000000e+00	5.28352282438915e+04
2.19000000000000e+00	4.79758655798064e+04
2.20000000000000e+00	4.37249823575345e+04
2.21000000000000e+00	3.99401456198944e+04
2.22000000000000e+00	3.64881441378368e+04
2.23000000000000e+00	3.32806008898624e+04
2.24000000000000e+00	3.02859980855050e+04
2.25000000000000e+00	2.75334101940002e+04
2.26000000000000e+00	2.50856472348305e+04
2.27000000000000e+00	2.30102310449776e+04
2.28000000000000e+00	2.13554100967113e+04
2.29000000000000e+00	2.01392414884510e+04
2.30000000000000e+00	1.93489124344147e+04
2.31000000000000e+00	1.89450518305222e+04
2.32000000000000e+00	1.88667942046286e+04
2.33000000000000e+00	1.90350472220773e+04
2.34000000000000e+00	1.93570906105573e+04
2.35000000000000e+00	1.97394670463914e+04
2.36000000000000e+00	2.01013706065107e+04
2.37000000000000e+00	2.03935551799212e+04
2.38000000000000e+00	2.06097141155896e+04
2.39000000000000e+00	2.07860346482099e+04
2.40000000000000e+00	2.09946056244412e+04
2.41000000000000e+00	2.13302309047121e+04
2.42000000000000e+00	2.18965289245625e+04
2.43000000000000e+00	2.27909939359889e+04
2.44000000000000e+00	2.40907733738535e+04
2.45000000000000e+00	2.58429083634935e+04
2.46000000000000e+00	2.80542993698847e+04
2.47000000000000e+00	3.06932268523908e+04
2.48000000000000e+00	3.36859829050664e+04
2.49000000000000e+00	3.69254390759773e+04
2.50000000000000e+00	4.02738446269669e+04
2.51000000000000e+00	4.35746856304757e+04
2.52000000000000e+00	4.66637054046562e+04
2.53000000000000e+00	4.93817888907899e+04
2.54000000000000e+00	5.15910689815664e+04
2.55000000000000e+00	5.31925144225231e+04
2.56000000000000e+00	5.41328622864319e+04
2.57000000000000e+00	5.44057146618302e+04
2.58000000000000e+00	5.40436158779478e+04
2.59000000000000e+00	5.31021099821836e+04
2.60000000000000e+00	5.16358659555114e+04
2.61000000000000e+00	4.96912011026408e+04
2.62000000000000e+00	4.72998052474998e+04
2.63000000000000e+00	4.44982872144313e+04
2.64000000000000e+00	4.13683195848291e+04
2.65000000000000e+00	3.80584389413020e+04
2.66000000000000e+00	3.47803044529177e+04
2.67000000000000e+00	3.17559225055664e+04
2.68000000000000e+00	2.91586399823408e+04
2.69000000000000e+00	2.70779680292133e+04
2.70000000000000e+00	2.55193941474938e+04
2.71000000000000e+00	2.44248522628035e+04
2.72000000000000e+00	2.36969029716953e+04
2.73000000000000e+00	2.32193688770956e+04
2.74000000000000e+00	2.28720413348183e+04
2.75000000000000e+00	2.25455361859877e+04
2.76000000000000e+00	2.21500109347578e+04
2.77000000000000e+00	2.16226714688353e+04
2.78000000000000e+00	2.09272294602349e+04
2.79000000000000e+00	2.00523855798219e+04
2.80000000000000e+00	1.90057309527487e+04
2.81000000000000e+00	1.78108849691363e+04
2.82000000000000e+00	1.65038535842390e+04
2.83000000000000e+00	1.51306813250833e+04
2.84000000000000e+00	1.37447540078698e+04
2.85000000000000e+00	1.24029375385136e+04
2.86000000000000e+00	1.11611506617092e+04
2.87000000000000e+00	1.00696174766593e+04
2.88000000000000e+00	9.16819626353740e+03
2.89000000000000e+00	8.48369327038808e+03
2.90000000000000e+00	8.02858341987434e+03
2.91000000000000e+00	7.80219608520809e+03
2.92000000000000e+00	7.79292288263179e+03
2.93000000000000e+00	7.98234402022298e+03
2.94000000000000e+00	8.34839763828167e+03
2.95000000000000e+00	8.86939143845752e+03
2.96000000000000e+00	9.52774081187875e+03
2.97000000000000e+00	1.03122712633822e+04
2.98000000000000e+00	1.12217911853494e+04
2.99000000000000e+00	1.22632837204705e+04
3.00000000000000e+00	1.34522136226147e+04
3.01000000000000e+00	1.48076821353957e+04
3.02000000000000e+00	1.63488239102364e+04
3.03000000000000e+00	1.80914031950175e+04
3.04000000000000e+00	2.00449372547250e+04
3.05000000000000e+00	2.22119354246871e+04
3.06000000000000e+00	2.45872735288278e+04
3.07000000000000e+00	2.71593113621414e+04
3.08000000000000e+00	2.99096238308893e+04
3.09000000000000e+00	3.28104494552060e+04
3.10000000000000e+00	3.58257294674929e+04
3.11000000000000e+00	3.89063388130586e+04
3.12000000000000e+00	4.19864413716101e+04
3.13000000000000e+00	4.49797132901994e+04
3.14000000000000e+00	4.77754536682096e+04
3.15000000000000e+00	5.02399587115761e+04
3.16000000000000e+00	5.22341336739280e+04
3.17000000000000e+00	5.36298029983373e+04
3.18000000000000e+00	5.43405619682663e+04
3.19000000000000e+00	5.43460524661702e+04
3.20000000000000e+00	5.36974933533693e+04
3.21000000000000e+00	5.25060888570344e+04
3.22000000000000e+00	5.09138909106584e+04
3.23000000000000e+00	4.90655325692701e+04
3.24000000000000e+00	4.70866298399481e+04
3.25000000000000e+00	4.50747363519797e+04
3.26000000000000e+00	4.30999275947945e+04
3.27000000000000e+00	4.12091368461054e+04
3.28000000000000e+00	3.94301005667510e+04
3.29000000000000e+00	3.77758300033990e+04
3.30000000000000e+00	3.62484696123795e+04
3.31000000000000e+00	3.48421214466209e+04
3.32000000000000e+00	3.35502775500682e+04
3.33000000000000e+00	3.23657784535780e+04
3.34000000000000e+00	3.12860948990154e+04
3.35000000000000e+00	3.03140106243820e+04
3.36000000000000e+00	2.94613635047099e+04
3.37000000000000e+00	2.87529291349363e+04
3.38000000000000e+00	2.82304646169889e+04
3.39000000000000e+00	2.79567018454949e+04
3.40000000000000e+00	2.80143885496283e+04
3.41000000000000e+00	2.84994348649449e+04
3.42000000000000e+00	2.95132287494368e+04
3.43000000000000e+00	3.11507502957260e+04
3.44000000000000e+00	3.34888102266947e+04
3.45000000000000e+00	3.65763143210366e+04
3.46000000000000e+00	4.04292740328319e+04
3.47000000000000e+00	4.50282656020356e+04
3.48000000000000e+00	5.03229635266024e+04
3.49000000000000e+00	5.62402748636734e+04
3.50000000000000e+00	6.26980014523972e+04
3.51000000000000e+00	6.96204556652692e+04
3.52000000000000e+00	7.69537055947450e+04
3.53000000000000e+00	8.46730131930455e+04
3.54000000000000e+00	9.27918538190301e+04
3.55000000000000e+00	1.01347769581238e+05
3.56000000000000e+00	1.10411012306308e+05
3.57000000000000e+00	1.20066537540661e+05
3.58000000000000e+00	1.30429241292655e+05
3.59000000000000e+00	1.41656985912389e+05
3.60000000000000e+00	1.53970031588212e+05
3.61000000000000e+00	1.67676757618787e+05
3.62000000000000e+00	1.83197928607786e+05
3.63000000000000e+00	2.01095670828107e+05
3.64000000000000e+00	2.22103399638396e+05
3.65000000000000e+00	2.47141205183333e+05
3.66000000000000e+00	2.77358190973869e+05
3.67000000000000e+00	3.14142157880626e+05
3.68000000000000e+00	3.59131384411180e+05
3.69000000000000e+00	4.14208161413448e+05
3.70000000000000e+00	4.81427032936499e+05
3.71000000000000e+00	5.62939056358203e+05
3.72000000000000e+00	6.60858063380004e+05
3.73000000000000e+00	7.77106498010779e+05
3.74000000000000e+00	9.13303304293770e+05
3.75000000000000e+00	1.07067025509637e+06
3.76000000000000e+00	1.24997874989029e+06
3.77000000000000e+00	1.45144506787023e+06
3.78000000000000e+00	1.67457044676422e+06
3.79000000000000e+00	1.91768618409361e+06
3.80000000000000e+00	2.17735577818273e+06
3.81000000000000e+00	2.44773896189166e+06
3.82000000000000e+00	2.71994324066591e+06
3.83000000000000e+00	2.98185599328452e+06
3.84000000000000e+00	3.21860200015290e+06
3.85000000000000e+00	3.41392087152143e+06
3.86000000000000e+00	3.55223788785246e+06
3.87000000000000e+00	3.62105519807423e+06
3.88000000000000e+00	3.61335706557861e+06
3.89000000000000e+00	3.52889745324214e+06
3.90000000000000e+00	3.37438956667775e+06
3.91000000000000e+00	3.16210261692852e+06
3.92000000000000e+00	2.90786619421224e+06
3.93000000000000e+00	2.62841633236423e+06
3.94000000000000e+00	2.33941445196721e+06
3.95000000000000e+00	2.05394690271101e+06
3.96000000000000e+00	1.78199399285434e+06
3.97000000000000e+00	1.53046582790735e+06
3.98000000000000e+00	1.30363881447364e+06
3.99000000000000e+00	1.10361502240141e+06
4.00000000000000e+00	9.30771742500676e+05
4.01000000000000e+00	7.84154397814902e+05
4.02000000000000e+00	6.61794025565579e+05
4.03000000000000e+00	5.61071361248413e+05
4.04000000000000e+00	4.79045979637972e+05
4.05000000000000e+00	4.12741982524078e+05
4.06000000000000e+00	3.59340780173999e+05
4.07000000000000e+00	3.16332527009429e+05
4.08000000000000e+00	2.81524637552214e+05
4.09000000000000e+00	2.53101581641450e+05
4.10000000000000e+00	2.29556518099297e+05
4.11000000000000e+00	2.09670637768802e+05
4.12000000000000e+00	1.92480185998028e+05
4.13000000000000e+00	1.77215961236052e+05
4.14000000000000e+00	1.63305101611674e+05
4.15000000000000e+00	1.50320936043610e+05
4.16000000000000e+00	1.37980785068985e+05
4.17000000000000e+00	1.26112696560473e+05
4.18000000000000e+00	1.14643458638281e+05
4.19000000000000e+00	1.03561976464787e+05
4.20000000000000e+00	9.29085639735433e+04
4.21000000000000e+00	8.27411764271099e+04
4.22000000000000e+00	7.31348388918271e+04
4.23000000000000e+00	6.41639333939776e+04
4.24000000000000e+00	5.59016610836542e+04
4.25000000000000e+00	4.84147719207720e+04
4.26000000000000e+00	4.17578491802304e+04
4.27000000000000e+00	3.59671814525595e+04
4.28000000000000e+00	3.10539703645435e+04
4.29000000000000e+00	2.69982114264262e+04
4.30000000000000e+00	2.37479175861059e+04
4.31000000000000e+00	2.12225904213468e+04
4.32000000000000e+00	1.93210525549459e+04
4.33000000000000e+00	1.79310203290690e+04
4.34000000000000e+00	1.69388541328022e+04
4.35000000000000e+00	1.62373482930630e+04
4.36000000000000e+00	1.57310446442489e+04
4.37000000000000e+00	1.53397981298072e+04
4.38000000000000e+00	1.50007570369954e+04
4.39000000000000e+00	1.46677679797396e+04
4.40000000000000e+00	1.43107636431341e+04
4.41000000000000e+00	1.39133881356678e+04
4.42000000000000e+00	1.34711536109977e+04
4.43000000000000e+00	1.29893844691600e+04
4.44000000000000e+00	1.24806338033559e+04
4.45000000000000e+00	1.19631619192508e+04
4.46000000000000e+00	1.14579247968495e+04
4.47000000000000e+00	1.09862313367238e+04
4.48000000000000e+00	1.05673551575543e+04
4.49000000000000e+00	1.02162659797406e+04
4.50000000000000e+00	9.94223266149035e+03
4.51000000000000e+00	9.74880246217750e+03
4.52000000000000e+00	9.63407889109382e+03
4.53000000000000e+00	9.59215238787503e+03
4.54000000000000e+00	9.61473600314113e+03
4.55000000000000e+00	9.69260913697573e+03
4.56000000000000e+00	9.81699651205119e+03
4.57000000000000e+00	9.98077841134780e+03
4.58000000000000e+00	1.01784755306407e+04
4.59000000000000e+00	1.04067551372625e+04
4.60000000000000e+00	1.06638590805981e+04
4.61000000000000e+00	1.09493598882027e+04
4.62000000000000e+00	1.12632562302711e+04
4.63000000000000e+00	1.16058509030065e+04
4.64000000000000e+00	1.19768333979882e+04
4.65000000000000e+00	1.23753559860323e+04
4.66000000000000e+00	1.27998103862387e+04
4.67000000000000e+00	1.32472566733512e+04
4.68000000000000e+00	1.37135513412361e+04
4.69000000000000e+00	1.41917529421004e+04
4.70000000000000e+00	1.46715686543463e+04
4.71000000000000e+00	1.51374697333154e+04
4.72000000000000e+00	1.55682253813710e+04
4.73000000000000e+00	1.59365906644124e+04
4.74000000000000e+00	1.62116004230129e+04
4.75000000000000e+00	1.63606717130416e+04
4.76000000000000e+00	1.63542675087342e+04
4.77000000000000e+00	1.61710511491973e+04
4.78000000000000e+00	1.58013507975438e+04
4.79000000000000e+00	1.52515498756243e+04
4.80000000000000e+00	1.45454772486097e+04
4.81000000000000e+00	1.37246097305096e+04
4.82000000000000e+00	1.28456352762877e+04
4.83000000000000e+00	1.19761715616331e+04
4.84000000000000e+00	1.11881465704816e+04
4.85000000000000e+00	1.05497050679981e+04
4.86000000000000e+00	1.01171832027225e+04
4.87000000000000e+00	9.92757879387414e+03
4.88000000000000e+00	9.99373686571438e+03
4.89000000000000e+00	1.03025001377435e+04
4.90000000000000e+00	1.08171363979059e+04
4.91000000000000e+00	1.14804535843385e+04
4.92000000000000e+00	1.22225184107216e+04
4.93000000000000e+00	1.29672230853172e+04
4.94000000000000e+00	1.36395495545491e+04
4.95000000000000e+00	1.41722579101542e+04
4.96000000000000e+00	1.45101915888460e+04
4.97000000000000e+00	1.46145360725558e+04
4.98000000000000e+00	1.44644577263029e+04
4.99000000000000e+00	1.40580372066070e+04
5.00000000000000e+00	1.34122270065195e+04
5.01000000000000e+00	1.25617820015441e+04
5.02000000000000e+00	1.15565213029588e+04
5.03000000000000e+00	1.04570338837612e+04
5.04000000000000e+00	9.32903413645942e+03
5.05000000000000e+00	8.23682008868135e+03
5.06000000000000e+00	7.23666973377799e+03
5.07000000000000e+00	6.37204911896043e+03
5.08000000000000e+00	5.67066414212256e+03
5.09000000000000e+00	5.14374777276115e+03
5.10000000000000e+00	4.78801039339418e+03
5.11000000000000e+00	4.58810460784511e+03
5.12000000000000e+00	4.52083658530237e+03
5.13000000000000e+00	4.55854903591150e+03
5.14000000000000e+00	4.67290961835378e+03
5.15000000000000e+00	4.83675515565094e+03
5.16000000000000e+00	5.02608143033568e+03
5.17000000000000e+00	5.22071947456050e+03
5.18000000000000e+00	5.40404831523831e+03
5.19000000000000e+00	5.56280733219316e+03
5.20000000000000e+00	5.68650368719845e+03
5.21000000000000e+00	5.76712357061125e+03
5.22000000000000e+00	5.79856124168248e+03
5.23000000000000e+00	5.77765649556337e+03
5.24000000000000e+00	5.70362414376972e+03
5.25000000000000e+00	5.57874843811202e+03
5.26000000000000e+00	5.40939762708891e+03
5.27000000000000e+00	5.20560722506528e+03
5.28000000000000e+00	4.98150803687393e+03
5.29000000000000e+00	4.75408180548001e+03
5.30000000000000e+00	4.54297471270994e+03
5.31000000000000e+00	4.36773938942514e+03
5.32000000000000e+00	4.24666078031538e+03
5.33000000000000e+00	4.19486249692620e+03
5.34000000000000e+00	4.22274172647067e+03
5.35000000000000e+00	4.33521076738681e+03
5.36000000000000e+00	4.53168449091279e+03
5.37000000000000e+00	4.80631157823589e+03
5.38000000000000e+00	5.14882689973186e+03
5.39000000000000e+00	5.54563697416562e+03
5.40000000000000e+00	5.98117617490335e+03
5.41000000000000e+00	6.43830991633633e+03
5.42000000000000e+00	6.89995000478918e+03
5.43000000000000e+00	7.34962154038518e+03
5.44000000000000e+00	7.77199804923899e+03
5.45000000000000e+00	8.15358234908286e+03
5.46000000000000e+00	8.48353530053271e+03
5.47000000000000e+00	8.75362276488368e+03
5.48000000000000e+00	8.95910578209827e+03
5.49000000000000e+00	9.09830770458113e+03
5.50000000000000e+00	9.17262499307185e+03
5.51000000000000e+00	9.18699635303995e+03
5.52000000000000e+00	9.14853832040471e+03
5.53000000000000e+00	9.06634741572984e+03
5.54000000000000e+00	8.95037940853051e+03
5.55000000000000e+00	8.81017726608487e+03
5.56000000000000e+00	8.65460365728777e+03
5.57000000000000e+00	8.49057205391194e+03
5.58000000000000e+00	8.32372146211828e+03
5.59000000000000e+00	8.15826958327686e+03
5.60000000000000e+00	7.99746011792920e+03
5.61000000000000e+00	7.84434975887477e+03
5.62000000000000e+00	7.70162965656076e+03
5.63000000000000e+00	7.57270667426653e+03
5.64000000000000e+00	7.46066148295196e+03
5.65000000000000e+00	7.36886640585465e+03
5.66000000000000e+00	7.30027455420171e+03
5.67000000000000e+00	7.25743587590190e+03
5.68000000000000e+00	7.24178735450365e+03
5.69000000000000e+00	7.25306852885901e+03
5.70000000000000e+00	7.29002398811677e+03
5.71000000000000e+00	7.34957967275625e+03
5.72000000000000e+00	7.42731153878421e+03
5.73000000000000e+00	7.51753405199532e+03
5.74000000000000e+00	7.61339063202007e+03
5.75000000000000e+00	7.70756870427575e+03
5.76000000000000e+00	7.79259580854934e+03
5.77000000000000e+00	7.86200445568904e+03
5.78000000000000e+00	7.90993300533706e+03
5.79000000000000e+00	7.93265220980960e+03
5.80000000000000e+00	7.92832675267410e+03
5.81000000000000e+00	7.89698742514636e+03
5.82000000000000e+00	7.84088279299675e+03
5.83000000000000e+00	7.76350558847063e+03
5.84000000000000e+00	7.66990167709206e+03
5.85000000000000e+00	7.56643356672196e+03
5.86000000000000e+00	7.46002935838249e+03
5.87000000000000e+00	7.35783555323664e+03
5.88000000000000e+00	7.26662910615385e+03
5.89000000000000e+00	7.19131435813406e+03
5.90000000000000e+00	7.13467843512436e+03
5.91000000000000e+00	7.09619241110236e+03
5.92000000000000e+00	7.07141472871968e+03
5.93000000000000e+00	7.05206519131541e+03
5.94000000000000e+00	7.02757693627193e+03
5.95000000000000e+00	6.98515239148890e+03
5.96000000000000e+00	6.91240583470199e+03
5.97000000000000e+00	6.79877619315834e+03
5.98000000000000e+00	6.63707424177251e+03
5.99000000000000e+00	6.42457864223958e+03
6.00000000000000e+00	6.16374018044443e+03
6.01000000000000e+00	5.86204457408589e+03
6.02000000000000e+00	5.53199225507672e+03
6.03000000000000e+00	5.18934169711103e+03
6.04000000000000e+00	4.85204521021691e+03
6.05000000000000e+00	4.53837770435664e+03
6.06000000000000e+00	4.26497917660183e+03
6.07000000000000e+00	4.04542013021790e+03
6.08000000000000e+00	3.88886003897380e+03
6.09000000000000e+00	3.79951672165814e+03
6.10000000000000e+00	3.77631742298636e+03
6.11000000000000e+00	3.81337790203966e+03
6.12000000000000e+00	3.90062362213234e+03
6.13000000000000e+00	4.02496488896348e+03
6.14000000000000e+00	4.17132765418129e+03
6.15000000000000e+00	4.32431706805504e+03
6.16000000000000e+00	4.46911982168527e+03
6.17000000000000e+00	4.59283994262570e+03
6.18000000000000e+00	4.68582185075821e+03
6.19000000000000e+00	4.74184692392768e+03
6.20000000000000e+00	4.75919794402731e+03
6.21000000000000e+00	4.74023923831963e+03
6.22000000000000e+00	4.69161736166922e+03
6.23000000000000e+00	4.62358301083655e+03
6.24000000000000e+00	4.54971198958784e+03
6.25000000000000e+00	4.48604856972781e+03
6.26000000000000e+00	4.45051210484403e+03
6.27000000000000e+00	4.46183826549589e+03
6.28000000000000e+00	4.53824416590034e+03
6.29000000000000e+00	4.69653839976571e+03
6.30000000000000e+00	4.95052797021566e+03
6.31000000000000e+00	5.30986996208956e+03
6.32000000000000e+00	5.77913302659240e+03
6.33000000000000e+00	6.35744687851843e+03
6.34000000000000e+00	7.03775620358928e+03
6.35000000000000e+00	7.80807032574825e+03
6.36000000000000e+00	8.65153326221326e+03
6.37000000000000e+00	9.54733155253864e+03
6.38000000000000e+00	1.04723620405652e+04
6.39000000000000e+00	1.14018441885131e+04
6.40000000000000e+00	1.23103771827265e+04
6.41000000000000e+00	1.31733318681908e+04
6.42000000000000e+00	1.39671644012728e+04
6.43000000000000e+00	1.46714631705564e+04
6.44000000000000e+00	1.52680473223366e+04
6.45000000000000e+00	1.57430373930853e+04
6.46000000000000e+00	1.60856900772611e+04
6.47000000000000e+00	1.62895317252774e+04
6.48000000000000e+00	1.63524008225017e+04
6.49000000000000e+00	1.62763533181297e+04
6.50000000000000e+00	1.60683360081606e+04
6.51000000000000e+00	1.57392628884241e+04
6.52000000000000e+00	1.53040470869960e+04
6.53000000000000e+00	1.47807401595789e+04
6.54000000000000e+00	1.41887151497275e+04
6.55000000000000e+00	1.35485582223819e+04
6.56000000000000e+00	1.28812554330504e+04
6.57000000000000e+00	1.22058294429303e+04
6.58000000000000e+00	1.15404406153734e+04
6.59000000000000e+00	1.09005151118978e+04
6.60000000000000e+00	1.02976966429943e+04
6.61000000000000e+00	9.73994560954249e+03
6.62000000000000e+00	9.23155308352331e+03
6.63000000000000e+00	8.77316084686380e+03
6.64000000000000e+00	8.36340147666065e+03
6.65000000000000e+00	7.99933036190666e+03
6.66000000000000e+00	7.67764341817470e+03
6.67000000000000e+00	7.39538590102648e+03
6.68000000000000e+00	7.15030193728637e+03
6.69000000000000e+00	6.94069525581510e+03
6.70000000000000e+00	6.76554523234165e+03
6.71000000000000e+00	6.62404942303819e+03
6.72000000000000e+00	6.51533386907308e+03
6.73000000000000e+00	6.43829430605279e+03
6.74000000000000e+00	6.39104493753088e+03
6.75000000000000e+00	6.37089849513144e+03
6.76000000000000e+00	6.37440995874147e+03
6.77000000000000e+00	6.39752707844629e+03
6.78000000000000e+00	6.43584704770218e+03
6.79000000000000e+00	6.48536883498926e+03
6.80000000000000e+00	6.54287829305213e+03
6.81000000000000e+00	6.60684846587396e+03
6.82000000000000e+00	6.67742037059839e+03
6.83000000000000e+00	6.75708265922143e+03
6.84000000000000e+00	6.85012471149571e+03
6.85000000000000e+00	6.96226313588462e+03
6.86000000000000e+00	7.09989989315351e+03
6.87000000000000e+00	7.26922294931320e+03
6.88000000000000e+00	7.47483987631707e+03
6.89000000000000e+00	7.71858721929981e+03
6.90000000000000e+00	7.99912776332448e+03
6.91000000000000e+00	8.31091373291935e+03
6.92000000000000e+00	8.64464113967251e+03
6.93000000000000e+00	8.98783693331589e+03
6.94000000000000e+00	9.32558935671586e+03
6.95000000000000e+00	9.64200300400819e+03
6.96000000000000e+00	9.92186395692731e+03
6.97000000000000e+00	1.01514694117316e+04
6.98000000000000e+00	1.03203261550047e+04
6.99000000000000e+00	1.04219094590822e+04
7.00000000000000e+00	1.04544312875179e+04
7.01000000000000e+00	1.04211169429323e+04
7.02000000000000e+00	1.03303750582395e+04
7.03000000000000e+00	1.01950350420062e+04
7.04000000000000e+00	1.00320296216602e+04
7.05000000000000e+00	9.86082970682443e+03
7.06000000000000e+00	9.70259706449265e+03
7.07000000000000e+00	9.57868959902625e+03
7.08000000000000e+00	9.50871970194904e+03
7.09000000000000e+00	9.50953454363494e+03
7.10000000000000e+00	9.59363008869888e+03
7.11000000000000e+00	9.76804389611713e+03
7.12000000000000e+00	1.00332465211089e+04
7.13000000000000e+00	1.03832807053342e+04
7.14000000000000e+00	1.08058701063784e+04
7.15000000000000e+00	1.12832562264468e+04
7.16000000000000e+00	1.17940224367639e+04
7.17000000000000e+00	1.23148374188407e+04
7.18000000000000e+00	1.28228162526789e+04
7.19000000000000e+00	1.32970086144004e+04
7.20000000000000e+00	1.37214731528220e+04
7.21000000000000e+00	1.40845360222695e+04
7.22000000000000e+00	1.43809170662432e+04
7.23000000000000e+00	1.46105041897042e+04
7.24000000000000e+00	1.47780858873931e+04
7.25000000000000e+00	1.48924066392123e+04
7.26000000000000e+00	1.49645786859693e+04
7.27000000000000e+00	1.50067653146755e+04
7.28000000000000e+00	1.50305205497778e+04
7.29000000000000e+00	1.50458875276857e+04
7.30000000000000e+00	1.50601815494611e+04
7.31000000000000e+00	1.50762978934760e+04
7.32000000000000e+00	1.50937572051319e+04
7.33000000000000e+00	1.51084298173781e+04
7.34000000000000e+00	1.51127429481344e+04
7.35000000000000e+00	1.50972403299422e+04
7.36000000000000e+00	1.50511359181204e+04
7.37000000000000e+00	1.49646257838470e+04
7.38000000000000e+00	1.48292309922868e+04
7.39000000000000e+00	1.46393785271044e+04
7.40000000000000e+00	1.43933929772226e+04
7.41000000000000e+00	1.40937056687305e+04
7.42000000000000e+00	1.37470131387243e+04
7.43000000000000e+00	1.33641693128499e+04
7.44000000000000e+00	1.29583548502851e+04
7.45000000000000e+00	1.25444091051584e+04
7.46000000000000e+00	1.21372894397530e+04
7.47000000000000e+00	1.17503663201184e+04
7.48000000000000e+00	1.13946645678132e+04
7.49000000000000e+00	1.10779363583849e+04
7.50000000000000e+00	1.08044378650358e+04
7.51000000000000e+00	1.05751327118926e+04
7.52000000000000e+00	1.03884783611217e+04
7.53000000000000e+00	1.02409240731326e+04
7.54000000000000e+00	1.01279269155247e+04
7.55000000000000e+00	1.00452446508711e+04
7.56000000000000e+00	9.98896270053654e+03
7.57000000000000e+00	9.95622639374110e+03
7.58000000000000e+00	9.94555305232514e+03
7.59000000000000e+00	9.95706378859279e+03
7.60000000000000e+00	9.99164484413035e+03
7.61000000000000e+00	1.00512987555943e+04
7.62000000000000e+00	1.01378945919956e+04
7.63000000000000e+00	1.02530427019524e+04
7.64000000000000e+00	1.03973870919385e+04
7.65000000000000e+00	1.05699731978577e+04
7.66000000000000e+00	1.07680905227230e+04
7.67000000000000e+00	1.09873433747676e+04
7.68000000000000e+00	1.12212625971436e+04
7.69000000000000e+00	1.14615204154947e+04
7.70000000000000e+00	1.16988926445639e+04
7.71000000000000e+00	1.19231445147061e+04
7.72000000000000e+00	1.21238441605090e+04
7.73000000000000e+00	1.22907904424937e+04
7.74000000000000e+00	1.24151145477783e+04
7.75000000000000e+00	1.24885643992099e+04
7.76000000000000e+00	1.25048005796035e+04
7.77000000000000e+00	1.24582932724845e+04
7.78000000000000e+00	1.23447626159438e+04
7.79000000000000e+00	1.21617050634240e+04
7.80000000000000e+00	1.19087753914495e+04
7.81000000000000e+00	1.15892002261686e+04
7.82000000000000e+00	1.12098641481479e+04
7.83000000000000e+00	1.07814237130758e+04
7.84000000000000e+00	1.03185160360788e+04
7.85000000000000e+00	9.83813142211641e+03
7.86000000000000e+00	9.35825043357488e+03
7.87000000000000e+00	8.89679894015468e+03
7.88000000000000e+00	8.46983368138731e+03
7.89000000000000e+00	8.08995355845862e+03
7.90000000000000e+00	7.76622401944242e+03
7.91000000000000e+00	7.50304045133363e+03
7.92000000000000e+00	7.30074707049420e+03
7.93000000000000e+00	7.15590564899561e+03
7.94000000000000e+00	7.06213133178552e+03
7.95000000000000e+00	7.01148622927876e+03
7.96000000000000e+00	6.99498127206484e+03
7.97000000000000e+00	7.00387720083016e+03
7.98000000000000e+00	7.03022629113828e+03
7.99000000000000e+00	7.06803120110106e+03
8.00000000000000e+00	7.11273745537448e+03
8.01000000000000e+00	7.16199317833235e+03
8.02000000000000e+00	7.21507783575659e+03
8.03000000000000e+00	7.27277469448867e+03
8.04000000000000e+00	7.33640671333301e+03
8.05000000000000e+00	7.40826729579103e+03
8.06000000000000e+00	7.49054491465150e+03
8.07000000000000e+00	7.58551737385593e+03
8.08000000000000e+00	7.69525908679341e+03
8.09000000000000e+00	7.82136619664567e+03
8.10000000000000e+00	7.96516484089921e+03
8.11000000000000e+00	8.12742446151924e+03
8.12000000000000e+00	8.30809078964676e+03
8.13000000000000e+00	8.50630425298572e+03
8.14000000000000e+00	8.71950258798090e+03
8.15000000000000e+00	8.94371994203736e+03
8.16000000000000e+00	9.17246362589781e+03
8.17000000000000e+00	9.39718214377623e+03
8.18000000000000e+00	9.60729450269425e+03
8.19000000000000e+00	9.78993535541434e+03
8.20000000000000e+00	9.93106981771532e+03
8.21000000000000e+00	1.00170128881790e+04
8.22000000000000e+00	1.00350397333664e+04
8.23000000000000e+00	9.97518723576857e+03
8.24000000000000e+00	9.83182330643634e+03
8.25000000000000e+00	9.60440545623095e+03
8.26000000000000e+00	9.29718645205179e+03
8.27000000000000e+00	8.92044977972327e+03
8.28000000000000e+00	8.48898031035046e+03
8.29000000000000e+00	8.02143321255405e+03
8.30000000000000e+00	7.53955177952985e+03
8.31000000000000e+00	7.06536390687711e+03
8.32000000000000e+00	6.62039950770707e+03
8.33000000000000e+00	6.22318886546706e+03
8.34000000000000e+00	5.88789709599301e+03
8.35000000000000e+00	5.62335266288556e+03
8.36000000000000e+00	5.43295283334091e+03
8.37000000000000e+00	5.31482102762114e+03
8.38000000000000e+00	5.26308215800612e+03
8.39000000000000e+00	5.26884500281298e+03
8.40000000000000e+00	5.32184245578730e+03
8.41000000000000e+00	5.41132508814708e+03
8.42000000000000e+00	5.52737408871105e+03
8.43000000000000e+00	5.66133288233426e+03
8.44000000000000e+00	5.80608356219397e+03
8.45000000000000e+00	5.95610677307772e+03
8.46000000000000e+00	6.10713161801263e+03
8.47000000000000e+00	6.25604053015507e+03
8.48000000000000e+00	6.40038114133259e+03
8.49000000000000e+00	6.53846124832550e+03
8.50000000000000e+00	6.66890984888521e+03
8.51000000000000e+00	6.79086065719017e+03
8.52000000000000e+00	6.90326433561830e+03
8.53000000000000e+00	7.00535399922583e+03
8.54000000000000e+00	7.09611607381755e+03
8.55000000000000e+00	7.17454786718890e+03
8.56000000000000e+00	7.23976541952387e+03
8.57000000000000e+00	7.29095610937100e+03
8.58000000000000e+00	7.32806113122318e+03
8.59000000000000e+00	7.35134134553572e+03
8.60000000000000e+00	7.36204800558542e+03
8.61000000000000e+00	7.36179157142528e+03
8.62000000000000e+00	7.35238616182706e+03
8.63000000000000e+00	7.33623625537528e+03
8.64000000000000e+00	7.31575752530414e+03
8.65000000000000e+00	7.29330043374213e+03
8.66000000000000e+00	7.27095769781902e+03
8.67000000000000e+00	7.25030461055784e+03
8.68000000000000e+00	7.23285057853703e+03
8.69000000000000e+00	7.21934008256886e+03
8.70000000000000e+00	7.21041343748488e+03
8.71000000000000e+00	7.20587634430884e+03
8.72000000000000e+00	7.20567265506230e+03
8.73000000000000e+00	7.20910077776559e+03
8.74000000000000e+00	7.21559663802480e+03
8.75000000000000e+00	7.22408130443337e+03
8.76000000000000e+00	7.23407121825606e+03
8.77000000000000e+00	7.24436996622832e+03
8.78000000000000e+00	7.25471318433276e+03
8.79000000000000e+00	7.26448504823067e+03
8.80000000000000e+00	7.27350721664731e+03
8.81000000000000e+00	7.28204046629968e+03
8.82000000000000e+00	7.29016406186154e+03
8.83000000000000e+00	7.29832404340351e+03
8.84000000000000e+00	7.30671501849442e+03
8.85000000000000e+00	7.31567664702343e+03
8.86000000000000e+00	7.32518761465375e+03
8.87000000000000e+00	7.33522342272218e+03
8.88000000000000e+00	7.34560329310226e+03
8.89000000000000e+00	7.35627691941304e+03
8.90000000000000e+00	7.36700129061408e+03
8.91000000000000e+00	7.37784071295082e+03
8.92000000000000e+00	7.38835122170899e+03
8.93000000000000e+00	7.39888918371506e+03
8.94000000000000e+00	7.40908113450105e+03
8.95000000000000e+00	7.41910761307911e+03
8.96000000000000e+00	7.42861010020569e+03
8.97000000000000e+00	7.43750707413719e+03
8.98000000000000e+00	7.44525615779637e+03
8.99000000000000e+00	7.45178312098302e+03
9.00000000000000e+00	7.45700217813422e+03
9.01000000000000e+00	7.46145788609384e+03
9.02000000000000e+00	7.46579707196417e+03
9.03000000000000e+00	7.47063428506166e+03
9.04000000000000e+00	7.47700569609106e+03
9.05000000000000e+00	7.48501393754370e+03
9.06000000000000e+00	7.49481295642103e+03
9.07000000000000e+00	7.50582377463598e+03
9.08000000000000e+00	7.51742849530672e+03
9.09000000000000e+00	7.52896927871405e+03
9.10000000000000e+00	7.53999414415875e+03
9.11000000000000e+00	7.54989216874731e+03
9.12000000000000e+00	7.55847271458797e+03
9.13000000000000e+00	7.56541080008035e+03
9.14000000000000e+00	7.57078294458121e+03
9.15000000000000e+00	7.57459854823592e+03
9.16000000000000e+00	7.57691808916992e+03
9.17000000000000e+00	7.57813430215745e+03
9.18000000000000e+00	7.57860212574916e+03
9.19000000000000e+00	7.57863971053841e+03
9.20000000000000e+00	7.57869333251829e+03
9.21000000000000e+00	7.57916127271317e+03
9.22000000000000e+00	7.58009764924504e+03
9.23000000000000e+00	7.58160321918169e+03
9.24000000000000e+00	7.58325385879112e+03
9.25000000000000e+00	7.58460163298898e+03
9.26000000000000e+00	7.58497471142218e+03
9.27000000000000e+00	7.58376442724660e+03
9.28000000000000e+00	7.58045252666594e+03
9.29000000000000e+00	7.57478259277866e+03
9.30000000000000e+00	7.56671256180566e+03
9.31000000000000e+00	7.55661722904580e+03
9.32000000000000e+00	7.54489862757492e+03
9.33000000000000e+00	7.53232421936956e+03
9.34000000000000e+00	7.51958523181905e+03
9.35000000000000e+00	7.50739683215024e+03
9.36000000000000e+00	7.49632504280386e+03
9.37000000000000e+00	7.48678936375651e+03
9.38000000000000e+00	7.47914755049406e+03
9.39000000000000e+00	7.47352879278643e+03
9.40000000000000e+00	7.46987754748194e+03
9.41000000000000e+00	7.46820988224428e+03
9.42000000000000e+00	7.46821048628562e+03
9.43000000000000e+00	7.46977554133498e+03
9.44000000000000e+00	7.47245884326055e+03
9.45000000000000e+00	7.47591274852421e+03
9.46000000000000e+00	7.47994544931948e+03
9.47000000000000e+00	7.48417453724773e+03
9.48000000000000e+00	7.48862055364839e+03
9.49000000000000e+00	7.49324757632895e+03
9.50000000000000e+00	7.49825047120392e+03
9.51000000000000e+00	7.50363077032789e+03
9.52000000000000e+00	7.50934894119122e+03
9.53000000000000e+00	7.51494382091562e+03
9.54000000000000e+00	7.51979751902689e+03
9.55000000000000e+00	7.52326281948086e+03
9.56000000000000e+00	7.52494136275839e+03
9.57000000000000e+00	7.52540955102048e+03
9.58000000000000e+00	7.52596661121768e+03
9.59000000000000e+00	7.52826158299008e+03
9.60000000000000e+00	7.53399854049388e+03
9.61000000000000e+00	7.54411735878402e+03
9.62000000000000e+00	7.55868099531131e+03
9.63000000000000e+00	7.57682278030273e+03
9.64000000000000e+00	7.59723964614813e+03
9.65000000000000e+00	7.61844437506685e+03
9.66000000000000e+00	7.63941823615634e+03
9.67000000000000e+00	7.65941574332877e+03
9.68000000000000e+00	7.67822975791949e+03
9.69000000000000e+00	7.69564141351247e+03
9.70000000000000e+00	7.71170914180819e+03
9.71000000000000e+00	7.72659027445672e+03
9.72000000000000e+00	7.74020430808264e+03
9.73000000000000e+00	7.75267456156837e+03
9.74000000000000e+00	7.76404572692562e+03
9.75000000000000e+00	7.77431494127891e+03
9.76000000000000e+00	7.78349662023281e+03
9.77000000000000e+00	7.79157258182511e+03
9.78000000000000e+00	7.79855465284439e+03
9.79000000000000e+00	7.80447169578582e+03
9.80000000000000e+00	7.80943961959743e+03
9.81000000000000e+00	7.81358485475110e+03
9.82000000000000e+00	7.81706443707613e+03
9.83000000000000e+00	7.81993704562206e+03
9.84000000000000e+00	7.82224436840378e+03
9.85000000000000e+00	7.82405818385750e+03
9.86000000000000e+00	7.82536634039459e+03
9.87000000000000e+00	7.82641638206553e+03
9.88000000000000e+00	7.82842039173793e+03
9.89000000000000e+00	7.83510483872551e+03
9.90000000000000e+00	7.85554171760345e+03
9.91000000000000e+00	7.91007890348479e+03
9.92000000000000e+00	8.03929112847530e+03
9.93000000000000e+00	8.31692314416894e+03
9.94000000000000e+00	8.86970043495920e+03
9.95000000000000e+00	9.91628746561211e+03
9.96000000000000e+00	1.18541921056722e+04
9.97000000000000e+00	1.54720208598587e+04
9.98000000000000e+00	2.24892288335337e+04
9.99000000000000e+00	3.70131630927477e+04
1.00000000000000e+01	6.98162162355535e+04
1.00100000000000e+01	1.50519368829053e+05
1.00200000000000e+01	3.28574899774630e+05
1.00300000000000e+01	4.09857054047118e+05
1.00400000000000e+01	1.90040137568014e+05
1.00500000000000e+01	6.41781919574683e+04
1.00600000000000e+01	2.28484221807012e+04
1.00700000000000e+01	9.10685803319397e+03
1.00800000000000e+01	4.04604525338687e+03
1.00900000000000e+01	1.97166583139095e+03
1.01000000000000e+01	1.03706620019022e+03
1.01100000000000e+01	5.80907389087273e+02
1.01200000000000e+01	3.42833723517957e+02
1.01300000000000e+01	2.11386275601325e+02
1.01400000000000e+01	1.35265701257715e+02
1.01500000000000e+01	8.93542297350134e+01
1.01600000000000e+01	6.06743972752518e+01
1.01700000000000e+01	4.22024144493787e+01
1.01800000000000e+01	2.99826163101768e+01
1.01900000000000e+01	2.17049358590829e+01
1.02000000000000e+01	1.59786627743825e+01
1.02100000000000e+01	1.19415185097347e+01
1.02200000000000e+01	9.04680853280136e+00
1.02300000000000e+01	6.93894227715742e+00
1.02400000000000e+01	5.38249812277886e+00
1.02500000000000e+01	4.21848102280558e+00
1.02600000000000e+01	3.33769195207086e+00
1.02700000000000e+01	2.66402897724020e+00
1.02800000000000e+01	2.14363847976901e+00
1.02900000000000e+01	1.73795491836564e+00
1.03000000000000e+01	1.41896851467115e+00
1.03100000000000e+01	1.16613798586924e+00
1.03200000000000e+01	9.64266486831481e-01
1.03300000000000e+01	8.01953425171220e-01
1.03400000000000e+01	6.70581774215860e-01
1.03500000000000e+01	5.63600037203651e-01
1.03600000000000e+01	4.75968003133050e-01
1.03700000000000e+01	4.03792568276478e-01
1.03800000000000e+01	3.44033901468158e-01
1.03900000000000e+01	2.94313841355700e-01
1.04000000000000e+01	2.52749065227857e-01
1.04100000000000e+01	2.17847127639125e-01
1.04200000000000e+01	1.88417386240629e-01
1.04300000000000e+01	1.63500354223381e-01
1.04400000000000e+01	1.42325166766484e-01
1.04500000000000e+01	1.24264282526483e-01
1.04600000000000e+01	1.08806097711854e-01
1.04700000000000e+01	9.55313800064043e-02
1.04800000000000e+01	8.40972645423983e-02
1.04900000000000e+01	7.42184211470117e-02
1.05000000000000e+01	6.56593087558232e-02
1.05100000000000e+01	5.82226787943623e-02
1.05200000000000e+01	5.17450991393286e-02
1.05300000000000e+01	4.60872610906071e-02
1.05400000000000e+01	4.11341725601839e-02
1.05500000000000e+01	3.67873150202431e-02
1.05600000000000e+01	3.29643309326810e-02
1.05700000000000e+01	2.95941117311626e-02
1.05800000000000e+01	2.66165383195744e-02
1.05900000000000e+01	2.39805569359421e-02
1.06000000000000e+01	2.16422667016326e-02
1.06100000000000e+01	1.95639954756105e-02
1.06200000000000e+01	1.77133297914554e-02
1.06300000000000e+01	1.60621182113981e-02
1.06400000000000e+01	1.45863773737843e-02
1.06500000000000e+01	1.32651372903566e-02
1.06600000000000e+01	1.20802633376033e-02
1.06700000000000e+01	1.10159253703109e-02
1.06800000000000e+01	1.00582439997062e-02
1.06900000000000e+01	9.19532466531968e-03
1.07000000000000e+01	8.41656720530067e-03
1.07100000000000e+01	7.71272705924940e-03
1.07200000000000e+01	7.07586108608221e-03
1.07300000000000e+01	6.49869602259311e-03
1.07400000000000e+01	5.97497889999617e-03
1.07500000000000e+01	5.49923624437898e-03
1.07600000000000e+01	5.06656573387167e-03
1.07700000000000e+01	4.67258913403405e-03
1.07800000000000e+01	4.31347819314322e-03
1.07900000000000e+01	3.98581255833493e-03
1.08000000000000e+01	3.68654841642824e-03
1.08100000000000e+01	3.41289642544602e-03
1.08200000000000e+01	3.16246152907870e-03
1.08300000000000e+01	2.93304325483849e-03
1.08400000000000e+01	2.72263684216388e-03
1.08500000000000e+01	2.52948861051838e-03
1.08600000000000e+01	2.35201880293976e-03
1.08700000000000e+01	2.18877452319998e-03
1.08800000000000e+01	2.03847778157895e-03
1.08900000000000e+01	1.89994347692475e-03
1.09000000000000e+01	1.77215094243154e-03
1.09100000000000e+01	1.65415472873829e-03
1.09200000000000e+01	1.54508634805301e-03
1.09300000000000e+01	1.44418280925891e-03
1.09400000000000e+01	1.35073090636223e-03
1.09500000000000e+01	1.26413296450410e-03
1.09600000000000e+01	1.18379892653414e-03
1.09700000000000e+01	1.10921937956384e-03
1.09800000000000e+01	1.03991077636919e-03
1.09900000000000e+01	9.75468358400338e-04
1.10000000000000e+01	9.15509279291740e-04
1.10100000000000e+01	8.59675798423014e-04
1.10200000000000e+01	8.07656083393209e-04
1.10300000000000e+01	7.59174474690209e-04
1.10400000000000e+01	7.13967405830573e-04
1.10500000000000e+01	6.71792821611274e-04
1.10600000000000e+01	6.32448393671296e-04
1.10700000000000e+01	5.95717745779733e-04
1.10800000000000e+01	5.61421978343961e-04
1.10900000000000e+01	5.29398054595495e-04
1.11000000000000e+01	4.99482890662915e-04
1.11100000000000e+01	4.71526773973019e-04
1.11200000000000e+01	4.45383346308899e-04
1.11300000000000e+01	4.20932847142915e-04
1.11400000000000e+01	3.98048778625605e-04
1.11500000000000e+01	3.76619197910645e-04
1.11600000000000e+01	3.56534470682134e-04
1.11700000000000e+01	3.37700228859043e-04
1.11800000000000e+01	3.20025780855528e-04
1.11900000000000e+01	3.03424971842063e-04
1.12000000000000e+01	2.87822122450681e-04
1.12100000000000e+01	2.73146701555692e-04
1.12200000000000e+01	2.59335448749037e-04
1.12300000000000e+01	2.46325375065979e-04
1.12400000000000e+01	2.34060996114753e-04
1.12500000000000e+01	2.22496112685862e-04
1.12600000000000e+01	2.11583661841136e-04
1.12700000000000e+01	2.01282542871911e-04
1.12800000000000e+01	1.91550855894617e-04
1.12900000000000e+01	1.82354536067367e-04
1.13000000000000e+01	1.73661837026973e-04
1.13100000000000e+01	1.65437471662492e-04
1.13200000000000e+01	1.57655383419049e-04
1.13300000000000e+01	1.50290763091636e-04
1.13400000000000e+01	1.43312990856015e-04
1.13500000000000e+01	1.36703690115501e-04
1.13600000000000e+01	1.30439438250247e-04
1.13700000000000e+01	1.24496712539320e-04
1.13800000000000e+01	1.18861179101142e-04
1.13900000000000e+01	1.13511684594896e-04
1.14000000000000e+01	1.08433815648114e-04
1.14100000000000e+01	1.03610361020214e-04
1.14200000000000e+01	9.90277042241170e-05
1.14300000000000e+01	9.46738029639254e-05
1.14400000000000e+01	9.05336411746501e-05
1.14500000000000e+01	8.65977680700108e-05
1.14600000000000e+01	8.28537200123420e-05
1.14700000000000e+01	7.92909644482494e-05
1.14800000000000e+01	7.59005112296074e-05
1.14900000000000e+01	7.26724236928770e-05
1.15000000000000e+01	6.95984664632650e-05
1.15100000000000e+01	6.66695849356869e-05
1.15200000000000e+01	6.38783036477908e-05
1.15300000000000e+01	6.12185071054933e-05
1.15400000000000e+01	5.86820634692595e-05
1.15500000000000e+01	5.62638835160684e-05
1.15600000000000e+01	5.39576361059189e-05
1.15700000000000e+01	5.17585798842316e-05
1.15800000000000e+01	4.96612574853939e-05
1.15900000000000e+01	4.76614468654578e-05
1.16000000000000e+01	4.57542940025615e-05
1.16100000000000e+01	4.39361344419417e-05
1.16200000000000e+01	4.22026698999400e-05
1.16300000000000e+01	4.05493629017465e-05
1.16400000000000e+01	3.89726212813247e-05
1.16500000000000e+01	3.74684564963795e-05
1.16600000000000e+01	3.60328600342395e-05
1.16700000000000e+01	3.46621110356394e-05
1.16800000000000e+01	3.33522451120508e-05
1.16900000000000e+01	3.21001451066124e-05
1.17000000000000e+01	3.09017483978432e-05
1.17100000000000e+01	2.97545599004553e-05
1.17200000000000e+01	2.86551829703095e-05
1.17300000000000e+01	2.76007968971804e-05
1.17400000000000e+01	2.65890328626486e-05
1.17500000000000e+01	2.56176707545488e-05
1.17600000000000e+01	2.46846879979196e-05
1.17700000000000e+01	2.37881915127518e-05
1.17800000000000e+01	2.29273489419964e-05
1.17900000000000e+01	2.20999149476755e-05
1.18000000000000e+01	2.13053573917839e-05
1.18100000000000e+01	2.05422450495468e-05
1.18200000000000e+01	1.98095697525478e-05
1.18300000000000e+01	1.91063221862445e-05
1.18400000000000e+01	1.84312519484905e-05
1.18500000000000e+01	1.77837636311140e-05
1.18600000000000e+01	1.71627858361386e-05
1.18700000000000e+01	1.65669900463137e-05
1.18800000000000e+01	1.59953251635170e-05
1.18900000000000e+01	1.54468742643928e-05
1.19000000000000e+01	1.49205216973965e-05
1.19100000000000e+01	1.44153708685197e-05
1.19200000000000e+01	1.39300954122381e-05
1.19300000000000e+01	1.34640776845444e-05
1.19400000000000e+01	1.30159404258647e-05
1.19500000000000e+01	1.25850184625585e-05
1.19600000000000e+01	1.21705878955102e-05
1.19700000000000e+01	1.17715775966706e-05
1.19800000000000e+01	1.13874204884312e-05
1.19900000000000e+01	1.10171749489840e-05
1.20000000000000e+01	1.06603512691504e-05
1.20100000000000e+01	1.03162109080967e-05
1.20200000000000e+01	9.98440723899422e-06
1.20300000000000e+01	9.66419663933120e-06
1.20400000000000e+01	9.35536675856660e-06
1.20500000000000e+01	9.05722525615191e-06
1.20600000000000e+01	8.76973492682596e-06
1.20700000000000e+01	8.49223910639781e-06
1.20800000000000e+01	8.22469328068219e-06
1.20900000000000e+01	7.96660148939080e-06
1.21000000000000e+01	7.71780560845376e-06
1.21100000000000e+01	7.47813300490483e-06
1.21200000000000e+01	7.24710266167754e-06
1.21300000000000e+01	7.02447878164683e-06
1.21400000000000e+01	6.81006315522871e-06
1.21500000000000e+01	6.60354726219155e-06
1.21600000000000e+01	6.40452038482416e-06
1.21700000000000e+01	6.21275187406347e-06
1.21800000000000e+01	6.02786129763821e-06
1.21900000000000e+01	5.84959704517311e-06
1.22000000000000e+01	5.67757782920196e-06
1.22100000000000e+01	5.51153085009415e-06
1.22200000000000e+01	5.35106619595163e-06
1.22300000000000e+01	5.19603433481398e-06
1.22400000000000e+01	5.04602334214919e-06
1.22500000000000e+01	4.90091203591477e-06
1.22600000000000e+01	4.76037441756273e-06
1.22700000000000e+01	4.62422482724402e-06
1.22800000000000e+01	4.49220261872898e-06
1.22900000000000e+01	4.36420433514869e-06
1.23000000000000e+01	4.23996638626514e-06
1.23100000000000e+01	4.11937506261754e-06
1.23200000000000e+01	4.00225426055459e-06
1.23300000000000e+01	3.88840355241439e-06
1.23400000000000e+01	3.77778462815777e-06
1.23500000000000e+01	3.67032854954126e-06
1.23600000000000e+01	3.56584282801992e-06
1.23700000000000e+01	3.46430330938812e-06
1.23800000000000e+01	3.36561131746273e-06
1.23900000000000e+01	3.26977972562011e-06
1.24000000000000e+01	3.17664733525131e-06
1.24100000000000e+01	3.08631995938706e-06
1.24200000000000e+01	2.99862162656011e-06
1.24300000000000e+01	2.91355776061161e-06
1.24400000000000e+01	2.83111801493442e-06
1.24500000000000e+01	2.75118867001661e-06
1.24600000000000e+01	2.67373373785190e-06
1.24700000000000e+01	2.59865480217789e-06
1.24800000000000e+01	2.52595440551461e-06
1.24900000000000e+01	2.45546806536828e-06
1.25000000000000e+01	2.38720806540500e-06
1.25100000000000e+01	2.32107679187421e-06
1.25200000000000e+01	2.25697508589367e-06
1.25300000000000e+01	2.19490452483388e-06
1.25400000000000e+01	2.13477920167335e-06
1.25500000000000e+01	2.07651896899989e-06
1.25600000000000e+01	2.02011135478065e-06
1.25700000000000e+01	1.96547198673061e-06
1.25800000000000e+01	1.91256982295851e-06
1.25900000000000e+01	1.86131493420657e-06
1.26000000000000e+01	1.81167113051252e-06
1.26100000000000e+01	1.76357609922166e-06
1.26200000000000e+01	1.71698977733040e-06
1.26300000000000e+01	1.67181975585551e-06
1.26400000000000e+01	1.62802344803100e-06
1.26500000000000e+01	1.58556683873422e-06
1.26600000000000e+01	1.54440464953129e-06
1.26700000000000e+01	1.50446541310166e-06
1.26800000000000e+01	1.46570650415065e-06
1.26900000000000e+01	1.42812403147544e-06
1.27000000000000e+01	1.39162965094673e-06
1.27100000000000e+01	1.35625032553708e-06
1.27200000000000e+01	1.32193396892334e-06
1.27300000000000e+01	1.28862618854120e-06
1.27400000000000e+01	1.25633340493621e-06
1.27500000000000e+01	1.22501836686565e-06
1.27600000000000e+01	1.19464221198815e-06
1.27700000000000e+01	1.16518499141912e-06
1.27800000000000e+01	1.13662434152184e-06
1.27900000000000e+01	1.10891744673461e-06
1.28000000000000e+01	1.08202871245184e-06
1.28100000000000e+01	1.05594684899285e-06
1.28200000000000e+01	1.03062707127998e-06
1.28300000000000e+01	1.00602360114540e-06
1.28400000000000e+01	9.82148633254180e-07
1.28500000000000e+01	9.58951748917734e-07
1.28600000000000e+01	9.36407202416194e-07
1.28700000000000e+01	9.14497393496674e-07
1.28800000000000e+01	8.93210350097747e-07
1.28900000000000e+01	8.72510775878456e-07
1.29000000000000e+01	8.52372752434373e-07
1.29100000000000e+01	8.32806747866157e-07
1.29200000000000e+01	8.13767150079394e-07
1.29300000000000e+01	7.95254290466414e-07
1.29400000000000e+01	7.77227296768122e-07
1.29500000000000e+01	7.59695188438520e-07
1.29600000000000e+01	7.42622689818323e-07
1.29700000000000e+01	7.26015578358417e-07
1.29800000000000e+01	7.09830849230230e-07
1.29900000000000e+01	6.94079459022553e-07
1.30000000000000e+01	6.78734922030756e-07
1.30100000000000e+01	6.63788870439520e-07
1.30200000000000e+01	6.49241590539519e-07
1.30300000000000e+01	6.35060538175810e-07
1.30400000000000e+01	6.21254176125968e-07
1.30500000000000e+01	6.07799616583965e-07
1.30600000000000e+01	5.94688593559906e-07
1.30700000000000e+01	5.81901676365191e-07
1.30800000000000e+01	5.69431596816029e-07
1.30900000000000e+01	5.57268878881971e-07
1.31000000000000e+01	5.45393798872284e-07
1.31100000000000e+01	5.33796654687099e-07
1.31200000000000e+01	5.22450914369400e-07
1.31300000000000e+01	5.11369684784474e-07
1.31400000000000e+01	5.00524171393829e-07
1.31500000000000e+01	4.89917265325997e-07
1.31600000000000e+01	4.79537436281399e-07
1.31700000000000e+01	4.69383239216553e-07
1.31800000000000e+01	4.59450415911460e-07
1.31900000000000e+01	4.49737421534992e-07
1.32000000000000e+01	4.40240826200356e-07
1.32100000000000e+01	4.30959872633604e-07
1.32200000000000e+01	4.21887652695472e-07
1.32300000000000e+01	4.13024405701903e-07
1.32400000000000e+01	4.04362820759055e-07
1.32500000000000e+01	3.95898815143261e-07
1.32600000000000e+01	3.87623804488142e-07
1.32700000000000e+01	3.79540109207077e-07
1.32800000000000e+01	3.71630528331959e-07
1.32900000000000e+01	3.63891636318972e-07
1.33000000000000e+01	3.56329326044788e-07
1.33100000000000e+01	3.48922028866905e-07
1.33200000000000e+01	3.41684689857437e-07
1.33300000000000e+01	3.34600986658791e-07
1.33400000000000e+01	3.27679054586662e-07
1.33500000000000e+01	3.20911042544100e-07
1.33600000000000e+01	3.14297637097751e-07
1.33700000000000e+01	3.07833965921234e-07
1.33800000000000e+01	3.01530542822331e-07
1.33900000000000e+01	2.95370349322945e-07
1.34000000000000e+01	2.89361559709370e-07
1.34100000000000e+01	2.83494327815771e-07
1.34200000000000e+01	2.77767511503427e-07
1.34300000000000e+01	2.72177607492935e-07
1.34400000000000e+01	2.66723280769098e-07
1.34500000000000e+01	2.61396687273852e-07
1.34600000000000e+01	2.56195274803463e-07
1.34700000000000e+01	2.51115275373155e-07
1.34800000000000e+01	2.46152287633688e-07
1.34900000000000e+01	2.41297852071620e-07
1.35000000000000e+01	2.36555483740512e-07
1.35100000000000e+01	2.31916719305053e-07
1.35200000000000e+01	2.27378453835078e-07
1.35300000000000e+01	2.22938790674377e-07
1.35400000000000e+01	2.18595403887299e-07
1.35500000000000e+01	2.14338148974510e-07
1.35600000000000e+01	2.10170817686671e-07
1.35700000000000e+01	2.06083867949948e-07
1.35800000000000e+01	2.02078137855525e-07
1.35900000000000e+01	1.98151574788925e-07
1.36000000000000e+01	1.94301054217290e-07
1.36100000000000e+01	1.90521466416036e-07
1.36200000000000e+01	1.86814791237798e-07
1.36300000000000e+01	1.83177742050604e-07
1.36400000000000e+01	1.79608846125998e-07
1.36500000000000e+01	1.76107129257949e-07
1.36600000000000e+01	1.72672612959841e-07
1.36700000000000e+01	1.69305976860079e-07
1.36800000000000e+01	1.66005628407960e-07
1.36900000000000e+01	1.62773063369272e-07
1.37000000000000e+01	1.59604667761011e-07
1.37100000000000e+01	1.56504942402475e-07
1.37200000000000e+01	1.53472379519579e-07
1.37300000000000e+01	1.50508096490583e-07
1.37400000000000e+01	1.47608858360485e-07
1.37500000000000e+01	1.44779614440848e-07
1.37600000000000e+01	1.42018184169716e-07
1.37700000000000e+01	1.39321778189236e-07
1.37800000000000e+01	1.36689977713875e-07
1.37900000000000e+01	1.34122470765828e-07
1.38000000000000e+01	1.31619977681040e-07
1.38100000000000e+01	1.29175506599538e-07
1.38200000000000e+01	1.26790413380541e-07
1.38300000000000e+01	1.24459504136694e-07
1.38400000000000e+01	1.22183200840831e-07
1.38500000000000e+01	1.19957802210193e-07
1.38600000000000e+01	1.17781363904817e-07
1.38700000000000e+01	1.15650677364131e-07
1.38800000000000e+01	1.13567522171474e-07
1.38900000000000e+01	1.11525491561191e-07
1.39000000000000e+01	1.09525375441526e-07
1.39100000000000e+01	1.07565642808429e-07
1.39200000000000e+01	1.05644770692730e-07
1.39300000000000e+01	1.03760452519732e-07
1.39400000000000e+01	1.01913532816490e-07
1.39500000000000e+01	1.00101579421714e-07
1.39600000000000e+01	9.83234876665105e-08
1.39700000000000e+01	9.65781866440950e-08
1.39800000000000e+01	9.48665751027126e-08
1.39900000000000e+01	9.31855929009435e-08
1.40000000000000e+01	9.15372263835276e-08
1.40100000000000e+01	8.99184527796828e-08
1.40200000000000e+01	8.83303155027121e-08
1.40300000000000e+01	8.67717573614240e-08
1.40400000000000e+01	8.52433222319506e-08
1.40500000000000e+01	8.37460737531204e-08
1.40600000000000e+01	8.22763500414232e-08
1.40700000000000e+01	8.08370584111893e-08
1.40800000000000e+01	7.94274251494895e-08
1.40900000000000e+01	7.80455345624146e-08
1.41000000000000e+01	7.66913672574647e-08
1.41100000000000e+01	7.53655256169614e-08
1.41200000000000e+01	7.40670019961523e-08
1.41300000000000e+01	7.27941133301652e-08
1.41400000000000e+01	7.15460037639148e-08
1.41500000000000e+01	7.03215870233991e-08
1.41600000000000e+01	6.91200837980029e-08
1.41700000000000e+01	6.79404280708744e-08
1.41800000000000e+01	6.67812129051483e-08
1.41900000000000e+01	6.56424829312722e-08
1.42000000000000e+01	6.45221286313041e-08
1.42100000000000e+01	6.34210195565207e-08
1.42200000000000e+01	6.23386595245118e-08
1.42300000000000e+01	6.12734879028274e-08
1.42400000000000e+01	6.02271151728117e-08
1.42500000000000e+01	5.91998246646957e-08
1.42600000000000e+01	5.81889043545905e-08
1.42700000000000e+01	5.71981994275227e-08
1.42800000000000e+01	5.62261448378390e-08
1.42900000000000e+01	5.52716460046074e-08
1.43000000000000e+01	5.43355970801927e-08
1.43100000000000e+01	5.34193379601314e-08
1.43200000000000e+01	5.25190776486240e-08
1.43300000000000e+01	5.16374287240105e-08
1.43400000000000e+01	5.07724275789321e-08
1.43500000000000e+01	4.99250994518551e-08
1.43600000000000e+01	4.90944548761151e-08
1.43700000000000e+01	4.82779819266712e-08
1.43800000000000e+01	4.74780736183573e-08
1.43900000000000e+01	4.66938372229274e-08
1.44000000000000e+01	4.59246894859857e-08
1.44100000000000e+01	4.51693178961516e-08
1.44200000000000e+01	4.44292064025495e-08
1.44300000000000e+01	4.37034564463782e-08
1.44400000000000e+01	4.29914008353444e-08
1.44500000000000e+01	4.22931022451653e-08
1.44600000000000e+01	4.16091727284944e-08
1.44700000000000e+01	4.09382007899581e-08
1.44800000000000e+01	4.02797491354743e-08
1.44900000000000e+01	3.96347608963907e-08
1.45000000000000e+01	3.90017702540132e-08
1.45100000000000e+01	3.83815522113592e-08
1.45200000000000e+01	3.77727319895446e-08
1.45300000000000e+01	3.71756822403245e-08
1.45400000000000e+01	3.65893375262450e-08
1.45500000000000e+01	3.60144206761777e-08
1.45600000000000e+01	3.54492916368863e-08
1.45700000000000e+01	3.48949668122572e-08
1.45800000000000e+01	3.43503772909785e-08
1.45900000000000e+01	3.38159606637079e-08
1.46000000000000e+01	3.32903162365055e-08
1.46100000000000e+01	3.27738303406775e-08
1.46200000000000e+01	3.22666032032385e-08
1.46300000000000e+01	3.17678399601447e-08
1.46400000000000e+01	3.12771175667934e-08
1.46500000000000e+01	3.07958578161492e-08
1.46600000000000e+01	3.03216229303953e-08
1.46700000000000e+01	2.98565651735950e-08
1.46800000000000e+01	2.93989890654613e-08
1.46900000000000e+01	2.89497457426761e-08
1.47000000000000e+01	2.85082199044880e-08
1.47100000000000e+01	2.80747322696639e-08
1.47200000000000e+01	2.76486218120251e-08
1.47300000000000e+01	2.72300503661740e-08
1.47400000000000e+01	2.68193403568406e-08
1.47500000000000e+01	2.64158393577484e-08
1.47600000000000e+01	2.60198138811616e-08
1.47700000000000e+01	2.56306530301375e-08
1.47800000000000e+01	2.52478618726815e-08
1.47900000000000e+01	2.48720993101300e-08
1.48000000000000e+01	2.45024199730520e-08
1.48100000000000e+01	2.41388405745112e-08
1.48200000000000e+01	2.37814568768631e-08
1.48300000000000e+01	2.34292383869361e-08
1.48400000000000e+01	2.30827980336389e-08
1.48500000000000e+01	2.27416785942058e-08
1.48600000000000e+01	2.24055155320556e-08
1.48700000000000e+01	2.20746392842822e-08
1.48800000000000e+01	2.17485694114348e-08
1.48900000000000e+01	2.14270244965200e-08
1.49000000000000e+01	2.11108582995434e-08
1.49100000000000e+01	2.07990625890542e-08
1.49200000000000e+01	2.04922639168150e-08
1.49300000000000e+01	2.01900031159290e-08
1.49400000000000e+01	1.98922351744422e-08
1.49500000000000e+01	1.95992545269709e-08
1.49600000000000e+01	1.93108927858300e-08
1.49700000000000e+01	1.90270582412213e-08
1.49800000000000e+01	1.87480174485925e-08
1.49900000000000e+01	1.84735836245083e-08
1.50000000000000e+01	1.82037745524202e-08
1.50100000000000e+01	1.79386289391833e-08
1.50200000000000e+01	1.76775533645417e-08
1.50300000000000e+01	1.74209723595207e-08
1.50400000000000e+01	1.71690437182592e-08
1.50500000000000e+01	1.69211518082598e-08
1.50600000000000e+01	1.66777085822974e-08
1.50700000000000e+01	1.64381282133558e-08
1.50800000000000e+01	1.62022885623021e-08
1.50900000000000e+01	1.59706432138621e-08
1.51000000000000e+01	1.57423945447603e-08
1.51100000000000e+01	1.55176743313975e-08
1.51200000000000e+01	1.52967170200248e-08
1.51300000000000e+01	1.50787670286862e-08
1.51400000000000e+01	1.48641873287464e-08
1.51500000000000e+01	1.46528226072033e-08
1.51600000000000e+01	1.44443460154211e-08
1.51700000000000e+01	1.42389089359523e-08
1.51800000000000e+01	1.40367529839525e-08
1.51900000000000e+01	1.38373751689927e-08
1.52000000000000e+01	1.36409197303168e-08
1.52100000000000e+01	1.34475877641091e-08
1.52200000000000e+01	1.32572433397276e-08
1.52300000000000e+01	1.30698891322651e-08
1.52400000000000e+01	1.28849860369708e-08
1.52500000000000e+01	1.27030919580535e-08
1.52600000000000e+01	1.25239868453803e-08
1.52700000000000e+01	1.23473657845753e-08
1.52800000000000e+01	1.21731421432816e-08
1.52900000000000e+01	1.20009786699040e-08
1.53000000000000e+01	1.18310201658841e-08
1.53100000000000e+01	1.16627254564655e-08
1.53200000000000e+01	1.14960826750383e-08
1.53300000000000e+01	1.13311433043059e-08
1.53400000000000e+01	1.11672737530630e-08
1.53500000000000e+01	1.10045280446181e-08
1.53600000000000e+01	1.08431416247203e-08
1.53700000000000e+01	1.06825505261229e-08
1.53800000000000e+01	1.05228358065566e-08
1.53900000000000e+01	1.03642920991910e-08
1.54000000000000e+01	1.02064776031062e-08
1.54100000000000e+01	1.00501846350793e-08
1.54200000000000e+01	9.89481191992289e-09
1.54300000000000e+01	9.74108501864599e-09
1.54400000000000e+01	9.58889004163720e-09
1.54500000000000e+01	9.43872192893866e-09
1.54600000000000e+01	9.29055693882242e-09
1.54700000000000e+01	9.14491838799789e-09
1.54800000000000e+01	9.00177989712906e-09
1.54900000000000e+01	8.86176957627287e-09
1.55000000000000e+01	8.72486502307364e-09
1.55100000000000e+01	8.59142776102482e-09
1.55200000000000e+01	8.46171618984502e-09
1.55300000000000e+01	8.33575186224051e-09
1.55400000000000e+01	8.21335626010148e-09
1.55500000000000e+01	8.09494715270477e-09
1.55600000000000e+01	7.97991128990412e-09
1.55700000000000e+01	7.86862915897872e-09
1.55800000000000e+01	7.76058223927480e-09
1.55900000000000e+01	7.65569967607946e-09
1.56000000000000e+01	7.55349088100873e-09
1.56100000000000e+01	7.45393841934913e-09
1.56200000000000e+01	7.35668687911459e-09
1.56300000000000e+01	7.26151305078856e-09
1.56400000000000e+01	7.16807300159945e-09
1.56500000000000e+01	7.07626081044086e-09
1.56600000000000e+01	6.98572011888471e-09
1.56700000000000e+01	6.89635182522069e-09
1.56800000000000e+01	6.80795870021958e-09
1.56900000000000e+01	6.72059285151328e-09
1.57000000000000e+01	6.63395099534156e-09
1.57100000000000e+01	6.54796431623078e-09
1.57200000000000e+01	6.46278724321922e-09
1.57300000000000e+01	6.37823285109117e-09
1.57400000000000e+01	6.29424433292287e-09
1.57500000000000e+01	6.21093716622852e-09
1.57600000000000e+01	6.12838209803005e-09
1.57700000000000e+01	6.04649176270730e-09
1.57800000000000e+01	5.96536480850420e-09
1.57900000000000e+01	5.88531030224093e-09
1.58000000000000e+01	5.80613335949212e-09
1.58100000000000e+01	5.72800010572308e-09
1.58200000000000e+01	5.65098673417378e-09
1.58300000000000e+01	5.57534925760030e-09
1.58400000000000e+01	5.50104257907747e-09
1.58500000000000e+01	5.42809706012665e-09
1.58600000000000e+01	5.35667591341369e-09
1.58700000000000e+01	5.28668954458964e-09
1.58800000000000e+01	5.21818206019145e-09
1.58900000000000e+01	5.15124281926672e-09
1.59000000000000e+01	5.08574507952727e-09
1.59100000000000e+01	5.02168627534634e-09
1.59200000000000e+01	4.95896205796329e-09
1.59300000000000e+01	4.89752265913252e-09
1.59400000000000e+01	4.83731817734553e-09
1.59500000000000e+01	4.77819307593159e-09
1.59600000000000e+01	4.72003425608361e-09
1.59700000000000e+01	4.66288569815266e-09
1.59800000000000e+01	4.60661205723901e-09
1.59900000000000e+01	4.55105523491834e-09
1.60000000000000e+01	4.49633544717852e-09
1.60100000000000e+01	4.44226987729017e-09
1.60200000000000e+01	4.38890862036883e-09
1.60300000000000e+01	4.33617491653524e-09
1.60400000000000e+01	4.28409339450091e-09
1.60500000000000e+01	4.23262215859119e-09
1.60600000000000e+01	4.18179958747087e-09
1.60700000000000e+01	4.13153501754955e-09
1.60800000000000e+01	4.08183524081100e-09
1.60900000000000e+01	4.03275408183257e-09
1.61000000000000e+01	3.98428827503769e-09
1.61100000000000e+01	3.93637108401689e-09
1.61200000000000e+01	3.88906223341789e-09
1.61300000000000e+01	3.84229290434904e-09
1.61400000000000e+01	3.79616889493465e-09
1.61500000000000e+01	3.75063356697279e-09
1.61600000000000e+01	3.70563343131540e-09
1.61700000000000e+01	3.66125510969919e-09
1.61800000000000e+01	3.61744464444799e-09
1.61900000000000e+01	3.57430596095489e-09
1.62000000000000e+01	3.53172763142284e-09
1.62100000000000e+01	3.48984783117269e-09
1.62200000000000e+01	3.44855929432841e-09
1.62300000000000e+01	3.40794089283183e-09
1.62400000000000e+01	3.36799167910099e-09
1.62500000000000e+01	3.32872863028976e-09
1.62600000000000e+01	3.29008593131424e-09
1.62700000000000e+01	3.25210679910405e-09
1.62800000000000e+01	3.21475813531506e-09
1.62900000000000e+01	3.17802855209047e-09
1.63000000000000e+01	3.14190085490757e-09
1.63100000000000e+01	3.10625520055622e-09
1.63200000000000e+01	3.07117710136373e-09
1.63300000000000e+01	3.03651264067549e-09
1.63400000000000e+01	3.00225521952105e-09
1.63500000000000e+01	2.96838412406298e-09
1.63600000000000e+01	2.93481678841020e-09
1.63700000000000e+01	2.90150516463009e-09
1.63800000000000e+01	2.86844756831309e-09
1.63900000000000e+01	2.83551338490346e-09
1.64000000000000e+01	2.80276141995333e-09
1.64100000000000e+01	2.77011339584635e-09
1.64200000000000e+01	2.73758400236816e-09
1.64300000000000e+01	2.70514344020218e-09
1.64400000000000e+01	2.67281138847958e-09
1.64500000000000e+01	2.64056297594830e-09
1.64600000000000e+01	2.60845616932969e-09
1.64700000000000e+01	2.57654335274721e-09
1.64800000000000e+01	2.54480218581049e-09
1.64900000000000e+01	2.51335426550597e-09
1.65000000000000e+01	2.48225126725521e-09
1.65100000000000e+01	2.45144521341589e-09
1.65200000000000e+01	2.42106025617709e-09
1.65300000000000e+01	2.39111546990159e-09
1.65400000000000e+01	2.36164429517896e-09
1.65500000000000e+01	2.33267020492602e-09
1.65600000000000e+01	2.30421687544937e-09
1.65700000000000e+01	2.27626218239463e-09
1.65800000000000e+01	2.24883721955023e-09
1.65900000000000e+01	2.22195465740929e-09
1.66000000000000e+01	2.19563438058697e-09
1.66100000000000e+01	2.16978907326859e-09
1.66200000000000e+01	2.14446724682342e-09
1.66300000000000e+01	2.11963232725424e-09
1.66400000000000e+01	2.09529110272616e-09
1.66500000000000e+01	2.07140599803625e-09
1.66600000000000e+01	2.04799214250693e-09
1.66700000000000e+01	2.02500478168409e-09
1.66800000000000e+01	2.00246471294847e-09
1.66900000000000e+01	1.98030301915171e-09
1.67000000000000e+01	1.95853452178713e-09
1.67100000000000e+01	1.93712102663850e-09
1.67200000000000e+01	1.91608247988134e-09
1.67300000000000e+01	1.89534930616064e-09
1.67400000000000e+01	1.87491994219188e-09
1.67500000000000e+01	1.85478183375382e-09
1.67600000000000e+01	1.83490516058190e-09
1.67700000000000e+01	1.81525796495153e-09
1.67800000000000e+01	1.79582996002381e-09
1.67900000000000e+01	1.77662369478082e-09
1.68000000000000e+01	1.75758553060404e-09
1.68100000000000e+01	1.73871078207541e-09
1.68200000000000e+01	1.72002691626430e-09
1.68300000000000e+01	1.70148838255363e-09
1.68400000000000e+01	1.68309499091916e-09
1.68500000000000e+01	1.66486625052723e-09
1.68600000000000e+01	1.64678443086956e-09
1.68700000000000e+01	1.62885239091363e-09
1.68800000000000e+01	1.61109040533070e-09
1.68900000000000e+01	1.59348056232667e-09
1.69000000000000e+01	1.57606859972944e-09
1.69100000000000e+01	1.55880260896747e-09
1.69200000000000e+01	1.54170816733758e-09
1.69300000000000e+01	1.52478449169307e-09
1.69400000000000e+01	1.50805444739182e-09
1.69500000000000e+01	1.49147124122129e-09
1.69600000000000e+01	1.47508442364219e-09
1.69700000000000e+01	1.45886120229699e-09
1.69800000000000e+01	1.44283722232712e-09
1.69900000000000e+01	1.42700119894281e-09
1.70000000000000e+01	1.41135856741129e-09
1.70100000000000e+01	1.39594629675996e-09
1.70200000000000e+01	1.38077074072714e-09
1.70300000000000e+01	1.36581825524872e-09
1.70400000000000e+01	1.35111248426839e-09
1.70500000000000e+01	1.33666619871261e-09
1.70600000000000e+01	1.32247211760578e-09
1.70700000000000e+01	1.30854836425230e-09
1.70800000000000e+01	1.29486204430553e-09
1.70900000000000e+01	1.28142921159405e-09
1.71000000000000e+01	1.26823900107867e-09
1.71100000000000e+01	1.25528991465799e-09
1.71200000000000e+01	1.24253139376864e-09
1.71300000000000e+01	1.22997820341634e-09
1.71400000000000e+01	1.21763097390299e-09
1.71500000000000e+01	1.20545964262161e-09
1.71600000000000e+01	1.19344605092776e-09
1.71700000000000e+01	1.18160468712640e-09
1.71800000000000e+01	1.16989626648347e-09
1.71900000000000e+01	1.15835623838853e-09
1.72000000000000e+01	1.14694598983674e-09
1.72100000000000e+01	1.13568205452835e-09
1.72200000000000e+01	1.12456214484329e-09
1.72300000000000e+01	1.11354673533278e-09
1.72400000000000e+01	1.10269184052365e-09
1.72500000000000e+01	1.09193994345863e-09
1.72600000000000e+01	1.08132538482182e-09
1.72700000000000e+01	1.07083005974602e-09
1.72800000000000e+01	1.06044943524012e-09
1.72900000000000e+01	1.05018248457054e-09
1.73000000000000e+01	1.04002987554640e-09
1.73100000000000e+01	1.02998666862523e-09
1.73200000000000e+01	1.02005801310816e-09
1.73300000000000e+01	1.01021673741436e-09
1.73400000000000e+01	1.00046874569780e-09
1.73500000000000e+01	9.90827133436289e-10
1.73600000000000e+01	9.81273413603175e-10
1.73700000000000e+01	9.71810427357922e-10
1.73800000000000e+01	9.62435175617754e-10
1.73900000000000e+01	9.53146068906576e-10
1.74000000000000e+01	9.43960674521075e-10
1.74100000000000e+01	9.34845231638512e-10
1.74200000000000e+01	9.25815035588244e-10
1.74300000000000e+01	9.16870647483181e-10
1.74400000000000e+01	9.08024314307287e-10
1.74500000000000e+01	8.99246406896599e-10
1.74600000000000e+01	8.90565848450666e-10
1.74700000000000e+01	8.81966038818319e-10
1.74800000000000e+01	8.73445991058870e-10
1.74900000000000e+01	8.64989116756457e-10
1.75000000000000e+01	8.56626950371963e-10
1.75100000000000e+01	8.48340718074159e-10
1.75200000000000e+01	8.40115054458392e-10
1.75300000000000e+01	8.31951967211536e-10
1.75400000000000e+01	8.23846973835160e-10
1.75500000000000e+01	8.15818490685986e-10
1.75600000000000e+01	8.07838392994906e-10
1.75700000000000e+01	7.99918228416513e-10
1.75800000000000e+01	7.92043722645567e-10
1.75900000000000e+01	7.84235570379167e-10
1.76000000000000e+01	7.76473463125063e-10
1.76100000000000e+01	7.68790081157830e-10
1.76200000000000e+01	7.61154784616236e-10
1.76300000000000e+01	7.53600101704065e-10
1.76400000000000e+01	7.46106585505007e-10
1.76500000000000e+01	7.38690727596524e-10
1.76600000000000e+01	7.31362377240204e-10
1.76700000000000e+01	7.24110173223031e-10
1.76800000000000e+01	7.16942682910523e-10
1.76900000000000e+01	7.09873571113258e-10
1.77000000000000e+01	7.02873393571268e-10
1.77100000000000e+01	6.95966955402972e-10
1.77200000000000e+01	6.89139238607953e-10
1.77300000000000e+01	6.82390711470927e-10
1.77400000000000e+01	6.75729960372400e-10
1.77500000000000e+01	6.69131580303962e-10
1.77600000000000e+01	6.62618894433378e-10
1.77700000000000e+01	6.56165593869400e-10
1.77800000000000e+01	6.49784139188450e-10
1.77900000000000e+01	6.43473577049427e-10
1.78000000000000e+01	6.37209524198568e-10
1.78100000000000e+01	6.31012604841268e-10
1.78200000000000e+01	6.24872983913203e-10
1.78300000000000e+01	6.18779765839583e-10
1.78400000000000e+01	6.12741571763062e-10
1.78500000000000e+01	6.06760639416618e-10
1.78600000000000e+01	6.00834152214593e-10
1.78700000000000e+01	5.94953549558773e-10
1.78800000000000e+01	5.89116922319031e-10
1.78900000000000e+01	5.83333824421158e-10
1.79000000000000e+01	5.77606155317146e-10
1.79100000000000e+01	5.71922177296391e-10
1.79200000000000e+01	5.66280197217137e-10
1.79300000000000e+01	5.60690192788199e-10
1.79400000000000e+01	5.55133945361212e-10
1.79500000000000e+01	5.49620598807303e-10
1.79600000000000e+01	5.44139641089641e-10
1.79700000000000e+01	5.38702701050362e-10
1.79800000000000e+01	5.33290197638088e-10
1.79900000000000e+01	5.27922892291954e-10
1.80000000000000e+01	5.22592734300434e-10
1.80100000000000e+01	5.17321129644547e-10
1.80200000000000e+01	5.12086875934993e-10
1.80300000000000e+01	5.06921103615876e-10
1.80400000000000e+01	5.01821869897942e-10
1.80500000000000e+01	4.96799311703476e-10
1.80600000000000e+01	4.91851056184418e-10
1.80700000000000e+01	4.87002675594476e-10
1.80800000000000e+01	4.82240878182987e-10
1.80900000000000e+01	4.77574191249519e-10
1.81000000000000e+01	4.72997934949296e-10
1.81100000000000e+01	4.68518409323611e-10
1.81200000000000e+01	4.64132196020917e-10
1.81300000000000e+01	4.59828521685847e-10
1.81400000000000e+01	4.55593857418464e-10
1.81500000000000e+01	4.51435945686100e-10
1.81600000000000e+01	4.47336191710960e-10
1.81700000000000e+01	4.43301526966390e-10
1.81800000000000e+01	4.39305197992084e-10
1.81900000000000e+01	4.35362261919777e-10
1.82000000000000e+01	4.31457884389687e-10
1.82100000000000e+01	4.27582601359897e-10
1.82200000000000e+01	4.23743965660776e-10
1.82300000000000e+01	4.19934599743822e-10
1.82400000000000e+01	4.16146501700494e-10
1.82500000000000e+01	4.12379945247738e-10
1.82600000000000e+01	4.08634975417248e-10
1.82700000000000e+01	4.04912124544166e-10
1.82800000000000e+01	4.01204848219862e-10
1.82900000000000e+01	3.97514508994915e-10
1.83000000000000e+01	3.93855553288004e-10
1.83100000000000e+01	3.90206121861298e-10
1.83200000000000e+01	3.86587885227887e-10
1.83300000000000e+01	3.82990884935495e-10
1.83400000000000e+01	3.79422617086844e-10
1.83500000000000e+01	3.75886288203538e-10
1.83600000000000e+01	3.72382722469568e-10
1.83700000000000e+01	3.68916535159031e-10
1.83800000000000e+01	3.65492534299901e-10
1.83900000000000e+01	3.62112653732031e-10
1.84000000000000e+01	3.58781167249344e-10
1.84100000000000e+01	3.55501257474521e-10
1.84200000000000e+01	3.52276097204606e-10
1.84300000000000e+01	3.49108340273620e-10
1.84400000000000e+01	3.45997534171080e-10
1.84500000000000e+01	3.42947370373341e-10
1.84600000000000e+01	3.39954588004128e-10
1.84700000000000e+01	3.37020544173675e-10
1.84800000000000e+01	3.34142030163814e-10
1.84900000000000e+01	3.31316209777411e-10
1.85000000000000e+01	3.28539647257207e-10
1.85100000000000e+01	3.25807901495249e-10
1.85200000000000e+01	3.23117136027546e-10
1.85300000000000e+01	3.20464397010371e-10
1.85400000000000e+01	3.17842583282416e-10
1.85500000000000e+01	3.15249438189569e-10
1.85600000000000e+01	3.12680603228337e-10
1.85700000000000e+01	3.10132713230397e-10
1.85800000000000e+01	3.07604864440948e-10
1.85900000000000e+01	3.05091090620733e-10
1.86000000000000e+01	3.02592381541539e-10
1.86100000000000e+01	3.00107504621885e-10
1.86200000000000e+01	2.97634124872135e-10
1.86300000000000e+01	2.95174097086390e-10
1.86400000000000e+01	2.92725234908834e-10
1.86500000000000e+01	2.90289931814494e-10
1.86600000000000e+01	2.87868525616903e-10
1.86700000000000e+01	2.85461964943131e-10
1.86800000000000e+01	2.83070444713849e-10
1.86900000000000e+01	2.80694424511675e-10
1.87000000000000e+01	2.78336179751802e-10
1.87100000000000e+01	2.75996330033993e-10
1.87200000000000e+01	2.73674702720363e-10
1.87300000000000e+01	2.71370885803229e-10
1.87400000000000e+01	2.69085759597157e-10
1.87500000000000e+01	2.66819965803928e-10
1.87600000000000e+01	2.64570851215701e-10
1.87700000000000e+01	2.62340167153418e-10
1.87800000000000e+01	2.60127241298256e-10
1.87900000000000e+01	2.57929521260387e-10
1.88000000000000e+01	2.55748767994228e-10
1.88100000000000e+01	2.53583952479865e-10
1.88200000000000e+01	2.51432216477194e-10
1.88300000000000e+01	2.49294925427028e-10
1.88400000000000e+01	2.47170021562503e-10
1.88500000000000e+01	2.45058201353816e-10
1.88600000000000e+01	2.42957489652296e-10
1.88700000000000e+01	2.40866312637960e-10
1.88800000000000e+01	2.38785169153573e-10
1.88900000000000e+01	2.36713689323292e-10
1.89000000000000e+01	2.34650159905863e-10
1.89100000000000e+01	2.32594035670466e-10
1.89200000000000e+01	2.30546676496414e-10
1.89300000000000e+01	2.28506936003396e-10
1.89400000000000e+01	2.26475531692955e-10
1.89500000000000e+01	2.24453171126256e-10
1.89600000000000e+01	2.22441573873982e-10
1.89700000000000e+01	2.20440682493641e-10
1.89800000000000e+01	2.18452563302914e-10
1.89900000000000e+01	2.16479491736276e-10
1.90000000000000e+01	2.14522383925329e-10
1.90100000000000e+01	2.12582624272541e-10
1.90200000000000e+01	2.10660982985496e-10
1.90300000000000e+01	2.08758018451827e-10
1.90400000000000e+01	2.06873387655420e-10
1.90500000000000e+01	2.05005557553548e-10
1.90600000000000e+01	2.03153111997409e-10
1.90700000000000e+01	2.01313714237284e-10
1.90800000000000e+01	1.99486536521403e-10
1.90900000000000e+01	1.97667715423564e-10
1.91000000000000e+01	1.95855986963724e-10
1.91100000000000e+01	1.94050982189238e-10
1.91200000000000e+01	1.92253064563290e-10
1.91300000000000e+01	1.90464174995227e-10
1.91400000000000e+01	1.88687077568714e-10
1.91500000000000e+01	1.86925973902941e-10
1.91600000000000e+01	1.85187554339551e-10
1.91700000000000e+01	1.83476286008808e-10
1.91800000000000e+01	1.81797371169230e-10
1.91900000000000e+01	1.80157115759865e-10
1.92000000000000e+01	1.78558840034734e-10
1.92100000000000e+01	1.77004855032876e-10
1.92200000000000e+01	1.75496286015462e-10
1.92300000000000e+01	1.74032624299386e-10
1.92400000000000e+01	1.72611874238536e-10
1.92500000000000e+01	1.71230216400767e-10
1.92600000000000e+01	1.69883459445434e-10
1.92700000000000e+01	1.68567376598702e-10
1.92800000000000e+01	1.67277109541451e-10
1.92900000000000e+01	1.66007709722493e-10
1.93000000000000e+01	1.64755392457141e-10
1.93100000000000e+01	1.63517048735903e-10
1.93200000000000e+01	1.62289121911607e-10
1.93300000000000e+01	1.61070712810282e-10
1.93400000000000e+01	1.59859502789759e-10
1.93500000000000e+01	1.58654827327211e-10
1.93600000000000e+01	1.57455468097861e-10
1.93700000000000e+01	1.56261528865760e-10
1.93800000000000e+01	1.55072495802541e-10
1.93900000000000e+01	1.53888892524171e-10
1.94000000000000e+01	1.52709811339139e-10
1.94100000000000e+01	1.51536183335305e-10
1.94200000000000e+01	1.50367267245132e-10
1.94300000000000e+01	1.49203882637734e-10
1.94400000000000e+01	1.48044895575048e-10
1.94500000000000e+01	1.46891560147139e-10
1.94600000000000e+01	1.45742495059871e-10
1.94700000000000e+01	1.44599444349097e-10
1.94800000000000e+01	1.43461211357471e-10
1.94900000000000e+01	1.42327842555209e-10
1.95000000000000e+01	1.41200340700242e-10
1.95100000000000e+01	1.40077356486735e-10
1.95200000000000e+01	1.38960318170691e-10
1.95300000000000e+01	1.37847646237129e-10
1.95400000000000e+01	1.36740264208561e-10
1.95500000000000e+01	1.35638058944566e-10
1.95600000000000e+01	1.34541598704826e-10
1.95700000000000e+01	1.33449945089364e-10
1.95800000000000e+01	1.32364894166787e-10
1.95900000000000e+01	1.31285666039117e-10
1.96000000000000e+01	1.30212448163670e-10
1.96100000000000e+01	1.29146390068199e-10
1.96200000000000e+01	1.28087869641368e-10
1.96300000000000e+01	1.27037388100042e-10
1.96400000000000e+01	1.25994402118505e-10
1.96500000000000e+01	1.24959611056094e-10
1.96600000000000e+01	1.23933461441485e-10
1.96700000000000e+01	1.22915907741921e-10
1.96800000000000e+01	1.21907427337832e-10
1.96900000000000e+01	1.20906902032563e-10
1.97000000000000e+01	1.19914566133542e-10
1.97100000000000e+01	1.18929956563314e-10
1.97200000000000e+01	1.17953161575712e-10
1.97300000000000e+01	1.16982818703997e-10
1.97400000000000e+01	1.16018391148447e-10
1.97500000000000e+01	1.15058829148829e-10
1.97600000000000e+01	1.14101774857524e-10
1.97700000000000e+01	1.13145018426356e-10
1.97800000000000e+01	1.12184700506490e-10
1.97900000000000e+01	1.11215702258742e-10
1.98000000000000e+01	1.10230438419371e-10
1.98100000000000e+01	1.09218596348066e-10
1.98200000000000e+01	1.08166891069239e-10
1.98300000000000e+01	1.07058488406706e-10
1.98400000000000e+01	1.05870774618818e-10
1.98500000000000e+01	1.04579168022757e-10
1.98600000000000e+01	1.03151737807022e-10
1.98700000000000e+01	1.01553722790692e-10
1.98800000000000e+01	9.97463400171759e-11
1.98900000000000e+01	9.76858909313379e-11
1.99000000000000e+01	9.53251562140092e-11
1.99100000000000e+01	9.26125783826517e-11
1.99200000000000e+01	8.94902934287793e-11
1.99300000000000e+01	8.58938930839404e-11
1.99400000000000e+01	8.17483336051666e-11
1.99500000000000e+01	7.69659744815465e-11
1.99600000000000e+01	7.14412134510790e-11
1.99700000000000e+01	6.50480521813490e-11
1.99800000000000e+01	5.76375919724761e-11
1.99900000000000e+01	4.90413544766324e-11
2.00000000000000e+01	3.91018993091868e-11
