1.00000000000000e-02	5.43530678936412e+11
2.00000000000000e-02	3.39789119639922e+10
3.00000000000000e-02	6.71460316824405e+09
4.00000000000000e-02	2.12574580285579e+09
5.00000000000000e-02	8.71341936880594e+08
6.00000000000000e-02	4.20581388974307e+08
7.00000000000000e-02	2.27258077215897e+08
8.00000000000000e-02	1.33376509418474e+08
9.00000000000000e-02	8.33805196116108e+07
1.00000000000000e-01	5.47900255740635e+07
1.10000000000000e-01	3.74858563076344e+07
1.20000000000000e-01	2.65166825507358e+07
1.30000000000000e-01	1.92906466229871e+07
1.40000000000000e-01	1.43732384156217e+07
1.50000000000000e-01	1.09323906981859e+07
1.60000000000000e-01	8.46604279083456e+06
1.70000000000000e-01	6.66069374158427e+06
1.80000000000000e-01	5.31430228387451e+06
1.90000000000000e-01	4.29349644282545e+06
2.00000000000000e-01	3.50802118164784e+06
2.10000000000000e-01	2.89553065970505e+06
2.20000000000000e-01	2.41220198034158e+06
2.30000000000000e-01	2.02651207770991e+06
2.40000000000000e-01	1.71571880812910e+06
2.50000000000000e-01	1.46292401935546e+06
2.60000000000000e-01	1.25560615478476e+06
2.70000000000000e-01	1.08421121067516e+06
2.80000000000000e-01	9.41537793388502e+05
2.90000000000000e-01	8.21935002550520e+05
3.00000000000000e-01	7.21056346409627e+05
3.10000000000000e-01	6.35474569892893e+05
3.20000000000000e-01	5.62471279124106e+05
3.30000000000000e-01	4.99880686999574e+05
3.40000000000000e-01	4.45949589156752e+05
3.50000000000000e-01	3.99284356100342e+05
3.60000000000000e-01	3.58718802237148e+05
3.70000000000000e-01	3.23319855090942e+05
3.80000000000000e-01	2.92310289562957e+05
3.90000000000000e-01	2.65044135316780e+05
4.00000000000000e-01	2.40990231426265e+05
4.10000000000000e-01	2.19696213982191e+05
4.20000000000000e-01	2.00791808575370e+05
4.30000000000000e-01	1.83954863105480e+05
4.40000000000000e-01	1.68919774688782e+05
4.50000000000000e-01	1.55454892234381e+05
4.60000000000000e-01	1.43365038424491e+05
4.70000000000000e-01	1.32485485410235e+05
4.80000000000000e-01	1.22669517318684e+05
4.90000000000000e-01	1.13793106718744e+05
5.00000000000000e-01	1.05748748589066e+05
5.10000000000000e-01	9.84416798874778e+04
5.20000000000000e-01	9.17958636438129e+04
5.30000000000000e-01	8.57335248195549e+04
5.40000000000000e-01	8.01976903195027e+04
5.50000000000000e-01	7.51321035945864e+04
5.60000000000000e-01	7.04864142491181e+04
5.70000000000000e-01	6.62209598476162e+04
5.80000000000000e-01	6.22996609379317e+04
5.90000000000000e-01	5.86854191262840e+04
6.00000000000000e-01	5.53526778253603e+04
6.10000000000000e-01	5.22717199663950e+04
6.20000000000000e-01	4.94219268038041e+04
6.30000000000000e-01	4.67813876514162e+04
6.40000000000000e-01	4.43321862075046e+04
6.50000000000000e-01	4.20565759606848e+04
6.60000000000000e-01	3.99409395319198e+04
6.70000000000000e-01	3.79686271401709e+04
6.80000000000000e-01	3.61310592644931e+04
6.90000000000000e-01	3.44162412837739e+04
7.00000000000000e-01	3.28135212698894e+04
7.10000000000000e-01	3.13137452271647e+04
7.20000000000000e-01	2.99093715439135e+04
7.30000000000000e-01	2.85932362974802e+04
7.40000000000000e-01	2.73575716336652e+04
7.50000000000000e-01	2.61975848024827e+04
7.60000000000000e-01	2.51066272727540e+04
7.70000000000000e-01	2.40803778615678e+04
7.80000000000000e-01	2.31132443108626e+04
7.90000000000000e-01	2.22016210982614e+04
8.00000000000000e-01	2.13412462060897e+04
8.10000000000000e-01	2.05290181610409e+04
8.20000000000000e-01	1.97613167209120e+04
8.30000000000000e-01	1.90349646523051e+04
8.40000000000000e-01	1.83480672532450e+04
8.50000000000000e-01	1.76963874646017e+04
8.60000000000000e-01	1.70790070025896e+04
8.70000000000000e-01	1.64930839734264e+04
8.80000000000000e-01	1.59364787326262e+04
8.90000000000000e-01	1.54078793552264e+04
9.00000000000000e-01	1.49051509231369e+04
9.10000000000000e-01	1.44263846007005e+04
9.20000000000000e-01	1.39707758902707e+04
9.30000000000000e-01	1.35366174457120e+04
9.40000000000000e-01	1.31227839972804e+04
9.50000000000000e-01	1.27275845354335e+04
9.60000000000000e-01	1.23500929363652e+04
9.70000000000000e-01	1.19894177174530e+04
9.80000000000000e-01	1.16447392472863e+04
9.90000000000000e-01	1.13145568047876e+04
1.00000000000000e+00	1.09989030094917e+04
1.01000000000000e+00	1.06958736858883e+04
1.02000000000000e+00	1.04053838610340e+04
1.03000000000000e+00	1.01267881128372e+04
1.04000000000000e+00	9.85905073122496e+03
1.05000000000000e+00	9.60160703721436e+03
1.06000000000000e+00	9.35409988512982e+03
1.07000000000000e+00	9.11596794329868e+03
1.08000000000000e+00	8.88624240217910e+03
1.09000000000000e+00	8.66471458106219e+03
1.10000000000000e+00	8.45094180682869e+03
1.11000000000000e+00	8.24434730353609e+03
1.12000000000000e+00	8.04437540799677e+03
1.13000000000000e+00	7.85076404195569e+03
1.14000000000000e+00	7.66309219876185e+03
1.15000000000000e+00	7.48084536383150e+03
1.16000000000000e+00	7.30349581680247e+03
1.17000000000000e+00	7.13092664829973e+03
1.18000000000000e+00	6.96250830293820e+03
1.19000000000000e+00	6.79783505609982e+03
1.20000000000000e+00	6.63646909670807e+03
1.21000000000000e+00	6.47790287527076e+03
1.22000000000000e+00	6.32173256787166e+03
1.23000000000000e+00	6.16749240497344e+03
1.24000000000000e+00	6.01453278820754e+03
1.25000000000000e+00	5.86245704344833e+03
1.26000000000000e+00	5.71043483186016e+03
1.27000000000000e+00	5.55824554590618e+03
1.28000000000000e+00	5.40505197337110e+03
1.29000000000000e+00	5.25062471150314e+03
1.30000000000000e+00	5.09437856032971e+03
1.31000000000000e+00	4.93617746040633e+03
1.32000000000000e+00	4.77580925114573e+03
1.33000000000000e+00	4.61335306840148e+03
1.34000000000000e+00	4.44898775027883e+03
1.35000000000000e+00	4.28339856167945e+03
1.36000000000000e+00	4.11725798029448e+03
1.37000000000000e+00	3.95165453579402e+03
1.38000000000000e+00	3.78789081481831e+03
1.39000000000000e+00	3.62756697420474e+03
1.40000000000000e+00	3.47270585856531e+03
1.41000000000000e+00	3.32555128901654e+03
1.42000000000000e+00	3.18876472835019e+03
1.43000000000000e+00	3.06547307301708e+03
1.44000000000000e+00	2.95924964077461e+03
1.45000000000000e+00	2.87406062377563e+03
1.46000000000000e+00	2.81449856577378e+03
1.47000000000000e+00	2.78532411340931e+03
1.48000000000000e+00	2.79190707965779e+03
1.49000000000000e+00	2.83951734440995e+03
1.50000000000000e+00	2.93345270583758e+03
1.51000000000000e+00	3.07868231921530e+03
1.52000000000000e+00	3.27944642888649e+03
1.53000000000000e+00	3.53921400655435e+03
1.54000000000000e+00	3.85996877738016e+03
1.55000000000000e+00	4.24221028578042e+03
1.56000000000000e+00	4.68497749627141e+03
1.57000000000000e+00	5.18521778462325e+03
1.58000000000000e+00	5.73784267365803e+03
1.59000000000000e+00	6.33571478158727e+03
1.60000000000000e+00	6.96943716284293e+03
1.61000000000000e+00	7.62740011694832e+03
1.62000000000000e+00	8.29517919431337e+03
1.63000000000000e+00	8.95611167550913e+03
1.64000000000000e+00	9.59139136782488e+03
1.65000000000000e+00	1.01818806899473e+04
1.66000000000000e+00	1.07091694941296e+04
1.67000000000000e+00	1.11596258770343e+04
1.68000000000000e+00	1.15246208460895e+04
1.69000000000000e+00	1.18029398992996e+04
1.70000000000000e+00	1.19997553611265e+04
1.71000000000000e+00	1.21281946160973e+04
1.72000000000000e+00	1.22109170619815e+04
1.73000000000000e+00	1.22820882966686e+04
1.74000000000000e+00	1.23892152339960e+04
1.75000000000000e+00	1.25876025911553e+04
1.76000000000000e+00	1.29371632761806e+04
1.77000000000000e+00	1.34945950143518e+04
1.78000000000000e+00	1.43096494507032e+04
1.79000000000000e+00	1.54182547054209e+04
1.80000000000000e+00	1.68355490447860e+04
1.81000000000000e+00	1.85514707192381e+04
1.82000000000000e+00	2.05314977026080e+04
1.83000000000000e+00	2.27275636056484e+04
1.84000000000000e+00	2.50939726092896e+04
1.85000000000000e+00	2.76042831849460e+04
1.86000000000000e+00	3.02505007662269e+04
1.87000000000000e+00	3.30397756260545e+04
1.88000000000000e+00	3.59833667706838e+04
1.89000000000000e+00	3.90886028787512e+04
1.90000000000000e+00	4.23569557037004e+04
1.91000000000000e+00	4.57764605175591e+04
1.92000000000000e+00	4.93253129383338e+04
1.93000000000000e+00	5.29626014237780e+04
1.94000000000000e+00	5.66317962020357e+04
1.95000000000000e+00	6.02603633349509e+04
1.96000000000000e+00	6.37647315876695e+04
1.97000000000000e+00	6.70566756900722e+04
1.98000000000000e+00	7.00512122731206e+04
1.99000000000000e+00	7.26728843119255e+04
2.00000000000000e+00	7.48559917142017e+04
2.01000000000000e+00	7.65462642415586e+04
2.02000000000000e+00	7.77018827835104e+04
2.03000000000000e+00	7.82919340132946e+04
2.04000000000000e+00	7.82962684800820e+04
2.05000000000000e+00	7.77113937845010e+04
2.06000000000000e+00	7.65464799336750e+04
2.07000000000000e+00	7.48203688711762e+04
2.08000000000000e+00	7.25611357299654e+04
2.09000000000000e+00	6.97943367384771e+04
2.10000000000000e+00	6.65465515891117e+04
2.11000000000000e+00	6.28559409412464e+04
2.12000000000000e+00	5.87816783124325e+04
2.13000000000000e+00	5.44257233119176e+04
2.14000000000000e+00	4.99343340664807e+04
2.15000000000000e+00	4.54777515225568e+04
2.16000000000000e+00	4.12233466820868e+04
2.17000000000000e+00	3.72944869620354e+04
2.18000000000000e+00	3.37570009325462e+04
2.19000000000000e+00	3.06122787221275e+04
2.20000000000000e+00	2.78176851843358e+04
2.21000000000000e+00	2.53068723735490e+04
2.22000000000000e+00	2.30139536449100e+04
2.23000000000000e+00	2.08959864877727e+04
2.24000000000000e+00	1.89412621395133e+04
2.25000000000000e+00	1.71708581694349e+04
2.26000000000000e+00	1.56231115576694e+04
2.27000000000000e+00	1.43364953929831e+04
2.28000000000000e+00	1.33371753522246e+04
2.29000000000000e+00	1.26333203087225e+04
2.30000000000000e+00	1.22150620100736e+04
2.31000000000000e+00	1.20571596124602e+04
2.32000000000000e+00	1.21202438839683e+04
2.33000000000000e+00	1.23503959711251e+04
2.34000000000000e+00	1.26789851900577e+04
2.35000000000000e+00	1.30276415555353e+04
2.36000000000000e+00	1.33151723098599e+04
2.37000000000000e+00	1.34689297705306e+04
2.38000000000000e+00	1.34353662337930e+04
2.39000000000000e+00	1.31840462988126e+04
2.40000000000000e+00	1.27098493733161e+04
2.41000000000000e+00	1.20310278608687e+04
2.42000000000000e+00	1.11863307892240e+04
2.43000000000000e+00	1.02289488379282e+04
2.44000000000000e+00	9.21733749487669e+03
2.45000000000000e+00	8.20774034008868e+03
2.46000000000000e+00	7.24623784360283e+03
2.47000000000000e+00	6.36738792766962e+03
2.48000000000000e+00	5.59262721983833e+03
2.49000000000000e+00	4.93294482704590e+03
2.50000000000000e+00	4.38978509222918e+03
2.51000000000000e+00	3.95823667987590e+03
2.52000000000000e+00	3.62802240225237e+03
2.53000000000000e+00	3.38550672671062e+03
2.54000000000000e+00	3.21505735133418e+03
2.55000000000000e+00	3.10058585970932e+03
2.56000000000000e+00	3.02633509274876e+03
2.57000000000000e+00	2.97770777765346e+03
2.58000000000000e+00	2.94172455560932e+03
2.59000000000000e+00	2.90730193172038e+03
2.60000000000000e+00	2.86433240153769e+03
2.61000000000000e+00	2.80432861655348e+03
2.62000000000000e+00	2.72022692041106e+03
2.63000000000000e+00	2.60785219552085e+03
2.64000000000000e+00	2.46856995078784e+03
2.65000000000000e+00	2.31064018245633e+03
2.66000000000000e+00	2.14877821240048e+03
2.67000000000000e+00	2.00037710786887e+03
2.68000000000000e+00	1.88130023381882e+03
2.69000000000000e+00	1.80336664617592e+03
2.70000000000000e+00	1.77437507429424e+03
2.71000000000000e+00	1.79973680573973e+03
2.72000000000000e+00	1.88419754274550e+03
2.73000000000000e+00	2.03315972949779e+03
2.74000000000000e+00	2.25297088398192e+03
2.75000000000000e+00	2.55095347480125e+03
2.76000000000000e+00	2.93477103767148e+03
2.77000000000000e+00	3.41216703093377e+03
2.78000000000000e+00	3.99003928245829e+03
2.79000000000000e+00	4.67488229364812e+03
2.80000000000000e+00	5.47171930733436e+03
2.81000000000000e+00	6.38430244515906e+03
2.82000000000000e+00	7.41434671394245e+03
2.83000000000000e+00	8.55937905343930e+03
2.84000000000000e+00	9.81133169183912e+03
2.85000000000000e+00	1.11530261286146e+04
2.86000000000000e+00	1.25557653245007e+04
2.87000000000000e+00	1.39793195302826e+04
2.88000000000000e+00	1.53722277230770e+04
2.89000000000000e+00	1.66759587547706e+04
2.90000000000000e+00	1.78287193003459e+04
2.91000000000000e+00	1.87726758407223e+04
2.92000000000000e+00	1.94572332675995e+04
2.93000000000000e+00	1.98459614089712e+04
2.94000000000000e+00	1.99214127487482e+04
2.95000000000000e+00	1.96880449185638e+04
2.96000000000000e+00	1.91757465554776e+04
2.97000000000000e+00	1.84347809249064e+04
2.98000000000000e+00	1.75312752954354e+04
2.99000000000000e+00	1.65340855056006e+04
3.00000000000000e+00	1.55072404875122e+04
3.01000000000000e+00	1.45004585441422e+04
3.02000000000000e+00	1.35472828398949e+04
3.03000000000000e+00	1.26672174830906e+04
3.04000000000000e+00	1.18692258499047e+04
3.05000000000000e+00	1.11557244056926e+04
3.06000000000000e+00	1.05256138444974e+04
3.07000000000000e+00	9.97679659569020e+03
3.08000000000000e+00	9.50610834295302e+03
3.09000000000000e+00	9.10874886518235e+03
3.10000000000000e+00	8.77928255088159e+03
3.11000000000000e+00	8.50989410877487e+03
3.12000000000000e+00	8.29092834899358e+03
3.13000000000000e+00	8.11042690487780e+03
3.14000000000000e+00	7.95422458354747e+03
3.15000000000000e+00	7.80682797053681e+03
3.16000000000000e+00	7.65355739658550e+03
3.17000000000000e+00	7.48202746256642e+03
3.18000000000000e+00	7.28492831786062e+03
3.19000000000000e+00	7.06116162129167e+03
3.20000000000000e+00	6.81539886643726e+03
3.21000000000000e+00	6.55614076050661e+03
3.22000000000000e+00	6.29217948134762e+03
3.23000000000000e+00	6.03051908557083e+03
3.24000000000000e+00	5.77471770867620e+03
3.25000000000000e+00	5.52475746525966e+03
3.26000000000000e+00	5.27857964214323e+03
3.27000000000000e+00	5.03296496151264e+03
3.28000000000000e+00	4.78503761799697e+03
3.29000000000000e+00	4.53307010299687e+03
3.30000000000000e+00	4.27705185225564e+03
3.31000000000000e+00	4.01856358339911e+03
3.32000000000000e+00	3.76102490388745e+03
3.33000000000000e+00	3.50843593128358e+03
3.34000000000000e+00	3.26520827527513e+03
3.35000000000000e+00	3.03507412121888e+03
3.36000000000000e+00	2.82098672550053e+03
3.37000000000000e+00	2.62511913691765e+03
3.38000000000000e+00	2.44891347294694e+03
3.39000000000000e+00	2.29349750418689e+03
3.40000000000000e+00	2.15991168670580e+03
3.41000000000000e+00	2.04891512126673e+03
3.42000000000000e+00	1.96088632409652e+03
3.43000000000000e+00	1.89592692699049e+03
3.44000000000000e+00	1.85353051447652e+03
3.45000000000000e+00	1.83274747977516e+03
3.46000000000000e+00	1.83232402190331e+03
3.47000000000000e+00	1.85063447079421e+03
3.48000000000000e+00	1.88601172703995e+03
3.49000000000000e+00	1.93682662383159e+03
3.50000000000000e+00	2.00163547401198e+03
3.51000000000000e+00	2.07928625249874e+03
3.52000000000000e+00	2.16914327972855e+03
3.53000000000000e+00	2.27085429779217e+03
3.54000000000000e+00	2.38448649150463e+03
3.55000000000000e+00	2.51011982269368e+03
3.56000000000000e+00	2.64773753458862e+03
3.57000000000000e+00	2.79709247280570e+03
3.58000000000000e+00	2.95769374766440e+03
3.59000000000000e+00	3.12894247842478e+03
3.60000000000000e+00	3.31048344224725e+03
3.61000000000000e+00	3.50217655713414e+03
3.62000000000000e+00	3.70436561684708e+03
3.63000000000000e+00	3.91770317463624e+03
3.64000000000000e+00	4.14325222836835e+03
3.65000000000000e+00	4.38196112028897e+03
3.66000000000000e+00	4.63472076034656e+03
3.67000000000000e+00	4.90176301016039e+03
3.68000000000000e+00	5.18223149260393e+03
3.69000000000000e+00	5.47395085093182e+03
3.70000000000000e+00	5.77232131780955e+03
3.71000000000000e+00	6.07025745967318e+03
3.72000000000000e+00	6.35805544346231e+03
3.73000000000000e+00	6.62359546885885e+03
3.74000000000000e+00	6.85380117242451e+03
3.75000000000000e+00	7.03578817649568e+03
3.76000000000000e+00	7.15833229483182e+03
3.77000000000000e+00	7.21258970036847e+03
3.78000000000000e+00	7.19271581261803e+03
3.79000000000000e+00	7.09545763812170e+03
3.80000000000000e+00	6.92006512647779e+03
3.81000000000000e+00	6.66831654924501e+03
3.82000000000000e+00	6.34440161716157e+03
3.83000000000000e+00	5.95545531794487e+03
3.84000000000000e+00	5.51097489875338e+03
3.85000000000000e+00	5.02324742926666e+03
3.86000000000000e+00	4.50638418790239e+03
3.87000000000000e+00	3.97551262198738e+03
3.88000000000000e+00	3.44604757356072e+03
3.89000000000000e+00	2.93269448771869e+03
3.90000000000000e+00	2.44858026065268e+03
3.91000000000000e+00	2.00467620903068e+03
3.92000000000000e+00	1.60961809674153e+03
3.93000000000000e+00	1.26954870704461e+03
3.94000000000000e+00	9.88385787552263e+02
3.95000000000000e+00	7.68041251844010e+02
3.96000000000000e+00	6.08662727832977e+02
3.97000000000000e+00	5.08799585642856e+02
3.98000000000000e+00	4.65507472879282e+02
3.99000000000000e+00	4.74468566210576e+02
4.00000000000000e+00	5.30130051598640e+02
4.01000000000000e+00	6.25865607978513e+02
4.02000000000000e+00	7.54067465865843e+02
4.03000000000000e+00	9.06108729611009e+02
4.04000000000000e+00	1.07228271083022e+03
4.05000000000000e+00	1.24187250025491e+03
4.06000000000000e+00	1.40331209591262e+03
4.07000000000000e+00	1.54512264476720e+03
4.08000000000000e+00	1.65682765798822e+03
4.09000000000000e+00	1.73022638465535e+03
4.10000000000000e+00	1.76053748604122e+03
4.11000000000000e+00	1.74687004131030e+03
4.12000000000000e+00	1.69253384857675e+03
4.13000000000000e+00	1.60441425439624e+03
4.14000000000000e+00	1.49226385749144e+03
4.15000000000000e+00	1.36738423114503e+03
4.16000000000000e+00	1.24146974333094e+03
4.17000000000000e+00	1.12543748488275e+03
4.18000000000000e+00	1.02835923856787e+03
4.19000000000000e+00	9.56980381728249e+02
4.20000000000000e+00	9.15251550615885e+02
4.21000000000000e+00	9.04368292042502e+02
4.22000000000000e+00	9.22913913997700e+02
4.23000000000000e+00	9.67114799591462e+02
4.24000000000000e+00	1.03124088849610e+03
4.25000000000000e+00	1.10815328921537e+03
4.26000000000000e+00	1.19000059379596e+03
4.27000000000000e+00	1.26898544518687e+03
4.28000000000000e+00	1.33825062320929e+03
4.29000000000000e+00	1.39252512573611e+03
4.30000000000000e+00	1.42839865778169e+03
4.31000000000000e+00	1.44430173503824e+03
4.32000000000000e+00	1.44024442269943e+03
4.33000000000000e+00	1.41726634950575e+03
4.34000000000000e+00	1.37708511056145e+03
4.35000000000000e+00	1.32182543700827e+03
4.36000000000000e+00	1.25372074026148e+03
4.37000000000000e+00	1.17514686698107e+03
4.38000000000000e+00	1.08852640256814e+03
4.39000000000000e+00	9.96266833284401e+02
4.40000000000000e+00	9.00724032354724e+02
4.41000000000000e+00	8.04123482141201e+02
4.42000000000000e+00	7.08515225702973e+02
4.43000000000000e+00	6.15735106039861e+02
4.44000000000000e+00	5.27431022951393e+02
4.45000000000000e+00	4.45034806847496e+02
4.46000000000000e+00	3.69727263595608e+02
4.47000000000000e+00	3.02419416750723e+02
4.48000000000000e+00	2.43705517491239e+02
4.49000000000000e+00	1.93828099248923e+02
4.50000000000000e+00	1.52683621533982e+02
4.51000000000000e+00	1.19850785102258e+02
4.52000000000000e+00	9.46504216957273e+01
4.53000000000000e+00	7.62294596354213e+01
4.54000000000000e+00	6.36484121814375e+01
4.55000000000000e+00	5.59658343943276e+01
4.56000000000000e+00	5.23092123240339e+01
4.57000000000000e+00	5.19242801590863e+01
4.58000000000000e+00	5.41999291686294e+01
4.59000000000000e+00	5.86760988788564e+01
4.60000000000000e+00	6.50336286529341e+01
4.61000000000000e+00	7.30753818626807e+01
4.62000000000000e+00	8.26987683739318e+01
4.63000000000000e+00	9.38658308370171e+01
4.64000000000000e+00	1.06574890486354e+02
4.65000000000000e+00	1.20829659796493e+02
4.66000000000000e+00	1.36620310204298e+02
4.67000000000000e+00	1.53900067435230e+02
4.68000000000000e+00	1.72575694974535e+02
4.69000000000000e+00	1.92490479066587e+02
4.70000000000000e+00	2.13417843155229e+02
4.71000000000000e+00	2.35041814592763e+02
4.72000000000000e+00	2.56953499650366e+02
4.73000000000000e+00	2.78647703317358e+02
4.74000000000000e+00	2.99554571243729e+02
4.75000000000000e+00	3.19060753264023e+02
4.76000000000000e+00	3.36572113896608e+02
4.77000000000000e+00	3.51563272169429e+02
4.78000000000000e+00	3.63602516738618e+02
4.79000000000000e+00	3.72385946348007e+02
4.80000000000000e+00	3.77713679878937e+02
4.81000000000000e+00	3.79470901397383e+02
4.82000000000000e+00	3.77604851174941e+02
4.83000000000000e+00	3.72092750937896e+02
4.84000000000000e+00	3.62927622056780e+02
4.85000000000000e+00	3.50118011606404e+02
4.86000000000000e+00	3.33701407985276e+02
4.87000000000000e+00	3.13736764883626e+02
4.88000000000000e+00	2.90338722285379e+02
4.89000000000000e+00	2.63705649311808e+02
4.90000000000000e+00	2.34170260196189e+02
4.91000000000000e+00	2.02235635829507e+02
4.92000000000000e+00	1.68641301846845e+02
4.93000000000000e+00	1.34390877474190e+02
4.94000000000000e+00	1.00772020150057e+02
4.95000000000000e+00	6.93554197063820e+01
4.96000000000000e+00	4.19426741665474e+01
4.97000000000000e+00	2.04940130917040e+01
4.98000000000000e+00	6.98927831271367e+00
4.99000000000000e+00	3.25219391579618e+00
5.00000000000000e+00	1.07300669166866e+01
5.01000000000000e+00	3.02593705677531e+01
5.02000000000000e+00	6.18606721744356e+01
5.03000000000000e+00	1.04613931144515e+02
5.04000000000000e+00	1.56660322310642e+02
5.05000000000000e+00	2.15359112894524e+02
5.06000000000000e+00	2.77560912577575e+02
5.07000000000000e+00	3.39968522031690e+02
5.08000000000000e+00	3.99487203286007e+02
5.09000000000000e+00	4.53531476062874e+02
5.10000000000000e+00	5.00221704454571e+02
5.11000000000000e+00	5.38491104580627e+02
5.12000000000000e+00	5.68053876060982e+02
5.13000000000000e+00	5.89334788766983e+02
5.14000000000000e+00	6.03295273378764e+02
5.15000000000000e+00	6.11241374159463e+02
5.16000000000000e+00	6.14611225933941e+02
5.17000000000000e+00	6.14831413091113e+02
5.18000000000000e+00	6.13105104435635e+02
5.19000000000000e+00	6.10348666581985e+02
5.20000000000000e+00	6.07121621427613e+02
5.21000000000000e+00	6.03564919309942e+02
5.22000000000000e+00	5.99465407636643e+02
5.23000000000000e+00	5.94317082895426e+02
5.24000000000000e+00	5.87398667728960e+02
5.25000000000000e+00	5.77897277536059e+02
5.26000000000000e+00	5.65061301568825e+02
5.27000000000000e+00	5.48293094680529e+02
5.28000000000000e+00	5.27291596961188e+02
5.29000000000000e+00	5.02066639177635e+02
5.30000000000000e+00	4.73001045236624e+02
5.31000000000000e+00	4.40776076095961e+02
5.32000000000000e+00	4.06292873830432e+02
5.33000000000000e+00	3.70584019302124e+02
5.34000000000000e+00	3.34674064649756e+02
5.35000000000000e+00	2.99510129922747e+02
5.36000000000000e+00	2.65895901433593e+02
5.37000000000000e+00	2.34456532611089e+02
5.38000000000000e+00	2.05620448599209e+02
5.39000000000000e+00	1.79650807206551e+02
5.40000000000000e+00	1.56658334694665e+02
5.41000000000000e+00	1.36638226403628e+02
5.42000000000000e+00	1.19519432735487e+02
5.43000000000000e+00	1.05205316578821e+02
5.44000000000000e+00	9.36127522126334e+01
5.45000000000000e+00	8.47076296448887e+01
5.46000000000000e+00	7.85268016443552e+01
5.47000000000000e+00	7.51810722913421e+01
5.48000000000000e+00	7.48450908412564e+01
5.49000000000000e+00	7.77270052673955e+01
5.50000000000000e+00	8.40124318829234e+01
5.51000000000000e+00	9.38170386239833e+01
5.52000000000000e+00	1.07125576241757e+02
5.53000000000000e+00	1.23748515630689e+02
5.54000000000000e+00	1.43302458081936e+02
5.55000000000000e+00	1.65210202168575e+02
5.56000000000000e+00	1.88731747569712e+02
5.57000000000000e+00	2.13007414696322e+02
5.58000000000000e+00	2.37125625489911e+02
5.59000000000000e+00	2.60202879895529e+02
5.60000000000000e+00	2.81421114945501e+02
5.61000000000000e+00	3.00126761423453e+02
5.62000000000000e+00	3.15829785939062e+02
5.63000000000000e+00	3.28251925563745e+02
5.64000000000000e+00	3.37294233751948e+02
5.65000000000000e+00	3.43036333265376e+02
5.66000000000000e+00	3.45696605796008e+02
5.67000000000000e+00	3.45594767005095e+02
5.68000000000000e+00	3.43122596816732e+02
5.69000000000000e+00	3.38692131952459e+02
5.70000000000000e+00	3.32747028452023e+02
5.71000000000000e+00	3.25716954485734e+02
5.72000000000000e+00	3.18009070738901e+02
5.73000000000000e+00	3.10005646261847e+02
5.74000000000000e+00	3.02031852874685e+02
5.75000000000000e+00	2.94369378216961e+02
5.76000000000000e+00	2.87245331546675e+02
5.77000000000000e+00	2.80840828704002e+02
5.78000000000000e+00	2.75284945342422e+02
5.79000000000000e+00	2.70660160544449e+02
5.80000000000000e+00	2.67001049819810e+02
5.81000000000000e+00	2.64291795437275e+02
5.82000000000000e+00	2.62461500727265e+02
5.83000000000000e+00	2.61400371686155e+02
5.84000000000000e+00	2.60952803280383e+02
5.85000000000000e+00	2.60960271989950e+02
5.86000000000000e+00	2.61266288263412e+02
5.87000000000000e+00	2.61752459845128e+02
5.88000000000000e+00	2.62357791102321e+02
5.89000000000000e+00	2.63067460688395e+02
5.90000000000000e+00	2.63943593077739e+02
5.91000000000000e+00	2.65069830196811e+02
5.92000000000000e+00	2.66541219489144e+02
5.93000000000000e+00	2.68417464782553e+02
5.94000000000000e+00	2.70706617931216e+02
5.95000000000000e+00	2.73333493449756e+02
5.96000000000000e+00	2.76146422428220e+02
5.97000000000000e+00	2.78918970473006e+02
5.98000000000000e+00	2.81376424708480e+02
5.99000000000000e+00	2.83217039872716e+02
6.00000000000000e+00	2.84149663865764e+02
6.01000000000000e+00	2.83930446014726e+02
6.02000000000000e+00	2.82399384823587e+02
6.03000000000000e+00	2.79490424173446e+02
6.04000000000000e+00	2.75248094340342e+02
6.05000000000000e+00	2.69829871231654e+02
6.06000000000000e+00	2.63480465635334e+02
6.07000000000000e+00	2.56516424520483e+02
6.08000000000000e+00	2.49285855708217e+02
6.09000000000000e+00	2.42161146299250e+02
6.10000000000000e+00	2.35504395046600e+02
6.11000000000000e+00	2.29633677357856e+02
6.12000000000000e+00	2.24823178734199e+02
6.13000000000000e+00	2.21263898676653e+02
6.14000000000000e+00	2.19050208940944e+02
6.15000000000000e+00	2.18187235333223e+02
6.16000000000000e+00	2.18567738288680e+02
6.17000000000000e+00	2.19991563720234e+02
6.18000000000000e+00	2.22210265399846e+02
6.19000000000000e+00	2.24921014828296e+02
6.20000000000000e+00	2.27820689057971e+02
6.21000000000000e+00	2.30616900018740e+02
6.22000000000000e+00	2.33071317933741e+02
6.23000000000000e+00	2.34987556789780e+02
6.24000000000000e+00	2.36245908828091e+02
6.25000000000000e+00	2.36790110141790e+02
6.26000000000000e+00	2.36643512349154e+02
6.27000000000000e+00	2.35897109390266e+02
6.28000000000000e+00	2.34681677449387e+02
6.29000000000000e+00	2.33181278875275e+02
6.30000000000000e+00	2.31578913896476e+02
6.31000000000000e+00	2.30058620072609e+02
6.32000000000000e+00	2.28784557005359e+02
6.33000000000000e+00	2.27895836073205e+02
6.34000000000000e+00	2.27492958866810e+02
6.35000000000000e+00	2.27655517368482e+02
6.36000000000000e+00	2.28435269256048e+02
6.37000000000000e+00	2.29846184437987e+02
6.38000000000000e+00	2.31887311561110e+02
6.39000000000000e+00	2.34540390328399e+02
6.40000000000000e+00	2.37778497662369e+02
6.41000000000000e+00	2.41570045336769e+02
6.42000000000000e+00	2.45900182359879e+02
6.43000000000000e+00	2.50764080874724e+02
6.44000000000000e+00	2.56178864282293e+02
6.45000000000000e+00	2.62151853696083e+02
6.46000000000000e+00	2.68704134393200e+02
6.47000000000000e+00	2.75818871125102e+02
6.48000000000000e+00	2.83457528435032e+02
6.49000000000000e+00	2.91519585057297e+02
6.50000000000000e+00	2.99861444882876e+02
6.51000000000000e+00	3.08279942962830e+02
6.52000000000000e+00	3.16540559876609e+02
6.53000000000000e+00	3.24366666969811e+02
6.54000000000000e+00	3.31468712678804e+02
6.55000000000000e+00	3.37591012997491e+02
6.56000000000000e+00	3.42523599928294e+02
6.57000000000000e+00	3.46133007336595e+02
6.58000000000000e+00	3.48398375636285e+02
6.59000000000000e+00	3.49405380383468e+02
6.60000000000000e+00	3.49331787758894e+02
6.61000000000000e+00	3.48422948375334e+02
6.62000000000000e+00	3.46955163713685e+02
6.63000000000000e+00	3.45179116501913e+02
6.64000000000000e+00	3.43309399002407e+02
6.65000000000000e+00	3.41494176660327e+02
6.66000000000000e+00	3.39819207324846e+02
6.67000000000000e+00	3.38282053863499e+02
6.68000000000000e+00	3.36808060511855e+02
6.69000000000000e+00	3.35251274253742e+02
6.70000000000000e+00	3.33403012634109e+02
6.71000000000000e+00	3.31022620083728e+02
6.72000000000000e+00	3.27844815415502e+02
6.73000000000000e+00	3.23626871206669e+02
6.74000000000000e+00	3.18148427674394e+02
6.75000000000000e+00	3.11247401241166e+02
6.76000000000000e+00	3.02836872135094e+02
6.77000000000000e+00	2.92903523413780e+02
6.78000000000000e+00	2.81522690290573e+02
6.79000000000000e+00	2.68848152012665e+02
6.80000000000000e+00	2.55115285556689e+02
6.81000000000000e+00	2.40636112407401e+02
6.82000000000000e+00	2.25758581692379e+02
6.83000000000000e+00	2.10867941646121e+02
6.84000000000000e+00	1.96356554826787e+02
6.85000000000000e+00	1.82588986977147e+02
6.86000000000000e+00	1.69885591533320e+02
6.87000000000000e+00	1.58512921997614e+02
6.88000000000000e+00	1.48661131425101e+02
6.89000000000000e+00	1.40438857647514e+02
6.90000000000000e+00	1.33885488995180e+02
6.91000000000000e+00	1.28968437392612e+02
6.92000000000000e+00	1.25601725819972e+02
6.93000000000000e+00	1.23658077821522e+02
6.94000000000000e+00	1.22980010163198e+02
6.95000000000000e+00	1.23393618232751e+02
6.96000000000000e+00	1.24721337484635e+02
6.97000000000000e+00	1.26784331257188e+02
6.98000000000000e+00	1.29414699667495e+02
6.99000000000000e+00	1.32457529549196e+02
7.00000000000000e+00	1.35775540696731e+02
7.01000000000000e+00	1.39248661656797e+02
7.02000000000000e+00	1.42779461586766e+02
7.03000000000000e+00	1.46282767791804e+02
7.04000000000000e+00	1.49688531277692e+02
7.05000000000000e+00	1.52929350650225e+02
7.06000000000000e+00	1.55941936902423e+02
7.07000000000000e+00	1.58660812518548e+02
7.08000000000000e+00	1.61013617238618e+02
7.09000000000000e+00	1.62930717224132e+02
7.10000000000000e+00	1.64350567838572e+02
7.11000000000000e+00	1.65226356067541e+02
7.12000000000000e+00	1.65528452355577e+02
7.13000000000000e+00	1.65254803282236e+02
7.14000000000000e+00	1.64426985654620e+02
7.15000000000000e+00	1.63085489995651e+02
7.16000000000000e+00	1.61291530022541e+02
7.17000000000000e+00	1.59121438686729e+02
7.18000000000000e+00	1.56665890936085e+02
7.19000000000000e+00	1.54019060810060e+02
7.20000000000000e+00	1.51290013671855e+02
7.21000000000000e+00	1.48577023455242e+02
7.22000000000000e+00	1.45977666324481e+02
7.23000000000000e+00	1.43572581114488e+02
7.24000000000000e+00	1.41425581139152e+02
7.25000000000000e+00	1.39578228491585e+02
7.26000000000000e+00	1.38049047640290e+02
7.27000000000000e+00	1.36830606958530e+02
7.28000000000000e+00	1.35891730808325e+02
7.29000000000000e+00	1.35182551123028e+02
7.30000000000000e+00	1.34638965892622e+02
7.31000000000000e+00	1.34181727338902e+02
7.32000000000000e+00	1.33737497853781e+02
7.33000000000000e+00	1.33242725557543e+02
7.34000000000000e+00	1.32648271405265e+02
7.35000000000000e+00	1.31931281780378e+02
7.36000000000000e+00	1.31090847366494e+02
7.37000000000000e+00	1.30158073201035e+02
7.38000000000000e+00	1.29183638386912e+02
7.39000000000000e+00	1.28235693798425e+02
7.40000000000000e+00	1.27393792445637e+02
7.41000000000000e+00	1.26738771518007e+02
7.42000000000000e+00	1.26347695415382e+02
7.43000000000000e+00	1.26288153699415e+02
7.44000000000000e+00	1.26608103167389e+02
7.45000000000000e+00	1.27336740824990e+02
7.46000000000000e+00	1.28479925149970e+02
7.47000000000000e+00	1.30019429239022e+02
7.48000000000000e+00	1.31913155912932e+02
7.49000000000000e+00	1.34096636806811e+02
7.50000000000000e+00	1.36483160156682e+02
7.51000000000000e+00	1.38967011681333e+02
7.52000000000000e+00	1.41429450754767e+02
7.53000000000000e+00	1.43739032902789e+02
7.54000000000000e+00	1.45758864766415e+02
7.55000000000000e+00	1.47360783395073e+02
7.56000000000000e+00	1.48422530309326e+02
7.57000000000000e+00	1.48838916652323e+02
7.58000000000000e+00	1.48528403197224e+02
7.59000000000000e+00	1.47441231062899e+02
7.60000000000000e+00	1.45552365102362e+02
7.61000000000000e+00	1.42873386615234e+02
7.62000000000000e+00	1.39438477492379e+02
7.63000000000000e+00	1.35311420242806e+02
7.64000000000000e+00	1.30578155217815e+02
7.65000000000000e+00	1.25342446965278e+02
7.66000000000000e+00	1.19729563815939e+02
7.67000000000000e+00	1.13880438770389e+02
7.68000000000000e+00	1.07945456412284e+02
7.69000000000000e+00	1.02076518861344e+02
7.70000000000000e+00	9.64245918242944e+01
7.71000000000000e+00	9.11224759222443e+01
7.72000000000000e+00	8.62802160929221e+01
7.73000000000000e+00	8.19751242070983e+01
7.74000000000000e+00	7.82526163298241e+01
7.75000000000000e+00	7.51161377452236e+01
7.76000000000000e+00	7.25367035999914e+01
7.77000000000000e+00	7.04494640627204e+01
7.78000000000000e+00	6.87628242320210e+01
7.79000000000000e+00	6.73664554727673e+01
7.80000000000000e+00	6.61413273687021e+01
7.81000000000000e+00	6.49735657715552e+01
7.82000000000000e+00	6.37617087733680e+01
7.83000000000000e+00	6.24262783273418e+01
7.84000000000000e+00	6.09177216223972e+01
7.85000000000000e+00	5.92176005609732e+01
7.86000000000000e+00	5.73374344726351e+01
7.87000000000000e+00	5.53191254157953e+01
7.88000000000000e+00	5.32258733260757e+01
7.89000000000000e+00	5.11345621121243e+01
7.90000000000000e+00	4.91314668519592e+01
7.91000000000000e+00	4.72970053881385e+01
7.92000000000000e+00	4.57037577261727e+01
7.93000000000000e+00	4.44058145789251e+01
7.94000000000000e+00	4.34363311363403e+01
7.95000000000000e+00	4.28079881345720e+01
7.96000000000000e+00	4.25105317057305e+01
7.97000000000000e+00	4.25160326253383e+01
7.98000000000000e+00	4.27820049538554e+01
7.99000000000000e+00	4.32603994506369e+01
8.00000000000000e+00	4.38985421124684e+01
8.01000000000000e+00	4.46494405897378e+01
8.02000000000000e+00	4.54730971593371e+01
8.03000000000000e+00	4.63408037525024e+01
8.04000000000000e+00	4.72350110897834e+01
8.05000000000000e+00	4.81526263985727e+01
8.06000000000000e+00	4.90990510196021e+01
8.07000000000000e+00	5.00896483962046e+01
8.08000000000000e+00	5.11442882686857e+01
8.09000000000000e+00	5.22821926154772e+01
8.10000000000000e+00	5.35198292285555e+01
8.11000000000000e+00	5.48661034656644e+01
8.12000000000000e+00	5.63175240325799e+01
8.13000000000000e+00	5.78587361110468e+01
8.14000000000000e+00	5.94583825250552e+01
8.15000000000000e+00	6.10736842949416e+01
8.16000000000000e+00	6.26483467832399e+01
8.17000000000000e+00	6.41206025270225e+01
8.18000000000000e+00	6.54266831645581e+01
8.19000000000000e+00	6.65045693619151e+01
8.20000000000000e+00	6.72986851939463e+01
8.21000000000000e+00	6.77703412516903e+01
8.22000000000000e+00	6.78959381463983e+01
8.23000000000000e+00	6.76700155774973e+01
8.24000000000000e+00	6.71090650884111e+01
8.25000000000000e+00	6.62483362623772e+01
8.26000000000000e+00	6.51321953737143e+01
8.27000000000000e+00	6.38194724252132e+01
8.28000000000000e+00	6.23720430963948e+01
8.29000000000000e+00	6.08541276045378e+01
8.30000000000000e+00	5.93337392632898e+01
8.31000000000000e+00	5.78737895493193e+01
8.32000000000000e+00	5.65368818055314e+01
8.33000000000000e+00	5.53809974160757e+01
8.34000000000000e+00	5.44577407412624e+01
8.35000000000000e+00	5.38094428713021e+01
8.36000000000000e+00	5.34707346950344e+01
8.37000000000000e+00	5.34643400049648e+01
8.38000000000000e+00	5.38009774124436e+01
8.39000000000000e+00	5.44803801906781e+01
8.40000000000000e+00	5.54903755123955e+01
8.41000000000000e+00	5.68060676539774e+01
8.42000000000000e+00	5.83938059407852e+01
8.43000000000000e+00	6.02102493248303e+01
8.44000000000000e+00	6.22028574775231e+01
8.45000000000000e+00	6.43137829528623e+01
8.46000000000000e+00	6.64793433910234e+01
8.47000000000000e+00	6.86337832810838e+01
8.48000000000000e+00	7.07111136142837e+01
8.49000000000000e+00	7.26505353865877e+01
8.50000000000000e+00	7.43990750445822e+01
8.51000000000000e+00	7.59152115543017e+01
8.52000000000000e+00	7.71649777436833e+01
8.53000000000000e+00	7.81270608830207e+01
8.54000000000000e+00	7.87879077738384e+01
8.55000000000000e+00	7.91414766679654e+01
8.56000000000000e+00	7.91884854455067e+01
8.57000000000000e+00	7.89369201969833e+01
8.58000000000000e+00	7.84009574612423e+01
8.59000000000000e+00	7.75999500570372e+01
8.60000000000000e+00	7.65596157123719e+01
8.61000000000000e+00	7.53062936510276e+01
8.62000000000000e+00	7.38666174526002e+01
8.63000000000000e+00	7.22690181592171e+01
8.64000000000000e+00	7.05413052596114e+01
8.65000000000000e+00	6.87103106026179e+01
8.66000000000000e+00	6.68036367670747e+01
8.67000000000000e+00	6.48457035805396e+01
8.68000000000000e+00	6.28644987064694e+01
8.69000000000000e+00	6.08856754552222e+01
8.70000000000000e+00	5.89361114155458e+01
8.71000000000000e+00	5.70387680104782e+01
8.72000000000000e+00	5.52190502984355e+01
8.73000000000000e+00	5.34955681701674e+01
8.74000000000000e+00	5.18867964548067e+01
8.75000000000000e+00	5.04054831780193e+01
8.76000000000000e+00	4.90630811206901e+01
8.77000000000000e+00	4.78642079197167e+01
8.78000000000000e+00	4.68150393669568e+01
8.79000000000000e+00	4.59159772837158e+01
8.80000000000000e+00	4.51683474600069e+01
8.81000000000000e+00	4.45729139142570e+01
8.82000000000000e+00	4.41300914291151e+01
8.83000000000000e+00	4.38401814536096e+01
8.84000000000000e+00	4.37030337422039e+01
8.85000000000000e+00	4.37191831725759e+01
8.86000000000000e+00	4.38860742730624e+01
8.87000000000000e+00	4.42019416219475e+01
8.88000000000000e+00	4.46609693827831e+01
8.89000000000000e+00	4.52574944427223e+01
8.90000000000000e+00	4.59815522833366e+01
8.91000000000000e+00	4.68214665756573e+01
8.92000000000000e+00	4.77593845087784e+01
8.93000000000000e+00	4.87802056530160e+01
8.94000000000000e+00	4.98620065948389e+01
8.95000000000000e+00	5.09853162910898e+01
8.96000000000000e+00	5.21278406711152e+01
8.97000000000000e+00	5.32690325761895e+01
8.98000000000000e+00	5.43886303996891e+01
8.99000000000000e+00	5.54720931707271e+01
9.00000000000000e+00	5.65095586649902e+01
9.01000000000000e+00	5.74991346825289e+01
9.02000000000000e+00	5.84463731524595e+01
9.03000000000000e+00	5.93603693942517e+01
9.04000000000000e+00	6.02584562151900e+01
9.05000000000000e+00	6.11534061821140e+01
9.06000000000000e+00	6.20623019939666e+01
9.07000000000000e+00	6.29945579018111e+01
9.08000000000000e+00	6.39603102013230e+01
9.09000000000000e+00	6.49628130877327e+01
9.10000000000000e+00	6.60038501646222e+01
9.11000000000000e+00	6.70729877834625e+01
9.12000000000000e+00	6.81554895747690e+01
9.13000000000000e+00	6.92241191405718e+01
9.14000000000000e+00	7.02435995728735e+01
9.15000000000000e+00	7.11685024943531e+01
9.16000000000000e+00	7.19488434822447e+01
9.17000000000000e+00	7.25322513893519e+01
9.18000000000000e+00	7.28712704780431e+01
9.19000000000000e+00	7.29243982071451e+01
9.20000000000000e+00	7.26644129254631e+01
9.21000000000000e+00	7.20807753306603e+01
9.22000000000000e+00	7.11801133567374e+01
9.23000000000000e+00	6.99897519687841e+01
9.24000000000000e+00	6.85522057940385e+01
9.25000000000000e+00	6.69254957675638e+01
9.26000000000000e+00	6.51758925476212e+01
9.27000000000000e+00	6.33748869812773e+01
9.28000000000000e+00	6.15913354950548e+01
9.29000000000000e+00	5.98874637514634e+01
9.30000000000000e+00	5.83102714132910e+01
9.31000000000000e+00	5.68949661518973e+01
9.32000000000000e+00	5.56568738242399e+01
9.33000000000000e+00	5.45995432428132e+01
9.34000000000000e+00	5.37127781426403e+01
9.35000000000000e+00	5.29791752258015e+01
9.36000000000000e+00	5.23780810567278e+01
9.37000000000000e+00	5.18868641580151e+01
9.38000000000000e+00	5.14862202625743e+01
9.39000000000000e+00	5.11604644139357e+01
9.40000000000000e+00	5.08972559775986e+01
9.41000000000000e+00	5.06881282731605e+01
9.42000000000000e+00	5.05274379983036e+01
9.43000000000000e+00	5.04119751024312e+01
9.44000000000000e+00	5.03382284176915e+01
9.45000000000000e+00	5.03033922718834e+01
9.46000000000000e+00	5.03048443756527e+01
9.47000000000000e+00	5.03400885490951e+01
9.48000000000000e+00	5.04077295342017e+01
9.49000000000000e+00	5.05048297448686e+01
9.50000000000000e+00	5.06314769090429e+01
9.51000000000000e+00	5.07849595361292e+01
9.52000000000000e+00	5.09620038614044e+01
9.53000000000000e+00	5.11577357665107e+01
9.54000000000000e+00	5.13644362165197e+01
9.55000000000000e+00	5.15752024540676e+01
9.56000000000000e+00	5.17849344715096e+01
9.57000000000000e+00	5.19950659742952e+01
9.58000000000000e+00	5.22120070714797e+01
9.59000000000000e+00	5.24469742767513e+01
9.60000000000000e+00	5.27100185632430e+01
9.61000000000000e+00	5.30078742790873e+01
9.62000000000000e+00	5.33406075198176e+01
9.63000000000000e+00	5.37027653622102e+01
9.64000000000000e+00	5.40838113817827e+01
9.65000000000000e+00	5.44740417125666e+01
9.66000000000000e+00	5.48641706116489e+01
9.67000000000000e+00	5.52490818360490e+01
9.68000000000000e+00	5.56250759762450e+01
9.69000000000000e+00	5.59889634904252e+01
9.70000000000000e+00	5.63396546916306e+01
9.71000000000000e+00	5.66767031641860e+01
9.72000000000000e+00	5.69979080467328e+01
9.73000000000000e+00	5.73029947119947e+01
9.74000000000000e+00	5.75911125306085e+01
9.75000000000000e+00	5.78619610920750e+01
9.76000000000000e+00	5.81157760031557e+01
9.77000000000000e+00	5.83513252160149e+01
9.78000000000000e+00	5.85693700383836e+01
9.79000000000000e+00	5.87711697339076e+01
9.80000000000000e+00	5.89570692767835e+01
9.81000000000000e+00	5.91291806588738e+01
9.82000000000000e+00	5.92894210050984e+01
9.83000000000000e+00	5.94386426619257e+01
9.84000000000000e+00	5.95784044733242e+01
9.85000000000000e+00	5.97087521493903e+01
9.86000000000000e+00	5.98304518429904e+01
9.87000000000000e+00	5.99461550582931e+01
9.88000000000000e+00	6.00656436654160e+01
9.89000000000000e+00	6.02171348688517e+01
9.90000000000000e+00	6.04710124501106e+01
9.91000000000000e+00	6.09855688816969e+01
9.92000000000000e+00	6.20752404610281e+01
9.93000000000000e+00	6.43122004438282e+01
9.94000000000000e+00	6.86834551171290e+01
9.95000000000000e+00	7.68930640220618e+01
9.96000000000000e+00	9.20415855294878e+01
9.97000000000000e+00	1.20286089016591e+02
9.98000000000000e+00	1.75057698942470e+02
9.99000000000000e+00	2.88460672924918e+02
1.00000000000000e+01	5.44744371251539e+02
1.00100000000000e+01	1.17576396359631e+03
1.00200000000000e+01	2.56944098465705e+03
1.00300000000000e+01	3.20847526497748e+03
1.00400000000000e+01	1.48921927241233e+03
1.00500000000000e+01	5.03426757521552e+02
1.00600000000000e+01	1.79401382276775e+02
1.00700000000000e+01	7.15737767286513e+01
1.00800000000000e+01	3.18280665955920e+01
1.00900000000000e+01	1.55240659134144e+01
1.01000000000000e+01	8.17245695210880e+00
1.01100000000000e+01	4.58165370624783e+00
1.01200000000000e+01	2.70617865532151e+00
1.01300000000000e+01	1.66991811099981e+00
1.01400000000000e+01	1.06941575799409e+00
1.01500000000000e+01	7.06972097512629e-01
1.01600000000000e+01	4.80410633626501e-01
1.01700000000000e+01	3.34397138188112e-01
1.01800000000000e+01	2.37739244814791e-01
1.01900000000000e+01	1.72221398910299e-01
1.02000000000000e+01	1.26870731830216e-01
1.02100000000000e+01	9.48775874715379e-02
1.02200000000000e+01	7.19246245612702e-02
1.02300000000000e+01	5.52006963818458e-02
1.02400000000000e+01	4.28452330468070e-02
1.02500000000000e+01	3.35995083046756e-02
1.02600000000000e+01	2.65996409355139e-02
1.02700000000000e+01	2.12428272720109e-02
1.02800000000000e+01	1.71029179719656e-02
1.02900000000000e+01	1.38736207842000e-02
1.03000000000000e+01	1.13332580629192e-02
1.03100000000000e+01	9.31880698272827e-03
1.03200000000000e+01	7.70950927443497e-03
1.03300000000000e+01	6.41499140201041e-03
1.03400000000000e+01	5.36668851483306e-03
1.03500000000000e+01	4.51268537292999e-03
1.03600000000000e+01	3.81277836783493e-03
1.03700000000000e+01	3.23608374861269e-03
1.03800000000000e+01	2.75840575367029e-03
1.03900000000000e+01	2.36078864932964e-03
1.04000000000000e+01	2.02824065481057e-03
1.04100000000000e+01	1.74889217581734e-03
1.04200000000000e+01	1.51325177524054e-03
1.04300000000000e+01	1.31365655123996e-03
1.04400000000000e+01	1.14397216746433e-03
1.04500000000000e+01	9.99190675232549e-04
1.04600000000000e+01	8.75220329466640e-04
1.04700000000000e+01	7.68729261080669e-04
1.04800000000000e+01	6.76959539055455e-04
1.04900000000000e+01	5.97650230664372e-04
1.05000000000000e+01	5.28908210385791e-04
1.05100000000000e+01	4.69165255412083e-04
1.05200000000000e+01	4.17102381696348e-04
1.05300000000000e+01	3.71619966342237e-04
1.05400000000000e+01	3.31786858534129e-04
1.05500000000000e+01	2.96820417062777e-04
1.05600000000000e+01	2.66053637991430e-04
1.05700000000000e+01	2.38924592748408e-04
1.05800000000000e+01	2.14948655264813e-04
1.05900000000000e+01	1.93716863708666e-04
1.06000000000000e+01	1.74878833099942e-04
1.06100000000000e+01	1.58129094717091e-04
1.06200000000000e+01	1.43208077725708e-04
1.06300000000000e+01	1.29893696174376e-04
1.06400000000000e+01	1.17990749499847e-04
1.06500000000000e+01	1.07329918902607e-04
1.06600000000000e+01	9.77676685079437e-05
1.06700000000000e+01	8.91749494007394e-05
1.06800000000000e+01	8.14426612053791e-05
1.06900000000000e+01	7.44728449047345e-05
1.07000000000000e+01	6.81817583917361e-05
1.07100000000000e+01	6.24942801970475e-05
1.07200000000000e+01	5.73461434402703e-05
1.07300000000000e+01	5.26798524492879e-05
1.07400000000000e+01	4.84449946003075e-05
1.07500000000000e+01	4.45971032207428e-05
1.07600000000000e+01	4.10966466801232e-05
1.07700000000000e+01	3.79084312652532e-05
1.07800000000000e+01	3.50019392124600e-05
1.07900000000000e+01	3.23492866755566e-05
1.08000000000000e+01	2.99259643155531e-05
1.08100000000000e+01	2.77100036728883e-05
1.08200000000000e+01	2.56812919438141e-05
1.08300000000000e+01	2.38223838341803e-05
1.08400000000000e+01	2.21173110981168e-05
1.08500000000000e+01	2.05519170831903e-05
1.08600000000000e+01	1.91130581207868e-05
1.08700000000000e+01	1.77893836421105e-05
1.08800000000000e+01	1.65704103723721e-05
1.08900000000000e+01	1.54468622424154e-05
1.09000000000000e+01	1.44100440266455e-05
1.09100000000000e+01	1.34526187664193e-05
1.09200000000000e+01	1.25674168719021e-05
1.09300000000000e+01	1.17484099381187e-05
1.09400000000000e+01	1.09897001160492e-05
1.09500000000000e+01	1.02865781352809e-05
1.09600000000000e+01	9.63416550256788e-06
1.09700000000000e+01	9.02834149567799e-06
1.09800000000000e+01	8.46536928950456e-06
1.09900000000000e+01	7.94180292183024e-06
1.10000000000000e+01	7.45455163212705e-06
1.10100000000000e+01	7.00078876998240e-06
1.10200000000000e+01	6.57798504315974e-06
1.10300000000000e+01	6.18384915552021e-06
1.10400000000000e+01	5.81625270385316e-06
1.10500000000000e+01	5.47328990747392e-06
1.10600000000000e+01	5.15327226490890e-06
1.10700000000000e+01	4.85449482469639e-06
1.10800000000000e+01	4.57550504267748e-06
1.10900000000000e+01	4.31498344679736e-06
1.11000000000000e+01	4.07152246543143e-06
1.11100000000000e+01	3.84399303178190e-06
1.11200000000000e+01	3.63124227509861e-06
1.11300000000000e+01	3.43218974447916e-06
1.11400000000000e+01	3.24591392288606e-06
1.11500000000000e+01	3.07140824627063e-06
1.11600000000000e+01	2.90787693778185e-06
1.11700000000000e+01	2.75451950266901e-06
1.11800000000000e+01	2.61054726188287e-06
1.11900000000000e+01	2.47534107853337e-06
1.12000000000000e+01	2.34823507570091e-06
1.12100000000000e+01	2.22867941449046e-06
1.12200000000000e+01	2.11613941727856e-06
1.12300000000000e+01	2.01012403296075e-06
1.12400000000000e+01	1.91018146602027e-06
1.12500000000000e+01	1.81593561629240e-06
1.12600000000000e+01	1.72698696695568e-06
1.12700000000000e+01	1.64300317373252e-06
1.12800000000000e+01	1.56367468979968e-06
1.12900000000000e+01	1.48869365194941e-06
1.13000000000000e+01	1.41780344820025e-06
1.13100000000000e+01	1.35074406335141e-06
1.13200000000000e+01	1.28727679053248e-06
1.13300000000000e+01	1.22720116001181e-06
1.13400000000000e+01	1.17030392260648e-06
1.13500000000000e+01	1.11638693262226e-06
1.13600000000000e+01	1.06527364162080e-06
1.13700000000000e+01	1.01679314062816e-06
1.13800000000000e+01	9.70818861256298e-07
1.13900000000000e+01	9.27167230399092e-07
1.14000000000000e+01	8.85722931792765e-07
1.14100000000000e+01	8.46372197889648e-07
1.14200000000000e+01	8.08968481534822e-07
1.14300000000000e+01	7.73424060243018e-07
1.14400000000000e+01	7.39631776416555e-07
1.14500000000000e+01	7.07507367347891e-07
1.14600000000000e+01	6.76940943043109e-07
1.14700000000000e+01	6.47854506431937e-07
1.14800000000000e+01	6.20175304739115e-07
1.14900000000000e+01	5.93815005201813e-07
1.15000000000000e+01	5.68713388506776e-07
1.15100000000000e+01	5.44796486943912e-07
1.15200000000000e+01	5.22008976731280e-07
1.15300000000000e+01	5.00284215899179e-07
1.15400000000000e+01	4.79567132022040e-07
1.15500000000000e+01	4.59816134579273e-07
1.15600000000000e+01	4.40979485490070e-07
1.15700000000000e+01	4.23014193940276e-07
1.15800000000000e+01	4.05888838686868e-07
1.15900000000000e+01	3.89551373107612e-07
1.16000000000000e+01	3.73971058467532e-07
1.16100000000000e+01	3.59113917672299e-07
1.16200000000000e+01	3.44949506068548e-07
1.16300000000000e+01	3.31443680894144e-07
1.16400000000000e+01	3.18560204688221e-07
1.16500000000000e+01	3.06269956865020e-07
1.16600000000000e+01	2.94540158362908e-07
1.16700000000000e+01	2.83337174846285e-07
1.16800000000000e+01	2.72635122040588e-07
1.16900000000000e+01	2.62399503512358e-07
1.17000000000000e+01	2.52608662293717e-07
1.17100000000000e+01	2.43231022805681e-07
1.17200000000000e+01	2.34247147527482e-07
1.17300000000000e+01	2.25628502486955e-07
1.17400000000000e+01	2.17358474480852e-07
1.17500000000000e+01	2.09418892431683e-07
1.17600000000000e+01	2.01793201781445e-07
1.17700000000000e+01	1.94465908128835e-07
1.17800000000000e+01	1.87428229994638e-07
1.17900000000000e+01	1.80665782991243e-07
1.18000000000000e+01	1.74170344858021e-07
1.18100000000000e+01	1.67932154857371e-07
1.18200000000000e+01	1.61941065137625e-07
1.18300000000000e+01	1.56192645217253e-07
1.18400000000000e+01	1.50674534908654e-07
1.18500000000000e+01	1.45380491648823e-07
1.18600000000000e+01	1.40301895656908e-07
1.18700000000000e+01	1.35430895804140e-07
1.18800000000000e+01	1.30757341337544e-07
1.18900000000000e+01	1.26273720300251e-07
1.19000000000000e+01	1.21970897413842e-07
1.19100000000000e+01	1.17838869134295e-07
1.19200000000000e+01	1.13872184823970e-07
1.19300000000000e+01	1.10060541433040e-07
1.19400000000000e+01	1.06396467238451e-07
1.19500000000000e+01	1.02874515988707e-07
1.19600000000000e+01	9.94851839407677e-08
1.19700000000000e+01	9.62220034627542e-08
1.19800000000000e+01	9.30805481229294e-08
1.19900000000000e+01	9.00539720939959e-08
1.20000000000000e+01	8.71352181377506e-08
1.20100000000000e+01	8.43212832704362e-08
1.20200000000000e+01	8.16084365597882e-08
1.20300000000000e+01	7.89903957810963e-08
1.20400000000000e+01	7.64637430141974e-08
1.20500000000000e+01	7.40264000078912e-08
1.20600000000000e+01	7.16754387423578e-08
1.20700000000000e+01	6.94062390041267e-08
1.20800000000000e+01	6.72177682346494e-08
1.20900000000000e+01	6.51074719840986e-08
1.21000000000000e+01	6.30732811678813e-08
1.21100000000000e+01	6.11130952228881e-08
1.21200000000000e+01	5.92236235519161e-08
1.21300000000000e+01	5.74037119527824e-08
1.21400000000000e+01	5.56502914316614e-08
1.21500000000000e+01	5.39615613894182e-08
1.21600000000000e+01	5.23341563415655e-08
1.21700000000000e+01	5.07661828370829e-08
1.21800000000000e+01	4.92539097883559e-08
1.21900000000000e+01	4.77959219085340e-08
1.22000000000000e+01	4.63890946957466e-08
1.22100000000000e+01	4.50311906857155e-08
1.22200000000000e+01	4.37195125957677e-08
1.22300000000000e+01	4.24512903760756e-08
1.22400000000000e+01	4.12252148683964e-08
1.22500000000000e+01	4.00382818210436e-08
1.22600000000000e+01	3.88892824317265e-08
1.22700000000000e+01	3.77757449981570e-08
1.22800000000000e+01	3.66965052619406e-08
1.22900000000000e+01	3.56497667173761e-08
1.23000000000000e+01	3.46338488732952e-08
1.23100000000000e+01	3.36478169506501e-08
1.23200000000000e+01	3.26898085044939e-08
1.23300000000000e+01	3.17593968374429e-08
1.23400000000000e+01	3.08550502346039e-08
1.23500000000000e+01	2.99762703717615e-08
1.23600000000000e+01	2.91221868037809e-08
1.23700000000000e+01	2.82918742053610e-08
1.23800000000000e+01	2.74849072222123e-08
1.23900000000000e+01	2.67013859751224e-08
1.24000000000000e+01	2.59402936324059e-08
1.24100000000000e+01	2.52015449038141e-08
1.24200000000000e+01	2.44846447379386e-08
1.24300000000000e+01	2.37893286827701e-08
1.24400000000000e+01	2.31155080167009e-08
1.24500000000000e+01	2.24622501636413e-08
1.24600000000000e+01	2.18289708679102e-08
1.24700000000000e+01	2.12154166223531e-08
1.24800000000000e+01	2.06208214985008e-08
1.24900000000000e+01	2.00448870021766e-08
1.25000000000000e+01	1.94869214033836e-08
1.25100000000000e+01	1.89463957375579e-08
1.25200000000000e+01	1.84227178461581e-08
1.25300000000000e+01	1.79152115949666e-08
1.25400000000000e+01	1.74238592109981e-08
1.25500000000000e+01	1.69477824748948e-08
1.25600000000000e+01	1.64866561856121e-08
1.25700000000000e+01	1.60402350789263e-08
1.25800000000000e+01	1.56076182310098e-08
1.25900000000000e+01	1.51888972353972e-08
1.26000000000000e+01	1.47831664235199e-08
1.26100000000000e+01	1.43903177848751e-08
1.26200000000000e+01	1.40094394619511e-08
1.26300000000000e+01	1.36405236854329e-08
1.26400000000000e+01	1.32826714182922e-08
1.26500000000000e+01	1.29357919351560e-08
1.26600000000000e+01	1.25993420565970e-08
1.26700000000000e+01	1.22730834849342e-08
1.26800000000000e+01	1.19564748790164e-08
1.26900000000000e+01	1.16491957636880e-08
1.27000000000000e+01	1.13512777290128e-08
1.27100000000000e+01	1.10621919934475e-08
1.27200000000000e+01	1.07816665532616e-08
1.27300000000000e+01	1.05096864764863e-08
1.27400000000000e+01	1.02458720757219e-08
1.27500000000000e+01	9.98992778420924e-09
1.27600000000000e+01	9.74193605993763e-09
1.27700000000000e+01	9.50133184729041e-09
1.27800000000000e+01	9.26806917132453e-09
1.27900000000000e+01	9.04167139974739e-09
1.28000000000000e+01	8.82208939835217e-09
1.28100000000000e+01	8.60900470713889e-09
1.28200000000000e+01	8.40215277806511e-09
1.28300000000000e+01	8.20127456324885e-09
1.28400000000000e+01	8.00625803352811e-09
1.28500000000000e+01	7.81678619750713e-09
1.28600000000000e+01	7.63265894381012e-09
1.28700000000000e+01	7.45382646299624e-09
1.28800000000000e+01	7.27989485506637e-09
1.28900000000000e+01	7.11087064117714e-09
1.29000000000000e+01	6.94653538082709e-09
1.29100000000000e+01	6.78669685829560e-09
1.29200000000000e+01	6.63125901838037e-09
1.29300000000000e+01	6.48013449232763e-09
1.29400000000000e+01	6.33298039063308e-09
1.29500000000000e+01	6.18978978647643e-09
1.29600000000000e+01	6.05045335714622e-09
1.29700000000000e+01	5.91484178575786e-09
1.29800000000000e+01	5.78276740261426e-09
1.29900000000000e+01	5.65415879649527e-09
1.30000000000000e+01	5.52888421439490e-09
1.30100000000000e+01	5.40686695628968e-09
1.30200000000000e+01	5.28804724707084e-09
1.30300000000000e+01	5.17236659875563e-09
1.30400000000000e+01	5.05968566419772e-09
1.30500000000000e+01	4.94987935376523e-09
1.30600000000000e+01	4.84281624487468e-09
1.30700000000000e+01	4.73847331255021e-09
1.30800000000000e+01	4.63672559745686e-09
1.30900000000000e+01	4.53749524744299e-09
1.31000000000000e+01	4.44055577349577e-09
1.31100000000000e+01	4.34588909600399e-09
1.31200000000000e+01	4.25334157962670e-09
1.31300000000000e+01	4.16290502579748e-09
1.31400000000000e+01	4.07445645313824e-09
1.31500000000000e+01	3.98790320503298e-09
1.31600000000000e+01	3.90320662447466e-09
1.31700000000000e+01	3.82036025553415e-09
1.31800000000000e+01	3.73932886966442e-09
1.31900000000000e+01	3.66009399572562e-09
1.32000000000000e+01	3.58263272928408e-09
1.32100000000000e+01	3.50693837521870e-09
1.32200000000000e+01	3.43294915993654e-09
1.32300000000000e+01	3.36067176368681e-09
1.32400000000000e+01	3.29004135648130e-09
1.32500000000000e+01	3.22102927868411e-09
1.32600000000000e+01	3.15351762397787e-09
1.32700000000000e+01	3.08757425347791e-09
1.32800000000000e+01	3.02310003670275e-09
1.32900000000000e+01	2.96001935360600e-09
1.33000000000000e+01	2.89830054002275e-09
1.33100000000000e+01	2.83793265250494e-09
1.33200000000000e+01	2.77891765139251e-09
1.33300000000000e+01	2.72119955696178e-09
1.33400000000000e+01	2.66472367742249e-09
1.33500000000000e+01	2.60958649403625e-09
1.33600000000000e+01	2.55567497443909e-09
1.33700000000000e+01	2.50298609323982e-09
1.33800000000000e+01	2.45157483504680e-09
1.33900000000000e+01	2.40140458430605e-09
1.34000000000000e+01	2.35240295493166e-09
1.34100000000000e+01	2.30459345957504e-09
1.34200000000000e+01	2.25792962339593e-09
1.34300000000000e+01	2.21238620627288e-09
1.34400000000000e+01	2.16791830732053e-09
1.34500000000000e+01	2.12452666033851e-09
1.34600000000000e+01	2.08215924175964e-09
1.34700000000000e+01	2.04075323108070e-09
1.34800000000000e+01	2.00030255281495e-09
1.34900000000000e+01	1.96076907361115e-09
1.35000000000000e+01	1.92215233045475e-09
1.35100000000000e+01	1.88435364071200e-09
1.35200000000000e+01	1.84737537754814e-09
1.35300000000000e+01	1.81120483352589e-09
1.35400000000000e+01	1.77582284586675e-09
1.35500000000000e+01	1.74114402595883e-09
1.35600000000000e+01	1.70720175155157e-09
1.35700000000000e+01	1.67391564658055e-09
1.35800000000000e+01	1.64131855784204e-09
1.35900000000000e+01	1.60932041353653e-09
1.36000000000000e+01	1.57794368304723e-09
1.36100000000000e+01	1.54719626907883e-09
1.36200000000000e+01	1.51699666723418e-09
1.36300000000000e+01	1.48739223823895e-09
1.36400000000000e+01	1.45832031542332e-09
1.36500000000000e+01	1.42984325336045e-09
1.36600000000000e+01	1.40187045722498e-09
1.36700000000000e+01	1.37447632811386e-09
1.36800000000000e+01	1.34760076803107e-09
1.36900000000000e+01	1.32130197924253e-09
1.37000000000000e+01	1.29550513244086e-09
1.37100000000000e+01	1.27029118483087e-09
1.37200000000000e+01	1.24558574057370e-09
1.37300000000000e+01	1.22145766717131e-09
1.37400000000000e+01	1.19787954713773e-09
1.37500000000000e+01	1.17485388083377e-09
1.37600000000000e+01	1.15238271444531e-09
1.37700000000000e+01	1.13044139538645e-09
1.37800000000000e+01	1.10904468781757e-09
1.37900000000000e+01	1.08815497317693e-09
1.38000000000000e+01	1.06777887289494e-09
1.38100000000000e+01	1.04789331685014e-09
1.38200000000000e+01	1.02849300654373e-09
1.38300000000000e+01	1.00953399855218e-09
1.38400000000000e+01	9.91021292355550e-10
1.38500000000000e+01	9.72906939042321e-10
1.38600000000000e+01	9.55209328665900e-10
1.38700000000000e+01	9.37884300224010e-10
1.38800000000000e+01	9.20932379501966e-10
1.38900000000000e+01	9.04331018604250e-10
1.39000000000000e+01	8.88057527993541e-10
1.39100000000000e+01	8.72127943172885e-10
1.39200000000000e+01	8.56501771182216e-10
1.39300000000000e+01	8.41187839586157e-10
1.39400000000000e+01	8.26165766674688e-10
1.39500000000000e+01	8.11442473525411e-10
1.39600000000000e+01	7.96982660185895e-10
1.39700000000000e+01	7.82790156307948e-10
1.39800000000000e+01	7.68873508653126e-10
1.39900000000000e+01	7.55219375848130e-10
1.40000000000000e+01	7.41806549543550e-10
1.40100000000000e+01	7.28660156810444e-10
1.40200000000000e+01	7.15739702712848e-10
1.40300000000000e+01	7.03084652279008e-10
1.40400000000000e+01	6.90662688315879e-10
1.40500000000000e+01	6.78485303077099e-10
1.40600000000000e+01	6.66554194306169e-10
1.40700000000000e+01	6.54860247629391e-10
1.40800000000000e+01	6.43397658474062e-10
1.40900000000000e+01	6.32172106557971e-10
1.41000000000000e+01	6.21172127395418e-10
1.41100000000000e+01	6.10403629007838e-10
1.41200000000000e+01	5.99847958763424e-10
1.41300000000000e+01	5.89511372696414e-10
1.41400000000000e+01	5.79376335753326e-10
1.41500000000000e+01	5.69425090725647e-10
1.41600000000000e+01	5.59670295798873e-10
1.41700000000000e+01	5.50084549746976e-10
1.41800000000000e+01	5.40674844326707e-10
1.41900000000000e+01	5.31423354736289e-10
1.42000000000000e+01	5.22321638087418e-10
1.42100000000000e+01	5.13377617112938e-10
1.42200000000000e+01	5.04595214345292e-10
1.42300000000000e+01	4.95952601196349e-10
1.42400000000000e+01	4.87455041774750e-10
1.42500000000000e+01	4.79105176287477e-10
1.42600000000000e+01	4.70904778386510e-10
1.42700000000000e+01	4.62862001290808e-10
1.42800000000000e+01	4.54970940835568e-10
1.42900000000000e+01	4.47222719097553e-10
1.43000000000000e+01	4.39632398807511e-10
1.43100000000000e+01	4.32188808236350e-10
1.43200000000000e+01	4.24882433721820e-10
1.43300000000000e+01	4.17728086513469e-10
1.43400000000000e+01	4.10709085283325e-10
1.43500000000000e+01	4.03834435894279e-10
1.43600000000000e+01	3.97088928217117e-10
1.43700000000000e+01	3.90472241148719e-10
1.43800000000000e+01	3.83983679458551e-10
1.43900000000000e+01	3.77616294045102e-10
1.44000000000000e+01	3.71378416313216e-10
1.44100000000000e+01	3.65252478132585e-10
1.44200000000000e+01	3.59244590711352e-10
1.44300000000000e+01	3.53354171478912e-10
1.44400000000000e+01	3.47580839746446e-10
1.44500000000000e+01	3.41919844825372e-10
1.44600000000000e+01	3.36369939612330e-10
1.44700000000000e+01	3.30931460036057e-10
1.44800000000000e+01	3.25588638381029e-10
1.44900000000000e+01	3.20361718283911e-10
1.45000000000000e+01	3.15226362064845e-10
1.45100000000000e+01	3.10195370904237e-10
1.45200000000000e+01	3.05262660626900e-10
1.45300000000000e+01	3.00414881559776e-10
1.45400000000000e+01	2.95664663401356e-10
1.45500000000000e+01	2.91002828871573e-10
1.45600000000000e+01	2.86425328439150e-10
1.45700000000000e+01	2.81930729691695e-10
1.45800000000000e+01	2.77515759252895e-10
1.45900000000000e+01	2.73183403333957e-10
1.46000000000000e+01	2.68922335494017e-10
1.46100000000000e+01	2.64736168317391e-10
1.46200000000000e+01	2.60625185570252e-10
1.46300000000000e+01	2.56578628231968e-10
1.46400000000000e+01	2.52606538414954e-10
1.46500000000000e+01	2.48702700164206e-10
1.46600000000000e+01	2.44864839216201e-10
1.46700000000000e+01	2.41093130225365e-10
1.46800000000000e+01	2.37386321904324e-10
1.46900000000000e+01	2.33747578510905e-10
1.47000000000000e+01	2.30171462193510e-10
1.47100000000000e+01	2.26656685135405e-10
1.47200000000000e+01	2.23206126046212e-10
1.47300000000000e+01	2.19816717625638e-10
1.47400000000000e+01	2.16491474811753e-10
1.47500000000000e+01	2.13220617352779e-10
1.47600000000000e+01	2.10014904287589e-10
1.47700000000000e+01	2.06860881295592e-10
1.47800000000000e+01	2.03762532748004e-10
1.47900000000000e+01	2.00717683263923e-10
1.48000000000000e+01	1.97726065410034e-10
1.48100000000000e+01	1.94780522489071e-10
1.48200000000000e+01	1.91885286789480e-10
1.48300000000000e+01	1.89035692817354e-10
1.48400000000000e+01	1.86229684957223e-10
1.48500000000000e+01	1.83466896735682e-10
1.48600000000000e+01	1.80747892803573e-10
1.48700000000000e+01	1.78068615661255e-10
1.48800000000000e+01	1.75428380789928e-10
1.48900000000000e+01	1.72828285560480e-10
1.49000000000000e+01	1.70268759580306e-10
1.49100000000000e+01	1.67744735519794e-10
1.49200000000000e+01	1.65261591808119e-10
1.49300000000000e+01	1.62815281075357e-10
1.49400000000000e+01	1.60405435500432e-10
1.49500000000000e+01	1.58034741852372e-10
1.49600000000000e+01	1.55701511415542e-10
1.49700000000000e+01	1.53404999918366e-10
1.49800000000000e+01	1.51147656760829e-10
1.49900000000000e+01	1.48927657883674e-10
1.50000000000000e+01	1.46742528924472e-10
1.50100000000000e+01	1.44598130980294e-10
1.50200000000000e+01	1.42486726959056e-10
1.50300000000000e+01	1.40414531490215e-10
1.50400000000000e+01	1.38374703190178e-10
1.50500000000000e+01	1.36370377197153e-10
1.50600000000000e+01	1.34401003118762e-10
1.50700000000000e+01	1.32463483839665e-10
1.50800000000000e+01	1.30557072152259e-10
1.50900000000000e+01	1.28683067353974e-10
1.51000000000000e+01	1.26837389950086e-10
1.51100000000000e+01	1.25021068052595e-10
1.51200000000000e+01	1.23233973926262e-10
1.51300000000000e+01	1.21471777553696e-10
1.51400000000000e+01	1.19737865230901e-10
1.51500000000000e+01	1.18028558582613e-10
1.51600000000000e+01	1.16343633016264e-10
1.51700000000000e+01	1.14683801887442e-10
1.51800000000000e+01	1.13049155002142e-10
1.51900000000000e+01	1.11437957594556e-10
1.52000000000000e+01	1.09851108839743e-10
1.52100000000000e+01	1.08288212573045e-10
1.52200000000000e+01	1.06750183714051e-10
1.52300000000000e+01	1.05234863308237e-10
1.52400000000000e+01	1.03742427605817e-10
1.52500000000000e+01	1.02272846067005e-10
1.52600000000000e+01	1.00824608703839e-10
1.52700000000000e+01	9.93971448029694e-11
1.52800000000000e+01	9.79897304261404e-11
1.52900000000000e+01	9.65998248335423e-11
1.53000000000000e+01	9.52263969584046e-11
1.53100000000000e+01	9.38670837864106e-11
1.53200000000000e+01	9.25219576419963e-11
1.53300000000000e+01	9.11893204570788e-11
1.53400000000000e+01	8.98659906500454e-11
1.53500000000000e+01	8.85523797620215e-11
1.53600000000000e+01	8.72489066533585e-11
1.53700000000000e+01	8.59523224415116e-11
1.53800000000000e+01	8.46634414491919e-11
1.53900000000000e+01	8.33830425732271e-11
1.54000000000000e+01	8.21107086984353e-11
1.54100000000000e+01	8.08481496857270e-11
1.54200000000000e+01	7.95951475164037e-11
1.54300000000000e+01	7.83544865654096e-11
1.54400000000000e+01	7.71265904060794e-11
1.54500000000000e+01	7.59143051202380e-11
1.54600000000000e+01	7.47185754503494e-11
1.54700000000000e+01	7.35439060252566e-11
1.54800000000000e+01	7.23897474662441e-11
1.54900000000000e+01	7.12599270678116e-11
1.55000000000000e+01	7.01556407107606e-11
1.55100000000000e+01	6.90797727592991e-11
1.55200000000000e+01	6.80329299943644e-11
1.55300000000000e+01	6.70168960741253e-11
1.55400000000000e+01	6.60299251761410e-11
1.55500000000000e+01	6.50742484194441e-11
1.55600000000000e+01	6.41474360422223e-11
1.55700000000000e+01	6.32486828743471e-11
1.55800000000000e+01	6.23777830893334e-11
1.55900000000000e+01	6.15314524660872e-11
1.56000000000000e+01	6.07070859662863e-11
1.56100000000000e+01	5.99043967169980e-11
1.56200000000000e+01	5.91196244865001e-11
1.56300000000000e+01	5.83518774622557e-11
1.56400000000000e+01	5.75985060184341e-11
1.56500000000000e+01	5.68575353208731e-11
1.56600000000000e+01	5.61271000802531e-11
1.56700000000000e+01	5.54065151512320e-11
1.56800000000000e+01	5.46941823430223e-11
1.56900000000000e+01	5.39893300615516e-11
1.57000000000000e+01	5.32908299004351e-11
1.57100000000000e+01	5.25977658811047e-11
1.57200000000000e+01	5.19106938141722e-11
1.57300000000000e+01	5.12289164790011e-11
1.57400000000000e+01	5.05520804492676e-11
1.57500000000000e+01	4.98811007388702e-11
1.57600000000000e+01	4.92154499328615e-11
1.57700000000000e+01	4.85555234683676e-11
1.57800000000000e+01	4.79019950484139e-11
1.57900000000000e+01	4.72565033656817e-11
1.58000000000000e+01	4.66184336014658e-11
1.58100000000000e+01	4.59890049581799e-11
1.58200000000000e+01	4.53689217454669e-11
1.58300000000000e+01	4.47593325868475e-11
1.58400000000000e+01	4.41605926992985e-11
1.58500000000000e+01	4.35729404530583e-11
1.58600000000000e+01	4.29975181284472e-11
1.58700000000000e+01	4.24337776031290e-11
1.58800000000000e+01	4.18819830970071e-11
1.58900000000000e+01	4.13427563263512e-11
1.59000000000000e+01	4.08150807804449e-11
1.59100000000000e+01	4.02991088720679e-11
1.59200000000000e+01	3.97938276599663e-11
1.59300000000000e+01	3.92989274098279e-11
1.59400000000000e+01	3.88140842341082e-11
1.59500000000000e+01	3.83378027670800e-11
1.59600000000000e+01	3.78694191421961e-11
1.59700000000000e+01	3.74091968008314e-11
1.59800000000000e+01	3.69558976740032e-11
1.59900000000000e+01	3.65084893577786e-11
1.60000000000000e+01	3.60679322457934e-11
1.60100000000000e+01	3.56325285318402e-11
1.60200000000000e+01	3.52028279886326e-11
1.60300000000000e+01	3.47782934962874e-11
1.60400000000000e+01	3.43588987590658e-11
1.60500000000000e+01	3.39445989102405e-11
1.60600000000000e+01	3.35354112909206e-11
1.60700000000000e+01	3.31308253903404e-11
1.60800000000000e+01	3.27307490027889e-11
1.60900000000000e+01	3.23356818266468e-11
1.61000000000000e+01	3.19456043478636e-11
1.61100000000000e+01	3.15599070710632e-11
1.61200000000000e+01	3.11792071040109e-11
1.61300000000000e+01	3.08028136971613e-11
1.61400000000000e+01	3.04316394994609e-11
1.61500000000000e+01	3.00652367583977e-11
1.61600000000000e+01	2.97031061901656e-11
1.61700000000000e+01	2.93460045389206e-11
1.61800000000000e+01	2.89935661223671e-11
1.61900000000000e+01	2.86464935346545e-11
1.62000000000000e+01	2.83039610300673e-11
1.62100000000000e+01	2.79670678744997e-11
1.62200000000000e+01	2.76348952276064e-11
1.62300000000000e+01	2.73081335469529e-11
1.62400000000000e+01	2.69867808492868e-11
1.62500000000000e+01	2.66709652989489e-11
1.62600000000000e+01	2.63602208568421e-11
1.62700000000000e+01	2.60546570522657e-11
1.62800000000000e+01	2.57542990949573e-11
1.62900000000000e+01	2.54589430158005e-11
1.63000000000000e+01	2.51683302860735e-11
1.63100000000000e+01	2.48816749092086e-11
1.63200000000000e+01	2.45996005817587e-11
1.63300000000000e+01	2.43208216775571e-11
1.63400000000000e+01	2.40453436557910e-11
1.63500000000000e+01	2.37730446583471e-11
1.63600000000000e+01	2.35031604432527e-11
1.63700000000000e+01	2.32353071814850e-11
1.63800000000000e+01	2.29695769273581e-11
1.63900000000000e+01	2.27048669541740e-11
1.64000000000000e+01	2.24415993450097e-11
1.64100000000000e+01	2.21791962797795e-11
1.64200000000000e+01	2.19177276234510e-11
1.64300000000000e+01	2.16570551576083e-11
1.64400000000000e+01	2.13972307493334e-11
1.64500000000000e+01	2.11381132476826e-11
1.64600000000000e+01	2.08802114904652e-11
1.64700000000000e+01	2.06238424145410e-11
1.64800000000000e+01	2.03688336245969e-11
1.64900000000000e+01	2.01162522880120e-11
1.65000000000000e+01	1.98664178938948e-11
1.65100000000000e+01	1.96190330964088e-11
1.65200000000000e+01	1.93749621851107e-11
1.65300000000000e+01	1.91344857755857e-11
1.65400000000000e+01	1.88977863694574e-11
1.65500000000000e+01	1.86651392907998e-11
1.65600000000000e+01	1.84366863342968e-11
1.65700000000000e+01	1.82122048485077e-11
1.65800000000000e+01	1.79919933704572e-11
1.65900000000000e+01	1.77761476902793e-11
1.66000000000000e+01	1.75647872376631e-11
1.66100000000000e+01	1.73572523872646e-11
1.66200000000000e+01	1.71539684953915e-11
1.66300000000000e+01	1.69545702166703e-11
1.66400000000000e+01	1.67591406206349e-11
1.66500000000000e+01	1.65673460639471e-11
1.66600000000000e+01	1.63793853107330e-11
1.66700000000000e+01	1.61948580972101e-11
1.66800000000000e+01	1.60138900979228e-11
1.66900000000000e+01	1.58359745427588e-11
1.67000000000000e+01	1.56612250911528e-11
1.67100000000000e+01	1.54892968914300e-11
1.67200000000000e+01	1.53204269570106e-11
1.67300000000000e+01	1.51540192096737e-11
1.67400000000000e+01	1.49900269110699e-11
1.67500000000000e+01	1.48284170347500e-11
1.67600000000000e+01	1.46688464999596e-11
1.67700000000000e+01	1.45111347634466e-11
1.67800000000000e+01	1.43552277065153e-11
1.67900000000000e+01	1.42011121993206e-11
1.68000000000000e+01	1.40483272450987e-11
1.68100000000000e+01	1.38968675373711e-11
1.68200000000000e+01	1.37469835313701e-11
1.68300000000000e+01	1.35982133541781e-11
1.68400000000000e+01	1.34506256839117e-11
1.68500000000000e+01	1.33044027738203e-11
1.68600000000000e+01	1.31593716446520e-11
1.68700000000000e+01	1.30154917165969e-11
1.68800000000000e+01	1.28730515247066e-11
1.68900000000000e+01	1.27317819986799e-11
1.69000000000000e+01	1.25921437256683e-11
1.69100000000000e+01	1.24536565848551e-11
1.69200000000000e+01	1.23165572847415e-11
1.69300000000000e+01	1.21808706647200e-11
1.69400000000000e+01	1.20467158857867e-11
1.69500000000000e+01	1.19137505562341e-11
1.69600000000000e+01	1.17823428910618e-11
1.69700000000000e+01	1.16522854370271e-11
1.69800000000000e+01	1.15238082928174e-11
1.69900000000000e+01	1.13968451028575e-11
1.70000000000000e+01	1.12714452682372e-11
1.70100000000000e+01	1.11478974092761e-11
1.70200000000000e+01	1.10262581023207e-11
1.70300000000000e+01	1.09064118690758e-11
1.70400000000000e+01	1.07885250139128e-11
1.70500000000000e+01	1.06727248337736e-11
1.70600000000000e+01	1.05589775465865e-11
1.70700000000000e+01	1.04473502973352e-11
1.70800000000000e+01	1.03376601859616e-11
1.70900000000000e+01	1.02299803821401e-11
1.71000000000000e+01	1.01242750504153e-11
1.71100000000000e+01	1.00204839523886e-11
1.71200000000000e+01	9.91822721772335e-12
1.71300000000000e+01	9.81764560054755e-12
1.71400000000000e+01	9.71867143333364e-12
1.71500000000000e+01	9.62116240793506e-12
1.71600000000000e+01	9.52487622969932e-12
1.71700000000000e+01	9.42999941143322e-12
1.71800000000000e+01	9.33614829721505e-12
1.71900000000000e+01	9.24370008624021e-12
1.72000000000000e+01	9.15225264855008e-12
1.72100000000000e+01	9.06200637667841e-12
1.72200000000000e+01	8.97292075172140e-12
1.72300000000000e+01	8.88468016616170e-12
1.72400000000000e+01	8.79770771776700e-12
1.72500000000000e+01	8.71156828219151e-12
1.72600000000000e+01	8.62653561529857e-12
1.72700000000000e+01	8.54246505043970e-12
1.72800000000000e+01	8.45932021060438e-12
1.72900000000000e+01	8.37709027829360e-12
1.73000000000000e+01	8.29576280293891e-12
1.73100000000000e+01	8.21533840275684e-12
1.73200000000000e+01	8.13579601430764e-12
1.73300000000000e+01	8.05698068942972e-12
1.73400000000000e+01	7.97891947678319e-12
1.73500000000000e+01	7.90171662585626e-12
1.73600000000000e+01	7.82522223489445e-12
1.73700000000000e+01	7.74944223252671e-12
1.73800000000000e+01	7.67437171409357e-12
1.73900000000000e+01	7.60001637710503e-12
1.74000000000000e+01	7.52647665362841e-12
1.74100000000000e+01	7.45350412925222e-12
1.74200000000000e+01	7.38120034096340e-12
1.74300000000000e+01	7.30961026360331e-12
1.74400000000000e+01	7.23880880498958e-12
1.74500000000000e+01	7.16852439466767e-12
1.74600000000000e+01	7.09906248527860e-12
1.74700000000000e+01	7.03023348937977e-12
1.74800000000000e+01	6.96202987450143e-12
1.74900000000000e+01	6.89437494099696e-12
1.75000000000000e+01	6.82744734659727e-12
1.75100000000000e+01	6.76113169868289e-12
1.75200000000000e+01	6.69532602561375e-12
1.75300000000000e+01	6.63000883509724e-12
1.75400000000000e+01	6.56516105713560e-12
1.75500000000000e+01	6.50094942289862e-12
1.75600000000000e+01	6.43707926841721e-12
1.75700000000000e+01	6.37372905719972e-12
1.75800000000000e+01	6.31074872416975e-12
1.75900000000000e+01	6.24828933349993e-12
1.76000000000000e+01	6.18620297710821e-12
1.76100000000000e+01	6.12475178169062e-12
1.76200000000000e+01	6.06370671914417e-12
1.76300000000000e+01	6.00327932408281e-12
1.76400000000000e+01	5.94336202855687e-12
1.76500000000000e+01	5.88405424250627e-12
1.76600000000000e+01	5.82546585237666e-12
1.76700000000000e+01	5.76747670159155e-12
1.76800000000000e+01	5.71016795733703e-12
1.76900000000000e+01	5.65365006531288e-12
1.77000000000000e+01	5.59768665632327e-12
1.77100000000000e+01	5.54247687282933e-12
1.77200000000000e+01	5.48790096219993e-12
1.77300000000000e+01	5.43394702763690e-12
1.77400000000000e+01	5.38069739564971e-12
1.77500000000000e+01	5.32796652415656e-12
1.77600000000000e+01	5.27589433604366e-12
1.77700000000000e+01	5.22433021325693e-12
1.77800000000000e+01	5.17332961644140e-12
1.77900000000000e+01	5.12288520691192e-12
1.78000000000000e+01	5.07281769229777e-12
1.78100000000000e+01	5.02328958664421e-12
1.78200000000000e+01	4.97423683661348e-12
1.78300000000000e+01	4.92554691710139e-12
1.78400000000000e+01	4.87729971748415e-12
1.78500000000000e+01	4.82951447763880e-12
1.78600000000000e+01	4.78216717034933e-12
1.78700000000000e+01	4.73517734653223e-12
1.78800000000000e+01	4.68854366545172e-12
1.78900000000000e+01	4.64235408420632e-12
1.79000000000000e+01	4.59659800067602e-12
1.79100000000000e+01	4.55119549777476e-12
1.79200000000000e+01	4.50613158205541e-12
1.79300000000000e+01	4.46149860470746e-12
1.79400000000000e+01	4.41711525594295e-12
1.79500000000000e+01	4.37307766716584e-12
1.79600000000000e+01	4.32930350676068e-12
1.79700000000000e+01	4.28589641223706e-12
1.79800000000000e+01	4.24267663633672e-12
1.79900000000000e+01	4.19982060701238e-12
1.80000000000000e+01	4.15726553703878e-12
1.80100000000000e+01	4.11518161322677e-12
1.80200000000000e+01	4.07339877102327e-12
1.80300000000000e+01	4.03215395072394e-12
1.80400000000000e+01	3.99145422931578e-12
1.80500000000000e+01	3.95135770318552e-12
1.80600000000000e+01	3.91185728299192e-12
1.80700000000000e+01	3.87315498037247e-12
1.80800000000000e+01	3.83514497857003e-12
1.80900000000000e+01	3.79789621511807e-12
1.81000000000000e+01	3.76137133987671e-12
1.81100000000000e+01	3.72561911866084e-12
1.81200000000000e+01	3.69060244349972e-12
1.81300000000000e+01	3.65624671966097e-12
1.81400000000000e+01	3.62244308235416e-12
1.81500000000000e+01	3.58925300909321e-12
1.81600000000000e+01	3.55652973162737e-12
1.81700000000000e+01	3.52432825932264e-12
1.81800000000000e+01	3.49242416645572e-12
1.81900000000000e+01	3.46096859614661e-12
1.82000000000000e+01	3.42980285003891e-12
1.82100000000000e+01	3.39887261635594e-12
1.82200000000000e+01	3.36823675710297e-12
1.82300000000000e+01	3.33783767596384e-12
1.82400000000000e+01	3.30761061649661e-12
1.82500000000000e+01	3.27755879487086e-12
1.82600000000000e+01	3.24768143726353e-12
1.82700000000000e+01	3.21798273740440e-12
1.82800000000000e+01	3.18840200386178e-12
1.82900000000000e+01	3.15895986216964e-12
1.83000000000000e+01	3.12977955811448e-12
1.83100000000000e+01	3.10065975068609e-12
1.83200000000000e+01	3.07180957313827e-12
1.83300000000000e+01	3.04312146213786e-12
1.83400000000000e+01	3.01466540792092e-12
1.83500000000000e+01	2.98645766220685e-12
1.83600000000000e+01	2.95851302566779e-12
1.83700000000000e+01	2.93087712630214e-12
1.83800000000000e+01	2.90357099086286e-12
1.83900000000000e+01	2.87662688600694e-12
1.84000000000000e+01	2.85005307578386e-12
1.84100000000000e+01	2.82390911866943e-12
1.84200000000000e+01	2.79818607559389e-12
1.84300000000000e+01	2.77293016820421e-12
1.84400000000000e+01	2.74812901932367e-12
1.84500000000000e+01	2.72380435534502e-12
1.84600000000000e+01	2.69994624461131e-12
1.84700000000000e+01	2.67654947205552e-12
1.84800000000000e+01	2.65359602139235e-12
1.84900000000000e+01	2.63106420095240e-12
1.85000000000000e+01	2.60892576361238e-12
1.85100000000000e+01	2.58714538907729e-12
1.85200000000000e+01	2.56569343733441e-12
1.85300000000000e+01	2.54453842208236e-12
1.85400000000000e+01	2.52363816504667e-12
1.85500000000000e+01	2.50296056208179e-12
1.85600000000000e+01	2.48247892080076e-12
1.85700000000000e+01	2.46217252987052e-12
1.85800000000000e+01	2.44201348253990e-12
1.85900000000000e+01	2.42197508712155e-12
1.86000000000000e+01	2.40205910200556e-12
1.86100000000000e+01	2.38224817261683e-12
1.86200000000000e+01	2.36254467511933e-12
1.86300000000000e+01	2.34292833178056e-12
1.86400000000000e+01	2.32341663511211e-12
1.86500000000000e+01	2.30400791183743e-12
1.86600000000000e+01	2.28471142960008e-12
1.86700000000000e+01	2.26553547922225e-12
1.86800000000000e+01	2.24648078458347e-12
1.86900000000000e+01	2.22755096776097e-12
1.87000000000000e+01	2.20876406019502e-12
1.87100000000000e+01	2.19012571599881e-12
1.87200000000000e+01	2.17162062430036e-12
1.87300000000000e+01	2.15327186203443e-12
1.87400000000000e+01	2.13507390039199e-12
1.87500000000000e+01	2.11701819375647e-12
1.87600000000000e+01	2.09910946156077e-12
1.87700000000000e+01	2.08134266135793e-12
1.87800000000000e+01	2.06371256493211e-12
1.87900000000000e+01	2.04621078445134e-12
1.88000000000000e+01	2.02884601582219e-12
1.88100000000000e+01	2.01159704996904e-12
1.88200000000000e+01	1.99446586897744e-12
1.88300000000000e+01	1.97745159673874e-12
1.88400000000000e+01	1.96053081818397e-12
1.88500000000000e+01	1.94371618051366e-12
1.88600000000000e+01	1.92698503065341e-12
1.88700000000000e+01	1.91033744150657e-12
1.88800000000000e+01	1.89377103830001e-12
1.88900000000000e+01	1.87728353822101e-12
1.89000000000000e+01	1.86085457825102e-12
1.89100000000000e+01	1.84449201660944e-12
1.89200000000000e+01	1.82819516767524e-12
1.89300000000000e+01	1.81196033372110e-12
1.89400000000000e+01	1.79579318612110e-12
1.89500000000000e+01	1.77969931672898e-12
1.89600000000000e+01	1.76369297601058e-12
1.89700000000000e+01	1.74777304318498e-12
1.89800000000000e+01	1.73195588062631e-12
1.89900000000000e+01	1.71625950664574e-12
1.90000000000000e+01	1.70068616053892e-12
1.90100000000000e+01	1.68525187417558e-12
1.90200000000000e+01	1.66996825505877e-12
1.90300000000000e+01	1.65482372364619e-12
1.90400000000000e+01	1.63983150574893e-12
1.90500000000000e+01	1.62497389719489e-12
1.90600000000000e+01	1.61023964922795e-12
1.90700000000000e+01	1.59561021799928e-12
1.90800000000000e+01	1.58107960012834e-12
1.90900000000000e+01	1.56661134289603e-12
1.91000000000000e+01	1.55220590536677e-12
1.91100000000000e+01	1.53785507920755e-12
1.91200000000000e+01	1.52355718954706e-12
1.91300000000000e+01	1.50933221512280e-12
1.91400000000000e+01	1.49520204131543e-12
1.91500000000000e+01	1.48119994183330e-12
1.91600000000000e+01	1.46737451533098e-12
1.91700000000000e+01	1.45377048493441e-12
1.91800000000000e+01	1.44041921216248e-12
1.91900000000000e+01	1.42738036975824e-12
1.92000000000000e+01	1.41467533287335e-12
1.92100000000000e+01	1.40231815182695e-12
1.92200000000000e+01	1.39032617064518e-12
1.92300000000000e+01	1.37868690966927e-12
1.92400000000000e+01	1.36738873626316e-12
1.92500000000000e+01	1.35639725505387e-12
1.92600000000000e+01	1.34569202767386e-12
1.92700000000000e+01	1.33522219003829e-12
1.92800000000000e+01	1.32496244606454e-12
1.92900000000000e+01	1.31486451620841e-12
1.93000000000000e+01	1.30490739925325e-12
1.93100000000000e+01	1.29505799944316e-12
1.93200000000000e+01	1.28529603507448e-12
1.93300000000000e+01	1.27560214790511e-12
1.93400000000000e+01	1.26597066725279e-12
1.93500000000000e+01	1.25639623322164e-12
1.93600000000000e+01	1.24686053195184e-12
1.93700000000000e+01	1.23736492674610e-12
1.93800000000000e+01	1.22791293864505e-12
1.93900000000000e+01	1.21850115127009e-12
1.94000000000000e+01	1.20913032774518e-12
1.94100000000000e+01	1.19979945459272e-12
1.94200000000000e+01	1.19051097090650e-12
1.94300000000000e+01	1.18125945072038e-12
1.94400000000000e+01	1.17205141841523e-12
1.94500000000000e+01	1.16288138257782e-12
1.94600000000000e+01	1.15375370214530e-12
1.94700000000000e+01	1.14467095224707e-12
1.94800000000000e+01	1.13562723951456e-12
1.94900000000000e+01	1.12661899405909e-12
1.95000000000000e+01	1.11765855367000e-12
1.95100000000000e+01	1.10873823643681e-12
1.95200000000000e+01	1.09986242083206e-12
1.95300000000000e+01	1.09102546165955e-12
1.95400000000000e+01	1.08222783792103e-12
1.95500000000000e+01	1.07347206502374e-12
1.95600000000000e+01	1.06475888958557e-12
1.95700000000000e+01	1.05608837985345e-12
1.95800000000000e+01	1.04747097227916e-12
1.95900000000000e+01	1.03889722710508e-12
1.96000000000000e+01	1.03037515267487e-12
1.96100000000000e+01	1.02191055393229e-12
1.96200000000000e+01	1.01350322199320e-12
1.96300000000000e+01	1.00516034329382e-12
1.96400000000000e+01	9.96881137843997e-13
1.96500000000000e+01	9.88667156721260e-13
1.96600000000000e+01	9.80519217022528e-13
1.96700000000000e+01	9.72440086970872e-13
1.96800000000000e+01	9.64430478286942e-13
1.96900000000000e+01	9.56487658002982e-13
1.97000000000000e+01	9.48612653658222e-13
1.97100000000000e+01	9.40802483614447e-13
1.97200000000000e+01	9.33056663916452e-13
1.97300000000000e+01	9.25372832129877e-13
1.97400000000000e+01	9.17750902219386e-13
1.97500000000000e+01	9.10191331010108e-13
1.97600000000000e+01	9.02700193248930e-13
1.97700000000000e+01	8.95286565843490e-13
1.97800000000000e+01	8.87965683729342e-13
1.97900000000000e+01	8.80766794111017e-13
1.98000000000000e+01	8.73730140889751e-13
1.98100000000000e+01	8.66909929826100e-13
1.98200000000000e+01	8.60387258043443e-13
1.98300000000000e+01	8.54270462805456e-13
1.98400000000000e+01	8.48687637294809e-13
1.98500000000000e+01	8.43813301226962e-13
1.98600000000000e+01	8.39844549478886e-13
1.98700000000000e+01	8.37008316750143e-13
1.98800000000000e+01	8.35581511093108e-13
1.98900000000000e+01	8.35878236249038e-13
1.99000000000000e+01	8.38255289344821e-13
1.99100000000000e+01	8.43131180060649e-13
1.99200000000000e+01	8.51021730467725e-13
1.99300000000000e+01	8.62540972989586e-13
1.99400000000000e+01	8.78494748657139e-13
1.99500000000000e+01	8.99942588724942e-13
1.99600000000000e+01	9.28328638698727e-13
1.99700000000000e+01	9.65709217055973e-13
1.99800000000000e+01	1.01508136497326e-12
1.99900000000000e+01	1.08104656881665e-12
2.00000000000000e+01	1.17090478776338e-12
