1.00000000000000e-02	5.98577488999518e+13
2.00000000000000e-02	3.74078609777785e+12
3.00000000000000e-02	7.38814285010219e+11
4.00000000000000e-02	2.33718661629800e+11
5.00000000000000e-02	9.57064947553613e+10
6.00000000000000e-02	4.61402022872973e+10
7.00000000000000e-02	2.48960522131620e+10
8.00000000000000e-02	1.45873866492216e+10
9.00000000000000e-02	9.10236678912652e+09
1.00000000000000e-01	5.96882338820829e+09
1.10000000000000e-01	4.07433182101197e+09
1.20000000000000e-01	2.87485214236999e+09
1.30000000000000e-01	2.08571776572375e+09
1.40000000000000e-01	1.54947097517937e+09
1.50000000000000e-01	1.17481098259650e+09
1.60000000000000e-01	9.06700816953320e+08
1.70000000000000e-01	7.10787663745906e+08
1.80000000000000e-01	5.64949134299334e+08
1.90000000000000e-01	4.54593626484405e+08
2.00000000000000e-01	3.69853523436741e+08
2.10000000000000e-01	3.03919781442526e+08
2.20000000000000e-01	2.52008053616736e+08
2.30000000000000e-01	2.10681501207708e+08
2.40000000000000e-01	1.77463139434924e+08
2.50000000000000e-01	1.50513661103135e+08
2.60000000000000e-01	1.28471829267187e+08
2.70000000000000e-01	1.10300345495819e+08
2.80000000000000e-01	9.52176510348590e+07
2.90000000000000e-01	8.26120090901570e+07
3.00000000000000e-01	7.20127321983231e+07
3.10000000000000e-01	6.30495752327530e+07
3.20000000000000e-01	5.54291163928075e+07
3.30000000000000e-01	4.89178676540795e+07
3.40000000000000e-01	4.33271079959637e+07
3.50000000000000e-01	3.85070763075979e+07
3.60000000000000e-01	3.43325917691615e+07
3.70000000000000e-01	3.07037443778671e+07
3.80000000000000e-01	2.75372336156813e+07
3.90000000000000e-01	2.47641780476419e+07
4.00000000000000e-01	2.23278279803880e+07
4.10000000000000e-01	2.01800982760556e+07
4.20000000000000e-01	1.82815663948561e+07
4.30000000000000e-01	1.65981278784052e+07
4.40000000000000e-01	1.51015721023047e+07
4.50000000000000e-01	1.37674373775845e+07
4.60000000000000e-01	1.25751766305103e+07
4.70000000000000e-01	1.15073478883278e+07
4.80000000000000e-01	1.05486407483850e+07
4.90000000000000e-01	9.68595943066307e+06
5.00000000000000e-01	8.90811102638058e+06
5.10000000000000e-01	8.20519907165999e+06
5.20000000000000e-01	7.56920093558359e+06
5.30000000000000e-01	6.99216721003298e+06
5.40000000000000e-01	6.46807191391052e+06
5.50000000000000e-01	5.99112447511056e+06
5.60000000000000e-01	5.55618057403113e+06
5.70000000000000e-01	5.15909209605141e+06
5.80000000000000e-01	4.79612702043985e+06
5.90000000000000e-01	4.46359405924055e+06
6.00000000000000e-01	4.15867870492634e+06
6.10000000000000e-01	3.87857430500514e+06
6.20000000000000e-01	3.62104337230092e+06
6.30000000000000e-01	3.38390723449856e+06
6.40000000000000e-01	3.16535023251065e+06
6.50000000000000e-01	2.96356135692292e+06
6.60000000000000e-01	2.77709145265033e+06
6.70000000000000e-01	2.60449319768403e+06
6.80000000000000e-01	2.44470355866619e+06
6.90000000000000e-01	2.29656959724152e+06
7.00000000000000e-01	2.15907066501655e+06
7.10000000000000e-01	2.03131256991916e+06
7.20000000000000e-01	1.91247011335088e+06
7.30000000000000e-01	1.80190855125170e+06
7.40000000000000e-01	1.69884102723929e+06
7.50000000000000e-01	1.60276509846488e+06
7.60000000000000e-01	1.51305416002676e+06
7.70000000000000e-01	1.42929065972674e+06
7.80000000000000e-01	1.35095059101708e+06
7.90000000000000e-01	1.27767001934432e+06
8.00000000000000e-01	1.20903581127422e+06
8.10000000000000e-01	1.14471882695895e+06
8.20000000000000e-01	1.08441640582316e+06
8.30000000000000e-01	1.02781555140830e+06
8.40000000000000e-01	9.74690903103908e+05
8.50000000000000e-01	9.24733421206067e+05
8.60000000000000e-01	8.77770916781227e+05
8.70000000000000e-01	8.33569608737995e+05
8.80000000000000e-01	7.91943060133038e+05
8.90000000000000e-01	7.52734777598873e+05
9.00000000000000e-01	7.15771475552651e+05
9.10000000000000e-01	6.80892115956425e+05
9.20000000000000e-01	6.47978225436232e+05
9.30000000000000e-01	6.16901109785409e+05
9.40000000000000e-01	5.87535555417188e+05
9.50000000000000e-01	5.59764312416374e+05
9.60000000000000e-01	5.33490932738347e+05
9.70000000000000e-01	5.08630874149509e+05
9.80000000000000e-01	4.85092817279374e+05
9.90000000000000e-01	4.62787432337245e+05
1.00000000000000e+00	4.41658395061292e+05
1.01000000000000e+00	4.21607317258931e+05
1.02000000000000e+00	4.02579422475546e+05
1.03000000000000e+00	3.84530538228743e+05
1.04000000000000e+00	3.67383696635059e+05
1.05000000000000e+00	3.51091836575563e+05
1.06000000000000e+00	3.35605229455928e+05
1.07000000000000e+00	3.20886203907443e+05
1.08000000000000e+00	3.06877902454809e+05
1.09000000000000e+00	2.93541369959751e+05
1.10000000000000e+00	2.80847223854054e+05
1.11000000000000e+00	2.68752413932547e+05
1.12000000000000e+00	2.57225454346499e+05
1.13000000000000e+00	2.46237574233244e+05
1.14000000000000e+00	2.35757251694577e+05
1.15000000000000e+00	2.25756606872732e+05
1.16000000000000e+00	2.16207330450677e+05
1.17000000000000e+00	2.07091376354830e+05
1.18000000000000e+00	1.98380336793789e+05
1.19000000000000e+00	1.90052650037328e+05
1.20000000000000e+00	1.82089982783755e+05
1.21000000000000e+00	1.74469116040541e+05
1.22000000000000e+00	1.67173118828497e+05
1.23000000000000e+00	1.60187680792781e+05
1.24000000000000e+00	1.53488006317934e+05
1.25000000000000e+00	1.47062581330212e+05
1.26000000000000e+00	1.40886714642293e+05
1.27000000000000e+00	1.34951899254833e+05
1.28000000000000e+00	1.29228148877353e+05
1.29000000000000e+00	1.23707541393767e+05
1.30000000000000e+00	1.18361833157254e+05
1.31000000000000e+00	1.13177285618112e+05
1.32000000000000e+00	1.08132937531235e+05
1.33000000000000e+00	1.03209134296620e+05
1.34000000000000e+00	9.83880122547183e+04
1.35000000000000e+00	9.36580464993616e+04
1.36000000000000e+00	8.90100958657355e+04
1.37000000000000e+00	8.44421179942334e+04
1.38000000000000e+00	7.99564168531051e+04
1.39000000000000e+00	7.55656109028551e+04
1.40000000000000e+00	7.12921929887191e+04
1.41000000000000e+00	6.71655814481516e+04
1.42000000000000e+00	6.32228286095142e+04
1.43000000000000e+00	5.95082326620117e+04
1.44000000000000e+00	5.60691129346919e+04
1.45000000000000e+00	5.29519083212655e+04
1.46000000000000e+00	5.02018109425306e+04
1.47000000000000e+00	4.78527971334750e+04
1.48000000000000e+00	4.59328262079125e+04
1.49000000000000e+00	4.44525920763039e+04
1.50000000000000e+00	4.34093719924428e+04
1.51000000000000e+00	4.27842941820551e+04
1.52000000000000e+00	4.25415782681821e+04
1.53000000000000e+00	4.26353668765616e+04
1.54000000000000e+00	4.30049200561598e+04
1.55000000000000e+00	4.35825428607913e+04
1.56000000000000e+00	4.42993757652618e+04
1.57000000000000e+00	4.50843165360063e+04
1.58000000000000e+00	4.58697363500223e+04
1.59000000000000e+00	4.65934463162271e+04
1.60000000000000e+00	4.71996654731943e+04
1.61000000000000e+00	4.76431278309162e+04
1.62000000000000e+00	4.78834761699982e+04
1.63000000000000e+00	4.78896195616680e+04
1.64000000000000e+00	4.76415230749340e+04
1.65000000000000e+00	4.71329593095027e+04
1.66000000000000e+00	4.63730216747769e+04
1.67000000000000e+00	4.53947304342893e+04
1.68000000000000e+00	4.42455778444537e+04
1.69000000000000e+00	4.29905380387725e+04
1.70000000000000e+00	4.16980366289344e+04
1.71000000000000e+00	4.04441240572798e+04
1.72000000000000e+00	3.93127322220645e+04
1.73000000000000e+00	3.84065586683178e+04
1.74000000000000e+00	3.78480227051823e+04
1.75000000000000e+00	3.77709956562619e+04
1.76000000000000e+00	3.83121896531332e+04
1.77000000000000e+00	3.95983177512012e+04
1.78000000000000e+00	4.17356355993365e+04
1.79000000000000e+00	4.47910408079669e+04
1.80000000000000e+00	4.87694162732573e+04
1.81000000000000e+00	5.35968070636347e+04
1.82000000000000e+00	5.91202639241816e+04
1.83000000000000e+00	6.51390032134862e+04
1.84000000000000e+00	7.14543195083908e+04
1.85000000000000e+00	7.79237664492376e+04
1.86000000000000e+00	8.44600093344380e+04
1.87000000000000e+00	9.10310027009655e+04
1.88000000000000e+00	9.76199853574039e+04
1.89000000000000e+00	1.04209981671244e+05
1.90000000000000e+00	1.10773708143111e+05
1.91000000000000e+00	1.17253018837380e+05
1.92000000000000e+00	1.23566812483135e+05
1.93000000000000e+00	1.29590037685967e+05
1.94000000000000e+00	1.35160779947989e+05
1.95000000000000e+00	1.40082033177935e+05
1.96000000000000e+00	1.44137971970451e+05
1.97000000000000e+00	1.47115077005216e+05
1.98000000000000e+00	1.48822669061858e+05
1.99000000000000e+00	1.49116414618902e+05
2.00000000000000e+00	1.47904647674049e+05
2.01000000000000e+00	1.45159198741363e+05
2.02000000000000e+00	1.40920986174430e+05
2.03000000000000e+00	1.35299309123919e+05
2.04000000000000e+00	1.28463674402641e+05
2.05000000000000e+00	1.20641836436058e+05
2.06000000000000e+00	1.12096307579134e+05
2.07000000000000e+00	1.03100463049929e+05
2.08000000000000e+00	9.39166330057091e+04
2.09000000000000e+00	8.47675199219610e+04
2.10000000000000e+00	7.58331553336911e+04
2.11000000000000e+00	6.72563208943810e+04
2.12000000000000e+00	5.91514030684895e+04
2.13000000000000e+00	5.16227323249999e+04
2.14000000000000e+00	4.47660878366858e+04
2.15000000000000e+00	3.86545252194263e+04
2.16000000000000e+00	3.33253596513811e+04
2.17000000000000e+00	2.87630803155748e+04
2.18000000000000e+00	2.49069789267224e+04
2.19000000000000e+00	2.16590713509189e+04
2.20000000000000e+00	1.89084111547525e+04
2.21000000000000e+00	1.65470615705918e+04
2.22000000000000e+00	1.44854062460083e+04
2.23000000000000e+00	1.26628543146988e+04
2.24000000000000e+00	1.10470953208201e+04
2.25000000000000e+00	9.63021853544253e+03
2.26000000000000e+00	8.41483543659209e+03
2.27000000000000e+00	7.40292973995135e+03
2.28000000000000e+00	6.58810969075464e+03
2.29000000000000e+00	5.95395607900768e+03
2.30000000000000e+00	5.47541571122107e+03
2.31000000000000e+00	5.12145493113037e+03
2.32000000000000e+00	4.85722974516899e+03
2.33000000000000e+00	4.64557175894174e+03
2.34000000000000e+00	4.44894356214318e+03
2.35000000000000e+00	4.23331782809370e+03
2.36000000000000e+00	3.97225680628855e+03
2.37000000000000e+00	3.65153768423762e+03
2.38000000000000e+00	3.27163418240117e+03
2.39000000000000e+00	2.84688850083726e+03
2.40000000000000e+00	2.40316535071994e+03
2.41000000000000e+00	1.97368727296781e+03
2.42000000000000e+00	1.59433175241030e+03
2.43000000000000e+00	1.29822270075484e+03
2.44000000000000e+00	1.11126958006204e+03
2.45000000000000e+00	1.04944537361406e+03
2.46000000000000e+00	1.11788229720941e+03
2.47000000000000e+00	1.31196069770161e+03
2.48000000000000e+00	1.61891640561662e+03
2.49000000000000e+00	2.02011753922929e+03
2.50000000000000e+00	2.49291471754104e+03
2.51000000000000e+00	3.01240245993220e+03
2.52000000000000e+00	3.55291201462271e+03
2.53000000000000e+00	4.08895870300182e+03
2.54000000000000e+00	4.59659606526543e+03
2.55000000000000e+00	5.05506534619381e+03
2.56000000000000e+00	5.44776113280749e+03
2.57000000000000e+00	5.76343417651175e+03
2.58000000000000e+00	5.99611842732607e+03
2.59000000000000e+00	6.14401107639142e+03
2.60000000000000e+00	6.20745097761572e+03
2.61000000000000e+00	6.18757678082082e+03
2.62000000000000e+00	6.08476013130580e+03
2.63000000000000e+00	5.90104240738538e+03
2.64000000000000e+00	5.64490826698142e+03
2.65000000000000e+00	5.33526544939945e+03
2.66000000000000e+00	5.00196884638959e+03
2.67000000000000e+00	4.67922070284908e+03
2.68000000000000e+00	4.39705939714008e+03
2.69000000000000e+00	4.17521316117326e+03
2.70000000000000e+00	4.02159922401557e+03
2.71000000000000e+00	3.93470341456416e+03
2.72000000000000e+00	3.90668866300538e+03
2.73000000000000e+00	3.92626207128008e+03
2.74000000000000e+00	3.98107909426589e+03
2.75000000000000e+00	4.05940461035538e+03
2.76000000000000e+00	4.15135195815280e+03
2.77000000000000e+00	4.24955037429680e+03
2.78000000000000e+00	4.34831080695541e+03
2.79000000000000e+00	4.44337597942254e+03
2.80000000000000e+00	4.53033450308556e+03
2.81000000000000e+00	4.60480854520981e+03
2.82000000000000e+00	4.66214780335062e+03
2.83000000000000e+00	4.69781703958449e+03
2.84000000000000e+00	4.70834010432492e+03
2.85000000000000e+00	4.69197787560612e+03
2.86000000000000e+00	4.64904920139051e+03
2.87000000000000e+00	4.58250080832646e+03
2.88000000000000e+00	4.49707394077390e+03
2.89000000000000e+00	4.39883242088987e+03
2.90000000000000e+00	4.29396459940308e+03
2.91000000000000e+00	4.18784620061272e+03
2.92000000000000e+00	4.08435493416122e+03
2.93000000000000e+00	3.98557437063001e+03
2.94000000000000e+00	3.89256919968503e+03
2.95000000000000e+00	3.80556498105035e+03
2.96000000000000e+00	3.72496886350973e+03
2.97000000000000e+00	3.65172527754230e+03
2.98000000000000e+00	3.58784145521656e+03
2.99000000000000e+00	3.53546396770418e+03
3.00000000000000e+00	3.49664186311597e+03
3.01000000000000e+00	3.47229226622652e+03
3.02000000000000e+00	3.46174841581716e+03
3.03000000000000e+00	3.46291698210431e+03
3.04000000000000e+00	3.47237906934685e+03
3.05000000000000e+00	3.48627820507197e+03
3.06000000000000e+00	3.50067601495178e+03
3.07000000000000e+00	3.51258738579075e+03
3.08000000000000e+00	3.52007311509221e+03
3.09000000000000e+00	3.52183086787315e+03
3.10000000000000e+00	3.51764144217548e+03
3.11000000000000e+00	3.50703522527566e+03
3.12000000000000e+00	3.48897631354556e+03
3.13000000000000e+00	3.46099616729314e+03
3.14000000000000e+00	3.41871750504317e+03
3.15000000000000e+00	3.35593373354614e+03
3.16000000000000e+00	3.26592102107355e+03
3.17000000000000e+00	3.14264228240977e+03
3.18000000000000e+00	2.98262239891642e+03
3.19000000000000e+00	2.78659219727598e+03
3.20000000000000e+00	2.55949769083782e+03
3.21000000000000e+00	2.30963948375205e+03
3.22000000000000e+00	2.04699866157806e+03
3.23000000000000e+00	1.78166708934648e+03
3.24000000000000e+00	1.52281725213397e+03
3.25000000000000e+00	1.27824715538972e+03
3.26000000000000e+00	1.05431704335403e+03
3.27000000000000e+00	8.55892482428604e+02
3.28000000000000e+00	6.86220797767646e+02
3.29000000000000e+00	5.46898214233071e+02
3.30000000000000e+00	4.37880692268368e+02
3.31000000000000e+00	3.57698598228081e+02
3.32000000000000e+00	3.03848943634967e+02
3.33000000000000e+00	2.73219629769359e+02
3.34000000000000e+00	2.62568310833340e+02
3.35000000000000e+00	2.68869888485431e+02
3.36000000000000e+00	2.89533276169303e+02
3.37000000000000e+00	3.22461094942338e+02
3.38000000000000e+00	3.65977006745212e+02
3.39000000000000e+00	4.18717779462023e+02
3.40000000000000e+00	4.79509855627084e+02
3.41000000000000e+00	5.47236868259853e+02
3.42000000000000e+00	6.20799102462872e+02
3.43000000000000e+00	6.99083727031290e+02
3.44000000000000e+00	7.80982437337572e+02
3.45000000000000e+00	8.65448883649794e+02
3.46000000000000e+00	9.51637019505701e+02
3.47000000000000e+00	1.03907312968439e+03
3.48000000000000e+00	1.12780217556159e+03
3.49000000000000e+00	1.21870065200114e+03
3.50000000000000e+00	1.31365174144479e+03
3.51000000000000e+00	1.41564575651827e+03
3.52000000000000e+00	1.52910258363545e+03
3.53000000000000e+00	1.65970088467104e+03
3.54000000000000e+00	1.81447774028564e+03
3.55000000000000e+00	2.00171282056459e+03
3.56000000000000e+00	2.23078658135136e+03
3.57000000000000e+00	2.51218155916671e+03
3.58000000000000e+00	2.85727323897900e+03
3.59000000000000e+00	3.27834948397129e+03
3.60000000000000e+00	3.78850304758757e+03
3.61000000000000e+00	4.40134201112691e+03
3.62000000000000e+00	5.13034751189102e+03
3.63000000000000e+00	5.98844167018897e+03
3.64000000000000e+00	6.98697786242211e+03
3.65000000000000e+00	8.13416438393548e+03
3.66000000000000e+00	9.43427577312474e+03
3.67000000000000e+00	1.08858264225290e+04
3.68000000000000e+00	1.24796841333134e+04
3.69000000000000e+00	1.41973064673325e+04
3.70000000000000e+00	1.60079503165270e+04
3.71000000000000e+00	1.78668688603029e+04
3.72000000000000e+00	1.97147593593965e+04
3.73000000000000e+00	2.14795459572370e+04
3.74000000000000e+00	2.30832062393315e+04
3.75000000000000e+00	2.44496543316697e+04
3.76000000000000e+00	2.55144809431140e+04
3.77000000000000e+00	2.62313567958957e+04
3.78000000000000e+00	2.65768927564158e+04
3.79000000000000e+00	2.65489744229672e+04
3.80000000000000e+00	2.61642472963014e+04
3.81000000000000e+00	2.54538221859637e+04
3.82000000000000e+00	2.44592957964359e+04
3.83000000000000e+00	2.32283539655325e+04
3.84000000000000e+00	2.18116015749981e+04
3.85000000000000e+00	2.02604814970104e+04
3.86000000000000e+00	1.86245894956277e+04
3.87000000000000e+00	1.69498179150204e+04
3.88000000000000e+00	1.52777434939260e+04
3.89000000000000e+00	1.36447640377037e+04
3.90000000000000e+00	1.20814560749215e+04
3.91000000000000e+00	1.06118125268817e+04
3.92000000000000e+00	9.25393789361463e+03
3.93000000000000e+00	8.01985465351031e+03
3.94000000000000e+00	6.91640581600318e+03
3.95000000000000e+00	5.94644655836516e+03
3.96000000000000e+00	5.10961727572323e+03
3.97000000000000e+00	4.40320440944247e+03
3.98000000000000e+00	3.82259274399264e+03
3.99000000000000e+00	3.36126902388224e+03
4.00000000000000e+00	3.01072967294549e+03
4.01000000000000e+00	2.76038466309581e+03
4.02000000000000e+00	2.59770951146060e+03
4.03000000000000e+00	2.50828858031065e+03
4.04000000000000e+00	2.47653945321843e+03
4.05000000000000e+00	2.48607377811988e+03
4.06000000000000e+00	2.52060544845985e+03
4.07000000000000e+00	2.56500492496534e+03
4.08000000000000e+00	2.60641461612819e+03
4.09000000000000e+00	2.63559056701897e+03
4.10000000000000e+00	2.64834764375785e+03
4.11000000000000e+00	2.64630557874825e+03
4.12000000000000e+00	2.63779869467658e+03
4.13000000000000e+00	2.63805731502658e+03
4.14000000000000e+00	2.66884226422589e+03
4.15000000000000e+00	2.75712872741644e+03
4.16000000000000e+00	2.93366564951711e+03
4.17000000000000e+00	3.23061713241937e+03
4.18000000000000e+00	3.67992661711844e+03
4.19000000000000e+00	4.31257366188708e+03
4.20000000000000e+00	5.15685879238142e+03
4.21000000000000e+00	6.24506601869840e+03
4.22000000000000e+00	7.61515622835844e+03
4.23000000000000e+00	9.31747473683268e+03
4.24000000000000e+00	1.14231323614432e+04
4.25000000000000e+00	1.40327809168254e+04
4.26000000000000e+00	1.72845151789130e+04
4.27000000000000e+00	2.13598268188931e+04
4.28000000000000e+00	2.64862753300494e+04
4.29000000000000e+00	3.29338202045930e+04
4.30000000000000e+00	4.10060117512296e+04
4.31000000000000e+00	5.10254505995377e+04
4.32000000000000e+00	6.33145332375094e+04
4.33000000000000e+00	7.81757054645080e+04
4.34000000000000e+00	9.58684795772701e+04
4.35000000000000e+00	1.16604974278672e+05
4.36000000000000e+00	1.40534986613382e+05
4.37000000000000e+00	1.67750973935180e+05
4.38000000000000e+00	1.98306907883569e+05
4.39000000000000e+00	2.32188571100798e+05
4.40000000000000e+00	2.69306775574742e+05
4.41000000000000e+00	3.09394508437440e+05
4.42000000000000e+00	3.51906309452660e+05
4.43000000000000e+00	3.95882678361674e+05
4.44000000000000e+00	4.39824867947820e+05
4.45000000000000e+00	4.81700250973211e+05
4.46000000000000e+00	5.19046908179508e+05
4.47000000000000e+00	5.49238964818772e+05
4.48000000000000e+00	5.69908024216830e+05
4.49000000000000e+00	5.79328922018715e+05
4.50000000000000e+00	5.76775821062095e+05
4.51000000000000e+00	5.62668136427379e+05
4.52000000000000e+00	5.38473053191675e+05
4.53000000000000e+00	5.06443150414593e+05
4.54000000000000e+00	4.69191745528242e+05
4.55000000000000e+00	4.29299963618647e+05
4.56000000000000e+00	3.88999043088856e+05
4.57000000000000e+00	3.49999833000575e+05
4.58000000000000e+00	3.13440915420838e+05
4.59000000000000e+00	2.79977352460519e+05
4.60000000000000e+00	2.49880200951536e+05
4.61000000000000e+00	2.23167840442885e+05
4.62000000000000e+00	1.99706909333479e+05
4.63000000000000e+00	1.79287275855807e+05
4.64000000000000e+00	1.61671280435635e+05
4.65000000000000e+00	1.46609770393015e+05
4.66000000000000e+00	1.33858760031991e+05
4.67000000000000e+00	1.23177909510886e+05
4.68000000000000e+00	1.14330817848623e+05
4.69000000000000e+00	1.07088042496821e+05
4.70000000000000e+00	1.01220203846669e+05
4.71000000000000e+00	9.65110308865189e+04
4.72000000000000e+00	9.27483040312440e+04
4.73000000000000e+00	8.97365343191878e+04
4.74000000000000e+00	8.73031177870745e+04
4.75000000000000e+00	8.53029943987890e+04
4.76000000000000e+00	8.36272831674154e+04
4.77000000000000e+00	8.22032161988662e+04
4.78000000000000e+00	8.09968918149891e+04
4.79000000000000e+00	8.00124856840508e+04
4.80000000000000e+00	7.92834723474870e+04
4.81000000000000e+00	7.88624819806958e+04
4.82000000000000e+00	7.88215564054759e+04
4.83000000000000e+00	7.92366024746211e+04
4.84000000000000e+00	8.01754771952266e+04
4.85000000000000e+00	8.16945644436502e+04
4.86000000000000e+00	8.38320043359933e+04
4.87000000000000e+00	8.65978444106867e+04
4.88000000000000e+00	8.99708289793967e+04
4.89000000000000e+00	9.38935558811052e+04
4.90000000000000e+00	9.82789349036760e+04
4.91000000000000e+00	1.03004450927534e+05
4.92000000000000e+00	1.07930798125337e+05
4.93000000000000e+00	1.12905833324394e+05
4.94000000000000e+00	1.17777843957582e+05
4.95000000000000e+00	1.22410934369486e+05
4.96000000000000e+00	1.26686180837018e+05
4.97000000000000e+00	1.30520299663184e+05
4.98000000000000e+00	1.33857716302710e+05
4.99000000000000e+00	1.36676683265817e+05
5.00000000000000e+00	1.38988497094382e+05
5.01000000000000e+00	1.40828817996377e+05
5.02000000000000e+00	1.42264797625456e+05
5.03000000000000e+00	1.43382167487442e+05
5.04000000000000e+00	1.44284489548293e+05
5.05000000000000e+00	1.45081317927772e+05
5.06000000000000e+00	1.45879156910106e+05
5.07000000000000e+00	1.46768345644808e+05
5.08000000000000e+00	1.47815955769393e+05
5.09000000000000e+00	1.49059434727548e+05
5.10000000000000e+00	1.50505076073397e+05
5.11000000000000e+00	1.52137878146102e+05
5.12000000000000e+00	1.53921578182898e+05
5.13000000000000e+00	1.55815226476408e+05
5.14000000000000e+00	1.57773099234197e+05
5.15000000000000e+00	1.59750492528220e+05
5.16000000000000e+00	1.61698759770808e+05
5.17000000000000e+00	1.63574912357135e+05
5.18000000000000e+00	1.65326094189832e+05
5.19000000000000e+00	1.66896850522897e+05
5.20000000000000e+00	1.68231221174094e+05
5.21000000000000e+00	1.69263989111343e+05
5.22000000000000e+00	1.69933906074356e+05
5.23000000000000e+00	1.70189204313425e+05
5.24000000000000e+00	1.69982728834140e+05
5.25000000000000e+00	1.69278693810851e+05
5.26000000000000e+00	1.68063110597152e+05
5.27000000000000e+00	1.66335491673669e+05
5.28000000000000e+00	1.64127852550344e+05
5.29000000000000e+00	1.61489925718443e+05
5.30000000000000e+00	1.58507266647334e+05
5.31000000000000e+00	1.55284249758836e+05
5.32000000000000e+00	1.51942741933951e+05
5.33000000000000e+00	1.48616559275377e+05
5.34000000000000e+00	1.45431346544192e+05
5.35000000000000e+00	1.42507407826018e+05
5.36000000000000e+00	1.39948439075722e+05
5.37000000000000e+00	1.37841813893965e+05
5.38000000000000e+00	1.36253084537588e+05
5.39000000000000e+00	1.35232107040825e+05
5.40000000000000e+00	1.34811178264633e+05
5.41000000000000e+00	1.35001815954330e+05
5.42000000000000e+00	1.35802386222449e+05
5.43000000000000e+00	1.37194778089227e+05
5.44000000000000e+00	1.39150274597174e+05
5.45000000000000e+00	1.41627968405955e+05
5.46000000000000e+00	1.44583437008371e+05
5.47000000000000e+00	1.47962942896893e+05
5.48000000000000e+00	1.51712705611109e+05
5.49000000000000e+00	1.55779852391533e+05
5.50000000000000e+00	1.60108243997723e+05
5.51000000000000e+00	1.64656191496973e+05
5.52000000000000e+00	1.69391685722128e+05
5.53000000000000e+00	1.74299343471278e+05
5.54000000000000e+00	1.79378069760021e+05
5.55000000000000e+00	1.84637374802808e+05
5.56000000000000e+00	1.90093708936287e+05
5.57000000000000e+00	1.95767787948843e+05
5.58000000000000e+00	2.01679056247899e+05
5.59000000000000e+00	2.07855832659606e+05
5.60000000000000e+00	2.14323305778915e+05
5.61000000000000e+00	2.21127606004359e+05
5.62000000000000e+00	2.28310741446951e+05
5.63000000000000e+00	2.35936512495785e+05
5.64000000000000e+00	2.44058984198247e+05
5.65000000000000e+00	2.52735675239864e+05
5.66000000000000e+00	2.62010882436969e+05
5.67000000000000e+00	2.71916856855617e+05
5.68000000000000e+00	2.82457495710312e+05
5.69000000000000e+00	2.93608421251146e+05
5.70000000000000e+00	3.05334054835850e+05
5.71000000000000e+00	3.17577602706400e+05
5.72000000000000e+00	3.30274189868914e+05
5.73000000000000e+00	3.43369091688642e+05
5.74000000000000e+00	3.56788593890089e+05
5.75000000000000e+00	3.70487187288416e+05
5.76000000000000e+00	3.84425868713958e+05
5.77000000000000e+00	3.98603308008243e+05
5.78000000000000e+00	4.13045316587762e+05
5.79000000000000e+00	4.27820557413946e+05
5.80000000000000e+00	4.43039408978728e+05
5.81000000000000e+00	4.58831444202295e+05
5.82000000000000e+00	4.75321700469423e+05
5.83000000000000e+00	4.92623887594483e+05
5.84000000000000e+00	5.10796733272002e+05
5.85000000000000e+00	5.29868583104185e+05
5.86000000000000e+00	5.49806737828499e+05
5.87000000000000e+00	5.70584476319461e+05
5.88000000000000e+00	5.92157984980776e+05
5.89000000000000e+00	6.14477727230211e+05
5.90000000000000e+00	6.37592402929567e+05
5.91000000000000e+00	6.61566644496737e+05
5.92000000000000e+00	6.86526088204594e+05
5.93000000000000e+00	7.12606033017219e+05
5.94000000000000e+00	7.39972800195988e+05
5.95000000000000e+00	7.68799269090029e+05
5.96000000000000e+00	7.99249137085577e+05
5.97000000000000e+00	8.31516216815501e+05
5.98000000000000e+00	8.65791557985706e+05
5.99000000000000e+00	9.02292519131903e+05
6.00000000000000e+00	9.41227813546531e+05
6.01000000000000e+00	9.82832360750661e+05
6.02000000000000e+00	1.02741629307837e+06
6.03000000000000e+00	1.07526632464516e+06
6.04000000000000e+00	1.12682304414337e+06
6.05000000000000e+00	1.18255692640432e+06
6.06000000000000e+00	1.24303308773222e+06
6.07000000000000e+00	1.30884760078689e+06
6.08000000000000e+00	1.38069185321987e+06
6.09000000000000e+00	1.45930945754102e+06
6.10000000000000e+00	1.54546723106753e+06
6.11000000000000e+00	1.64013104239266e+06
6.12000000000000e+00	1.74435500854244e+06
6.13000000000000e+00	1.85945245430707e+06
6.14000000000000e+00	1.98690363364713e+06
6.15000000000000e+00	2.12869504542202e+06
6.16000000000000e+00	2.28705087421312e+06
6.17000000000000e+00	2.46482441954037e+06
6.18000000000000e+00	2.66568346981697e+06
6.19000000000000e+00	2.89411779376798e+06
6.20000000000000e+00	3.15607337742894e+06
6.21000000000000e+00	3.45894309429896e+06
6.22000000000000e+00	3.81218500233260e+06
6.23000000000000e+00	4.22756372084916e+06
6.24000000000000e+00	4.71972562249830e+06
6.25000000000000e+00	5.30662666038736e+06
6.26000000000000e+00	6.01023009725254e+06
6.27000000000000e+00	6.85694153610604e+06
6.28000000000000e+00	7.87739161390437e+06
6.29000000000000e+00	9.10683388136121e+06
6.30000000000000e+00	1.05837336310370e+07
6.31000000000000e+00	1.23486085752474e+07
6.32000000000000e+00	1.44413954492688e+07
6.33000000000000e+00	1.69001966630210e+07
6.34000000000000e+00	1.97565230518923e+07
6.35000000000000e+00	2.30352441858101e+07
6.36000000000000e+00	2.67500479434581e+07
6.37000000000000e+00	3.08991725928649e+07
6.38000000000000e+00	3.54631052466357e+07
6.39000000000000e+00	4.03969501776621e+07
6.40000000000000e+00	4.56238786877920e+07
6.41000000000000e+00	5.10301312910154e+07
6.42000000000000e+00	5.64600130607106e+07
6.43000000000000e+00	6.17200191255118e+07
6.44000000000000e+00	6.65848156467842e+07
6.45000000000000e+00	7.08145011656295e+07
6.46000000000000e+00	7.41772832304173e+07
6.47000000000000e+00	7.64765583915008e+07
6.48000000000000e+00	7.75741219030179e+07
6.49000000000000e+00	7.74101968991916e+07
6.50000000000000e+00	7.60111362857851e+07
6.51000000000000e+00	7.34849982049845e+07
6.52000000000000e+00	7.00032491386540e+07
6.53000000000000e+00	6.57776397589351e+07
6.54000000000000e+00	6.10332273153504e+07
6.55000000000000e+00	5.59877407784792e+07
6.56000000000000e+00	5.08350857920348e+07
6.57000000000000e+00	4.57363168535519e+07
6.58000000000000e+00	4.08187585595311e+07
6.59000000000000e+00	3.61754870915051e+07
6.60000000000000e+00	3.18698776895679e+07
6.61000000000000e+00	2.79386373665662e+07
6.62000000000000e+00	2.43981720729469e+07
6.63000000000000e+00	2.12474229677985e+07
6.64000000000000e+00	1.84743825809010e+07
6.65000000000000e+00	1.60578790526615e+07
6.66000000000000e+00	1.39713498525598e+07
6.67000000000000e+00	1.21843304230572e+07
6.68000000000000e+00	1.06644832261444e+07
6.69000000000000e+00	9.37859827061428e+06
6.70000000000000e+00	8.29467147620833e+06
6.71000000000000e+00	7.38215182191862e+06
6.72000000000000e+00	6.61356687868003e+06
6.73000000000000e+00	5.96456974250128e+06
6.74000000000000e+00	5.41411183322028e+06
6.75000000000000e+00	4.94456616645823e+06
6.76000000000000e+00	4.54119298964259e+06
6.77000000000000e+00	4.19202463687540e+06
6.78000000000000e+00	3.88723852749867e+06
6.79000000000000e+00	3.61897559722466e+06
6.80000000000000e+00	3.38096089050103e+06
6.81000000000000e+00	3.16822685634307e+06
6.82000000000000e+00	2.97685946472061e+06
6.83000000000000e+00	2.80378024048376e+06
6.84000000000000e+00	2.64657810850098e+06
6.85000000000000e+00	2.50325932033779e+06
6.86000000000000e+00	2.37229721491511e+06
6.87000000000000e+00	2.25242524394199e+06
6.88000000000000e+00	2.14256575657075e+06
6.89000000000000e+00	2.04165950986878e+06
6.90000000000000e+00	1.94887131138116e+06
6.91000000000000e+00	1.86328528093502e+06
6.92000000000000e+00	1.78404914183906e+06
6.93000000000000e+00	1.71046693412821e+06
6.94000000000000e+00	1.64189275379998e+06
6.95000000000000e+00	1.57777712565456e+06
6.96000000000000e+00	1.51764301641594e+06
6.97000000000000e+00	1.46109401383004e+06
6.98000000000000e+00	1.40779226791377e+06
6.99000000000000e+00	1.35744096150708e+06
7.00000000000000e+00	1.30980632748151e+06
7.01000000000000e+00	1.26468765796333e+06
7.02000000000000e+00	1.22195126983215e+06
7.03000000000000e+00	1.18145675105670e+06
7.04000000000000e+00	1.14309962743530e+06
7.05000000000000e+00	1.10673275859737e+06
7.06000000000000e+00	1.07221285731326e+06
7.07000000000000e+00	1.03936904768329e+06
7.08000000000000e+00	1.00798861594258e+06
7.09000000000000e+00	9.77886763832831e+05
7.10000000000000e+00	9.48914524844948e+05
7.11000000000000e+00	9.20982006676970e+05
7.12000000000000e+00	8.94040309709134e+05
7.13000000000000e+00	8.68109928108245e+05
7.14000000000000e+00	8.43239922752694e+05
7.15000000000000e+00	8.19484918166748e+05
7.16000000000000e+00	7.96892907623690e+05
7.17000000000000e+00	7.75506037473015e+05
7.18000000000000e+00	7.55353450894710e+05
7.19000000000000e+00	7.36425997567427e+05
7.20000000000000e+00	7.18751948079605e+05
7.21000000000000e+00	7.02291332960493e+05
7.22000000000000e+00	6.87014458908468e+05
7.23000000000000e+00	6.72852429931797e+05
7.24000000000000e+00	6.59706197744718e+05
7.25000000000000e+00	6.47464926121814e+05
7.26000000000000e+00	6.36003188894588e+05
7.27000000000000e+00	6.25187876400302e+05
7.28000000000000e+00	6.14886221101672e+05
7.29000000000000e+00	6.04992064789610e+05
7.30000000000000e+00	5.95419858568785e+05
7.31000000000000e+00	5.86081202424874e+05
7.32000000000000e+00	5.76929464871189e+05
7.33000000000000e+00	5.67949058677729e+05
7.34000000000000e+00	5.59134910806096e+05
7.35000000000000e+00	5.50503091753261e+05
7.36000000000000e+00	5.42059099524724e+05
7.37000000000000e+00	5.33833032085730e+05
7.38000000000000e+00	5.25831653861680e+05
7.39000000000000e+00	5.18045169712992e+05
7.40000000000000e+00	5.10461629266847e+05
7.41000000000000e+00	5.03048645175729e+05
7.42000000000000e+00	4.95766125369208e+05
7.43000000000000e+00	4.88590331867376e+05
7.44000000000000e+00	4.81474362318575e+05
7.45000000000000e+00	4.74390893233089e+05
7.46000000000000e+00	4.67315769159116e+05
7.47000000000000e+00	4.60235989371543e+05
7.48000000000000e+00	4.53144073359681e+05
7.49000000000000e+00	4.46048194359389e+05
7.50000000000000e+00	4.38958255855725e+05
7.51000000000000e+00	4.31889173371941e+05
7.52000000000000e+00	4.24862253148365e+05
7.53000000000000e+00	4.17888911841425e+05
7.54000000000000e+00	4.10979726235790e+05
7.55000000000000e+00	4.04147638519975e+05
7.56000000000000e+00	3.97402302747766e+05
7.57000000000000e+00	3.90742006927260e+05
7.58000000000000e+00	3.84172516426547e+05
7.59000000000000e+00	3.77708009568230e+05
7.60000000000000e+00	3.71348916921339e+05
7.61000000000000e+00	3.65115238063113e+05
7.62000000000000e+00	3.59001383286726e+05
7.63000000000000e+00	3.53012016397195e+05
7.64000000000000e+00	3.47131311987662e+05
7.65000000000000e+00	3.41335816904947e+05
7.66000000000000e+00	3.35603353940327e+05
7.67000000000000e+00	3.29914967616018e+05
7.68000000000000e+00	3.24258418286842e+05
7.69000000000000e+00	3.18624513138454e+05
7.70000000000000e+00	3.13033411272494e+05
7.71000000000000e+00	3.07512176773363e+05
7.72000000000000e+00	3.02097943934186e+05
7.73000000000000e+00	2.96841320498999e+05
7.74000000000000e+00	2.91805265867051e+05
7.75000000000000e+00	2.87039919835283e+05
7.76000000000000e+00	2.82594864052967e+05
7.77000000000000e+00	2.78487645588829e+05
7.78000000000000e+00	2.74710866367057e+05
7.79000000000000e+00	2.71225554102406e+05
7.80000000000000e+00	2.67965861950987e+05
7.81000000000000e+00	2.64868278439113e+05
7.82000000000000e+00	2.61862986340139e+05
7.83000000000000e+00	2.58885326127860e+05
7.84000000000000e+00	2.55895047032586e+05
7.85000000000000e+00	2.52859072813635e+05
7.86000000000000e+00	2.49753566549668e+05
7.87000000000000e+00	2.46576659317354e+05
7.88000000000000e+00	2.43335083256666e+05
7.89000000000000e+00	2.40034782035659e+05
7.90000000000000e+00	2.36709009495824e+05
7.91000000000000e+00	2.33380178379803e+05
7.92000000000000e+00	2.30082870794958e+05
7.93000000000000e+00	2.26841402488047e+05
7.94000000000000e+00	2.23667991078808e+05
7.95000000000000e+00	2.20580875474754e+05
7.96000000000000e+00	2.17575561196945e+05
7.97000000000000e+00	2.14645592979759e+05
7.98000000000000e+00	2.11777330451783e+05
7.99000000000000e+00	2.08970957099701e+05
8.00000000000000e+00	2.06221171163215e+05
8.01000000000000e+00	2.03536513365848e+05
8.02000000000000e+00	2.00925199675496e+05
8.03000000000000e+00	1.98404445188625e+05
8.04000000000000e+00	1.95978624378654e+05
8.05000000000000e+00	1.93658922513599e+05
8.06000000000000e+00	1.91450150886352e+05
8.07000000000000e+00	1.89349672764077e+05
8.08000000000000e+00	1.87362189782723e+05
8.09000000000000e+00	1.85480650623373e+05
8.10000000000000e+00	1.83703315191625e+05
8.11000000000000e+00	1.82031441555675e+05
8.12000000000000e+00	1.80458648136453e+05
8.13000000000000e+00	1.78984787186287e+05
8.14000000000000e+00	1.77596811982448e+05
8.15000000000000e+00	1.76285514970675e+05
8.16000000000000e+00	1.75033661609807e+05
8.17000000000000e+00	1.73821092569165e+05
8.18000000000000e+00	1.72631496947023e+05
8.19000000000000e+00	1.71443918431993e+05
8.20000000000000e+00	1.70240231556527e+05
8.21000000000000e+00	1.69010356560665e+05
8.22000000000000e+00	1.67751176945128e+05
8.23000000000000e+00	1.66467129973795e+05
8.24000000000000e+00	1.65171344819379e+05
8.25000000000000e+00	1.63887327943275e+05
8.26000000000000e+00	1.62630808617216e+05
8.27000000000000e+00	1.61422763029303e+05
8.28000000000000e+00	1.60271810737388e+05
8.29000000000000e+00	1.59179009736401e+05
8.30000000000000e+00	1.58150353277484e+05
8.31000000000000e+00	1.57175672175626e+05
8.32000000000000e+00	1.56251556102311e+05
8.33000000000000e+00	1.55375590812411e+05
8.34000000000000e+00	1.54543820122079e+05
8.35000000000000e+00	1.53748200544500e+05
8.36000000000000e+00	1.52987637208770e+05
8.37000000000000e+00	1.52255043877933e+05
8.38000000000000e+00	1.51547124222132e+05
8.39000000000000e+00	1.50854799320152e+05
8.40000000000000e+00	1.50173760128630e+05
8.41000000000000e+00	1.49497998440517e+05
8.42000000000000e+00	1.48825281880271e+05
8.43000000000000e+00	1.48154095832833e+05
8.44000000000000e+00	1.47484479599324e+05
8.45000000000000e+00	1.46815377360237e+05
8.46000000000000e+00	1.46142125125003e+05
8.47000000000000e+00	1.45458728915731e+05
8.48000000000000e+00	1.44759582343938e+05
8.49000000000000e+00	1.44039128947743e+05
8.50000000000000e+00	1.43299461547667e+05
8.51000000000000e+00	1.42544444406042e+05
8.52000000000000e+00	1.41774970949608e+05
8.53000000000000e+00	1.40997304287537e+05
8.54000000000000e+00	1.40212200793534e+05
8.55000000000000e+00	1.39418593579257e+05
8.56000000000000e+00	1.38612662554838e+05
8.57000000000000e+00	1.37787620595213e+05
8.58000000000000e+00	1.36940474001483e+05
8.59000000000000e+00	1.36071963440207e+05
8.60000000000000e+00	1.35186431477736e+05
8.61000000000000e+00	1.34290151590702e+05
8.62000000000000e+00	1.33382146639495e+05
8.63000000000000e+00	1.32472396819732e+05
8.64000000000000e+00	1.31563312423963e+05
8.65000000000000e+00	1.30658005218677e+05
8.66000000000000e+00	1.29761382913068e+05
8.67000000000000e+00	1.28869525443510e+05
8.68000000000000e+00	1.27987551657478e+05
8.69000000000000e+00	1.27113194596213e+05
8.70000000000000e+00	1.26250461569167e+05
8.71000000000000e+00	1.25397260497332e+05
8.72000000000000e+00	1.24560139042086e+05
8.73000000000000e+00	1.23737760901551e+05
8.74000000000000e+00	1.22932975361954e+05
8.75000000000000e+00	1.22144398826787e+05
8.76000000000000e+00	1.21374546024043e+05
8.77000000000000e+00	1.20617869283240e+05
8.78000000000000e+00	1.19879841230039e+05
8.79000000000000e+00	1.19157596962941e+05
8.80000000000000e+00	1.18452750770608e+05
8.81000000000000e+00	1.17774006562318e+05
8.82000000000000e+00	1.17120747154275e+05
8.83000000000000e+00	1.16502878284456e+05
8.84000000000000e+00	1.15917397333022e+05
8.85000000000000e+00	1.15367630774541e+05
8.86000000000000e+00	1.14850868461962e+05
8.87000000000000e+00	1.14359374881668e+05
8.88000000000000e+00	1.13888693742976e+05
8.89000000000000e+00	1.13433332163573e+05
8.90000000000000e+00	1.12984537633053e+05
8.91000000000000e+00	1.12539636646537e+05
8.92000000000000e+00	1.12090713724237e+05
8.93000000000000e+00	1.11639892405093e+05
8.94000000000000e+00	1.11178852336525e+05
8.95000000000000e+00	1.10709510919737e+05
8.96000000000000e+00	1.10228893277637e+05
8.97000000000000e+00	1.09735060268609e+05
8.98000000000000e+00	1.09221761527980e+05
8.99000000000000e+00	1.08689490155679e+05
9.00000000000000e+00	1.08140993471002e+05
9.01000000000000e+00	1.07586275825680e+05
9.02000000000000e+00	1.07036594314486e+05
9.03000000000000e+00	1.06503702722628e+05
9.04000000000000e+00	1.06002711950043e+05
9.05000000000000e+00	1.05536834842511e+05
9.06000000000000e+00	1.05107408454757e+05
9.07000000000000e+00	1.04704723207368e+05
9.08000000000000e+00	1.04322099055295e+05
9.09000000000000e+00	1.03949132110729e+05
9.10000000000000e+00	1.03580634127191e+05
9.11000000000000e+00	1.03203406906264e+05
9.12000000000000e+00	1.02816694111090e+05
9.13000000000000e+00	1.02415781455736e+05
9.14000000000000e+00	1.02003045143519e+05
9.15000000000000e+00	1.01575129523203e+05
9.16000000000000e+00	1.01137517756133e+05
9.17000000000000e+00	1.00694095777297e+05
9.18000000000000e+00	1.00251497633593e+05
9.19000000000000e+00	9.98147457117928e+04
9.20000000000000e+00	9.93941019210184e+04
9.21000000000000e+00	9.89938384121753e+04
9.22000000000000e+00	9.86190616676526e+04
9.23000000000000e+00	9.82689175437350e+04
9.24000000000000e+00	9.79427918069394e+04
9.25000000000000e+00	9.76333030217299e+04
9.26000000000000e+00	9.73307469223750e+04
9.27000000000000e+00	9.70241479821320e+04
9.28000000000000e+00	9.67068900409487e+04
9.29000000000000e+00	9.63670666785487e+04
9.30000000000000e+00	9.60040760200554e+04
9.31000000000000e+00	9.56160959843506e+04
9.32000000000000e+00	9.52021688946924e+04
9.33000000000000e+00	9.47701930460660e+04
9.34000000000000e+00	9.43244598329232e+04
9.35000000000000e+00	9.38727367873159e+04
9.36000000000000e+00	9.34204713044887e+04
9.37000000000000e+00	9.29760815102018e+04
9.38000000000000e+00	9.25396077192837e+04
9.39000000000000e+00	9.21202253353620e+04
9.40000000000000e+00	9.17166748972892e+04
9.41000000000000e+00	9.13296115787111e+04
9.42000000000000e+00	9.09621958090474e+04
9.43000000000000e+00	9.06130516637300e+04
9.44000000000000e+00	9.02783650398739e+04
9.45000000000000e+00	8.99555038271128e+04
9.46000000000000e+00	8.96442624296564e+04
9.47000000000000e+00	8.93406303608852e+04
9.48000000000000e+00	8.90448275899066e+04
9.49000000000000e+00	8.87580352193256e+04
9.50000000000000e+00	8.84814656732700e+04
9.51000000000000e+00	8.82167290360312e+04
9.52000000000000e+00	8.79622056484452e+04
9.53000000000000e+00	8.77119685840314e+04
9.54000000000000e+00	8.74610237748782e+04
9.55000000000000e+00	8.71981359956783e+04
9.56000000000000e+00	8.69200022004608e+04
9.57000000000000e+00	8.66340058962234e+04
9.58000000000000e+00	8.63529989979304e+04
9.59000000000000e+00	8.60969563891299e+04
9.60000000000000e+00	8.58823489366776e+04
9.61000000000000e+00	8.57216984880597e+04
9.62000000000000e+00	8.56141455127829e+04
9.63000000000000e+00	8.55466794175171e+04
9.64000000000000e+00	8.55064786500543e+04
9.65000000000000e+00	8.54772130153757e+04
9.66000000000000e+00	8.54446322318586e+04
9.67000000000000e+00	8.54010288399730e+04
9.68000000000000e+00	8.53447867373969e+04
9.69000000000000e+00	8.52724963119500e+04
9.70000000000000e+00	8.51866157197758e+04
9.71000000000000e+00	8.50878479231847e+04
9.72000000000000e+00	8.49756224718933e+04
9.73000000000000e+00	8.48514390018014e+04
9.74000000000000e+00	8.47160939841826e+04
9.75000000000000e+00	8.45693419292435e+04
9.76000000000000e+00	8.44120385476675e+04
9.77000000000000e+00	8.42435427445380e+04
9.78000000000000e+00	8.40639343848096e+04
9.79000000000000e+00	8.38747897626518e+04
9.80000000000000e+00	8.36763274570728e+04
9.81000000000000e+00	8.34705763580492e+04
9.82000000000000e+00	8.32595238382126e+04
9.83000000000000e+00	8.30436482847663e+04
9.84000000000000e+00	8.28238578062346e+04
9.85000000000000e+00	8.26002288213167e+04
9.86000000000000e+00	8.23730429936047e+04
9.87000000000000e+00	8.21457467192097e+04
9.88000000000000e+00	8.19304888493527e+04
9.89000000000000e+00	8.17656896046052e+04
9.90000000000000e+00	8.17457424814005e+04
9.91000000000000e+00	8.20805935039655e+04
9.92000000000000e+00	8.31871387746002e+04
9.93000000000000e+00	8.58197307217561e+04
9.94000000000000e+00	9.12699450708267e+04
9.95000000000000e+00	1.01758300985636e+05
9.96000000000000e+00	1.21310717110555e+05
9.97000000000000e+00	1.57901957853670e+05
9.98000000000000e+00	2.28894933482351e+05
9.99000000000000e+00	3.75704151617964e+05
1.00000000000000e+01	7.06768753244406e+05
1.00100000000000e+01	1.51968259411047e+06
1.00200000000000e+01	3.30857315341911e+06
1.00300000000000e+01	4.11611967269320e+06
1.00400000000000e+01	1.90351686638027e+06
1.00500000000000e+01	6.41152571761623e+05
1.00600000000000e+01	2.27665017413645e+05
1.00700000000000e+01	9.05073611835116e+04
1.00800000000000e+01	4.01071695162221e+04
1.00900000000000e+01	1.94943519174397e+04
1.01000000000000e+01	1.02275175086202e+04
1.01100000000000e+01	5.71431540447512e+03
1.01200000000000e+01	3.36386556319498e+03
1.01300000000000e+01	2.06887441576567e+03
1.01400000000000e+01	1.32054704350431e+03
1.01500000000000e+01	8.70153408456103e+02
1.01600000000000e+01	5.89390653331448e+02
1.01700000000000e+01	4.08941537211186e+02
1.01800000000000e+01	2.89815284585587e+02
1.01900000000000e+01	2.09287909507393e+02
1.02000000000000e+01	1.53696090640266e+02
1.02100000000000e+01	1.14584556108780e+02
1.02200000000000e+01	8.65982514318274e+01
1.02300000000000e+01	6.62612376189759e+01
1.02400000000000e+01	5.12752919652621e+01
1.02500000000000e+01	4.00906229460939e+01
1.02600000000000e+01	3.16447029771977e+01
1.02700000000000e+01	2.51978278698506e+01
1.02800000000000e+01	2.02280581229942e+01
1.02900000000000e+01	1.63613839716765e+01
1.03000000000000e+01	1.33272063979986e+01
1.03100000000000e+01	1.09272137880716e+01
1.03200000000000e+01	9.01467998186035e+00
1.03300000000000e+01	7.47999398149163e+00
1.03400000000000e+01	6.24031924444677e+00
1.03500000000000e+01	5.23280218609903e+00
1.03600000000000e+01	4.40913667937278e+00
1.03700000000000e+01	3.73208010427069e+00
1.03800000000000e+01	3.17259851278791e+00
1.03900000000000e+01	2.70801015842054e+00
1.04000000000000e+01	2.32038179377704e+00
1.04100000000000e+01	1.99551744833424e+00
1.04200000000000e+01	1.72211907809933e+00
1.04300000000000e+01	1.49108728113913e+00
1.04400000000000e+01	1.29512579979184e+00
1.04500000000000e+01	1.12830727924346e+00
1.04600000000000e+01	9.85800408572092e-01
1.04700000000000e+01	8.63659876489844e-01
1.04800000000000e+01	7.58649528100488e-01
1.04900000000000e+01	6.68097827405979e-01
1.05000000000000e+01	5.89785846674412e-01
1.05100000000000e+01	5.21874952506234e-01
1.05200000000000e+01	4.62828942850964e-01
1.05300000000000e+01	4.11354150642191e-01
1.05400000000000e+01	3.66374042147254e-01
1.05500000000000e+01	3.26974439200287e-01
1.05600000000000e+01	2.92384005910781e-01
1.05700000000000e+01	2.61945971566997e-01
1.05800000000000e+01	2.35105127649616e-01
1.05900000000000e+01	2.11386615515438e-01
1.06000000000000e+01	1.90384282991892e-01
1.06100000000000e+01	1.71751178463897e-01
1.06200000000000e+01	1.55188221102487e-01
1.06300000000000e+01	1.40437772317807e-01
1.06400000000000e+01	1.27278491158407e-01
1.06500000000000e+01	1.15517695549036e-01
1.06600000000000e+01	1.04989031204498e-01
1.06700000000000e+01	9.55483821176874e-02
1.06800000000000e+01	8.70692174746325e-02
1.06900000000000e+01	7.94426761368090e-02
1.07000000000000e+01	7.25718014938707e-02
1.07100000000000e+01	6.63731556040262e-02
1.07200000000000e+01	6.07735881552665e-02
1.07300000000000e+01	5.57081170070495e-02
1.07400000000000e+01	5.11201632983874e-02
1.07500000000000e+01	4.69591484727428e-02
1.07600000000000e+01	4.31816548698246e-02
1.07700000000000e+01	3.97478018181257e-02
1.07800000000000e+01	3.66235325422787e-02
1.07900000000000e+01	3.37775075269768e-02
1.08000000000000e+01	3.11824193778300e-02
1.08100000000000e+01	2.88137301199584e-02
1.08200000000000e+01	2.66495129517001e-02
1.08300000000000e+01	2.46701966893826e-02
1.08400000000000e+01	2.28581066566541e-02
1.08500000000000e+01	2.11973194224883e-02
1.08600000000000e+01	1.96737888658621e-02
1.08700000000000e+01	1.82747895279235e-02
1.08800000000000e+01	1.69888589694564e-02
1.08900000000000e+01	1.58056018895003e-02
1.09000000000000e+01	1.47158284217760e-02
1.09100000000000e+01	1.37111961110852e-02
1.09200000000000e+01	1.27841716057641e-02
1.09300000000000e+01	1.19278715976910e-02
1.09400000000000e+01	1.11362104299978e-02
1.09500000000000e+01	1.04037418738340e-02
1.09600000000000e+01	9.72533925988341e-03
1.09700000000000e+01	9.09661808211521e-03
1.09800000000000e+01	8.51328820058456e-03
1.09900000000000e+01	7.97180142576824e-03
1.10000000000000e+01	7.46876307404717e-03
1.10100000000000e+01	7.00112483690645e-03
1.10200000000000e+01	6.56615870116746e-03
1.10300000000000e+01	6.16141420921039e-03
1.10400000000000e+01	5.78456229764801e-03
1.10500000000000e+01	5.43359039907609e-03
1.10600000000000e+01	5.10664340105136e-03
1.10700000000000e+01	4.80193296492250e-03
1.10800000000000e+01	4.51788297565634e-03
1.10900000000000e+01	4.25302090172333e-03
1.11000000000000e+01	4.00595825998053e-03
1.11100000000000e+01	3.77544210172443e-03
1.11200000000000e+01	3.56020298510738e-03
1.11300000000000e+01	3.35918618789101e-03
1.11400000000000e+01	3.17133256986014e-03
1.11500000000000e+01	2.99566606561368e-03
1.11600000000000e+01	2.83127314595197e-03
1.11700000000000e+01	2.67735660947413e-03
1.11800000000000e+01	2.53311186523693e-03
1.11900000000000e+01	2.39783470039796e-03
1.12000000000000e+01	2.27086119210830e-03
1.12100000000000e+01	2.15161683456677e-03
1.12200000000000e+01	2.03955258285191e-03
1.12300000000000e+01	1.93414450331364e-03
1.12400000000000e+01	1.83493719655557e-03
1.12500000000000e+01	1.74152518103035e-03
1.12600000000000e+01	1.65350238155201e-03
1.12700000000000e+01	1.57052330565256e-03
1.12800000000000e+01	1.49226660697566e-03
1.12900000000000e+01	1.41840993036850e-03
1.13000000000000e+01	1.34869195404403e-03
1.13100000000000e+01	1.28284464168926e-03
1.13200000000000e+01	1.22061780029735e-03
1.13300000000000e+01	1.16180387311527e-03
1.13400000000000e+01	1.10617666442896e-03
1.13500000000000e+01	1.05355707803187e-03
1.13600000000000e+01	1.00374793406409e-03
1.13700000000000e+01	9.56574834923259e-04
1.13800000000000e+01	9.11896403507489e-04
1.13900000000000e+01	8.69551398722992e-04
1.14000000000000e+01	8.29404252851374e-04
1.14100000000000e+01	7.91335499499794e-04
1.14200000000000e+01	7.55212750032312e-04
1.14300000000000e+01	7.20936109022697e-04
1.14400000000000e+01	6.88397085062120e-04
1.14500000000000e+01	6.57502019362386e-04
1.14600000000000e+01	6.28153482786115e-04
1.14700000000000e+01	6.00269081378363e-04
1.14800000000000e+01	5.73763994828922e-04
1.14900000000000e+01	5.48565147609460e-04
1.15000000000000e+01	5.24604385310255e-04
1.15100000000000e+01	5.01807815786851e-04
1.15200000000000e+01	4.80112132530560e-04
1.15300000000000e+01	4.59461995403591e-04
1.15400000000000e+01	4.39799987428332e-04
1.15500000000000e+01	4.21078661025725e-04
1.15600000000000e+01	4.03251177510851e-04
1.15700000000000e+01	3.86269751710462e-04
1.15800000000000e+01	3.70100803203942e-04
1.15900000000000e+01	3.54700306182985e-04
1.16000000000000e+01	3.40033953160053e-04
1.16100000000000e+01	3.26070001595951e-04
1.16200000000000e+01	3.12770383427871e-04
1.16300000000000e+01	3.00105098214451e-04
1.16400000000000e+01	2.88039726625209e-04
1.16500000000000e+01	2.76543203797841e-04
1.16600000000000e+01	2.65585648993135e-04
1.16700000000000e+01	2.55136289707987e-04
1.16800000000000e+01	2.45162884198129e-04
1.16900000000000e+01	2.35639982314583e-04
1.17000000000000e+01	2.26539847545315e-04
1.17100000000000e+01	2.17836835419563e-04
1.17200000000000e+01	2.09507717344540e-04
1.17300000000000e+01	2.01530303780200e-04
1.17400000000000e+01	1.93885825388381e-04
1.17500000000000e+01	1.86556701858779e-04
1.17600000000000e+01	1.79526195216276e-04
1.17700000000000e+01	1.72780033943729e-04
1.17800000000000e+01	1.66309241338281e-04
1.17900000000000e+01	1.60099303773346e-04
1.18000000000000e+01	1.54142527504213e-04
1.18100000000000e+01	1.48429237623264e-04
1.18200000000000e+01	1.42950016291552e-04
1.18300000000000e+01	1.37698346875495e-04
1.18400000000000e+01	1.32664582586762e-04
1.18500000000000e+01	1.27840740081188e-04
1.18600000000000e+01	1.23218934454660e-04
1.18700000000000e+01	1.18790516289667e-04
1.18800000000000e+01	1.14547271011475e-04
1.18900000000000e+01	1.10480509899512e-04
1.19000000000000e+01	1.06582476726740e-04
1.19100000000000e+01	1.02844567277765e-04
1.19200000000000e+01	9.92589510587765e-05
1.19300000000000e+01	9.58188666792267e-05
1.19400000000000e+01	9.25152743649049e-05
1.19500000000000e+01	8.93426270478901e-05
1.19600000000000e+01	8.62939738185770e-05
1.19700000000000e+01	8.33628115375282e-05
1.19800000000000e+01	8.05435349662221e-05
1.19900000000000e+01	7.78304922948054e-05
1.20000000000000e+01	7.52181051531811e-05
1.20100000000000e+01	7.27021518042810e-05
1.20200000000000e+01	7.02788217130218e-05
1.20300000000000e+01	6.79435088002855e-05
1.20400000000000e+01	6.56931751468419e-05
1.20500000000000e+01	6.35241081913528e-05
1.20600000000000e+01	6.14343224943790e-05
1.20700000000000e+01	5.94202996765392e-05
1.20800000000000e+01	5.74798722096549e-05
1.20900000000000e+01	5.56108474960386e-05
1.21000000000000e+01	5.38112030002799e-05
1.21100000000000e+01	5.20786796419601e-05
1.21200000000000e+01	5.04110892716619e-05
1.21300000000000e+01	4.88059575503033e-05
1.21400000000000e+01	4.72614775328847e-05
1.21500000000000e+01	4.57754990954773e-05
1.21600000000000e+01	4.43447739002766e-05
1.21700000000000e+01	4.29677032921124e-05
1.21800000000000e+01	4.16412836240021e-05
1.21900000000000e+01	4.03636076440490e-05
1.22000000000000e+01	3.91322200850223e-05
1.22100000000000e+01	3.79445676730340e-05
1.22200000000000e+01	3.67985721957839e-05
1.22300000000000e+01	3.56920527021589e-05
1.22400000000000e+01	3.46230245767494e-05
1.22500000000000e+01	3.35894278894302e-05
1.22600000000000e+01	3.25899867438318e-05
1.22700000000000e+01	3.16229137687826e-05
1.22800000000000e+01	3.06860411127523e-05
1.22900000000000e+01	2.97788363076565e-05
1.23000000000000e+01	2.88992670399712e-05
1.23100000000000e+01	2.80464682878121e-05
1.23200000000000e+01	2.72191544207008e-05
1.23300000000000e+01	2.64163036210073e-05
1.23400000000000e+01	2.56370159190027e-05
1.23500000000000e+01	2.48806894629320e-05
1.23600000000000e+01	2.41463069697175e-05
1.23700000000000e+01	2.34335561467644e-05
1.23800000000000e+01	2.27415894503720e-05
1.23900000000000e+01	2.20703270336680e-05
1.24000000000000e+01	2.14190677769785e-05
1.24100000000000e+01	2.07877548398873e-05
1.24200000000000e+01	2.01758256866188e-05
1.24300000000000e+01	1.95828187125308e-05
1.24400000000000e+01	1.90086976902716e-05
1.24500000000000e+01	1.84526394676913e-05
1.24600000000000e+01	1.79143451783515e-05
1.24700000000000e+01	1.73933060566484e-05
1.24800000000000e+01	1.68889880073192e-05
1.24900000000000e+01	1.64007281680887e-05
1.25000000000000e+01	1.59283516581046e-05
1.25100000000000e+01	1.54711576473275e-05
1.25200000000000e+01	1.50286181096139e-05
1.25300000000000e+01	1.46002647374936e-05
1.25400000000000e+01	1.41858423659221e-05
1.25500000000000e+01	1.37847297231908e-05
1.25600000000000e+01	1.33966719493430e-05
1.25700000000000e+01	1.30211352499668e-05
1.25800000000000e+01	1.26578154383805e-05
1.25900000000000e+01	1.23062916866955e-05
1.26000000000000e+01	1.19660747972619e-05
1.26100000000000e+01	1.16367779457536e-05
1.26200000000000e+01	1.13181031938587e-05
1.26300000000000e+01	1.10094912690980e-05
1.26400000000000e+01	1.07105447643123e-05
1.26500000000000e+01	1.04209605872512e-05
1.26600000000000e+01	1.01404163038531e-05
1.26700000000000e+01	9.86846624458262e-06
1.26800000000000e+01	9.60487678920815e-06
1.26900000000000e+01	9.34940565760037e-06
1.27000000000000e+01	9.10175240347002e-06
1.27100000000000e+01	8.86172663453089e-06
1.27200000000000e+01	8.62912516241661e-06
1.27300000000000e+01	8.40363418842951e-06
1.27400000000000e+01	8.18520728725610e-06
1.27500000000000e+01	7.97350260288253e-06
1.27600000000000e+01	7.76842575047128e-06
1.27700000000000e+01	7.56972550661555e-06
1.27800000000000e+01	7.37716492029809e-06
1.27900000000000e+01	7.19052381213754e-06
1.28000000000000e+01	7.00960735139287e-06
1.28100000000000e+01	6.83414919426333e-06
1.28200000000000e+01	6.66401986314932e-06
1.28300000000000e+01	6.49893647385381e-06
1.28400000000000e+01	6.33873314098672e-06
1.28500000000000e+01	6.18329860709449e-06
1.28600000000000e+01	6.03234054698900e-06
1.28700000000000e+01	5.88580930222807e-06
1.28800000000000e+01	5.74346506365218e-06
1.28900000000000e+01	5.60521861681244e-06
1.29000000000000e+01	5.47088852558421e-06
1.29100000000000e+01	5.34039046957060e-06
1.29200000000000e+01	5.21356102870466e-06
1.29300000000000e+01	5.09034914704532e-06
1.29400000000000e+01	4.97049617128575e-06
1.29500000000000e+01	4.85401098580679e-06
1.29600000000000e+01	4.74066003429792e-06
1.29700000000000e+01	4.63047239419754e-06
1.29800000000000e+01	4.52322489781118e-06
1.29900000000000e+01	4.41891888877586e-06
1.30000000000000e+01	4.31737864766080e-06
1.30100000000000e+01	4.21859926210005e-06
1.30200000000000e+01	4.12246457430144e-06
1.30300000000000e+01	4.02890230254863e-06
1.30400000000000e+01	3.93782012575989e-06
1.30500000000000e+01	3.84919146802143e-06
1.30600000000000e+01	3.76286486720846e-06
1.30700000000000e+01	3.67876158747499e-06
1.30800000000000e+01	3.59681886292662e-06
1.30900000000000e+01	3.51693353920809e-06
1.31000000000000e+01	3.43901368772325e-06
1.31100000000000e+01	3.36298368914429e-06
1.31200000000000e+01	3.28872372370506e-06
1.31300000000000e+01	3.21618857828876e-06
1.31400000000000e+01	3.14529744113871e-06
1.31500000000000e+01	3.07602096731682e-06
1.31600000000000e+01	3.00832329304436e-06
1.31700000000000e+01	2.94213405498483e-06
1.31800000000000e+01	2.87743942001781e-06
1.31900000000000e+01	2.81424894394331e-06
1.32000000000000e+01	2.75251403017785e-06
1.32100000000000e+01	2.69222654580736e-06
1.32200000000000e+01	2.63336133820744e-06
1.32300000000000e+01	2.57589438198653e-06
1.32400000000000e+01	2.51981105079662e-06
1.32500000000000e+01	2.46503378371698e-06
1.32600000000000e+01	2.41150692872302e-06
1.32700000000000e+01	2.35926856889956e-06
1.32800000000000e+01	2.30820170772238e-06
1.32900000000000e+01	2.25831919460662e-06
1.33000000000000e+01	2.20955531138678e-06
1.33100000000000e+01	2.16190178937297e-06
1.33200000000000e+01	2.11532216409191e-06
1.33300000000000e+01	2.06980742403815e-06
1.33400000000000e+01	2.02534145815114e-06
1.33500000000000e+01	1.98193509758573e-06
1.33600000000000e+01	1.93952869774535e-06
1.33700000000000e+01	1.89813867094728e-06
1.33800000000000e+01	1.85777438064681e-06
1.33900000000000e+01	1.81839587448679e-06
1.34000000000000e+01	1.77997449329192e-06
1.34100000000000e+01	1.74249813949889e-06
1.34200000000000e+01	1.70597605558064e-06
1.34300000000000e+01	1.67033101570971e-06
1.34400000000000e+01	1.63557242797173e-06
1.34500000000000e+01	1.60166363720354e-06
1.34600000000000e+01	1.56856428377906e-06
1.34700000000000e+01	1.53625873621427e-06
1.34800000000000e+01	1.50473095141471e-06
1.34900000000000e+01	1.47392680790661e-06
1.35000000000000e+01	1.44385329480105e-06
1.35100000000000e+01	1.41444905331077e-06
1.35200000000000e+01	1.38571379918045e-06
1.35300000000000e+01	1.35762236449251e-06
1.35400000000000e+01	1.33014380438824e-06
1.35500000000000e+01	1.30324959057149e-06
1.35600000000000e+01	1.27694220168544e-06
1.35700000000000e+01	1.25116579059096e-06
1.35800000000000e+01	1.22593836089039e-06
1.35900000000000e+01	1.20119678275806e-06
1.36000000000000e+01	1.17697038745382e-06
1.36100000000000e+01	1.15321943949433e-06
1.36200000000000e+01	1.12994465837160e-06
1.36300000000000e+01	1.10711212289461e-06
1.36400000000000e+01	1.08474116740781e-06
1.36500000000000e+01	1.06281777916954e-06
1.36600000000000e+01	1.04132548972051e-06
1.36700000000000e+01	1.02026779614450e-06
1.36800000000000e+01	9.99649063247664e-07
1.36900000000000e+01	9.79462566024679e-07
1.37000000000000e+01	9.59699985825610e-07
1.37100000000000e+01	9.40378840871688e-07
1.37200000000000e+01	9.21478094620943e-07
1.37300000000000e+01	9.03028229751457e-07
1.37400000000000e+01	8.85002845719737e-07
1.37500000000000e+01	8.67412261243572e-07
1.37600000000000e+01	8.50253298807635e-07
1.37700000000000e+01	8.33515630144568e-07
1.37800000000000e+01	8.17190511524482e-07
1.37900000000000e+01	8.01272916820371e-07
1.38000000000000e+01	7.85761503822658e-07
1.38100000000000e+01	7.70625408497267e-07
1.38200000000000e+01	7.55855682581561e-07
1.38300000000000e+01	7.41441208374801e-07
1.38400000000000e+01	7.27367847603804e-07
1.38500000000000e+01	7.13619388677042e-07
1.38600000000000e+01	7.00181592977963e-07
1.38700000000000e+01	6.87040832119819e-07
1.38800000000000e+01	6.74192429717971e-07
1.38900000000000e+01	6.61612236075215e-07
1.39000000000000e+01	6.49298297582210e-07
1.39100000000000e+01	6.37242704810326e-07
1.39200000000000e+01	6.25430230228035e-07
1.39300000000000e+01	6.13856217320852e-07
1.39400000000000e+01	6.02515734268663e-07
1.39500000000000e+01	5.91403103916024e-07
1.39600000000000e+01	5.80498579831055e-07
1.39700000000000e+01	5.69811616110633e-07
1.39800000000000e+01	5.59331040871415e-07
1.39900000000000e+01	5.49050601284386e-07
1.40000000000000e+01	5.38973066773277e-07
1.40100000000000e+01	5.29088518446782e-07
1.40200000000000e+01	5.19394466119135e-07
1.40300000000000e+01	5.09889075394077e-07
1.40400000000000e+01	5.00578263282662e-07
1.40500000000000e+01	4.91455594693294e-07
1.40600000000000e+01	4.82512727653146e-07
1.40700000000000e+01	4.73760458773538e-07
1.40800000000000e+01	4.65187898751360e-07
1.40900000000000e+01	4.56796720900387e-07
1.41000000000000e+01	4.48580322458145e-07
1.41100000000000e+01	4.40534935344336e-07
1.41200000000000e+01	4.32660182617598e-07
1.41300000000000e+01	4.24947034352841e-07
1.41400000000000e+01	4.17392814961198e-07
1.41500000000000e+01	4.09981586030961e-07
1.41600000000000e+01	4.02720335566760e-07
1.41700000000000e+01	3.95590865312796e-07
1.41800000000000e+01	3.88591084282419e-07
1.41900000000000e+01	3.81719904019860e-07
1.42000000000000e+01	3.74965813014067e-07
1.42100000000000e+01	3.68330156472585e-07
1.42200000000000e+01	3.61813281025787e-07
1.42300000000000e+01	3.55408185789654e-07
1.42400000000000e+01	3.49118266068963e-07
1.42500000000000e+01	3.42942765903291e-07
1.42600000000000e+01	3.36878947971120e-07
1.42700000000000e+01	3.30932561282909e-07
1.42800000000000e+01	3.25102914095613e-07
1.42900000000000e+01	3.19385529536597e-07
1.43000000000000e+01	3.13785203126021e-07
1.43100000000000e+01	3.08297316774087e-07
1.43200000000000e+01	3.02916865663868e-07
1.43300000000000e+01	2.97646730845849e-07
1.43400000000000e+01	2.92482256121690e-07
1.43500000000000e+01	2.87424354157889e-07
1.43600000000000e+01	2.82465299529885e-07
1.43700000000000e+01	2.77601509857203e-07
1.43800000000000e+01	2.72835500356423e-07
1.43900000000000e+01	2.68163937598968e-07
1.44000000000000e+01	2.63585869863804e-07
1.44100000000000e+01	2.59095312834787e-07
1.44200000000000e+01	2.54696322222554e-07
1.44300000000000e+01	2.50381933369655e-07
1.44400000000000e+01	2.46156381628898e-07
1.44500000000000e+01	2.42013348521858e-07
1.44600000000000e+01	2.37956244324204e-07
1.44700000000000e+01	2.33979145834430e-07
1.44800000000000e+01	2.30079366004226e-07
1.44900000000000e+01	2.26259932215979e-07
1.45000000000000e+01	2.22516073421003e-07
1.45100000000000e+01	2.18846819230544e-07
1.45200000000000e+01	2.15249387844400e-07
1.45300000000000e+01	2.11720674564346e-07
1.45400000000000e+01	2.08261538470510e-07
1.45500000000000e+01	2.04866964045372e-07
1.45600000000000e+01	2.01536391253959e-07
1.45700000000000e+01	1.98270059016112e-07
1.45800000000000e+01	1.95060459729816e-07
1.45900000000000e+01	1.91914648254619e-07
1.46000000000000e+01	1.88823142408616e-07
1.46100000000000e+01	1.85786188334708e-07
1.46200000000000e+01	1.82806086578453e-07
1.46300000000000e+01	1.79875167204521e-07
1.46400000000000e+01	1.76998281826263e-07
1.46500000000000e+01	1.74173084869966e-07
1.46600000000000e+01	1.71395856922125e-07
1.46700000000000e+01	1.68668676174952e-07
1.46800000000000e+01	1.65990554218350e-07
1.46900000000000e+01	1.63361667775881e-07
1.47000000000000e+01	1.60780085315796e-07
1.47100000000000e+01	1.58244800696502e-07
1.47200000000000e+01	1.55755876568151e-07
1.47300000000000e+01	1.53312962253605e-07
1.47400000000000e+01	1.50916267207475e-07
1.47500000000000e+01	1.48563552241299e-07
1.47600000000000e+01	1.46253696679190e-07
1.47700000000000e+01	1.43986796004423e-07
1.47800000000000e+01	1.41758896588551e-07
1.47900000000000e+01	1.39571191840085e-07
1.48000000000000e+01	1.37421763288877e-07
1.48100000000000e+01	1.35307239325728e-07
1.48200000000000e+01	1.33230477108184e-07
1.48300000000000e+01	1.31185616686850e-07
1.48400000000000e+01	1.29174711122209e-07
1.48500000000000e+01	1.27196452876485e-07
1.48600000000000e+01	1.25249648606459e-07
1.48700000000000e+01	1.23332052104594e-07
1.48800000000000e+01	1.21444954280209e-07
1.48900000000000e+01	1.19586673828850e-07
1.49000000000000e+01	1.17758049761590e-07
1.49100000000000e+01	1.15957270850970e-07
1.49200000000000e+01	1.14184863399150e-07
1.49300000000000e+01	1.12440263203588e-07
1.49400000000000e+01	1.10723979267937e-07
1.49500000000000e+01	1.09034803294520e-07
1.49600000000000e+01	1.07373710811273e-07
1.49700000000000e+01	1.05740124205710e-07
1.49800000000000e+01	1.04134393299193e-07
1.49900000000000e+01	1.02556507393722e-07
1.50000000000000e+01	1.01004700530778e-07
1.50100000000000e+01	9.94809696391357e-08
1.50200000000000e+01	9.79819593783032e-08
1.50300000000000e+01	9.65106946503615e-08
1.50400000000000e+01	9.50655307857415e-08
1.50500000000000e+01	9.36447461536762e-08
1.50600000000000e+01	9.22489043174586e-08
1.50700000000000e+01	9.08771020737551e-08
1.50800000000000e+01	8.95272086752030e-08
1.50900000000000e+01	8.82014650417041e-08
1.51000000000000e+01	8.68963493058968e-08
1.51100000000000e+01	8.56125375464385e-08
1.51200000000000e+01	8.43503938740699e-08
1.51300000000000e+01	8.31059599818325e-08
1.51400000000000e+01	8.18824817378165e-08
1.51500000000000e+01	8.06769368526580e-08
1.51600000000000e+01	7.94889864403663e-08
1.51700000000000e+01	7.83194186643670e-08
1.51800000000000e+01	7.71681068069517e-08
1.51900000000000e+01	7.60336876830585e-08
1.52000000000000e+01	7.49174964220199e-08
1.52100000000000e+01	7.38186381984109e-08
1.52200000000000e+01	7.27371427823026e-08
1.52300000000000e+01	7.16728113275657e-08
1.52400000000000e+01	7.06247229650833e-08
1.52500000000000e+01	6.95938243743026e-08
1.52600000000000e+01	6.85778152387573e-08
1.52700000000000e+01	6.75768427861680e-08
1.52800000000000e+01	6.65909225646243e-08
1.52900000000000e+01	6.56171117228107e-08
1.53000000000000e+01	6.46560147713365e-08
1.53100000000000e+01	6.37053470422709e-08
1.53200000000000e+01	6.27650134698919e-08
1.53300000000000e+01	6.18341112889465e-08
1.53400000000000e+01	6.09103396225801e-08
1.53500000000000e+01	5.99939678046075e-08
1.53600000000000e+01	5.90851462204120e-08
1.53700000000000e+01	5.81819140243391e-08
1.53800000000000e+01	5.72846897059327e-08
1.53900000000000e+01	5.63944469044149e-08
1.54000000000000e+01	5.55099786516339e-08
1.54100000000000e+01	5.46333355005050e-08
1.54200000000000e+01	5.37634696848142e-08
1.54300000000000e+01	5.29031295252391e-08
1.54400000000000e+01	5.20518334497433e-08
1.54500000000000e+01	5.12121204018241e-08
1.54600000000000e+01	5.03844015748423e-08
1.54700000000000e+01	4.95710775995776e-08
1.54800000000000e+01	4.87727871763732e-08
1.54900000000000e+01	4.79915713673614e-08
1.55000000000000e+01	4.72282133883223e-08
1.55100000000000e+01	4.64842490134494e-08
1.55200000000000e+01	4.57609290758748e-08
1.55300000000000e+01	4.50588424565539e-08
1.55400000000000e+01	4.43769831062206e-08
1.55500000000000e+01	4.37163648317537e-08
1.55600000000000e+01	4.30760574311550e-08
1.55700000000000e+01	4.24552199620756e-08
1.55800000000000e+01	4.18535061427300e-08
1.55900000000000e+01	4.12688708201754e-08
1.56000000000000e+01	4.06991153190458e-08
1.56100000000000e+01	4.01447986570494e-08
1.56200000000000e+01	3.96028645949353e-08
1.56300000000000e+01	3.90725454510632e-08
1.56400000000000e+01	3.85526252338916e-08
1.56500000000000e+01	3.80414384966637e-08
1.56600000000000e+01	3.75374922764349e-08
1.56700000000000e+01	3.70408716055308e-08
1.56800000000000e+01	3.65498706672810e-08
1.56900000000000e+01	3.60643615789657e-08
1.57000000000000e+01	3.55837268205970e-08
1.57100000000000e+01	3.51069758088738e-08
1.57200000000000e+01	3.46345454596078e-08
1.57300000000000e+01	3.41664092429718e-08
1.57400000000000e+01	3.37016636264841e-08
1.57500000000000e+01	3.32412080988401e-08
1.57600000000000e+01	3.27847581419210e-08
1.57700000000000e+01	3.23324976408471e-08
1.57800000000000e+01	3.18846663881333e-08
1.57900000000000e+01	3.14428273055393e-08
1.58000000000000e+01	3.10062870377134e-08
1.58100000000000e+01	3.05756536595031e-08
1.58200000000000e+01	3.01518487487084e-08
1.58300000000000e+01	2.97351027880368e-08
1.58400000000000e+01	2.93262260776992e-08
1.58500000000000e+01	2.89248535256833e-08
1.58600000000000e+01	2.85319247048707e-08
1.58700000000000e+01	2.81470657594253e-08
1.58800000000000e+01	2.77704420622487e-08
1.58900000000000e+01	2.74022779378147e-08
1.59000000000000e+01	2.70423688800533e-08
1.59100000000000e+01	2.66905016978234e-08
1.59200000000000e+01	2.63458244199002e-08
1.59300000000000e+01	2.60082988593652e-08
1.59400000000000e+01	2.56777020907859e-08
1.59500000000000e+01	2.53530943354422e-08
1.59600000000000e+01	2.50339707236110e-08
1.59700000000000e+01	2.47205548799990e-08
1.59800000000000e+01	2.44120202543410e-08
1.59900000000000e+01	2.41074085073388e-08
1.60000000000000e+01	2.38075670821145e-08
1.60100000000000e+01	2.35116328821468e-08
1.60200000000000e+01	2.32195413343644e-08
1.60300000000000e+01	2.29308858450520e-08
1.60400000000000e+01	2.26461082423970e-08
1.60500000000000e+01	2.23649143459077e-08
1.60600000000000e+01	2.20871638855526e-08
1.60700000000000e+01	2.18126667887862e-08
1.60800000000000e+01	2.15414080017180e-08
1.60900000000000e+01	2.12737106095154e-08
1.61000000000000e+01	2.10095071821880e-08
1.61100000000000e+01	2.07482532835043e-08
1.61200000000000e+01	2.04906785887726e-08
1.61300000000000e+01	2.02359990218039e-08
1.61400000000000e+01	1.99849960918308e-08
1.61500000000000e+01	1.97371444176416e-08
1.61600000000000e+01	1.94925186740200e-08
1.61700000000000e+01	1.92512530183363e-08
1.61800000000000e+01	1.90134105772153e-08
1.61900000000000e+01	1.87791426723956e-08
1.62000000000000e+01	1.85478644096963e-08
1.62100000000000e+01	1.83206768252151e-08
1.62200000000000e+01	1.80966340841784e-08
1.62300000000000e+01	1.78765172962894e-08
1.62400000000000e+01	1.76597840777799e-08
1.62500000000000e+01	1.74470487213856e-08
1.62600000000000e+01	1.72377953875000e-08
1.62700000000000e+01	1.70320145084329e-08
1.62800000000000e+01	1.68297970520783e-08
1.62900000000000e+01	1.66310055896444e-08
1.63000000000000e+01	1.64355454080675e-08
1.63100000000000e+01	1.62426684896250e-08
1.63200000000000e+01	1.60529712632768e-08
1.63300000000000e+01	1.58656101487804e-08
1.63400000000000e+01	1.56805472358573e-08
1.63500000000000e+01	1.54975921216856e-08
1.63600000000000e+01	1.53163911173566e-08
1.63700000000000e+01	1.51366908148942e-08
1.63800000000000e+01	1.49585121413555e-08
1.63900000000000e+01	1.47811707754661e-08
1.64000000000000e+01	1.46048011047948e-08
1.64100000000000e+01	1.44291653638939e-08
1.64200000000000e+01	1.42541717023591e-08
1.64300000000000e+01	1.40799653212822e-08
1.64400000000000e+01	1.39063776219586e-08
1.64500000000000e+01	1.37333818920045e-08
1.64600000000000e+01	1.35611783542014e-08
1.64700000000000e+01	1.33902963401529e-08
1.64800000000000e+01	1.32203309886747e-08
1.64900000000000e+01	1.30520695041871e-08
1.65000000000000e+01	1.28856249094681e-08
1.65100000000000e+01	1.27209272481218e-08
1.65200000000000e+01	1.25585334784299e-08
1.65300000000000e+01	1.23986216519629e-08
1.65400000000000e+01	1.22413060726925e-08
1.65500000000000e+01	1.20866146641244e-08
1.65600000000000e+01	1.19346693701053e-08
1.65700000000000e+01	1.17855829755915e-08
1.65800000000000e+01	1.16392566440771e-08
1.65900000000000e+01	1.14958928469529e-08
1.66000000000000e+01	1.13555645646768e-08
1.66100000000000e+01	1.12177319844703e-08
1.66200000000000e+01	1.10827777121305e-08
1.66300000000000e+01	1.09504345388784e-08
1.66400000000000e+01	1.08207011244259e-08
1.66500000000000e+01	1.06934389001786e-08
1.66600000000000e+01	1.05687461961574e-08
1.66700000000000e+01	1.04463880514758e-08
1.66800000000000e+01	1.03263663237086e-08
1.66900000000000e+01	1.02084026930809e-08
1.67000000000000e+01	1.00924937681647e-08
1.67100000000000e+01	9.97854083723525e-09
1.67200000000000e+01	9.86664329649673e-09
1.67300000000000e+01	9.75643962211939e-09
1.67400000000000e+01	9.64780132610849e-09
1.67500000000000e+01	9.54080218402816e-09
1.67600000000000e+01	9.43514884673309e-09
1.67700000000000e+01	9.33077073934196e-09
1.67800000000000e+01	9.22765489161993e-09
1.67900000000000e+01	9.12579068384457e-09
1.68000000000000e+01	9.02478945618351e-09
1.68100000000000e+01	8.92473803880159e-09
1.68200000000000e+01	8.82570674575318e-09
1.68300000000000e+01	8.72750971157016e-09
1.68400000000000e+01	8.63014458947523e-09
1.68500000000000e+01	8.53366292507282e-09
1.68600000000000e+01	8.43812490469940e-09
1.68700000000000e+01	8.34326849141912e-09
1.68800000000000e+01	8.24948957573214e-09
1.68900000000000e+01	8.15648849676237e-09
1.69000000000000e+01	8.06451890784295e-09
1.69100000000000e+01	7.97339664507825e-09
1.69200000000000e+01	7.88325059538522e-09
1.69300000000000e+01	7.79407474033499e-09
1.69400000000000e+01	7.70590521481434e-09
1.69500000000000e+01	7.61858117673793e-09
1.69600000000000e+01	7.53225920615103e-09
1.69700000000000e+01	7.44688356049674e-09
1.69800000000000e+01	7.36259951531631e-09
1.69900000000000e+01	7.27930688262027e-09
1.70000000000000e+01	7.19707374376402e-09
1.70100000000000e+01	7.11604676750906e-09
1.70200000000000e+01	7.03629767126975e-09
1.70300000000000e+01	6.95778770578424e-09
1.70400000000000e+01	6.88053120559276e-09
1.70500000000000e+01	6.80468002969141e-09
1.70600000000000e+01	6.73021060811911e-09
1.70700000000000e+01	6.65711195979439e-09
1.70800000000000e+01	6.58530100648227e-09
1.70900000000000e+01	6.51478927993436e-09
1.71000000000000e+01	6.44560380663822e-09
1.71100000000000e+01	6.37763763062885e-09
1.71200000000000e+01	6.31071516260286e-09
1.71300000000000e+01	6.24492431207674e-09
1.71400000000000e+01	6.18017181162465e-09
1.71500000000000e+01	6.11639877166452e-09
1.71600000000000e+01	6.05348226506329e-09
1.71700000000000e+01	5.99145981756910e-09
1.71800000000000e+01	5.93010373588064e-09
1.71900000000000e+01	5.86974641737270e-09
1.72000000000000e+01	5.80997623994735e-09
1.72100000000000e+01	5.75108966911618e-09
1.72200000000000e+01	5.69293707987123e-09
1.72300000000000e+01	5.63531858217759e-09
1.72400000000000e+01	5.57857730654139e-09
1.72500000000000e+01	5.52242083595603e-09
1.72600000000000e+01	5.46696314915467e-09
1.72700000000000e+01	5.41217077681387e-09
1.72800000000000e+01	5.35796211511596e-09
1.72900000000000e+01	5.30440190131280e-09
1.73000000000000e+01	5.25146655907438e-09
1.73100000000000e+01	5.19909944587309e-09
1.73200000000000e+01	5.14730153590242e-09
1.73300000000000e+01	5.09607093312704e-09
1.73400000000000e+01	5.04525881599221e-09
1.73500000000000e+01	4.99509501130782e-09
1.73600000000000e+01	4.94533508877983e-09
1.73700000000000e+01	4.89613022765726e-09
1.73800000000000e+01	4.84736968114548e-09
1.73900000000000e+01	4.79905745779236e-09
1.74000000000000e+01	4.75132210782938e-09
1.74100000000000e+01	4.70399261870168e-09
1.74200000000000e+01	4.65709409948653e-09
1.74300000000000e+01	4.61068008668871e-09
1.74400000000000e+01	4.56477233406029e-09
1.74500000000000e+01	4.51919963646673e-09
1.74600000000000e+01	4.47422823926802e-09
1.74700000000000e+01	4.42961508144623e-09
1.74800000000000e+01	4.38550163069029e-09
1.74900000000000e+01	4.34171736777784e-09
1.75000000000000e+01	4.29839933690934e-09
1.75100000000000e+01	4.25552197483280e-09
1.75200000000000e+01	4.21294991395715e-09
1.75300000000000e+01	4.17073981088408e-09
1.75400000000000e+01	4.12887858924405e-09
1.75500000000000e+01	4.08740178885114e-09
1.75600000000000e+01	4.04615873160885e-09
1.75700000000000e+01	4.00527252854132e-09
1.75800000000000e+01	3.96467061175849e-09
1.75900000000000e+01	3.92439200742705e-09
1.76000000000000e+01	3.88439861338139e-09
1.76100000000000e+01	3.84480010503336e-09
1.76200000000000e+01	3.80545308387871e-09
1.76300000000000e+01	3.76654364025518e-09
1.76400000000000e+01	3.72799270160500e-09
1.76500000000000e+01	3.68983069760206e-09
1.76600000000000e+01	3.65215745459317e-09
1.76700000000000e+01	3.61485598563118e-09
1.76800000000000e+01	3.57802808447236e-09
1.76900000000000e+01	3.54169169480748e-09
1.77000000000000e+01	3.50570895031979e-09
1.77100000000000e+01	3.47027356298465e-09
1.77200000000000e+01	3.43519148576691e-09
1.77300000000000e+01	3.40054372977379e-09
1.77400000000000e+01	3.36638078780639e-09
1.77500000000000e+01	3.33252847486782e-09
1.77600000000000e+01	3.29914088085822e-09
1.77700000000000e+01	3.26605714115606e-09
1.77800000000000e+01	3.23333101027592e-09
1.77900000000000e+01	3.20099467638250e-09
1.78000000000000e+01	3.16892609594654e-09
1.78100000000000e+01	3.13719907449558e-09
1.78200000000000e+01	3.10580050797325e-09
1.78300000000000e+01	3.07462402886870e-09
1.78400000000000e+01	3.04372863060051e-09
1.78500000000000e+01	3.01315254790916e-09
1.78600000000000e+01	2.98285423417883e-09
1.78700000000000e+01	2.95281785457009e-09
1.78800000000000e+01	2.92303329375378e-09
1.78900000000000e+01	2.89352114698440e-09
1.79000000000000e+01	2.86428342821195e-09
1.79100000000000e+01	2.83529523463810e-09
1.79200000000000e+01	2.80652207135024e-09
1.79300000000000e+01	2.77804593242295e-09
1.79400000000000e+01	2.74972919524261e-09
1.79500000000000e+01	2.72166374886281e-09
1.79600000000000e+01	2.69375808658720e-09
1.79700000000000e+01	2.66607702988311e-09
1.79800000000000e+01	2.63854790289909e-09
1.79900000000000e+01	2.61127972135309e-09
1.80000000000000e+01	2.58419459546467e-09
1.80100000000000e+01	2.55739861470899e-09
1.80200000000000e+01	2.53082377569135e-09
1.80300000000000e+01	2.50458686260581e-09
1.80400000000000e+01	2.47871435115822e-09
1.80500000000000e+01	2.45321982202190e-09
1.80600000000000e+01	2.42812052878613e-09
1.80700000000000e+01	2.40351971855810e-09
1.80800000000000e+01	2.37937999278832e-09
1.80900000000000e+01	2.35570814141651e-09
1.81000000000000e+01	2.33248107020738e-09
1.81100000000000e+01	2.30976362413600e-09
1.81200000000000e+01	2.28750453793823e-09
1.81300000000000e+01	2.26567789401268e-09
1.81400000000000e+01	2.24422236661594e-09
1.81500000000000e+01	2.22312181318144e-09
1.81600000000000e+01	2.20233240761662e-09
1.81700000000000e+01	2.18188770827579e-09
1.81800000000000e+01	2.16163517037662e-09
1.81900000000000e+01	2.14164888393221e-09
1.82000000000000e+01	2.12187585643293e-09
1.82100000000000e+01	2.10224359404405e-09
1.82200000000000e+01	2.08282031641047e-09
1.82300000000000e+01	2.06353852516256e-09
1.82400000000000e+01	2.04438950794907e-09
1.82500000000000e+01	2.02534392075686e-09
1.82600000000000e+01	2.00640762655686e-09
1.82700000000000e+01	1.98760761228185e-09
1.82800000000000e+01	1.96888180486334e-09
1.82900000000000e+01	1.95026102442124e-09
1.83000000000000e+01	1.93179730983432e-09
1.83100000000000e+01	1.91340181475304e-09
1.83200000000000e+01	1.89513897383281e-09
1.83300000000000e+01	1.87702996454155e-09
1.83400000000000e+01	1.85905949776840e-09
1.83500000000000e+01	1.84124345595216e-09
1.83600000000000e+01	1.82359102431629e-09
1.83700000000000e+01	1.80614718531633e-09
1.83800000000000e+01	1.78893001283911e-09
1.83900000000000e+01	1.77193140189169e-09
1.84000000000000e+01	1.75516741612618e-09
1.84100000000000e+01	1.73868012353319e-09
1.84200000000000e+01	1.72245824745880e-09
1.84300000000000e+01	1.70651951742290e-09
1.84400000000000e+01	1.69088276144418e-09
1.84500000000000e+01	1.67553984316360e-09
1.84600000000000e+01	1.66050023952575e-09
1.84700000000000e+01	1.64574481309041e-09
1.84800000000000e+01	1.63126243748099e-09
1.84900000000000e+01	1.61705502094764e-09
1.85000000000000e+01	1.60310982704816e-09
1.85100000000000e+01	1.58936462123896e-09
1.85200000000000e+01	1.57583646353012e-09
1.85300000000000e+01	1.56251057722361e-09
1.85400000000000e+01	1.54934104438848e-09
1.85500000000000e+01	1.53630818083100e-09
1.85600000000000e+01	1.52339085195561e-09
1.85700000000000e+01	1.51060042954778e-09
1.85800000000000e+01	1.49791943069007e-09
1.85900000000000e+01	1.48531222714899e-09
1.86000000000000e+01	1.47277531932386e-09
1.86100000000000e+01	1.46030285434587e-09
1.86200000000000e+01	1.44791028470867e-09
1.86300000000000e+01	1.43559404931385e-09
1.86400000000000e+01	1.42333718241895e-09
1.86500000000000e+01	1.41114331425228e-09
1.86600000000000e+01	1.39901819420231e-09
1.86700000000000e+01	1.38698038943668e-09
1.86800000000000e+01	1.37501678922474e-09
1.86900000000000e+01	1.36314724707477e-09
1.87000000000000e+01	1.35136502517610e-09
1.87100000000000e+01	1.33966935672118e-09
1.87200000000000e+01	1.32807671027032e-09
1.87300000000000e+01	1.31657528226477e-09
1.87400000000000e+01	1.30517876689077e-09
1.87500000000000e+01	1.29385640890711e-09
1.87600000000000e+01	1.28265321586587e-09
1.87700000000000e+01	1.27151993214598e-09
1.87800000000000e+01	1.26048664905495e-09
1.87900000000000e+01	1.24954792767847e-09
1.88000000000000e+01	1.23867239398785e-09
1.88100000000000e+01	1.22788767833955e-09
1.88200000000000e+01	1.21718671744002e-09
1.88300000000000e+01	1.20655293965428e-09
1.88400000000000e+01	1.19597996734627e-09
1.88500000000000e+01	1.18546779173697e-09
1.88600000000000e+01	1.17502585746051e-09
1.88700000000000e+01	1.16464625417455e-09
1.88800000000000e+01	1.15430063284335e-09
1.88900000000000e+01	1.14401452478778e-09
1.89000000000000e+01	1.13378273429365e-09
1.89100000000000e+01	1.12357257594737e-09
1.89200000000000e+01	1.11341732005163e-09
1.89300000000000e+01	1.10331444000453e-09
1.89400000000000e+01	1.09323804749684e-09
1.89500000000000e+01	1.08322080337617e-09
1.89600000000000e+01	1.07326757519624e-09
1.89700000000000e+01	1.06336679862860e-09
1.89800000000000e+01	1.05352849201153e-09
1.89900000000000e+01	1.04376367173020e-09
1.90000000000000e+01	1.03408759855763e-09
1.90100000000000e+01	1.02449599424143e-09
1.90200000000000e+01	1.01500622393749e-09
1.90300000000000e+01	1.00560418848412e-09
1.90400000000000e+01	9.96291274155980e-10
1.90500000000000e+01	9.87073421636567e-10
1.90600000000000e+01	9.77930325912991e-10
1.90700000000000e+01	9.68850773051507e-10
1.90800000000000e+01	9.59827971914400e-10
1.90900000000000e+01	9.50859147160455e-10
1.91000000000000e+01	9.41937956772335e-10
1.91100000000000e+01	9.33037041694510e-10
1.91200000000000e+01	9.24180887129153e-10
1.91300000000000e+01	9.15381363938272e-10
1.91400000000000e+01	9.06626791867256e-10
1.91500000000000e+01	8.97962200057557e-10
1.91600000000000e+01	8.89404632490588e-10
1.91700000000000e+01	8.80990292421692e-10
1.91800000000000e+01	8.72731897371363e-10
1.91900000000000e+01	8.64659683131708e-10
1.92000000000000e+01	8.56801283668444e-10
1.92100000000000e+01	8.49153224815496e-10
1.92200000000000e+01	8.41725960971934e-10
1.92300000000000e+01	8.34523372810849e-10
1.92400000000000e+01	8.27526707033680e-10
1.92500000000000e+01	8.20715102940802e-10
1.92600000000000e+01	8.14084638371088e-10
1.92700000000000e+01	8.07587488176715e-10
1.92800000000000e+01	8.01236344072828e-10
1.92900000000000e+01	7.94973960446149e-10
1.93000000000000e+01	7.88804332438460e-10
1.93100000000000e+01	7.82699100102888e-10
1.93200000000000e+01	7.76656840537662e-10
1.93300000000000e+01	7.70657575060250e-10
1.93400000000000e+01	7.64692617174585e-10
1.93500000000000e+01	7.58758819719040e-10
1.93600000000000e+01	7.52860919063005e-10
1.93700000000000e+01	7.46986492076445e-10
1.93800000000000e+01	7.41148098132251e-10
1.93900000000000e+01	7.35322869236872e-10
1.94000000000000e+01	7.29529502144118e-10
1.94100000000000e+01	7.23772274960483e-10
1.94200000000000e+01	7.18027249557856e-10
1.94300000000000e+01	7.12316477652653e-10
1.94400000000000e+01	7.06638781012055e-10
1.94500000000000e+01	7.00975786023352e-10
1.94600000000000e+01	6.95345166467988e-10
1.94700000000000e+01	6.89740989043963e-10
1.94800000000000e+01	6.84169449467283e-10
1.94900000000000e+01	6.78620965297437e-10
1.95000000000000e+01	6.73098263208266e-10
1.95100000000000e+01	6.67599139388483e-10
1.95200000000000e+01	6.62135708586376e-10
1.95300000000000e+01	6.56695042603114e-10
1.95400000000000e+01	6.51277471716127e-10
1.95500000000000e+01	6.45893789107172e-10
1.95600000000000e+01	6.40537363945178e-10
1.95700000000000e+01	6.35203761873308e-10
1.95800000000000e+01	6.29910606228074e-10
1.95900000000000e+01	6.24643085810280e-10
1.96000000000000e+01	6.19406054229018e-10
1.96100000000000e+01	6.14203036800868e-10
1.96200000000000e+01	6.09042724682176e-10
1.96300000000000e+01	6.03920558598737e-10
1.96400000000000e+01	5.98833979900248e-10
1.96500000000000e+01	5.93796802757304e-10
1.96600000000000e+01	5.88798692512088e-10
1.96700000000000e+01	5.83841341205226e-10
1.96800000000000e+01	5.78933611710049e-10
1.96900000000000e+01	5.74065361887158e-10
1.97000000000000e+01	5.69233010889429e-10
1.97100000000000e+01	5.64447310179915e-10
1.97200000000000e+01	5.59697485912528e-10
1.97300000000000e+01	5.54992286976417e-10
1.97400000000000e+01	5.50323301800696e-10
1.97500000000000e+01	5.45688550166288e-10
1.97600000000000e+01	5.41087372431489e-10
1.97700000000000e+01	5.36530496899919e-10
1.97800000000000e+01	5.32024022426757e-10
1.97900000000000e+01	5.27568196985371e-10
1.98000000000000e+01	5.23186736339762e-10
1.98100000000000e+01	5.18891135903287e-10
1.98200000000000e+01	5.14717130849746e-10
1.98300000000000e+01	5.10701106887725e-10
1.98400000000000e+01	5.06893695994868e-10
1.98500000000000e+01	5.03362841759074e-10
1.98600000000000e+01	5.00169663393026e-10
1.98700000000000e+01	4.97411451007784e-10
1.98800000000000e+01	4.95177840573203e-10
1.98900000000000e+01	4.93591001079118e-10
1.99000000000000e+01	4.92768550625373e-10
1.99100000000000e+01	4.92868636303660e-10
1.99200000000000e+01	4.94062682422899e-10
1.99300000000000e+01	4.96564996910102e-10
1.99400000000000e+01	5.00645230766524e-10
1.99500000000000e+01	5.06646131085509e-10
1.99600000000000e+01	5.15036448894129e-10
1.99700000000000e+01	5.26472512856758e-10
1.99800000000000e+01	5.41890978886517e-10
1.99900000000000e+01	5.62703771594327e-10
2.00000000000000e+01	5.91094428069099e-10
