1.00000000000000e-02	8.06078768362693e+11
2.00000000000000e-02	5.03924665580487e+10
3.00000000000000e-02	9.95820311074768e+09
4.00000000000000e-02	3.15266903043430e+09
5.00000000000000e-02	1.29229828158133e+09
6.00000000000000e-02	6.23783821231630e+08
7.00000000000000e-02	3.37066735299611e+08
8.00000000000000e-02	1.97828602485633e+08
9.00000000000000e-02	1.23677326235236e+08
1.00000000000000e-01	8.12726197208623e+07
1.10000000000000e-01	5.56069347367617e+07
1.20000000000000e-01	3.93370364628778e+07
1.30000000000000e-01	2.86189159580986e+07
1.40000000000000e-01	2.13245309842377e+07
1.50000000000000e-01	1.62206730093300e+07
1.60000000000000e-01	1.25622334429333e+07
1.70000000000000e-01	9.88397423452184e+06
1.80000000000000e-01	7.88652749982281e+06
1.90000000000000e-01	6.37216922349654e+06
2.00000000000000e-01	5.20685630628562e+06
2.10000000000000e-01	4.29811721841565e+06
2.20000000000000e-01	3.58096402807386e+06
2.30000000000000e-01	3.00869819257396e+06
2.40000000000000e-01	2.54751093003951e+06
2.50000000000000e-01	2.17238610719717e+06
2.60000000000000e-01	1.86470572755635e+06
2.70000000000000e-01	1.61033065344568e+06
2.80000000000000e-01	1.39857857174925e+06
2.90000000000000e-01	1.22105460222016e+06
3.00000000000000e-01	1.07133460782188e+06
3.10000000000000e-01	9.44283904575581e+05
3.20000000000000e-01	8.35912746360181e+05
3.30000000000000e-01	7.42999862647519e+05
3.40000000000000e-01	6.62926343956725e+05
3.50000000000000e-01	5.93639035671760e+05
3.60000000000000e-01	5.33405389945809e+05
3.70000000000000e-01	4.80838432313709e+05
3.80000000000000e-01	4.34785288916450e+05
3.90000000000000e-01	3.94285068501319e+05
4.00000000000000e-01	3.58562884404673e+05
4.10000000000000e-01	3.26932874235078e+05
4.20000000000000e-01	2.98850169514048e+05
4.30000000000000e-01	2.73836066793260e+05
4.40000000000000e-01	2.51496014784790e+05
4.50000000000000e-01	2.31489582178958e+05
4.60000000000000e-01	2.13525606668494e+05
4.70000000000000e-01	1.97355063164863e+05
4.80000000000000e-01	1.82767418232449e+05
4.90000000000000e-01	1.69573380088517e+05
5.00000000000000e-01	1.57616446660216e+05
5.10000000000000e-01	1.46754692078342e+05
5.20000000000000e-01	1.36874927382165e+05
5.30000000000000e-01	1.27860867259658e+05
5.40000000000000e-01	1.19629667108062e+05
5.50000000000000e-01	1.12097169279509e+05
5.60000000000000e-01	1.05188128550457e+05
5.70000000000000e-01	9.88433249623315e+04
5.80000000000000e-01	9.30102851628603e+04
5.90000000000000e-01	8.76341544074104e+04
6.00000000000000e-01	8.26755993903112e+04
6.10000000000000e-01	7.80913211561819e+04
6.20000000000000e-01	7.38504304437698e+04
6.30000000000000e-01	6.99215047932138e+04
6.40000000000000e-01	6.62767239357735e+04
6.50000000000000e-01	6.28905118250017e+04
6.60000000000000e-01	5.97395777042316e+04
6.70000000000000e-01	5.68043146184436e+04
6.80000000000000e-01	5.40679257907407e+04
6.90000000000000e-01	5.15151406666690e+04
7.00000000000000e-01	4.91284764304256e+04
7.10000000000000e-01	4.68951049762097e+04
7.20000000000000e-01	4.48034924529719e+04
7.30000000000000e-01	4.28432876825375e+04
7.40000000000000e-01	4.10026369058351e+04
7.50000000000000e-01	3.92750085496504e+04
7.60000000000000e-01	3.76487131071300e+04
7.70000000000000e-01	3.61196742212599e+04
7.80000000000000e-01	3.46788306399606e+04
7.90000000000000e-01	3.33203299847337e+04
8.00000000000000e-01	3.20381997594280e+04
8.10000000000000e-01	3.08273028469654e+04
8.20000000000000e-01	2.96827919214917e+04
8.30000000000000e-01	2.86002140780999e+04
8.40000000000000e-01	2.75759011983147e+04
8.50000000000000e-01	2.66043542391219e+04
8.60000000000000e-01	2.56840296857826e+04
8.70000000000000e-01	2.48100318212900e+04
8.80000000000000e-01	2.39801437061829e+04
8.90000000000000e-01	2.31914253518509e+04
9.00000000000000e-01	2.24415888925426e+04
9.10000000000000e-01	2.17277403636131e+04
9.20000000000000e-01	2.10480266603558e+04
9.30000000000000e-01	2.04004840271839e+04
9.40000000000000e-01	1.97830685882990e+04
9.50000000000000e-01	1.91933183929045e+04
9.60000000000000e-01	1.86302465668462e+04
9.70000000000000e-01	1.80922817199869e+04
9.80000000000000e-01	1.75777062990774e+04
9.90000000000000e-01	1.70853643972642e+04
1.00000000000000e+00	1.66141990331822e+04
1.01000000000000e+00	1.61623653784515e+04
1.02000000000000e+00	1.57287181043683e+04
1.03000000000000e+00	1.53132408468167e+04
1.04000000000000e+00	1.49138191902054e+04
1.05000000000000e+00	1.45300748729880e+04
1.06000000000000e+00	1.41609318486651e+04
1.07000000000000e+00	1.38059152896647e+04
1.08000000000000e+00	1.34636824948412e+04
1.09000000000000e+00	1.31337018681673e+04
1.10000000000000e+00	1.28153596615596e+04
1.11000000000000e+00	1.25079892470383e+04
1.12000000000000e+00	1.22106561139394e+04
1.13000000000000e+00	1.19232815748200e+04
1.14000000000000e+00	1.16448468791538e+04
1.15000000000000e+00	1.13749198015597e+04
1.16000000000000e+00	1.11128963443677e+04
1.17000000000000e+00	1.08584504921497e+04
1.18000000000000e+00	1.06109130464583e+04
1.19000000000000e+00	1.03697286295409e+04
1.20000000000000e+00	1.01345819287904e+04
1.21000000000000e+00	9.90472022943569e+03
1.22000000000000e+00	9.67957368711119e+03
1.23000000000000e+00	9.45875221022842e+03
1.24000000000000e+00	9.24118491917168e+03
1.25000000000000e+00	9.02612341301441e+03
1.26000000000000e+00	8.81194224043699e+03
1.27000000000000e+00	8.59789995798849e+03
1.28000000000000e+00	8.38139252559769e+03
1.29000000000000e+00	8.16081908294336e+03
1.30000000000000e+00	7.93339991505658e+03
1.31000000000000e+00	7.69657742133848e+03
1.32000000000000e+00	7.44719911757231e+03
1.33000000000000e+00	7.18243513910238e+03
1.34000000000000e+00	6.89952455390498e+03
1.35000000000000e+00	6.59665476572129e+03
1.36000000000000e+00	6.27297320702955e+03
1.37000000000000e+00	5.92934346977148e+03
1.38000000000000e+00	5.56850024719253e+03
1.39000000000000e+00	5.19574237083144e+03
1.40000000000000e+00	4.81954226094862e+03
1.41000000000000e+00	4.45079350207337e+03
1.42000000000000e+00	4.10347832962700e+03
1.43000000000000e+00	3.79399574380817e+03
1.44000000000000e+00	3.54036912536637e+03
1.45000000000000e+00	3.36123387165345e+03
1.46000000000000e+00	3.27482391280746e+03
1.47000000000000e+00	3.29722404092993e+03
1.48000000000000e+00	3.44152084116101e+03
1.49000000000000e+00	3.71618638595321e+03
1.50000000000000e+00	4.12451899164524e+03
1.51000000000000e+00	4.66407592401096e+03
1.52000000000000e+00	5.32663694898948e+03
1.53000000000000e+00	6.09903304553462e+03
1.54000000000000e+00	6.96343071383709e+03
1.55000000000000e+00	7.89868753077818e+03
1.56000000000000e+00	8.88204460421758e+03
1.57000000000000e+00	9.88961335608632e+03
1.58000000000000e+00	1.08976107395276e+04
1.59000000000000e+00	1.18834327030331e+04
1.60000000000000e+00	1.28259903737826e+04
1.61000000000000e+00	1.37065505616261e+04
1.62000000000000e+00	1.45077070546369e+04
1.63000000000000e+00	1.52148705464084e+04
1.64000000000000e+00	1.58158690749099e+04
1.65000000000000e+00	1.63036153939414e+04
1.66000000000000e+00	1.66761662916607e+04
1.67000000000000e+00	1.69408674628416e+04
1.68000000000000e+00	1.71123083253136e+04
1.69000000000000e+00	1.72128334381676e+04
1.70000000000000e+00	1.72697122539006e+04
1.71000000000000e+00	1.73151997463079e+04
1.72000000000000e+00	1.73890988393753e+04
1.73000000000000e+00	1.75425485182590e+04
1.74000000000000e+00	1.78422793477024e+04
1.75000000000000e+00	1.83669311764830e+04
1.76000000000000e+00	1.92046278928245e+04
1.77000000000000e+00	2.04466765196704e+04
1.78000000000000e+00	2.21814196576247e+04
1.79000000000000e+00	2.44821427224345e+04
1.80000000000000e+00	2.73909245595635e+04
1.81000000000000e+00	3.09049502909908e+04
1.82000000000000e+00	3.49698399341100e+04
1.83000000000000e+00	3.94930617166324e+04
1.84000000000000e+00	4.43722643760893e+04
1.85000000000000e+00	4.95304664395530e+04
1.86000000000000e+00	5.49181574660621e+04
1.87000000000000e+00	6.05187651939963e+04
1.88000000000000e+00	6.63256454283554e+04
1.89000000000000e+00	7.23308942142185e+04
1.90000000000000e+00	7.85183574931539e+04
1.91000000000000e+00	8.48476757580530e+04
1.92000000000000e+00	9.12581634489971e+04
1.93000000000000e+00	9.76485293583275e+04
1.94000000000000e+00	1.03880575846885e+05
1.95000000000000e+00	1.09778785034198e+05
1.96000000000000e+00	1.15137860276242e+05
1.97000000000000e+00	1.19744081827923e+05
1.98000000000000e+00	1.23388918008213e+05
1.99000000000000e+00	1.25894495740790e+05
2.00000000000000e+00	1.27121959826802e+05
2.01000000000000e+00	1.26984638155231e+05
2.02000000000000e+00	1.25456181108182e+05
2.03000000000000e+00	1.22574220052411e+05
2.04000000000000e+00	1.18435194698686e+05
2.05000000000000e+00	1.13197549071874e+05
2.06000000000000e+00	1.07061968216465e+05
2.07000000000000e+00	1.00250662376080e+05
2.08000000000000e+00	9.29906807190803e+04
2.09000000000000e+00	8.54827164229472e+04
2.10000000000000e+00	7.78999143121582e+04
2.11000000000000e+00	7.03883734304294e+04
2.12000000000000e+00	6.30768970419087e+04
2.13000000000000e+00	5.60942874835286e+04
2.14000000000000e+00	4.95699258639589e+04
2.15000000000000e+00	4.36181802120091e+04
2.16000000000000e+00	3.83201846762286e+04
2.17000000000000e+00	3.37014728185770e+04
2.18000000000000e+00	2.97332152360714e+04
2.19000000000000e+00	2.63387277112490e+04
2.20000000000000e+00	2.34175029098461e+04
2.21000000000000e+00	2.08643043500993e+04
2.22000000000000e+00	1.85889296623407e+04
2.23000000000000e+00	1.65314545590921e+04
2.24000000000000e+00	1.46651627021626e+04
2.25000000000000e+00	1.29934856837503e+04
2.26000000000000e+00	1.15340589173078e+04
2.27000000000000e+00	1.03038331451582e+04
2.28000000000000e+00	9.30808563607636e+03
2.29000000000000e+00	8.53727945659431e+03
2.30000000000000e+00	7.96783430101618e+03
2.31000000000000e+00	7.56582843422637e+03
2.32000000000000e+00	7.28977575868864e+03
2.33000000000000e+00	7.09293573569605e+03
2.34000000000000e+00	6.92612322515987e+03
2.35000000000000e+00	6.74375449920552e+03
2.36000000000000e+00	6.50988531140393e+03
2.37000000000000e+00	6.20523146493684e+03
2.38000000000000e+00	5.83120851293055e+03
2.39000000000000e+00	5.40872033420893e+03
2.40000000000000e+00	4.97461841606961e+03
2.41000000000000e+00	4.57529397037093e+03
2.42000000000000e+00	4.26034030226450e+03
2.43000000000000e+00	4.07468319308596e+03
2.44000000000000e+00	4.05272678216362e+03
2.45000000000000e+00	4.21437567716284e+03
2.46000000000000e+00	4.56316147445544e+03
2.47000000000000e+00	5.08768413715675e+03
2.48000000000000e+00	5.76289019203992e+03
2.49000000000000e+00	6.55358594806819e+03
2.50000000000000e+00	7.41666320549228e+03
2.51000000000000e+00	8.30512401954627e+03
2.52000000000000e+00	9.17098403689642e+03
2.53000000000000e+00	9.96841810016228e+03
2.54000000000000e+00	1.06577395166448e+04
2.55000000000000e+00	1.12091748385619e+04
2.56000000000000e+00	1.16042520515752e+04
2.57000000000000e+00	1.18367638378545e+04
2.58000000000000e+00	1.19106921994665e+04
2.59000000000000e+00	1.18363057946530e+04
2.60000000000000e+00	1.16249319841083e+04
2.61000000000000e+00	1.12858611426024e+04
2.62000000000000e+00	1.08250022513621e+04
2.63000000000000e+00	1.02494948555086e+04
2.64000000000000e+00	9.57676848253702e+03
2.65000000000000e+00	8.84136205610840e+03
2.66000000000000e+00	8.09393115810181e+03
2.67000000000000e+00	7.38969217493666e+03
2.68000000000000e+00	6.77334080459006e+03
2.69000000000000e+00	6.27048571894188e+03
2.70000000000000e+00	5.88696295346798e+03
2.71000000000000e+00	5.61390773489642e+03
2.72000000000000e+00	5.43371448234586e+03
2.73000000000000e+00	5.32508811956003e+03
2.74000000000000e+00	5.26624075333253e+03
2.75000000000000e+00	5.23726891728446e+03
2.76000000000000e+00	5.22095034747942e+03
2.77000000000000e+00	5.20357635506667e+03
2.78000000000000e+00	5.17377894603811e+03
2.79000000000000e+00	5.12191310801871e+03
2.80000000000000e+00	5.03958128474476e+03
2.81000000000000e+00	4.91932194682803e+03
2.82000000000000e+00	4.75583356271191e+03
2.83000000000000e+00	4.54686175838361e+03
2.84000000000000e+00	4.29445620685711e+03
2.85000000000000e+00	4.00590573531119e+03
2.86000000000000e+00	3.69344981222102e+03
2.87000000000000e+00	3.37350934085305e+03
2.88000000000000e+00	3.06445049046049e+03
2.89000000000000e+00	2.78448204300281e+03
2.90000000000000e+00	2.54912793667153e+03
2.91000000000000e+00	2.36981128858574e+03
2.92000000000000e+00	2.25296318805725e+03
2.93000000000000e+00	2.20009707035779e+03
2.94000000000000e+00	2.20865685065692e+03
2.95000000000000e+00	2.27273143556115e+03
2.96000000000000e+00	2.38478044220288e+03
2.97000000000000e+00	2.53658189322641e+03
2.98000000000000e+00	2.72076294615251e+03
2.99000000000000e+00	2.93119008793606e+03
3.00000000000000e+00	3.16300792567184e+03
3.01000000000000e+00	3.41199793891027e+03
3.02000000000000e+00	3.67352041676498e+03
3.03000000000000e+00	3.94167559520680e+03
3.04000000000000e+00	4.20903664295062e+03
3.05000000000000e+00	4.46692295188361e+03
3.06000000000000e+00	4.70581331948650e+03
3.07000000000000e+00	4.91689453531042e+03
3.08000000000000e+00	5.09268239272341e+03
3.09000000000000e+00	5.22716889412701e+03
3.10000000000000e+00	5.31637828756854e+03
3.11000000000000e+00	5.35749695651348e+03
3.12000000000000e+00	5.34826128565212e+03
3.13000000000000e+00	5.28606517127948e+03
3.14000000000000e+00	5.16783749773170e+03
3.15000000000000e+00	4.99060546369265e+03
3.16000000000000e+00	4.75344382130637e+03
3.17000000000000e+00	4.45903156603205e+03
3.18000000000000e+00	4.11597564885464e+03
3.19000000000000e+00	3.73870603798983e+03
3.20000000000000e+00	3.34586743729561e+03
3.21000000000000e+00	2.95744751569313e+03
3.22000000000000e+00	2.59141496499178e+03
3.23000000000000e+00	2.26146150490512e+03
3.24000000000000e+00	1.97637546243957e+03
3.25000000000000e+00	1.74014618727568e+03
3.26000000000000e+00	1.55273873640619e+03
3.27000000000000e+00	1.41103786345163e+03
3.28000000000000e+00	1.30960545286170e+03
3.29000000000000e+00	1.24154577279147e+03
3.30000000000000e+00	1.19925499365076e+03
3.31000000000000e+00	1.17518122148549e+03
3.32000000000000e+00	1.16250350938242e+03
3.33000000000000e+00	1.15549887707733e+03
3.34000000000000e+00	1.14976306350279e+03
3.35000000000000e+00	1.14215445395697e+03
3.36000000000000e+00	1.13065440444841e+03
3.37000000000000e+00	1.11426035502248e+03
3.38000000000000e+00	1.09285250033210e+03
3.39000000000000e+00	1.06718023526375e+03
3.40000000000000e+00	1.03871180833483e+03
3.41000000000000e+00	1.00937212755452e+03
3.42000000000000e+00	9.81280159812354e+02
3.43000000000000e+00	9.56425355164700e+02
3.44000000000000e+00	9.36445477510801e+02
3.45000000000000e+00	9.22494613033069e+02
3.46000000000000e+00	9.15346735069465e+02
3.47000000000000e+00	9.15429935437543e+02
3.48000000000000e+00	9.23110056766975e+02
3.49000000000000e+00	9.38945628310174e+02
3.50000000000000e+00	9.63823709431337e+02
3.51000000000000e+00	9.99173153727549e+02
3.52000000000000e+00	1.04716775374859e+03
3.53000000000000e+00	1.11062002408106e+03
3.54000000000000e+00	1.19307111118229e+03
3.55000000000000e+00	1.29866777193107e+03
3.56000000000000e+00	1.43205369250993e+03
3.57000000000000e+00	1.59828682730405e+03
3.58000000000000e+00	1.80267044992286e+03
3.59000000000000e+00	2.05067705081843e+03
3.60000000000000e+00	2.34794127324105e+03
3.61000000000000e+00	2.70006270782290e+03
3.62000000000000e+00	3.11247006663176e+03
3.63000000000000e+00	3.59024450422731e+03
3.64000000000000e+00	4.13788390514421e+03
3.65000000000000e+00	4.75874758219109e+03
3.66000000000000e+00	5.45472102666714e+03
3.67000000000000e+00	6.22573502758713e+03
3.68000000000000e+00	7.06857036742648e+03
3.69000000000000e+00	7.97601475157319e+03
3.70000000000000e+00	8.93498842629832e+03
3.71000000000000e+00	9.92491648507078e+03
3.72000000000000e+00	1.09169576050207e+04
3.73000000000000e+00	1.18745408171029e+04
3.74000000000000e+00	1.27557663541672e+04
3.75000000000000e+00	1.35185442111625e+04
3.76000000000000e+00	1.41257563960858e+04
3.77000000000000e+00	1.45499532945212e+04
3.78000000000000e+00	1.47766246484829e+04
3.79000000000000e+00	1.48046222351062e+04
3.80000000000000e+00	1.46447419138829e+04
3.81000000000000e+00	1.43174725031607e+04
3.82000000000000e+00	1.38494403301521e+04
3.83000000000000e+00	1.32703884878841e+04
3.84000000000000e+00	1.26096607614332e+04
3.85000000000000e+00	1.18946320944140e+04
3.86000000000000e+00	1.11488086045281e+04
3.87000000000000e+00	1.03908496478548e+04
3.88000000000000e+00	9.63517313313746e+03
3.89000000000000e+00	8.89214553457643e+03
3.90000000000000e+00	8.16888056950846e+03
3.91000000000000e+00	7.46957573030887e+03
3.92000000000000e+00	6.79645719027292e+03
3.93000000000000e+00	6.15025472815960e+03
3.94000000000000e+00	5.53098466553966e+03
3.95000000000000e+00	4.93856792704396e+03
3.96000000000000e+00	4.37381574881394e+03
3.97000000000000e+00	3.83889117120872e+03
3.98000000000000e+00	3.33761750971970e+03
3.99000000000000e+00	2.87479851996884e+03
4.00000000000000e+00	2.45546288461656e+03
4.01000000000000e+00	2.08371374085489e+03
4.02000000000000e+00	1.76166334009844e+03
4.03000000000000e+00	1.48905751161055e+03
4.04000000000000e+00	1.26341552936451e+03
4.05000000000000e+00	1.08041610191708e+03
4.06000000000000e+00	9.34486403997613e+02
4.07000000000000e+00	8.19596152853029e+02
4.08000000000000e+00	7.29634098346385e+02
4.09000000000000e+00	6.58836897216905e+02
4.10000000000000e+00	6.02112640706475e+02
4.11000000000000e+00	5.55144220903415e+02
4.12000000000000e+00	5.14501498618867e+02
4.13000000000000e+00	4.77649424414646e+02
4.14000000000000e+00	4.42882876991707e+02
4.15000000000000e+00	4.09165341825363e+02
4.16000000000000e+00	3.75933459992793e+02
4.17000000000000e+00	3.42862384593465e+02
4.18000000000000e+00	3.09725639581775e+02
4.19000000000000e+00	2.76345838991931e+02
4.20000000000000e+00	2.42692263878749e+02
4.21000000000000e+00	2.09034826928346e+02
4.22000000000000e+00	1.76124066434898e+02
4.23000000000000e+00	1.45244759201442e+02
4.24000000000000e+00	1.18131756592027e+02
4.25000000000000e+00	9.67048554873845e+01
4.26000000000000e+00	8.26955013480530e+01
4.27000000000000e+00	7.72725869604251e+01
4.28000000000000e+00	8.07890095854238e+01
4.29000000000000e+00	9.27236573643974e+01
4.30000000000000e+00	1.11845072803924e+02
4.31000000000000e+00	1.36497233821826e+02
4.32000000000000e+00	1.64909326750790e+02
4.33000000000000e+00	1.95429452756675e+02
4.34000000000000e+00	2.26648431373779e+02
4.35000000000000e+00	2.57418744776702e+02
4.36000000000000e+00	2.86815092350737e+02
4.37000000000000e+00	3.14049063177299e+02
4.38000000000000e+00	3.38419584330763e+02
4.39000000000000e+00	3.59216778356221e+02
4.40000000000000e+00	3.75692429254433e+02
4.41000000000000e+00	3.86996758141182e+02
4.42000000000000e+00	3.92188208525960e+02
4.43000000000000e+00	3.90277114260082e+02
4.44000000000000e+00	3.80339536984913e+02
4.45000000000000e+00	3.61724219083140e+02
4.46000000000000e+00	3.34297585996921e+02
4.47000000000000e+00	2.98706111518001e+02
4.48000000000000e+00	2.56587024009120e+02
4.49000000000000e+00	2.10622524050361e+02
4.50000000000000e+00	1.64406941699488e+02
4.51000000000000e+00	1.22078787925353e+02
4.52000000000000e+00	8.78057375383441e+01
4.53000000000000e+00	6.52142147120682e+01
4.54000000000000e+00	5.69086713168497e+01
4.55000000000000e+00	6.42211485354990e+01
4.56000000000000e+00	8.72464989662335e+01
4.57000000000000e+00	1.25147548252872e+02
4.58000000000000e+00	1.76618548216495e+02
4.59000000000000e+00	2.40387722735169e+02
4.60000000000000e+00	3.15615381124736e+02
4.61000000000000e+00	4.02130785619104e+02
4.62000000000000e+00	5.00486941022015e+02
4.63000000000000e+00	6.11914633994775e+02
4.64000000000000e+00	7.38261611552379e+02
4.65000000000000e+00	8.81932475399137e+02
4.66000000000000e+00	1.04607167591031e+03
4.67000000000000e+00	1.23464114980470e+03
4.68000000000000e+00	1.45262912282488e+03
4.69000000000000e+00	1.70599540508514e+03
4.70000000000000e+00	2.00147727897448e+03
4.71000000000000e+00	2.34587460957906e+03
4.72000000000000e+00	2.74504082436491e+03
4.73000000000000e+00	3.20249833559386e+03
4.74000000000000e+00	3.71771081207644e+03
4.75000000000000e+00	4.28438177153283e+03
4.76000000000000e+00	4.88903131341005e+03
4.77000000000000e+00	5.51065261937104e+03
4.78000000000000e+00	6.12134093375973e+03
4.79000000000000e+00	6.68897938547184e+03
4.80000000000000e+00	7.18112167843059e+03
4.81000000000000e+00	7.56943056425074e+03
4.82000000000000e+00	7.83444875970606e+03
4.83000000000000e+00	7.96843600278697e+03
4.84000000000000e+00	7.97631082341041e+03
4.85000000000000e+00	7.87433048375698e+03
4.86000000000000e+00	7.68670352407909e+03
4.87000000000000e+00	7.44109446879115e+03
4.88000000000000e+00	7.16435737968201e+03
4.89000000000000e+00	6.87888455837316e+03
4.90000000000000e+00	6.60122818541208e+03
4.91000000000000e+00	6.34068685209889e+03
4.92000000000000e+00	6.10031306534397e+03
4.93000000000000e+00	5.87800012178921e+03
4.94000000000000e+00	5.66768545759797e+03
4.95000000000000e+00	5.46190607969460e+03
4.96000000000000e+00	5.25240108453927e+03
4.97000000000000e+00	5.03221554277971e+03
4.98000000000000e+00	4.79625564984409e+03
4.99000000000000e+00	4.54174068737776e+03
5.00000000000000e+00	4.26829371242269e+03
5.01000000000000e+00	3.97776992208977e+03
5.02000000000000e+00	3.67412978771546e+03
5.03000000000000e+00	3.36293175305975e+03
5.04000000000000e+00	3.05116155869964e+03
5.05000000000000e+00	2.74631509614099e+03
5.06000000000000e+00	2.45606227223167e+03
5.07000000000000e+00	2.18762973813791e+03
5.08000000000000e+00	1.94696443740075e+03
5.09000000000000e+00	1.73831641372108e+03
5.10000000000000e+00	1.56374361467591e+03
5.11000000000000e+00	1.42286243967360e+03
5.12000000000000e+00	1.31281327767140e+03
5.13000000000000e+00	1.22864871130021e+03
5.14000000000000e+00	1.16385137206826e+03
5.15000000000000e+00	1.11118380729666e+03
5.16000000000000e+00	1.06355360377511e+03
5.17000000000000e+00	1.01490121223346e+03
5.18000000000000e+00	9.60693400935597e+02
5.19000000000000e+00	8.98287784556223e+02
5.20000000000000e+00	8.26966419417402e+02
5.21000000000000e+00	7.47680509060793e+02
5.22000000000000e+00	6.62751158466668e+02
5.23000000000000e+00	5.75408438005273e+02
5.24000000000000e+00	4.89320523035346e+02
5.25000000000000e+00	4.08193338294497e+02
5.26000000000000e+00	3.35489563793102e+02
5.27000000000000e+00	2.74210307183215e+02
5.28000000000000e+00	2.26843267285368e+02
5.29000000000000e+00	1.95333685373702e+02
5.30000000000000e+00	1.81135478093486e+02
5.31000000000000e+00	1.85212507989298e+02
5.32000000000000e+00	2.08018683619521e+02
5.33000000000000e+00	2.49432711946072e+02
5.34000000000000e+00	3.08649446023134e+02
5.35000000000000e+00	3.84086830472515e+02
5.36000000000000e+00	4.73343548650984e+02
5.37000000000000e+00	5.73210914851201e+02
5.38000000000000e+00	6.79822049087302e+02
5.39000000000000e+00	7.88885525168540e+02
5.40000000000000e+00	8.96015338396656e+02
5.41000000000000e+00	9.97022102754968e+02
5.42000000000000e+00	1.08828046303686e+03
5.43000000000000e+00	1.16692957776487e+03
5.44000000000000e+00	1.23103135904685e+03
5.45000000000000e+00	1.27959858674065e+03
5.46000000000000e+00	1.31256106215760e+03
5.47000000000000e+00	1.33054665715351e+03
5.48000000000000e+00	1.33479343045883e+03
5.49000000000000e+00	1.32691678885215e+03
5.50000000000000e+00	1.30870073064403e+03
5.51000000000000e+00	1.28204210644097e+03
5.52000000000000e+00	1.24880265909160e+03
5.53000000000000e+00	1.21072776628713e+03
5.54000000000000e+00	1.16940022660436e+03
5.55000000000000e+00	1.12619735155397e+03
5.56000000000000e+00	1.08229780110752e+03
5.57000000000000e+00	1.03871505828026e+03
5.58000000000000e+00	9.96327936767466e+02
5.59000000000000e+00	9.55949408560599e+02
5.60000000000000e+00	9.18289919633595e+02
5.61000000000000e+00	8.84047578699286e+02
5.62000000000000e+00	8.53765654515827e+02
5.63000000000000e+00	8.27908421614411e+02
5.64000000000000e+00	8.06719794875722e+02
5.65000000000000e+00	7.90292193705178e+02
5.66000000000000e+00	7.78522835256550e+02
5.67000000000000e+00	7.71161411124531e+02
5.68000000000000e+00	7.67809516895217e+02
5.69000000000000e+00	7.67952902963156e+02
5.70000000000000e+00	7.71028447523187e+02
5.71000000000000e+00	7.76415246613342e+02
5.72000000000000e+00	7.83421455248600e+02
5.73000000000000e+00	7.91331059382518e+02
5.74000000000000e+00	7.99285798880736e+02
5.75000000000000e+00	8.06379407488594e+02
5.76000000000000e+00	8.11596911013973e+02
5.77000000000000e+00	8.13920397541510e+02
5.78000000000000e+00	8.12337753105588e+02
5.79000000000000e+00	8.05951338424072e+02
5.80000000000000e+00	7.94049978036510e+02
5.81000000000000e+00	7.76176176466959e+02
5.82000000000000e+00	7.52137240763005e+02
5.83000000000000e+00	7.22105663582835e+02
5.84000000000000e+00	6.86592908219710e+02
5.85000000000000e+00	6.46530485847094e+02
5.86000000000000e+00	6.03219865603933e+02
5.87000000000000e+00	5.58294302674883e+02
5.88000000000000e+00	5.13661576534543e+02
5.89000000000000e+00	4.71282405163454e+02
5.90000000000000e+00	4.33111418668782e+02
5.91000000000000e+00	4.00847784896543e+02
5.92000000000000e+00	3.75866694755395e+02
5.93000000000000e+00	3.59132950045189e+02
5.94000000000000e+00	3.51208725639043e+02
5.95000000000000e+00	3.52251862537246e+02
5.96000000000000e+00	3.62086556847663e+02
5.97000000000000e+00	3.80229252433125e+02
5.98000000000000e+00	4.05926513485956e+02
5.99000000000000e+00	4.38178352515524e+02
6.00000000000000e+00	4.75733266120611e+02
6.01000000000000e+00	5.17135437114360e+02
6.02000000000000e+00	5.60765569376334e+02
6.03000000000000e+00	6.04868353306204e+02
6.04000000000000e+00	6.47681773032820e+02
6.05000000000000e+00	6.87485511784087e+02
6.06000000000000e+00	7.22673081358870e+02
6.07000000000000e+00	7.51821924389129e+02
6.08000000000000e+00	7.73714478018261e+02
6.09000000000000e+00	7.87391977495720e+02
6.10000000000000e+00	7.92170683953340e+02
6.11000000000000e+00	7.87674953152019e+02
6.12000000000000e+00	7.73879342031778e+02
6.13000000000000e+00	7.51138016340009e+02
6.14000000000000e+00	7.20163053940107e+02
6.15000000000000e+00	6.82096927173676e+02
6.16000000000000e+00	6.38437753202507e+02
6.17000000000000e+00	5.91024885076388e+02
6.18000000000000e+00	5.42033599590669e+02
6.19000000000000e+00	4.93783704669022e+02
6.20000000000000e+00	4.48675090859187e+02
6.21000000000000e+00	4.08930467917633e+02
6.22000000000000e+00	3.76427140973978e+02
6.23000000000000e+00	3.52492519183395e+02
6.24000000000000e+00	3.37751225605289e+02
6.25000000000000e+00	3.32025276425464e+02
6.26000000000000e+00	3.34349245727140e+02
6.27000000000000e+00	3.43053713185752e+02
6.28000000000000e+00	3.55943195526809e+02
6.29000000000000e+00	3.70579452290524e+02
6.30000000000000e+00	3.84517183859292e+02
6.31000000000000e+00	3.95610838190031e+02
6.32000000000000e+00	4.02219605458666e+02
6.33000000000000e+00	4.03419408093975e+02
6.34000000000000e+00	3.99047856110717e+02
6.35000000000000e+00	3.89759738891937e+02
6.36000000000000e+00	3.76891048449777e+02
6.37000000000000e+00	3.62240775881440e+02
6.38000000000000e+00	3.47839137774207e+02
6.39000000000000e+00	3.35605033136931e+02
6.40000000000000e+00	3.27102060779999e+02
6.41000000000000e+00	3.23333650462194e+02
6.42000000000000e+00	3.24655819737556e+02
6.43000000000000e+00	3.30799836601177e+02
6.44000000000000e+00	3.40988453656679e+02
6.45000000000000e+00	3.54088215547489e+02
6.46000000000000e+00	3.68799173972454e+02
6.47000000000000e+00	3.83826843325404e+02
6.48000000000000e+00	3.97985106176516e+02
6.49000000000000e+00	4.10305075965379e+02
6.50000000000000e+00	4.20063910338427e+02
6.51000000000000e+00	4.26811511094516e+02
6.52000000000000e+00	4.30353238226416e+02
6.53000000000000e+00	4.30723229246253e+02
6.54000000000000e+00	4.28136724679062e+02
6.55000000000000e+00	4.22999721240387e+02
6.56000000000000e+00	4.15846680903711e+02
6.57000000000000e+00	4.07335951824214e+02
6.58000000000000e+00	3.98237690409369e+02
6.59000000000000e+00	3.89357482790237e+02
6.60000000000000e+00	3.81509341428368e+02
6.61000000000000e+00	3.75433847798137e+02
6.62000000000000e+00	3.71749998527319e+02
6.63000000000000e+00	3.70881028081594e+02
6.64000000000000e+00	3.73032130075821e+02
6.65000000000000e+00	3.78157849506809e+02
6.66000000000000e+00	3.85989828176478e+02
6.67000000000000e+00	3.96025263232885e+02
6.68000000000000e+00	4.07599000299604e+02
6.69000000000000e+00	4.19911879091929e+02
6.70000000000000e+00	4.32114265270161e+02
6.71000000000000e+00	4.43340374314656e+02
6.72000000000000e+00	4.52804823380682e+02
6.73000000000000e+00	4.59849119225401e+02
6.74000000000000e+00	4.63994292907458e+02
6.75000000000000e+00	4.64981304260285e+02
6.76000000000000e+00	4.62793001320806e+02
6.77000000000000e+00	4.57652119583696e+02
6.78000000000000e+00	4.50020392139745e+02
6.79000000000000e+00	4.40557594608529e+02
6.80000000000000e+00	4.30117147109825e+02
6.81000000000000e+00	4.19667367076009e+02
6.82000000000000e+00	4.10272119936749e+02
6.83000000000000e+00	4.03044651043610e+02
6.84000000000000e+00	3.99092482552006e+02
6.85000000000000e+00	3.99498137842029e+02
6.86000000000000e+00	4.05273015001573e+02
6.87000000000000e+00	4.17367682659267e+02
6.88000000000000e+00	4.36627082086160e+02
6.89000000000000e+00	4.63767498750349e+02
6.90000000000000e+00	4.99373330403054e+02
6.91000000000000e+00	5.43828722229644e+02
6.92000000000000e+00	5.97327483306137e+02
6.93000000000000e+00	6.59826797509799e+02
6.94000000000000e+00	7.30997641352782e+02
6.95000000000000e+00	8.10207054929884e+02
6.96000000000000e+00	8.96517441999576e+02
6.97000000000000e+00	9.88642739584785e+02
6.98000000000000e+00	1.08495593957175e+03
6.99000000000000e+00	1.18351864088413e+03
7.00000000000000e+00	1.28208562441913e+03
7.01000000000000e+00	1.37819290264327e+03
7.02000000000000e+00	1.46920128860489e+03
7.03000000000000e+00	1.55235197259804e+03
7.04000000000000e+00	1.62481851047746e+03
7.05000000000000e+00	1.68374273626106e+03
7.06000000000000e+00	1.72640409128340e+03
7.07000000000000e+00	1.75030778690974e+03
7.08000000000000e+00	1.75330179647557e+03
7.09000000000000e+00	1.73393532004759e+03
7.10000000000000e+00	1.69162061765089e+03
7.11000000000000e+00	1.62686669505293e+03
7.12000000000000e+00	1.54127008750767e+03
7.13000000000000e+00	1.43754007218536e+03
7.14000000000000e+00	1.31929035645447e+03
7.15000000000000e+00	1.19072376723369e+03
7.16000000000000e+00	1.05632697698308e+03
7.17000000000000e+00	9.20597505980004e+02
7.18000000000000e+00	7.87689596711088e+02
7.19000000000000e+00	6.61175619191436e+02
7.20000000000000e+00	5.43928539557613e+02
7.21000000000000e+00	4.37956564207909e+02
7.22000000000000e+00	3.44459768495196e+02
7.23000000000000e+00	2.63875286973178e+02
7.24000000000000e+00	1.96031700833762e+02
7.25000000000000e+00	1.40298132792635e+02
7.26000000000000e+00	9.57442018587854e+01
7.27000000000000e+00	6.12800338599936e+01
7.28000000000000e+00	3.57653434004358e+01
7.29000000000000e+00	1.80872916467389e+01
7.30000000000000e+00	7.20686122864815e+00
7.31000000000000e+00	2.17875781393556e+00
7.32000000000000e+00	2.15434697071263e+00
7.33000000000000e+00	6.36860600329876e+00
7.34000000000000e+00	1.41206051770364e+01
7.35000000000000e+00	2.47515738755579e+01
7.36000000000000e+00	3.76221725499743e+01
7.37000000000000e+00	5.20943712796856e+01
7.38000000000000e+00	6.75157516500128e+01
7.39000000000000e+00	8.32081749267935e+01
7.40000000000000e+00	9.84632788653339e+01
7.41000000000000e+00	1.12547160753521e+02
7.42000000000000e+00	1.24716814380613e+02
7.43000000000000e+00	1.34253284977059e+02
7.44000000000000e+00	1.40502620787399e+02
7.45000000000000e+00	1.42945207614560e+02
7.46000000000000e+00	1.41266514644851e+02
7.47000000000000e+00	1.35424556495805e+02
7.48000000000000e+00	1.25699956762244e+02
7.49000000000000e+00	1.12704803165856e+02
7.50000000000000e+00	9.73389261740001e+01
7.51000000000000e+00	8.06952849679760e+01
7.52000000000000e+00	6.39307436097842e+01
7.53000000000000e+00	4.81170235202410e+01
7.54000000000000e+00	3.41180581121304e+01
7.55000000000000e+00	2.25057632724433e+01
7.56000000000000e+00	1.35315507073202e+01
7.57000000000000e+00	7.15510064471553e+00
7.58000000000000e+00	3.11104118238850e+00
7.59000000000000e+00	9.94269167954912e-01
7.60000000000000e+00	3.43292679440107e-01
7.61000000000000e+00	7.07665103779511e-01
7.62000000000000e+00	1.69321379771405e+00
7.63000000000000e+00	2.98525457951280e+00
7.64000000000000e+00	4.35369391726691e+00
7.65000000000000e+00	5.64552812368066e+00
7.66000000000000e+00	6.76932274652827e+00
7.67000000000000e+00	7.67790926706081e+00
7.68000000000000e+00	8.35039801359782e+00
7.69000000000000e+00	8.78005436310089e+00
7.70000000000000e+00	8.96885602071397e+00
7.71000000000000e+00	8.92981694007487e+00
7.72000000000000e+00	8.69651466175224e+00
7.73000000000000e+00	8.33812014172488e+00
7.74000000000000e+00	7.97736918381496e+00
7.75000000000000e+00	7.80630071710974e+00
7.76000000000000e+00	8.10204844235391e+00
7.77000000000000e+00	9.23423880553623e+00
7.78000000000000e+00	1.16649494350776e+01
7.79000000000000e+00	1.59341873567521e+01
7.80000000000000e+00	2.26255693916340e+01
7.81000000000000e+00	3.23096398651667e+01
7.82000000000000e+00	4.54649421735072e+01
7.83000000000000e+00	6.23833383176180e+01
7.84000000000000e+00	8.30819670309806e+01
7.85000000000000e+00	1.07233347991925e+02
7.86000000000000e+00	1.34139386501081e+02
7.87000000000000e+00	1.62773940082807e+02
7.88000000000000e+00	1.91876206898036e+02
7.89000000000000e+00	2.20088443540801e+02
7.90000000000000e+00	2.46135242426059e+02
7.91000000000000e+00	2.68944690277611e+02
7.92000000000000e+00	2.87763383751187e+02
7.93000000000000e+00	3.02181219643555e+02
7.94000000000000e+00	3.12114206617711e+02
7.95000000000000e+00	3.17766987951698e+02
7.96000000000000e+00	3.19535891004330e+02
7.97000000000000e+00	3.17954600784683e+02
7.98000000000000e+00	3.13618238784154e+02
7.99000000000000e+00	3.07158707631727e+02
8.00000000000000e+00	2.99162250701464e+02
8.01000000000000e+00	2.90165040284169e+02
8.02000000000000e+00	2.80611042655453e+02
8.03000000000000e+00	2.70843918335500e+02
8.04000000000000e+00	2.61094880496104e+02
8.05000000000000e+00	2.51522594852165e+02
8.06000000000000e+00	2.42208696251892e+02
8.07000000000000e+00	2.33203356890688e+02
8.08000000000000e+00	2.24536784844807e+02
8.09000000000000e+00	2.16233311658794e+02
8.10000000000000e+00	2.08325791859128e+02
8.11000000000000e+00	2.00844444927537e+02
8.12000000000000e+00	1.93808662078543e+02
8.13000000000000e+00	1.87222257400694e+02
8.14000000000000e+00	1.81056340733376e+02
8.15000000000000e+00	1.75254179146224e+02
8.16000000000000e+00	1.69723276517102e+02
8.17000000000000e+00	1.64357899763183e+02
8.18000000000000e+00	1.59051248402298e+02
8.19000000000000e+00	1.53703401122242e+02
8.20000000000000e+00	1.48245275152286e+02
8.21000000000000e+00	1.42657494946491e+02
8.22000000000000e+00	1.36967068213710e+02
8.23000000000000e+00	1.31249797661571e+02
8.24000000000000e+00	1.25625845363985e+02
8.25000000000000e+00	1.20238133361312e+02
8.26000000000000e+00	1.15228145647612e+02
8.27000000000000e+00	1.10727609899530e+02
8.28000000000000e+00	1.06834155471057e+02
8.29000000000000e+00	1.03603720116445e+02
8.30000000000000e+00	1.01056635797662e+02
8.31000000000000e+00	9.91648682489852e+01
8.32000000000000e+00	9.78735261170925e+01
8.33000000000000e+00	9.71051233404935e+01
8.34000000000000e+00	9.67709393926441e+01
8.35000000000000e+00	9.67807244520383e+01
8.36000000000000e+00	9.70565812978239e+01
8.37000000000000e+00	9.75347980525809e+01
8.38000000000000e+00	9.81731875312077e+01
8.39000000000000e+00	9.89502366958503e+01
8.40000000000000e+00	9.98678164828222e+01
8.41000000000000e+00	1.00942360680711e+02
8.42000000000000e+00	1.02205472320221e+02
8.43000000000000e+00	1.03697492627002e+02
8.44000000000000e+00	1.05459569999638e+02
8.45000000000000e+00	1.07531613538178e+02
8.46000000000000e+00	1.09944744294984e+02
8.47000000000000e+00	1.12723170749219e+02
8.48000000000000e+00	1.15879827421856e+02
8.49000000000000e+00	1.19422748744556e+02
8.50000000000000e+00	1.23348478770066e+02
8.51000000000000e+00	1.27645483111603e+02
8.52000000000000e+00	1.32274682635141e+02
8.53000000000000e+00	1.37172887825346e+02
8.54000000000000e+00	1.42233660794808e+02
8.55000000000000e+00	1.47299676051137e+02
8.56000000000000e+00	1.52161405839792e+02
8.57000000000000e+00	1.56558985601737e+02
8.58000000000000e+00	1.60196766934239e+02
8.59000000000000e+00	1.62763332149545e+02
8.60000000000000e+00	1.63961873409500e+02
8.61000000000000e+00	1.63532912413573e+02
8.62000000000000e+00	1.61283779821282e+02
8.63000000000000e+00	1.57123061456953e+02
8.64000000000000e+00	1.51078784221676e+02
8.65000000000000e+00	1.43307989450705e+02
8.66000000000000e+00	1.34099715794897e+02
8.67000000000000e+00	1.23855605884594e+02
8.68000000000000e+00	1.13070467130334e+02
8.69000000000000e+00	1.02277684822726e+02
8.70000000000000e+00	9.20065308403745e+01
8.71000000000000e+00	8.27221712463322e+01
8.72000000000000e+00	7.47912250223127e+01
8.73000000000000e+00	6.84429251271775e+01
8.74000000000000e+00	6.37691923778893e+01
8.75000000000000e+00	6.07252549218229e+01
8.76000000000000e+00	5.91637158789998e+01
8.77000000000000e+00	5.88571637410503e+01
8.78000000000000e+00	5.95453862896737e+01
8.79000000000000e+00	6.09594104746988e+01
8.80000000000000e+00	6.28529666258244e+01
8.81000000000000e+00	6.50195545506229e+01
8.82000000000000e+00	6.72991295896828e+01
8.83000000000000e+00	6.95825233578133e+01
8.84000000000000e+00	7.18038944940581e+01
8.85000000000000e+00	7.39366040407127e+01
8.86000000000000e+00	7.59787002721855e+01
8.87000000000000e+00	7.79469265262197e+01
8.88000000000000e+00	7.98663996027100e+01
8.89000000000000e+00	8.17643332262925e+01
8.90000000000000e+00	8.36621499971824e+01
8.91000000000000e+00	8.55743576043931e+01
8.92000000000000e+00	8.74997007255385e+01
8.93000000000000e+00	8.94344884888360e+01
8.94000000000000e+00	9.13570647797265e+01
8.95000000000000e+00	9.32456575591210e+01
8.96000000000000e+00	9.50675303105447e+01
8.97000000000000e+00	9.67921066924598e+01
8.98000000000000e+00	9.83860061593521e+01
8.99000000000000e+00	9.98223045102469e+01
9.00000000000000e+00	1.01079299460379e+02
9.01000000000000e+00	1.02145052762331e+02
9.02000000000000e+00	1.03010690137863e+02
9.03000000000000e+00	1.03668629959064e+02
9.04000000000000e+00	1.04114654581012e+02
9.05000000000000e+00	1.04332935185258e+02
9.06000000000000e+00	1.04310813742747e+02
9.07000000000000e+00	1.04027653186541e+02
9.08000000000000e+00	1.03473660013561e+02
9.09000000000000e+00	1.02648681106757e+02
9.10000000000000e+00	1.01571526726860e+02
9.11000000000000e+00	1.00272563561735e+02
9.12000000000000e+00	9.88037688575795e+01
9.13000000000000e+00	9.72256328357932e+01
9.14000000000000e+00	9.56057162335487e+01
9.15000000000000e+00	9.40094736592156e+01
9.16000000000000e+00	9.24936863707422e+01
9.17000000000000e+00	9.11029487779198e+01
9.18000000000000e+00	8.98654832762908e+01
9.19000000000000e+00	8.87914294998132e+01
9.20000000000000e+00	8.78752610908668e+01
9.21000000000000e+00	8.71028354769848e+01
9.22000000000000e+00	8.64529214154716e+01
9.23000000000000e+00	8.59048221998433e+01
9.24000000000000e+00	8.54396484580211e+01
9.25000000000000e+00	8.50469051612176e+01
9.26000000000000e+00	8.47222284304731e+01
9.27000000000000e+00	8.44723255025237e+01
9.28000000000000e+00	8.43071215233023e+01
9.29000000000000e+00	8.42400395429134e+01
9.30000000000000e+00	8.42822212584459e+01
9.31000000000000e+00	8.44424649273089e+01
9.32000000000000e+00	8.47186873459112e+01
9.33000000000000e+00	8.51033796335846e+01
9.34000000000000e+00	8.55802798237214e+01
9.35000000000000e+00	8.61264776888443e+01
9.36000000000000e+00	8.67176624311174e+01
9.37000000000000e+00	8.73271784721388e+01
9.38000000000000e+00	8.79315798728931e+01
9.39000000000000e+00	8.85123825141405e+01
9.40000000000000e+00	8.90559493465101e+01
9.41000000000000e+00	8.95544779636265e+01
9.42000000000000e+00	9.00034250375139e+01
9.43000000000000e+00	9.04036409981103e+01
9.44000000000000e+00	9.07555914849818e+01
9.45000000000000e+00	9.10602879692375e+01
9.46000000000000e+00	9.13200501292773e+01
9.47000000000000e+00	9.15340412904910e+01
9.48000000000000e+00	9.17061752947848e+01
9.49000000000000e+00	9.18355302842678e+01
9.50000000000000e+00	9.19277480933609e+01
9.51000000000000e+00	9.19829042611927e+01
9.52000000000000e+00	9.20030893591771e+01
9.53000000000000e+00	9.19870734355328e+01
9.54000000000000e+00	9.19331591801577e+01
9.55000000000000e+00	9.18400198680262e+01
9.56000000000000e+00	9.17150519803888e+01
9.57000000000000e+00	9.15732054091450e+01
9.58000000000000e+00	9.14410357221489e+01
9.59000000000000e+00	9.13495501027674e+01
9.60000000000000e+00	9.13259404106251e+01
9.61000000000000e+00	9.13883733901903e+01
9.62000000000000e+00	9.15395066375896e+01
9.63000000000000e+00	9.17699461523723e+01
9.64000000000000e+00	9.20599994489686e+01
9.65000000000000e+00	9.23894910188576e+01
9.66000000000000e+00	9.27375557017787e+01
9.67000000000000e+00	9.30899127315521e+01
9.68000000000000e+00	9.34356771137562e+01
9.69000000000000e+00	9.37666149971363e+01
9.70000000000000e+00	9.40770635996369e+01
9.71000000000000e+00	9.43647941761282e+01
9.72000000000000e+00	9.46263345000010e+01
9.73000000000000e+00	9.48618263332591e+01
9.74000000000000e+00	9.50716047565229e+01
9.75000000000000e+00	9.52571794683323e+01
9.76000000000000e+00	9.54203747914522e+01
9.77000000000000e+00	9.55625286834932e+01
9.78000000000000e+00	9.56860300994416e+01
9.79000000000000e+00	9.57948219388034e+01
9.80000000000000e+00	9.58901681523740e+01
9.81000000000000e+00	9.59760267452075e+01
9.82000000000000e+00	9.60549808807231e+01
9.83000000000000e+00	9.61288817135082e+01
9.84000000000000e+00	9.61977199107210e+01
9.85000000000000e+00	9.62623190935013e+01
9.86000000000000e+00	9.63213318588256e+01
9.87000000000000e+00	9.63785364918872e+01
9.88000000000000e+00	9.64482002725277e+01
9.89000000000000e+00	9.65743888911090e+01
9.90000000000000e+00	9.68684933922540e+01
9.91000000000000e+00	9.75823421055381e+01
9.92000000000000e+00	9.92159348825030e+01
9.93000000000000e+00	1.02681339982826e+02
9.94000000000000e+00	1.09544177636939e+02
9.95000000000000e+00	1.22509559462568e+02
9.96000000000000e+00	1.46493789233595e+02
9.97000000000000e+00	1.91253558905861e+02
9.98000000000000e+00	2.78063404251890e+02
9.99000000000000e+00	4.57742217589076e+02
1.00000000000000e+01	8.63584598598743e+02
1.00100000000000e+01	1.86216832530688e+03
1.00200000000000e+01	4.06567828127028e+03
1.00300000000000e+01	5.07217298505395e+03
1.00400000000000e+01	2.35214455746059e+03
1.00500000000000e+01	7.94437948109098e+02
1.00600000000000e+01	2.82863017454886e+02
1.00700000000000e+01	1.12755754684346e+02
1.00800000000000e+01	5.01001048525154e+01
1.00900000000000e+01	2.44164020117467e+01
1.01000000000000e+01	1.28437443352951e+01
1.01100000000000e+01	7.19491293483268e+00
1.01200000000000e+01	4.24653618746951e+00
1.01300000000000e+01	2.61851140422969e+00
1.01400000000000e+01	1.67569169557070e+00
1.01500000000000e+01	1.10700547603648e+00
1.01600000000000e+01	7.51729672727615e-01
1.01700000000000e+01	5.22898947655897e-01
1.01800000000000e+01	3.71509952016848e-01
1.01900000000000e+01	2.68954812955112e-01
1.02000000000000e+01	1.98004187555404e-01
1.02100000000000e+01	1.47983136451295e-01
1.02200000000000e+01	1.12114040100949e-01
1.02300000000000e+01	8.59942074374094e-02
1.02400000000000e+01	6.67068622279110e-02
1.02500000000000e+01	5.22820738091616e-02
1.02600000000000e+01	4.13665635108413e-02
1.02700000000000e+01	3.30177626673651e-02
1.02800000000000e+01	2.65684019825289e-02
1.02900000000000e+01	2.15403922669893e-02
1.03000000000000e+01	1.75868637351682e-02
1.03100000000000e+01	1.44533588313523e-02
1.03200000000000e+01	1.19512987245517e-02
1.03300000000000e+01	9.93945698607215e-03
1.03400000000000e+01	8.31112923396815e-03
1.03500000000000e+01	6.98516067430375e-03
1.03600000000000e+01	5.89897431866586e-03
1.03700000000000e+01	5.00437342474250e-03
1.03800000000000e+01	4.26367943030808e-03
1.03900000000000e+01	3.64738931187055e-03
1.04000000000000e+01	3.13221408886271e-03
1.04100000000000e+01	2.69960582130192e-03
1.04200000000000e+01	2.33484712783292e-03
1.04300000000000e+01	2.02600866717424e-03
1.04400000000000e+01	1.76355358777225e-03
1.04500000000000e+01	1.53970267002380e-03
1.04600000000000e+01	1.34811391497574e-03
1.04700000000000e+01	1.18359985116859e-03
1.04800000000000e+01	1.04188275829617e-03
1.04900000000000e+01	9.19459545274999e-04
1.05000000000000e+01	8.13380491049032e-04
1.05100000000000e+01	7.21221791506712e-04
1.05200000000000e+01	6.40945030591381e-04
1.05300000000000e+01	5.70834287470311e-04
1.05400000000000e+01	5.09458361378598e-04
1.05500000000000e+01	4.55596454378360e-04
1.05600000000000e+01	4.08226923809809e-04
1.05700000000000e+01	3.66466103798380e-04
1.05800000000000e+01	3.29574724871100e-04
1.05900000000000e+01	2.96918854820443e-04
1.06000000000000e+01	2.67947805472359e-04
1.06100000000000e+01	2.42201211930035e-04
1.06200000000000e+01	2.19275148124707e-04
1.06300000000000e+01	1.98820872273023e-04
1.06400000000000e+01	1.80542281870513e-04
1.06500000000000e+01	1.64176678252213e-04
1.06600000000000e+01	1.49500787263418e-04
1.06700000000000e+01	1.36317400477640e-04
1.06800000000000e+01	1.24457681220188e-04
1.06900000000000e+01	1.13771031424763e-04
1.07000000000000e+01	1.04127897469606e-04
1.07100000000000e+01	9.54128857816345e-05
1.07200000000000e+01	8.75267471315367e-05
1.07300000000000e+01	8.03802959476464e-05
1.07400000000000e+01	7.38971542337577e-05
1.07500000000000e+01	6.80070281622709e-05
1.07600000000000e+01	6.26509927357848e-05
1.07700000000000e+01	5.77741837846461e-05
1.07800000000000e+01	5.33292210623267e-05
1.07900000000000e+01	4.92740591327791e-05
1.08000000000000e+01	4.55702059806360e-05
1.08100000000000e+01	4.21838820870791e-05
1.08200000000000e+01	3.90850037868257e-05
1.08300000000000e+01	3.62460391838957e-05
1.08400000000000e+01	3.36427742511992e-05
1.08500000000000e+01	3.12531560690194e-05
1.08600000000000e+01	2.90576224284631e-05
1.08700000000000e+01	2.70382068957440e-05
1.08800000000000e+01	2.51790579229512e-05
1.08900000000000e+01	2.34657077057450e-05
1.09000000000000e+01	2.18852862151544e-05
1.09100000000000e+01	2.04259293305743e-05
1.09200000000000e+01	1.90772372942112e-05
1.09300000000000e+01	1.78295745441331e-05
1.09400000000000e+01	1.66741289960316e-05
1.09500000000000e+01	1.56036100571174e-05
1.09600000000000e+01	1.46103426922807e-05
1.09700000000000e+01	1.36885166851932e-05
1.09800000000000e+01	1.28318988755399e-05
1.09900000000000e+01	1.20354680360078e-05
1.10000000000000e+01	1.12944875003431e-05
1.10100000000000e+01	1.06045410438507e-05
1.10200000000000e+01	9.96184933831202e-06
1.10300000000000e+01	9.36282570562548e-06
1.10400000000000e+01	8.80429496237198e-06
1.10500000000000e+01	8.28333738265420e-06
1.10600000000000e+01	7.79736567548119e-06
1.10700000000000e+01	7.34371089200234e-06
1.10800000000000e+01	6.92015904376084e-06
1.10900000000000e+01	6.52474005249115e-06
1.11000000000000e+01	6.15532720935124e-06
1.11100000000000e+01	5.81013114181415e-06
1.11200000000000e+01	5.48743220644656e-06
1.11300000000000e+01	5.18555756289585e-06
1.11400000000000e+01	4.90312513389564e-06
1.11500000000000e+01	4.63861767225159e-06
1.11600000000000e+01	4.39072748724476e-06
1.11700000000000e+01	4.15832243950131e-06
1.11800000000000e+01	3.94023952948778e-06
1.11900000000000e+01	3.73541815399159e-06
1.12000000000000e+01	3.54291976298897e-06
1.12100000000000e+01	3.36190465188125e-06
1.12200000000000e+01	3.19153005517615e-06
1.12300000000000e+01	3.03105076372000e-06
1.12400000000000e+01	2.87980557147342e-06
1.12500000000000e+01	2.73721988073565e-06
1.12600000000000e+01	2.60266235840489e-06
1.12700000000000e+01	2.47562883603759e-06
1.12800000000000e+01	2.35566987691371e-06
1.12900000000000e+01	2.24231591387250e-06
1.13000000000000e+01	2.13515679141361e-06
1.13100000000000e+01	2.03381600610101e-06
1.13200000000000e+01	1.93791277641743e-06
1.13300000000000e+01	1.84715918992815e-06
1.13400000000000e+01	1.76119623285331e-06
1.13500000000000e+01	1.67976215527891e-06
1.13600000000000e+01	1.60259790805342e-06
1.13700000000000e+01	1.52940117828897e-06
1.13800000000000e+01	1.45999181934015e-06
1.13900000000000e+01	1.39412263024418e-06
1.14000000000000e+01	1.33158942471657e-06
1.14100000000000e+01	1.27220635870809e-06
1.14200000000000e+01	1.21579073552334e-06
1.14300000000000e+01	1.16218380413034e-06
1.14400000000000e+01	1.11123343603400e-06
1.14500000000000e+01	1.06278998803632e-06
1.14600000000000e+01	1.01671112293552e-06
1.14700000000000e+01	9.72875551459421e-07
1.14800000000000e+01	9.31162064696975e-07
1.14900000000000e+01	8.91449142846304e-07
1.15000000000000e+01	8.53635204906842e-07
1.15100000000000e+01	8.17608658005321e-07
1.15200000000000e+01	7.83284345682220e-07
1.15300000000000e+01	7.50578470782598e-07
1.15400000000000e+01	7.19385194904101e-07
1.15500000000000e+01	6.89661161840748e-07
1.15600000000000e+01	6.61308907471028e-07
1.15700000000000e+01	6.34275799136743e-07
1.15800000000000e+01	6.08501365320157e-07
1.15900000000000e+01	5.83926344613740e-07
1.16000000000000e+01	5.60491555414305e-07
1.16100000000000e+01	5.38151791023243e-07
1.16200000000000e+01	5.16853590654575e-07
1.16300000000000e+01	4.96542116676057e-07
1.16400000000000e+01	4.77176492926261e-07
1.16500000000000e+01	4.58699172611339e-07
1.16600000000000e+01	4.41069447420398e-07
1.16700000000000e+01	4.24237149406446e-07
1.16800000000000e+01	4.08157319803380e-07
1.16900000000000e+01	3.92783509448514e-07
1.17000000000000e+01	3.78074040272773e-07
1.17100000000000e+01	3.63990271075387e-07
1.17200000000000e+01	3.50497779625945e-07
1.17300000000000e+01	3.37558387122690e-07
1.17400000000000e+01	3.25146023898568e-07
1.17500000000000e+01	3.13227190064887e-07
1.17600000000000e+01	3.01783022413533e-07
1.17700000000000e+01	2.90787206116469e-07
1.17800000000000e+01	2.80226519438912e-07
1.17900000000000e+01	2.70081925015918e-07
1.18000000000000e+01	2.60338307603109e-07
1.18100000000000e+01	2.50980998051572e-07
1.18200000000000e+01	2.41997570962858e-07
1.18300000000000e+01	2.33377819518965e-07
1.18400000000000e+01	2.25106368892720e-07
1.18500000000000e+01	2.17171012985020e-07
1.18600000000000e+01	2.09558814876637e-07
1.18700000000000e+01	2.02259934501377e-07
1.18800000000000e+01	1.95257077213492e-07
1.18900000000000e+01	1.88537151562879e-07
1.19000000000000e+01	1.82091933145594e-07
1.19100000000000e+01	1.75903055796545e-07
1.19200000000000e+01	1.69961571355292e-07
1.19300000000000e+01	1.64252805397105e-07
1.19400000000000e+01	1.58766739043180e-07
1.19500000000000e+01	1.53491726332279e-07
1.19600000000000e+01	1.48418733297147e-07
1.19700000000000e+01	1.43534954617927e-07
1.19800000000000e+01	1.38833128103472e-07
1.19900000000000e+01	1.34302015640903e-07
1.20000000000000e+01	1.29935322434290e-07
1.20100000000000e+01	1.25726762189406e-07
1.20200000000000e+01	1.21666754211573e-07
1.20300000000000e+01	1.17750186375551e-07
1.20400000000000e+01	1.13972944954250e-07
1.20500000000000e+01	1.10327899500293e-07
1.20600000000000e+01	1.06811030849292e-07
1.20700000000000e+01	1.03418867148076e-07
1.20800000000000e+01	1.00147414513559e-07
1.20900000000000e+01	9.69938283291278e-08
1.21000000000000e+01	9.39530344734744e-08
1.21100000000000e+01	9.10228938436510e-08
1.21200000000000e+01	8.82004696105030e-08
1.21300000000000e+01	8.54808778045060e-08
1.21400000000000e+01	8.28608411247292e-08
1.21500000000000e+01	8.03382863432579e-08
1.21600000000000e+01	7.79073274126449e-08
1.21700000000000e+01	7.55651356386271e-08
1.21800000000000e+01	7.33070614144473e-08
1.21900000000000e+01	7.11307517004015e-08
1.22000000000000e+01	6.90300720497992e-08
1.22100000000000e+01	6.70024350915817e-08
1.22200000000000e+01	6.50444902852001e-08
1.22300000000000e+01	6.31515462481651e-08
1.22400000000000e+01	6.13213602207168e-08
1.22500000000000e+01	5.95497410969531e-08
1.22600000000000e+01	5.78353436577343e-08
1.22700000000000e+01	5.61745673624117e-08
1.22800000000000e+01	5.45636659769367e-08
1.22900000000000e+01	5.30025239181151e-08
1.23000000000000e+01	5.14873450975209e-08
1.23100000000000e+01	5.00167385402052e-08
1.23200000000000e+01	4.85885561051050e-08
1.23300000000000e+01	4.72009019790891e-08
1.23400000000000e+01	4.58527258490443e-08
1.23500000000000e+01	4.45426650374341e-08
1.23600000000000e+01	4.32689678915708e-08
1.23700000000000e+01	4.20317289764193e-08
1.23800000000000e+01	4.08292732983755e-08
1.23900000000000e+01	3.96617494034661e-08
1.24000000000000e+01	3.85276463455020e-08
1.24100000000000e+01	3.74273235508951e-08
1.24200000000000e+01	3.63595317564892e-08
1.24300000000000e+01	3.53238779475477e-08
1.24400000000000e+01	3.43202297009090e-08
1.24500000000000e+01	3.33472014052651e-08
1.24600000000000e+01	3.24043499352892e-08
1.24700000000000e+01	3.14908497929866e-08
1.24800000000000e+01	3.06059667262446e-08
1.24900000000000e+01	2.97484399823776e-08
1.25000000000000e+01	2.89177246093743e-08
1.25100000000000e+01	2.81132681788563e-08
1.25200000000000e+01	2.73338694186720e-08
1.25300000000000e+01	2.65785879321423e-08
1.25400000000000e+01	2.58476128067153e-08
1.25500000000000e+01	2.51393434568579e-08
1.25600000000000e+01	2.44533558629626e-08
1.25700000000000e+01	2.37889059589583e-08
1.25800000000000e+01	2.31458677317149e-08
1.25900000000000e+01	2.25229048018641e-08
1.26000000000000e+01	2.19195486941240e-08
1.26100000000000e+01	2.13350411515057e-08
1.26200000000000e+01	2.07688932588635e-08
1.26300000000000e+01	2.02202302533120e-08
1.26400000000000e+01	1.96882737803979e-08
1.26500000000000e+01	1.91726091119027e-08
1.26600000000000e+01	1.86726853949463e-08
1.26700000000000e+01	1.81874316684301e-08
1.26800000000000e+01	1.77169601811484e-08
1.26900000000000e+01	1.72603759333243e-08
1.27000000000000e+01	1.68174514633496e-08
1.27100000000000e+01	1.63880548129515e-08
1.27200000000000e+01	1.59713927852832e-08
1.27300000000000e+01	1.55671882800878e-08
1.27400000000000e+01	1.51751411720032e-08
1.27500000000000e+01	1.47951471207234e-08
1.27600000000000e+01	1.44267385144648e-08
1.27700000000000e+01	1.40693228958632e-08
1.27800000000000e+01	1.37227959002497e-08
1.27900000000000e+01	1.33867914067171e-08
1.28000000000000e+01	1.30607321391076e-08
1.28100000000000e+01	1.27443036827934e-08
1.28200000000000e+01	1.24371456929534e-08
1.28300000000000e+01	1.21389824515676e-08
1.28400000000000e+01	1.18493655225501e-08
1.28500000000000e+01	1.15682655178486e-08
1.28600000000000e+01	1.12949460725978e-08
1.28700000000000e+01	1.10294706510169e-08
1.28800000000000e+01	1.07714090525114e-08
1.28900000000000e+01	1.05204897836662e-08
1.29000000000000e+01	1.02766378438388e-08
1.29100000000000e+01	1.00394694631098e-08
1.29200000000000e+01	9.80881648272496e-09
1.29300000000000e+01	9.58455004574728e-09
1.29400000000000e+01	9.36629718411865e-09
1.29500000000000e+01	9.15403955757317e-09
1.29600000000000e+01	8.94724563592567e-09
1.29700000000000e+01	8.74609399160860e-09
1.29800000000000e+01	8.55017650937988e-09
1.29900000000000e+01	8.35950849818588e-09
1.30000000000000e+01	8.17377007052573e-09
1.30100000000000e+01	7.99286885905326e-09
1.30200000000000e+01	7.81669558269654e-09
1.30300000000000e+01	7.64516421440653e-09
1.30400000000000e+01	7.47806917439109e-09
1.30500000000000e+01	7.31533248697629e-09
1.30600000000000e+01	7.15666798195370e-09
1.30700000000000e+01	7.00202283254095e-09
1.30800000000000e+01	6.85121283550073e-09
1.30900000000000e+01	6.70412337986709e-09
1.31000000000000e+01	6.56051660609270e-09
1.31100000000000e+01	6.42028278470108e-09
1.31200000000000e+01	6.28317803725338e-09
1.31300000000000e+01	6.14919075563360e-09
1.31400000000000e+01	6.01806651257301e-09
1.31500000000000e+01	5.88983228048876e-09
1.31600000000000e+01	5.76449657475288e-09
1.31700000000000e+01	5.64175020023375e-09
1.31800000000000e+01	5.52175281135224e-09
1.31900000000000e+01	5.40442147362081e-09
1.32000000000000e+01	5.28970796063036e-09
1.32100000000000e+01	5.17760280045619e-09
1.32200000000000e+01	5.06809115480877e-09
1.32300000000000e+01	4.96104298181096e-09
1.32400000000000e+01	4.85649975212711e-09
1.32500000000000e+01	4.75434359237834e-09
1.32600000000000e+01	4.65441328844496e-09
1.32700000000000e+01	4.55685317542637e-09
1.32800000000000e+01	4.46134716960703e-09
1.32900000000000e+01	4.36802041911738e-09
1.33000000000000e+01	4.27676599135754e-09
1.33100000000000e+01	4.18744816518345e-09
1.33200000000000e+01	4.10007328984755e-09
1.33300000000000e+01	4.01466303699205e-09
1.33400000000000e+01	3.93115534478577e-09
1.33500000000000e+01	3.84956039141769e-09
1.33600000000000e+01	3.76983089859979e-09
1.33700000000000e+01	3.69191263969693e-09
1.33800000000000e+01	3.61587662721387e-09
1.33900000000000e+01	3.54166915323542e-09
1.34000000000000e+01	3.46919320594017e-09
1.34100000000000e+01	3.39851722079720e-09
1.34200000000000e+01	3.32949458478038e-09
1.34300000000000e+01	3.26216472539117e-09
1.34400000000000e+01	3.19642717866913e-09
1.34500000000000e+01	3.13227419517483e-09
1.34600000000000e+01	3.06962933375815e-09
1.34700000000000e+01	3.00840852634476e-09
1.34800000000000e+01	2.94864062712402e-09
1.34900000000000e+01	2.89018446759979e-09
1.35000000000000e+01	2.83311498993133e-09
1.35100000000000e+01	2.77725667930322e-09
1.35200000000000e+01	2.72261286976456e-09
1.35300000000000e+01	2.66919195641071e-09
1.35400000000000e+01	2.61686179708669e-09
1.35500000000000e+01	2.56564158125763e-09
1.35600000000000e+01	2.51547102795376e-09
1.35700000000000e+01	2.46630521693513e-09
1.35800000000000e+01	2.41815216132694e-09
1.35900000000000e+01	2.37088606147689e-09
1.36000000000000e+01	2.32457049012337e-09
1.36100000000000e+01	2.27911236457027e-09
1.36200000000000e+01	2.23456187756751e-09
1.36300000000000e+01	2.19079113589083e-09
1.36400000000000e+01	2.14790206848744e-09
1.36500000000000e+01	2.10582382579534e-09
1.36600000000000e+01	2.06455390472190e-09
1.36700000000000e+01	2.02407343083200e-09
1.36800000000000e+01	1.98442014667451e-09
1.36900000000000e+01	1.94555588117515e-09
1.37000000000000e+01	1.90751770281259e-09
1.37100000000000e+01	1.87027890682942e-09
1.37200000000000e+01	1.83382275960860e-09
1.37300000000000e+01	1.79821443859013e-09
1.37400000000000e+01	1.76341375833161e-09
1.37500000000000e+01	1.72942954391117e-09
1.37600000000000e+01	1.69625981140847e-09
1.37700000000000e+01	1.66389574191469e-09
1.37800000000000e+01	1.63230881147855e-09
1.37900000000000e+01	1.60149308361638e-09
1.38000000000000e+01	1.57143569966185e-09
1.38100000000000e+01	1.54209814484005e-09
1.38200000000000e+01	1.51347276770397e-09
1.38300000000000e+01	1.48549936717819e-09
1.38400000000000e+01	1.45818096234266e-09
1.38500000000000e+01	1.43147511999472e-09
1.38600000000000e+01	1.40535669439739e-09
1.38700000000000e+01	1.37980807067136e-09
1.38800000000000e+01	1.35481033461297e-09
1.38900000000000e+01	1.33030798849143e-09
1.39000000000000e+01	1.30632671236782e-09
1.39100000000000e+01	1.28283117995604e-09
1.39200000000000e+01	1.25978403437166e-09
1.39300000000000e+01	1.23719454653089e-09
1.39400000000000e+01	1.21505336303276e-09
1.39500000000000e+01	1.19333298376868e-09
1.39600000000000e+01	1.17201863432187e-09
1.39700000000000e+01	1.15109900086036e-09
1.39800000000000e+01	1.13058324285445e-09
1.39900000000000e+01	1.11045186443868e-09
1.40000000000000e+01	1.09069563530728e-09
1.40100000000000e+01	1.07131079347825e-09
1.40200000000000e+01	1.05227792884034e-09
1.40300000000000e+01	1.03361566351490e-09
1.40400000000000e+01	1.01531531929090e-09
1.40500000000000e+01	9.97372775900389e-10
1.40600000000000e+01	9.79776742874450e-10
1.40700000000000e+01	9.62544846744399e-10
1.40800000000000e+01	9.45667848223062e-10
1.40900000000000e+01	9.29124119639048e-10
1.41000000000000e+01	9.12913346675251e-10
1.41100000000000e+01	8.97054273133622e-10
1.41200000000000e+01	8.81496403151558e-10
1.41300000000000e+01	8.66271706804830e-10
1.41400000000000e+01	8.51344281795102e-10
1.41500000000000e+01	8.36688005813547e-10
1.41600000000000e+01	8.22318935884671e-10
1.41700000000000e+01	8.08199375989748e-10
1.41800000000000e+01	7.94337135376640e-10
1.41900000000000e+01	7.80719814844611e-10
1.42000000000000e+01	7.67323327331527e-10
1.42100000000000e+01	7.54146017142014e-10
1.42200000000000e+01	7.41205032346076e-10
1.42300000000000e+01	7.28481252117589e-10
1.42400000000000e+01	7.15971434577287e-10
1.42500000000000e+01	7.03689721996509e-10
1.42600000000000e+01	6.91615820793449e-10
1.42700000000000e+01	6.79772232786416e-10
1.42800000000000e+01	6.68152439789579e-10
1.42900000000000e+01	6.56753038214750e-10
1.43000000000000e+01	6.45574638487019e-10
1.43100000000000e+01	6.34622061241315e-10
1.43200000000000e+01	6.23871658005614e-10
1.43300000000000e+01	6.13343235910577e-10
1.43400000000000e+01	6.03014263745481e-10
1.43500000000000e+01	5.92896080741945e-10
1.43600000000000e+01	5.82968255994550e-10
1.43700000000000e+01	5.73228491094682e-10
1.43800000000000e+01	5.63677606970374e-10
1.43900000000000e+01	5.54313662454402e-10
1.44000000000000e+01	5.45130453362118e-10
1.44100000000000e+01	5.36120391406442e-10
1.44200000000000e+01	5.27284150933193e-10
1.44300000000000e+01	5.18619212965802e-10
1.44400000000000e+01	5.10126701822397e-10
1.44500000000000e+01	5.01798028903685e-10
1.44600000000000e+01	4.93632995641803e-10
1.44700000000000e+01	4.85630525048920e-10
1.44800000000000e+01	4.77777828739275e-10
1.44900000000000e+01	4.70085424009121e-10
1.45000000000000e+01	4.62536544847038e-10
1.45100000000000e+01	4.55132805512280e-10
1.45200000000000e+01	4.47879285142276e-10
1.45300000000000e+01	4.40752262570753e-10
1.45400000000000e+01	4.33767391861131e-10
1.45500000000000e+01	4.26911257790833e-10
1.45600000000000e+01	4.20179328195621e-10
1.45700000000000e+01	4.13569489362309e-10
1.45800000000000e+01	4.07075605150504e-10
1.45900000000000e+01	4.00709577741072e-10
1.46000000000000e+01	3.94448432610126e-10
1.46100000000000e+01	3.88290193593460e-10
1.46200000000000e+01	3.82248657725778e-10
1.46300000000000e+01	3.76301950202168e-10
1.46400000000000e+01	3.70463577414881e-10
1.46500000000000e+01	3.64725662591895e-10
1.46600000000000e+01	3.59083682039499e-10
1.46700000000000e+01	3.53539096217499e-10
1.46800000000000e+01	3.48090060876537e-10
1.46900000000000e+01	3.42740075645314e-10
1.47000000000000e+01	3.37487607386875e-10
1.47100000000000e+01	3.32325324625896e-10
1.47200000000000e+01	3.27251214917916e-10
1.47300000000000e+01	3.22272245175152e-10
1.47400000000000e+01	3.17381556759717e-10
1.47500000000000e+01	3.12581936345713e-10
1.47600000000000e+01	3.07866153543986e-10
1.47700000000000e+01	3.03237202568119e-10
1.47800000000000e+01	2.98684277165173e-10
1.47900000000000e+01	2.94210074237369e-10
1.48000000000000e+01	2.89813223254036e-10
1.48100000000000e+01	2.85484224839890e-10
1.48200000000000e+01	2.81233761623121e-10
1.48300000000000e+01	2.77045022879790e-10
1.48400000000000e+01	2.72924861387580e-10
1.48500000000000e+01	2.68868248982069e-10
1.48600000000000e+01	2.64875113559504e-10
1.48700000000000e+01	2.60936229737208e-10
1.48800000000000e+01	2.57063172121160e-10
1.48900000000000e+01	2.53244102529545e-10
1.49000000000000e+01	2.49484722322565e-10
1.49100000000000e+01	2.45777601593457e-10
1.49200000000000e+01	2.42133711779407e-10
1.49300000000000e+01	2.38540070748503e-10
1.49400000000000e+01	2.35003925240915e-10
1.49500000000000e+01	2.31520729289682e-10
1.49600000000000e+01	2.28096400990079e-10
1.49700000000000e+01	2.24726029523133e-10
1.49800000000000e+01	2.21412438488995e-10
1.49900000000000e+01	2.18153733101600e-10
1.50000000000000e+01	2.14946284708247e-10
1.50100000000000e+01	2.11797943527574e-10
1.50200000000000e+01	2.08698122550422e-10
1.50300000000000e+01	2.05655208202503e-10
1.50400000000000e+01	2.02663948759209e-10
1.50500000000000e+01	1.99720792686697e-10
1.50600000000000e+01	1.96830310523836e-10
1.50700000000000e+01	1.93985865994096e-10
1.50800000000000e+01	1.91189177884108e-10
1.50900000000000e+01	1.88438937315981e-10
1.51000000000000e+01	1.85729211558118e-10
1.51100000000000e+01	1.83064595008428e-10
1.51200000000000e+01	1.80441447924724e-10
1.51300000000000e+01	1.77857173422721e-10
1.51400000000000e+01	1.75312997246651e-10
1.51500000000000e+01	1.72803936538690e-10
1.51600000000000e+01	1.70332212134814e-10
1.51700000000000e+01	1.67896670114510e-10
1.51800000000000e+01	1.65499913327574e-10
1.51900000000000e+01	1.63136249548651e-10
1.52000000000000e+01	1.60807372790104e-10
1.52100000000000e+01	1.58515417103359e-10
1.52200000000000e+01	1.56259008598779e-10
1.52300000000000e+01	1.54035337446472e-10
1.52400000000000e+01	1.51846325064456e-10
1.52500000000000e+01	1.49692808267152e-10
1.52600000000000e+01	1.47567173073649e-10
1.52700000000000e+01	1.45473673635336e-10
1.52800000000000e+01	1.43411187037197e-10
1.52900000000000e+01	1.41370806888200e-10
1.53000000000000e+01	1.39358896075480e-10
1.53100000000000e+01	1.37364481735459e-10
1.53200000000000e+01	1.35392161852073e-10
1.53300000000000e+01	1.33437663776252e-10
1.53400000000000e+01	1.31498343182165e-10
1.53500000000000e+01	1.29572509772822e-10
1.53600000000000e+01	1.27660541592421e-10
1.53700000000000e+01	1.25760428439509e-10
1.53800000000000e+01	1.23870889051610e-10
1.53900000000000e+01	1.21995210516966e-10
1.54000000000000e+01	1.20128552832576e-10
1.54100000000000e+01	1.18279708441425e-10
1.54200000000000e+01	1.16442129812701e-10
1.54300000000000e+01	1.14624006642471e-10
1.54400000000000e+01	1.12824169924479e-10
1.54500000000000e+01	1.11048275014757e-10
1.54600000000000e+01	1.09296207361256e-10
1.54700000000000e+01	1.07574118194951e-10
1.54800000000000e+01	1.05883551208780e-10
1.54900000000000e+01	1.04227985840342e-10
1.55000000000000e+01	1.02611005150647e-10
1.55100000000000e+01	1.01033211427101e-10
1.55200000000000e+01	9.95010772784947e-11
1.55300000000000e+01	9.80114586473977e-11
1.55400000000000e+01	9.65657399120473e-11
1.55500000000000e+01	9.51652357235652e-11
1.55600000000000e+01	9.38080803738143e-11
1.55700000000000e+01	9.24899601040919e-11
1.55800000000000e+01	9.12151308772600e-11
1.55900000000000e+01	8.99742673386647e-11
1.56000000000000e+01	8.87666114774075e-11
1.56100000000000e+01	8.75903268402860e-11
1.56200000000000e+01	8.64411010592430e-11
1.56300000000000e+01	8.53164395288663e-11
1.56400000000000e+01	8.42122967817640e-11
1.56500000000000e+01	8.31272991074489e-11
1.56600000000000e+01	8.20573852724229e-11
1.56700000000000e+01	8.10013884239025e-11
1.56800000000000e+01	7.99584345762422e-11
1.56900000000000e+01	7.89261074206903e-11
1.57000000000000e+01	7.79024275054269e-11
1.57100000000000e+01	7.68865853587852e-11
1.57200000000000e+01	7.58802776632386e-11
1.57300000000000e+01	7.48827890346340e-11
1.57400000000000e+01	7.38907096868949e-11
1.57500000000000e+01	7.29081036798080e-11
1.57600000000000e+01	7.19330133206372e-11
1.57700000000000e+01	7.09671694037622e-11
1.57800000000000e+01	7.00103980489086e-11
1.57900000000000e+01	6.90649519077964e-11
1.58000000000000e+01	6.81312006392188e-11
1.58100000000000e+01	6.72098088304569e-11
1.58200000000000e+01	6.63016684007932e-11
1.58300000000000e+01	6.54084732331044e-11
1.58400000000000e+01	6.45320937679464e-11
1.58500000000000e+01	6.36716661367943e-11
1.58600000000000e+01	6.28298922491817e-11
1.58700000000000e+01	6.20047931637135e-11
1.58800000000000e+01	6.11967688970449e-11
1.58900000000000e+01	6.04068770246851e-11
1.59000000000000e+01	5.96347514650539e-11
1.59100000000000e+01	5.88793534080058e-11
1.59200000000000e+01	5.81393467460027e-11
1.59300000000000e+01	5.74152310828955e-11
1.59400000000000e+01	5.67054469728341e-11
1.59500000000000e+01	5.60079487313241e-11
1.59600000000000e+01	5.53226877913545e-11
1.59700000000000e+01	5.46491227208626e-11
1.59800000000000e+01	5.39854524038064e-11
1.59900000000000e+01	5.33310606182899e-11
1.60000000000000e+01	5.26863337019793e-11
1.60100000000000e+01	5.20489218527349e-11
1.60200000000000e+01	5.14196353871624e-11
1.60300000000000e+01	5.07985439578998e-11
1.60400000000000e+01	5.01847507659480e-11
1.60500000000000e+01	4.95780833822362e-11
1.60600000000000e+01	4.89796233798197e-11
1.60700000000000e+01	4.83875673976076e-11
1.60800000000000e+01	4.78019016390677e-11
1.60900000000000e+01	4.72242657951922e-11
1.61000000000000e+01	4.66536073686831e-11
1.61100000000000e+01	4.60891532722103e-11
1.61200000000000e+01	4.55317056106236e-11
1.61300000000000e+01	4.49812349442166e-11
1.61400000000000e+01	4.44381966784744e-11
1.61500000000000e+01	4.39026875088139e-11
1.61600000000000e+01	4.33723869867297e-11
1.61700000000000e+01	4.28500902742310e-11
1.61800000000000e+01	4.23343240294891e-11
1.61900000000000e+01	4.18270321259990e-11
1.62000000000000e+01	4.13260896039050e-11
1.62100000000000e+01	4.08332064217648e-11
1.62200000000000e+01	4.03470467215325e-11
1.62300000000000e+01	3.98694012157015e-11
1.62400000000000e+01	3.93993860627030e-11
1.62500000000000e+01	3.89372887254753e-11
1.62600000000000e+01	3.84823431075408e-11
1.62700000000000e+01	3.80356424986231e-11
1.62800000000000e+01	3.75962869554221e-11
1.62900000000000e+01	3.71639865644827e-11
1.63000000000000e+01	3.67392690536565e-11
1.63100000000000e+01	3.63200788922385e-11
1.63200000000000e+01	3.59074196954746e-11
1.63300000000000e+01	3.55001209747206e-11
1.63400000000000e+01	3.50967020488330e-11
1.63500000000000e+01	3.46984709828469e-11
1.63600000000000e+01	3.43042962396696e-11
1.63700000000000e+01	3.39122548067333e-11
1.63800000000000e+01	3.35237592439104e-11
1.63900000000000e+01	3.31366068246779e-11
1.64000000000000e+01	3.27520715053304e-11
1.64100000000000e+01	3.23680019552797e-11
1.64200000000000e+01	3.19858043667819e-11
1.64300000000000e+01	3.16048687890873e-11
1.64400000000000e+01	3.12251063676508e-11
1.64500000000000e+01	3.08463497196663e-11
1.64600000000000e+01	3.04692813892165e-11
1.64700000000000e+01	3.00945739838381e-11
1.64800000000000e+01	2.97218399985127e-11
1.64900000000000e+01	2.93526842765196e-11
1.65000000000000e+01	2.89874671214393e-11
1.65100000000000e+01	2.86259310209983e-11
1.65200000000000e+01	2.82692192194977e-11
1.65300000000000e+01	2.79177983363261e-11
1.65400000000000e+01	2.75718772608823e-11
1.65500000000000e+01	2.72318466644364e-11
1.65600000000000e+01	2.68979804090360e-11
1.65700000000000e+01	2.65699635348961e-11
1.65800000000000e+01	2.62481539868302e-11
1.65900000000000e+01	2.59327563147935e-11
1.66000000000000e+01	2.56238909518875e-11
1.66100000000000e+01	2.53206479006154e-11
1.66200000000000e+01	2.50235950430069e-11
1.66300000000000e+01	2.47321892209781e-11
1.66400000000000e+01	2.44466235073778e-11
1.66500000000000e+01	2.41663993345306e-11
1.66600000000000e+01	2.38916966309401e-11
1.66700000000000e+01	2.36220414428720e-11
1.66800000000000e+01	2.33576743030701e-11
1.66900000000000e+01	2.30976897920638e-11
1.67000000000000e+01	2.28423129881340e-11
1.67100000000000e+01	2.25911448396281e-11
1.67200000000000e+01	2.23444161219617e-11
1.67300000000000e+01	2.21012676705503e-11
1.67400000000000e+01	2.18616772801741e-11
1.67500000000000e+01	2.16255506961355e-11
1.67600000000000e+01	2.13924419592840e-11
1.67700000000000e+01	2.11620239333886e-11
1.67800000000000e+01	2.09342274740382e-11
1.67900000000000e+01	2.07090772914680e-11
1.68000000000000e+01	2.04859002903166e-11
1.68100000000000e+01	2.02646452929640e-11
1.68200000000000e+01	2.00456779407407e-11
1.68300000000000e+01	1.98283756611011e-11
1.68400000000000e+01	1.96127789509715e-11
1.68500000000000e+01	1.93992037782638e-11
1.68600000000000e+01	1.91873565107464e-11
1.68700000000000e+01	1.89772269931306e-11
1.68800000000000e+01	1.87691785301070e-11
1.68900000000000e+01	1.85628752960598e-11
1.69000000000000e+01	1.83588934521739e-11
1.69100000000000e+01	1.81566669193996e-11
1.69200000000000e+01	1.79564924172201e-11
1.69300000000000e+01	1.77582837071480e-11
1.69400000000000e+01	1.75623832461100e-11
1.69500000000000e+01	1.73682076584520e-11
1.69600000000000e+01	1.71763309591388e-11
1.69700000000000e+01	1.69864135075260e-11
1.69800000000000e+01	1.67987910935139e-11
1.69900000000000e+01	1.66134462922414e-11
1.70000000000000e+01	1.64303281646202e-11
1.70100000000000e+01	1.62499437249751e-11
1.70200000000000e+01	1.60723253529770e-11
1.70300000000000e+01	1.58973538997726e-11
1.70400000000000e+01	1.57252297147179e-11
1.70500000000000e+01	1.55561723706564e-11
1.70600000000000e+01	1.53900650502381e-11
1.70700000000000e+01	1.52271130502522e-11
1.70800000000000e+01	1.50669687417930e-11
1.70900000000000e+01	1.49097526876251e-11
1.71000000000000e+01	1.47554382498349e-11
1.71100000000000e+01	1.46039050570254e-11
1.71200000000000e+01	1.44546313692656e-11
1.71300000000000e+01	1.43077589917886e-11
1.71400000000000e+01	1.41632900797881e-11
1.71500000000000e+01	1.40209104527430e-11
1.71600000000000e+01	1.38803725289624e-11
1.71700000000000e+01	1.37418494850135e-11
1.71800000000000e+01	1.36048795349641e-11
1.71900000000000e+01	1.34699092854797e-11
1.72000000000000e+01	1.33364251412938e-11
1.72100000000000e+01	1.32046831383026e-11
1.72200000000000e+01	1.30746534620357e-11
1.72300000000000e+01	1.29458469918807e-11
1.72400000000000e+01	1.28189148645328e-11
1.72500000000000e+01	1.26931883234020e-11
1.72600000000000e+01	1.25690664943537e-11
1.72700000000000e+01	1.24463388278416e-11
1.72800000000000e+01	1.23249800894556e-11
1.72900000000000e+01	1.22049796994548e-11
1.73000000000000e+01	1.20862862418063e-11
1.73100000000000e+01	1.19689008530773e-11
1.73200000000000e+01	1.18528251945444e-11
1.73300000000000e+01	1.17378010942829e-11
1.73400000000000e+01	1.16238681973372e-11
1.73500000000000e+01	1.15112045466075e-11
1.73600000000000e+01	1.13995966541576e-11
1.73700000000000e+01	1.12889963164407e-11
1.73800000000000e+01	1.11794478430819e-11
1.73900000000000e+01	1.10709340426159e-11
1.74000000000000e+01	1.09636314399102e-11
1.74100000000000e+01	1.08571478810610e-11
1.74200000000000e+01	1.07516854366037e-11
1.74300000000000e+01	1.06472015056136e-11
1.74400000000000e+01	1.05438888062090e-11
1.74500000000000e+01	1.04413750679555e-11
1.74600000000000e+01	1.03399998200387e-11
1.74700000000000e+01	1.02395918350836e-11
1.74800000000000e+01	1.01400925886524e-11
1.74900000000000e+01	1.00413809371049e-11
1.75000000000000e+01	9.94372686609217e-12
1.75100000000000e+01	9.84700766216122e-12
1.75200000000000e+01	9.75099713586999e-12
1.75300000000000e+01	9.65571859981381e-12
1.75400000000000e+01	9.56112174312639e-12
1.75500000000000e+01	9.46744043078385e-12
1.75600000000000e+01	9.37430267282123e-12
1.75700000000000e+01	9.28188940753383e-12
1.75800000000000e+01	9.19001310510826e-12
1.75900000000000e+01	9.09891060182789e-12
1.76000000000000e+01	9.00837048985026e-12
1.76100000000000e+01	8.91874897614955e-12
1.76200000000000e+01	8.82969218197398e-12
1.76300000000000e+01	8.74157426850036e-12
1.76400000000000e+01	8.65419300027255e-12
1.76500000000000e+01	8.56769746519904e-12
1.76600000000000e+01	8.48226349694330e-12
1.76700000000000e+01	8.39767642487542e-12
1.76800000000000e+01	8.31411770355792e-12
1.76900000000000e+01	8.23168515532080e-12
1.77000000000000e+01	8.15009679375610e-12
1.77100000000000e+01	8.06958067808061e-12
1.77200000000000e+01	7.98998196261782e-12
1.77300000000000e+01	7.91130603388213e-12
1.77400000000000e+01	7.83367232820695e-12
1.77500000000000e+01	7.75676599441597e-12
1.77600000000000e+01	7.68085737347909e-12
1.77700000000000e+01	7.60566088888678e-12
1.77800000000000e+01	7.53128329558471e-12
1.77900000000000e+01	7.45774945053463e-12
1.78000000000000e+01	7.38474110469639e-12
1.78100000000000e+01	7.31255136905990e-12
1.78200000000000e+01	7.24103073637749e-12
1.78300000000000e+01	7.17003315363883e-12
1.78400000000000e+01	7.09969557726050e-12
1.78500000000000e+01	7.03002531895821e-12
1.78600000000000e+01	6.96100770804300e-12
1.78700000000000e+01	6.89250872296837e-12
1.78800000000000e+01	6.82452309741250e-12
1.78900000000000e+01	6.75719528662063e-12
1.79000000000000e+01	6.69049679017996e-12
1.79100000000000e+01	6.62430805388674e-12
1.79200000000000e+01	6.55861068341699e-12
1.79300000000000e+01	6.49355162794081e-12
1.79400000000000e+01	6.42885437962972e-12
1.79500000000000e+01	6.36468979301277e-12
1.79600000000000e+01	6.30088824244575e-12
1.79700000000000e+01	6.23760112771322e-12
1.79800000000000e+01	6.17461558956949e-12
1.79900000000000e+01	6.11217276625998e-12
1.80000000000000e+01	6.05014838420751e-12
1.80100000000000e+01	5.98880529444822e-12
1.80200000000000e+01	5.92791363113568e-12
1.80300000000000e+01	5.86780351136933e-12
1.80400000000000e+01	5.80849658506351e-12
1.80500000000000e+01	5.75006594285906e-12
1.80600000000000e+01	5.69249842951626e-12
1.80700000000000e+01	5.63609098717644e-12
1.80800000000000e+01	5.58071715318760e-12
1.80900000000000e+01	5.52643287400264e-12
1.81000000000000e+01	5.47319776765256e-12
1.81100000000000e+01	5.42109905388963e-12
1.81200000000000e+01	5.37006913878344e-12
1.81300000000000e+01	5.31999679200884e-12
1.81400000000000e+01	5.27073947827972e-12
1.81500000000000e+01	5.22238636576463e-12
1.81600000000000e+01	5.17469524564929e-12
1.81700000000000e+01	5.12777209475031e-12
1.81800000000000e+01	5.08128273891682e-12
1.81900000000000e+01	5.03543929357657e-12
1.82000000000000e+01	4.99003120541259e-12
1.82100000000000e+01	4.94496168047118e-12
1.82200000000000e+01	4.90033126661030e-12
1.82300000000000e+01	4.85602906856890e-12
1.82400000000000e+01	4.81198792121166e-12
1.82500000000000e+01	4.76819781599124e-12
1.82600000000000e+01	4.72467207587159e-12
1.82700000000000e+01	4.68140477693309e-12
1.82800000000000e+01	4.63830768088557e-12
1.82900000000000e+01	4.59542005836153e-12
1.83000000000000e+01	4.55289800908432e-12
1.83100000000000e+01	4.51048798019638e-12
1.83200000000000e+01	4.46844134458615e-12
1.83300000000000e+01	4.42665421068559e-12
1.83400000000000e+01	4.38520096333841e-12
1.83500000000000e+01	4.34411866752138e-12
1.83600000000000e+01	4.30341767052415e-12
1.83700000000000e+01	4.26315128344130e-12
1.83800000000000e+01	4.22338500167927e-12
1.83900000000000e+01	4.18413100060604e-12
1.84000000000000e+01	4.14542722391645e-12
1.84100000000000e+01	4.10734300602851e-12
1.84200000000000e+01	4.06987192877426e-12
1.84300000000000e+01	4.03308728241560e-12
1.84400000000000e+01	3.99696274358832e-12
1.84500000000000e+01	3.96154012878642e-12
1.84600000000000e+01	3.92678247553269e-12
1.84700000000000e+01	3.89270464228053e-12
1.84800000000000e+01	3.85927026066335e-12
1.84900000000000e+01	3.82644577029607e-12
1.85000000000000e+01	3.79420199693983e-12
1.85100000000000e+01	3.76247763813522e-12
1.85200000000000e+01	3.73122762256174e-12
1.85300000000000e+01	3.70041781609855e-12
1.85400000000000e+01	3.66997716469877e-12
1.85500000000000e+01	3.63985901231587e-12
1.85600000000000e+01	3.61002263763939e-12
1.85700000000000e+01	3.58044925785675e-12
1.85800000000000e+01	3.55108885381160e-12
1.85900000000000e+01	3.52191185436087e-12
1.86000000000000e+01	3.49290963215565e-12
1.86100000000000e+01	3.46404981996894e-12
1.86200000000000e+01	3.43535227367674e-12
1.86300000000000e+01	3.40679107367620e-12
1.86400000000000e+01	3.37837891852380e-12
1.86500000000000e+01	3.35011526695538e-12
1.86600000000000e+01	3.32201363057866e-12
1.86700000000000e+01	3.29408431078458e-12
1.86800000000000e+01	3.26633883783912e-12
1.86900000000000e+01	3.23877375781624e-12
1.87000000000000e+01	3.21142382411806e-12
1.87100000000000e+01	3.18427848588544e-12
1.87200000000000e+01	3.15734432312427e-12
1.87300000000000e+01	3.13062613836049e-12
1.87400000000000e+01	3.10412440311305e-12
1.87500000000000e+01	3.07783833008295e-12
1.87600000000000e+01	3.05176311036626e-12
1.87700000000000e+01	3.02589314315903e-12
1.87800000000000e+01	3.00022887486003e-12
1.87900000000000e+01	2.97475000784245e-12
1.88000000000000e+01	2.94946759081521e-12
1.88100000000000e+01	2.92436192414117e-12
1.88200000000000e+01	2.89941694436818e-12
1.88300000000000e+01	2.87463934337113e-12
1.88400000000000e+01	2.85001363723722e-12
1.88500000000000e+01	2.82553190365915e-12
1.88600000000000e+01	2.80117966368944e-12
1.88700000000000e+01	2.77694627047566e-12
1.88800000000000e+01	2.75283730902563e-12
1.88900000000000e+01	2.72883304016713e-12
1.89000000000000e+01	2.70492176734654e-12
1.89100000000000e+01	2.68110448248535e-12
1.89200000000000e+01	2.65738174036521e-12
1.89300000000000e+01	2.63374819914432e-12
1.89400000000000e+01	2.61021923708782e-12
1.89500000000000e+01	2.58680284706063e-12
1.89600000000000e+01	2.56350418928539e-12
1.89700000000000e+01	2.54033022815558e-12
1.89800000000000e+01	2.51731165655062e-12
1.89900000000000e+01	2.49446770293799e-12
1.90000000000000e+01	2.47180842197298e-12
1.90100000000000e+01	2.44935026410769e-12
1.90200000000000e+01	2.42710209487731e-12
1.90300000000000e+01	2.40506985272317e-12
1.90400000000000e+01	2.38325006794448e-12
1.90500000000000e+01	2.36162506933687e-12
1.90600000000000e+01	2.34018498874086e-12
1.90700000000000e+01	2.31890274830505e-12
1.90800000000000e+01	2.29775549077349e-12
1.90900000000000e+01	2.27670564292256e-12
1.91000000000000e+01	2.25573865135191e-12
1.91100000000000e+01	2.23485647071035e-12
1.91200000000000e+01	2.21405039753994e-12
1.91300000000000e+01	2.19335559108429e-12
1.91400000000000e+01	2.17279768633518e-12
1.91500000000000e+01	2.15242506337216e-12
1.91600000000000e+01	2.13231431533027e-12
1.91700000000000e+01	2.11251730002049e-12
1.91800000000000e+01	2.09309973762623e-12
1.91900000000000e+01	2.07412244694200e-12
1.92000000000000e+01	2.05564102176474e-12
1.92100000000000e+01	2.03765847906813e-12
1.92200000000000e+01	2.02021150429309e-12
1.92300000000000e+01	2.00327621621975e-12
1.92400000000000e+01	1.98684131174287e-12
1.92500000000000e+01	1.97084560336231e-12
1.92600000000000e+01	1.95526941410438e-12
1.92700000000000e+01	1.94003553372014e-12
1.92800000000000e+01	1.92510496306092e-12
1.92900000000000e+01	1.91041521495717e-12
1.93000000000000e+01	1.89592808809819e-12
1.93100000000000e+01	1.88159129575682e-12
1.93200000000000e+01	1.86738609284552e-12
1.93300000000000e+01	1.85329061686034e-12
1.93400000000000e+01	1.83927857588224e-12
1.93500000000000e+01	1.82534232519745e-12
1.93600000000000e+01	1.81146784997475e-12
1.93700000000000e+01	1.79765597478294e-12
1.93800000000000e+01	1.78390153903554e-12
1.93900000000000e+01	1.77021489125474e-12
1.94000000000000e+01	1.75657580469833e-12
1.94100000000000e+01	1.74300508732915e-12
1.94200000000000e+01	1.72948915243547e-12
1.94300000000000e+01	1.71603214250134e-12
1.94400000000000e+01	1.70263652709405e-12
1.94500000000000e+01	1.68930122989437e-12
1.94600000000000e+01	1.67602083713532e-12
1.94700000000000e+01	1.66280501121664e-12
1.94800000000000e+01	1.64964997570176e-12
1.94900000000000e+01	1.63655143729385e-12
1.95000000000000e+01	1.62351588899629e-12
1.95100000000000e+01	1.61054260255338e-12
1.95200000000000e+01	1.59763322410258e-12
1.95300000000000e+01	1.58477957242199e-12
1.95400000000000e+01	1.57198236218644e-12
1.95500000000000e+01	1.55924526585491e-12
1.95600000000000e+01	1.54657932538440e-12
1.95700000000000e+01	1.53396918510386e-12
1.95800000000000e+01	1.52143549280842e-12
1.95900000000000e+01	1.50896896721884e-12
1.96000000000000e+01	1.49657240306586e-12
1.96100000000000e+01	1.48426304169142e-12
1.96200000000000e+01	1.47203618541126e-12
1.96300000000000e+01	1.45990657612260e-12
1.96400000000000e+01	1.44785936371435e-12
1.96500000000000e+01	1.43591565653043e-12
1.96600000000000e+01	1.42406720469786e-12
1.96700000000000e+01	1.41231804510698e-12
1.96800000000000e+01	1.40067336279783e-12
1.96900000000000e+01	1.38912090408481e-12
1.97000000000000e+01	1.37767209045424e-12
1.97100000000000e+01	1.36631272905987e-12
1.97200000000000e+01	1.35505272841236e-12
1.97300000000000e+01	1.34387738358973e-12
1.97400000000000e+01	1.33279785697227e-12
1.97500000000000e+01	1.32180460267728e-12
1.97600000000000e+01	1.31091454212357e-12
1.97700000000000e+01	1.30014037490649e-12
1.97800000000000e+01	1.28949852059530e-12
1.97900000000000e+01	1.27903540906454e-12
1.98000000000000e+01	1.26881069558676e-12
1.98100000000000e+01	1.25890485631877e-12
1.98200000000000e+01	1.24943960472826e-12
1.98300000000000e+01	1.24056954159542e-12
1.98400000000000e+01	1.23248661552528e-12
1.98500000000000e+01	1.22544919386635e-12
1.98600000000000e+01	1.21974011897336e-12
1.98700000000000e+01	1.21570688029791e-12
1.98800000000000e+01	1.21374712366297e-12
1.98900000000000e+01	1.21432495611653e-12
1.99000000000000e+01	1.21797031471788e-12
1.99100000000000e+01	1.22530127921280e-12
1.99200000000000e+01	1.23707437202302e-12
1.99300000000000e+01	1.25420209777899e-12
1.99400000000000e+01	1.27787400915602e-12
1.99500000000000e+01	1.30965446385787e-12
1.99600000000000e+01	1.35167993530198e-12
1.99700000000000e+01	1.40699656263577e-12
1.99800000000000e+01	1.48005056498092e-12
1.99900000000000e+01	1.57762960558337e-12
2.00000000000000e+01	1.71061078312909e-12
