1.00000000000000e-02	5.25964900801951e+11
2.00000000000000e-02	3.28818903952926e+10
3.00000000000000e-02	6.49819475967691e+09
4.00000000000000e-02	2.05740726205367e+09
5.00000000000000e-02	8.43419155590059e+08
6.00000000000000e-02	4.07156295030048e+08
7.00000000000000e-02	2.20037659660602e+08
8.00000000000000e-02	1.29161748464114e+08
9.00000000000000e-02	8.07618501355928e+07
1.00000000000000e-01	5.30811623410057e+07
1.10000000000000e-01	3.63256760279416e+07
1.20000000000000e-01	2.57029416193732e+07
1.30000000000000e-01	1.87040931115481e+07
1.40000000000000e-01	1.39406394162433e+07
1.50000000000000e-01	1.06069394779096e+07
1.60000000000000e-01	8.21701422268230e+06
1.70000000000000e-01	6.46725718667498e+06
1.80000000000000e-01	5.16207686670526e+06
1.90000000000000e-01	4.17230588470881e+06
2.00000000000000e-01	3.41054865113295e+06
2.10000000000000e-01	2.81641218040716e+06
2.20000000000000e-01	2.34746249489194e+06
2.30000000000000e-01	1.97315347613685e+06
2.40000000000000e-01	1.67144844474941e+06
2.50000000000000e-01	1.42598282408983e+06
2.60000000000000e-01	1.22461851750294e+06
2.70000000000000e-01	1.05809627423270e+06
2.80000000000000e-01	9.19438773310135e+05
2.90000000000000e-01	8.03165327197915e+05
3.00000000000000e-01	7.05065676181281e+05
3.10000000000000e-01	6.21812818613050e+05
3.20000000000000e-01	5.50773451292113e+05
3.30000000000000e-01	4.89845297483455e+05
3.40000000000000e-01	4.37327567741644e+05
3.50000000000000e-01	3.91868357390843e+05
3.60000000000000e-01	3.52337539936744e+05
3.70000000000000e-01	3.17827769417908e+05
3.80000000000000e-01	2.87586024292973e+05
3.90000000000000e-01	2.60984282704537e+05
4.00000000000000e-01	2.37506811145821e+05
4.10000000000000e-01	2.16715176543832e+05
4.20000000000000e-01	1.98248671367020e+05
4.30000000000000e-01	1.81795093060210e+05
4.40000000000000e-01	1.67095878763057e+05
4.50000000000000e-01	1.53926154002013e+05
4.60000000000000e-01	1.42095789418769e+05
4.70000000000000e-01	1.31445250221278e+05
4.80000000000000e-01	1.21831424553983e+05
4.90000000000000e-01	1.13133889039121e+05
5.00000000000000e-01	1.05247978271081e+05
5.10000000000000e-01	9.80813918127602e+04
5.20000000000000e-01	9.15603949484845e+04
5.30000000000000e-01	8.56090452707233e+04
5.40000000000000e-01	8.01719362989561e+04
5.50000000000000e-01	7.51943509210486e+04
5.60000000000000e-01	7.06269698889515e+04
5.70000000000000e-01	6.64314639242888e+04
5.80000000000000e-01	6.25730205471403e+04
5.90000000000000e-01	5.90140654857702e+04
6.00000000000000e-01	5.57306771103815e+04
6.10000000000000e-01	5.26940371056626e+04
6.20000000000000e-01	4.98840255889806e+04
6.30000000000000e-01	4.72791573523530e+04
6.40000000000000e-01	4.48619131843656e+04
6.50000000000000e-01	4.26148794179582e+04
6.60000000000000e-01	4.05232457351436e+04
6.70000000000000e-01	3.85737351818397e+04
6.80000000000000e-01	3.67564542132965e+04
6.90000000000000e-01	3.50596258801605e+04
7.00000000000000e-01	3.34727942053855e+04
7.10000000000000e-01	3.19869894215266e+04
7.20000000000000e-01	3.05948408676253e+04
7.30000000000000e-01	2.92898747950132e+04
7.40000000000000e-01	2.80643483464483e+04
7.50000000000000e-01	2.69126313962283e+04
7.60000000000000e-01	2.58291211952570e+04
7.70000000000000e-01	2.48091497472667e+04
7.80000000000000e-01	2.38475958978085e+04
7.90000000000000e-01	2.29409121302027e+04
8.00000000000000e-01	2.20848553644565e+04
8.10000000000000e-01	2.12760232556508e+04
8.20000000000000e-01	2.05112030826408e+04
8.30000000000000e-01	1.97872349515534e+04
8.40000000000000e-01	1.91019805699493e+04
8.50000000000000e-01	1.84520735508563e+04
8.60000000000000e-01	1.78357640439126e+04
8.70000000000000e-01	1.72505092278805e+04
8.80000000000000e-01	1.66941869433561e+04
8.90000000000000e-01	1.61657700867666e+04
9.00000000000000e-01	1.56628642983151e+04
9.10000000000000e-01	1.51837886336511e+04
9.20000000000000e-01	1.47275429001943e+04
9.30000000000000e-01	1.42926346899413e+04
9.40000000000000e-01	1.38775398177565e+04
9.50000000000000e-01	1.34811532874692e+04
9.60000000000000e-01	1.31023456796024e+04
9.70000000000000e-01	1.27402319470102e+04
9.80000000000000e-01	1.23938231730943e+04
9.90000000000000e-01	1.20619310974481e+04
1.00000000000000e+00	1.17443017684239e+04
1.01000000000000e+00	1.14394310036773e+04
1.02000000000000e+00	1.11466562124918e+04
1.03000000000000e+00	1.08659314183465e+04
1.04000000000000e+00	1.05958925337458e+04
1.05000000000000e+00	1.03361073080272e+04
1.06000000000000e+00	1.00859670058659e+04
1.07000000000000e+00	9.84529096406829e+03
1.08000000000000e+00	9.61304931080437e+03
1.09000000000000e+00	9.38880234276005e+03
1.10000000000000e+00	9.17233337409956e+03
1.11000000000000e+00	8.96292561213335e+03
1.12000000000000e+00	8.76010937698462e+03
1.13000000000000e+00	8.56370965331877e+03
1.14000000000000e+00	8.37327236409076e+03
1.15000000000000e+00	8.18824890830666e+03
1.16000000000000e+00	8.00824613847821e+03
1.17000000000000e+00	7.83312620606199e+03
1.18000000000000e+00	7.66235740560541e+03
1.19000000000000e+00	7.49555278884648e+03
1.20000000000000e+00	7.33243621515826e+03
1.21000000000000e+00	7.17240305685916e+03
1.22000000000000e+00	7.01504105300487e+03
1.23000000000000e+00	6.86007222539708e+03
1.24000000000000e+00	6.70638544601711e+03
1.25000000000000e+00	6.55352747062262e+03
1.26000000000000e+00	6.40013588816751e+03
1.27000000000000e+00	6.24524902980618e+03
1.28000000000000e+00	6.08691807531171e+03
1.29000000000000e+00	5.92366975348030e+03
1.30000000000000e+00	5.75315126359201e+03
1.31000000000000e+00	5.57320686636999e+03
1.32000000000000e+00	5.38147851228012e+03
1.33000000000000e+00	5.17571173549816e+03
1.34000000000000e+00	4.95392193346240e+03
1.35000000000000e+00	4.71507076333374e+03
1.36000000000000e+00	4.45910123523988e+03
1.37000000000000e+00	4.18730004825670e+03
1.38000000000000e+00	3.90285510919170e+03
1.39000000000000e+00	3.61095200059739e+03
1.40000000000000e+00	3.31936288935417e+03
1.41000000000000e+00	3.03791370869869e+03
1.42000000000000e+00	2.77883769641983e+03
1.43000000000000e+00	2.55616695322413e+03
1.44000000000000e+00	2.38514132008531e+03
1.45000000000000e+00	2.28140015778348e+03
1.46000000000000e+00	2.26007002202922e+03
1.47000000000000e+00	2.33449995937639e+03
1.48000000000000e+00	2.51557219476189e+03
1.49000000000000e+00	2.81036821558676e+03
1.50000000000000e+00	3.22179407833603e+03
1.51000000000000e+00	3.74810014953629e+03
1.52000000000000e+00	4.38278075818128e+03
1.53000000000000e+00	5.11513700113556e+03
1.54000000000000e+00	5.93043648031910e+03
1.55000000000000e+00	6.81091218016143e+03
1.56000000000000e+00	7.73702171874509e+03
1.57000000000000e+00	8.68792577537040e+03
1.58000000000000e+00	9.64227958943542e+03
1.59000000000000e+00	1.05794471501796e+04
1.60000000000000e+00	1.14797241986098e+04
1.61000000000000e+00	1.23251134020515e+04
1.62000000000000e+00	1.30985987252388e+04
1.63000000000000e+00	1.37854800788896e+04
1.64000000000000e+00	1.43733185165041e+04
1.65000000000000e+00	1.48541388518418e+04
1.66000000000000e+00	1.52248195949878e+04
1.67000000000000e+00	1.54910396239437e+04
1.68000000000000e+00	1.56654362178894e+04
1.69000000000000e+00	1.57684083610228e+04
1.70000000000000e+00	1.58247768511131e+04
1.71000000000000e+00	1.58660975962693e+04
1.72000000000000e+00	1.59298237786297e+04
1.73000000000000e+00	1.60654691883754e+04
1.74000000000000e+00	1.63362319711510e+04
1.75000000000000e+00	1.68176269830385e+04
1.76000000000000e+00	1.75937665564840e+04
1.77000000000000e+00	1.87527423714374e+04
1.78000000000000e+00	2.03810786955538e+04
1.79000000000000e+00	2.25533896873799e+04
1.80000000000000e+00	2.53173012717075e+04
1.81000000000000e+00	2.86796298876791e+04
1.82000000000000e+00	3.25999798860575e+04
1.83000000000000e+00	3.69998883179808e+04
1.84000000000000e+00	4.17881471954047e+04
1.85000000000000e+00	4.68934706024962e+04
1.86000000000000e+00	5.22669323890404e+04
1.87000000000000e+00	5.78885814850005e+04
1.88000000000000e+00	6.37463161127421e+04
1.89000000000000e+00	6.98247242960690e+04
1.90000000000000e+00	7.61011651634160e+04
1.91000000000000e+00	8.25301139162755e+04
1.92000000000000e+00	8.90441598049961e+04
1.93000000000000e+00	9.55378469951259e+04
1.94000000000000e+00	1.01871284689892e+05
1.95000000000000e+00	1.07866160488665e+05
1.96000000000000e+00	1.13318991146378e+05
1.97000000000000e+00	1.18016867041526e+05
1.98000000000000e+00	1.21755774257776e+05
1.99000000000000e+00	1.24362217354169e+05
2.00000000000000e+00	1.25701689277466e+05
2.01000000000000e+00	1.25691860788166e+05
2.02000000000000e+00	1.24311638036440e+05
2.03000000000000e+00	1.21599285478704e+05
2.04000000000000e+00	1.17651920200419e+05
2.05000000000000e+00	1.12625060578374e+05
2.06000000000000e+00	1.06714796856821e+05
2.07000000000000e+00	1.00138134514475e+05
2.08000000000000e+00	9.31137323158658e+04
2.09000000000000e+00	8.58355112510480e+04
2.10000000000000e+00	7.84690302368075e+04
2.11000000000000e+00	7.11527976454214e+04
2.12000000000000e+00	6.40103820800110e+04
2.13000000000000e+00	5.71668077015982e+04
2.14000000000000e+00	5.07507921596088e+04
2.15000000000000e+00	4.48789502155944e+04
2.16000000000000e+00	3.96378913387548e+04
2.17000000000000e+00	3.50595664952189e+04
2.18000000000000e+00	3.11211726355170e+04
2.19000000000000e+00	2.77506758750589e+04
2.20000000000000e+00	2.48495242997930e+04
2.21000000000000e+00	2.23130283317181e+04
2.22000000000000e+00	2.00492369571290e+04
2.23000000000000e+00	1.79974744266955e+04
2.24000000000000e+00	1.61308292435563e+04
2.25000000000000e+00	1.44556747366940e+04
2.26000000000000e+00	1.29950182590637e+04
2.27000000000000e+00	1.17727378575432e+04
2.28000000000000e+00	1.08021762792196e+04
2.29000000000000e+00	1.00812532822483e+04
2.30000000000000e+00	9.59280450858355e+03
2.31000000000000e+00	9.30777636441750e+03
2.32000000000000e+00	9.18675289651099e+03
2.33000000000000e+00	9.18160272829542e+03
2.34000000000000e+00	9.23634361250126e+03
2.35000000000000e+00	9.29277124187752e+03
2.36000000000000e+00	9.29679130698951e+03
2.37000000000000e+00	9.20697532136627e+03
2.38000000000000e+00	9.00144286732270e+03
2.39000000000000e+00	8.67924954454174e+03
2.40000000000000e+00	8.25915274978131e+03
2.41000000000000e+00	7.77603090303742e+03
2.42000000000000e+00	7.27573318030280e+03
2.43000000000000e+00	6.80857106996721e+03
2.44000000000000e+00	6.42144962050534e+03
2.45000000000000e+00	6.15262310132377e+03
2.46000000000000e+00	6.02629077773777e+03
2.47000000000000e+00	6.05246173033637e+03
2.48000000000000e+00	6.22631439383306e+03
2.49000000000000e+00	6.53090602693712e+03
2.50000000000000e+00	6.93885244473204e+03
2.51000000000000e+00	7.41573352226336e+03
2.52000000000000e+00	7.92329446179312e+03
2.53000000000000e+00	8.42281143426603e+03
2.54000000000000e+00	8.87935332865326e+03
2.55000000000000e+00	9.26590377281974e+03
2.56000000000000e+00	9.56595779236404e+03
2.57000000000000e+00	9.77405967714564e+03
2.58000000000000e+00	9.89450574385681e+03
2.59000000000000e+00	9.93762516400074e+03
2.60000000000000e+00	9.91391206216428e+03
2.61000000000000e+00	9.82989375183034e+03
2.62000000000000e+00	9.68452891201082e+03
2.63000000000000e+00	9.47131227638234e+03
2.64000000000000e+00	9.18716535251827e+03
2.65000000000000e+00	8.84145691182117e+03
2.66000000000000e+00	8.46145866726893e+03
2.67000000000000e+00	8.08699481800600e+03
2.68000000000000e+00	7.75841146702255e+03
2.69000000000000e+00	7.50492893107599e+03
2.70000000000000e+00	7.33944922475803e+03
2.71000000000000e+00	7.25843848012866e+03
2.72000000000000e+00	7.24529145471098e+03
2.73000000000000e+00	7.27516140245407e+03
2.74000000000000e+00	7.31875994845896e+03
2.75000000000000e+00	7.34773490595228e+03
2.76000000000000e+00	7.33828908796994e+03
2.77000000000000e+00	7.27386745947936e+03
2.78000000000000e+00	7.14500600259717e+03
2.79000000000000e+00	6.94889520616679e+03
2.80000000000000e+00	6.68728101627553e+03
2.81000000000000e+00	6.36533065116263e+03
2.82000000000000e+00	5.99142790429517e+03
2.83000000000000e+00	5.57619969618501e+03
2.84000000000000e+00	5.13258587061936e+03
2.85000000000000e+00	4.67515035573183e+03
2.86000000000000e+00	4.21889844004941e+03
2.87000000000000e+00	3.77817459642759e+03
2.88000000000000e+00	3.36513705060714e+03
2.89000000000000e+00	2.98891520622860e+03
2.90000000000000e+00	2.65496280197078e+03
2.91000000000000e+00	2.36538122344595e+03
2.92000000000000e+00	2.11955620345199e+03
2.93000000000000e+00	1.91543781622853e+03
2.94000000000000e+00	1.75067304706161e+03
2.95000000000000e+00	1.62359398450420e+03
2.96000000000000e+00	1.53395948529671e+03
2.97000000000000e+00	1.48278945304658e+03
2.98000000000000e+00	1.47218817487562e+03
2.99000000000000e+00	1.50423619558534e+03
3.00000000000000e+00	1.58019386528672e+03
3.01000000000000e+00	1.69945425026539e+03
3.02000000000000e+00	1.85892585410540e+03
3.03000000000000e+00	2.05279124886166e+03
3.04000000000000e+00	2.27275593240169e+03
3.05000000000000e+00	2.50863291012966e+03
3.06000000000000e+00	2.74967285125147e+03
3.07000000000000e+00	2.98568602680960e+03
3.08000000000000e+00	3.20826493508280e+03
3.09000000000000e+00	3.41105995161279e+03
3.10000000000000e+00	3.59017625728758e+03
3.11000000000000e+00	3.74348023845566e+03
3.12000000000000e+00	3.86965185156587e+03
3.13000000000000e+00	3.96713880261914e+03
3.14000000000000e+00	4.03342389819699e+03
3.15000000000000e+00	4.06478194898819e+03
3.16000000000000e+00	4.05713917022434e+03
3.17000000000000e+00	4.00709827130884e+03
3.18000000000000e+00	3.91375349659355e+03
3.19000000000000e+00	3.77975358247670e+03
3.20000000000000e+00	3.61126579847451e+03
3.21000000000000e+00	3.41679912151782e+03
3.22000000000000e+00	3.20545792959116e+03
3.23000000000000e+00	2.98528341259231e+03
3.24000000000000e+00	2.76268768306136e+03
3.25000000000000e+00	2.54218823192986e+03
3.26000000000000e+00	2.32704320533071e+03
3.27000000000000e+00	2.11981423162517e+03
3.28000000000000e+00	1.92260851878201e+03
3.29000000000000e+00	1.73727151329160e+03
3.30000000000000e+00	1.56534730351791e+03
3.31000000000000e+00	1.40801174090253e+03
3.32000000000000e+00	1.26610254568005e+03
3.33000000000000e+00	1.13992982668442e+03
3.34000000000000e+00	1.02950266744633e+03
3.35000000000000e+00	9.34535973389837e+02
3.36000000000000e+00	8.54668023486211e+02
3.37000000000000e+00	7.89696028006069e+02
3.38000000000000e+00	7.39722181166328e+02
3.39000000000000e+00	7.05291724778490e+02
3.40000000000000e+00	6.87329710181050e+02
3.41000000000000e+00	6.87003417216145e+02
3.42000000000000e+00	7.05560203486177e+02
3.43000000000000e+00	7.44134631370381e+02
3.44000000000000e+00	8.03587054879445e+02
3.45000000000000e+00	8.84355832870556e+02
3.46000000000000e+00	9.86418688479326e+02
3.47000000000000e+00	1.10920489793884e+03
3.48000000000000e+00	1.25160233212479e+03
3.49000000000000e+00	1.41204883079345e+03
3.50000000000000e+00	1.58860242496035e+03
3.51000000000000e+00	1.77905465474031e+03
3.52000000000000e+00	1.98106615432313e+03
3.53000000000000e+00	2.19202062651189e+03
3.54000000000000e+00	2.40876913801948e+03
3.55000000000000e+00	2.62706841926785e+03
3.56000000000000e+00	2.84115106952450e+03
3.57000000000000e+00	3.04329739101494e+03
3.58000000000000e+00	3.22374031440081e+03
3.59000000000000e+00	3.37145845141397e+03
3.60000000000000e+00	3.47523996589213e+03
3.61000000000000e+00	3.52528525575759e+03
3.62000000000000e+00	3.51468742130521e+03
3.63000000000000e+00	3.44113657111329e+03
3.64000000000000e+00	3.30759867544138e+03
3.65000000000000e+00	3.12227512576187e+03
3.66000000000000e+00	2.89796722289967e+03
3.67000000000000e+00	2.65006940616755e+03
3.68000000000000e+00	2.39474982868505e+03
3.69000000000000e+00	2.14672249774613e+03
3.70000000000000e+00	1.91771431709863e+03
3.71000000000000e+00	1.71564081411467e+03
3.72000000000000e+00	1.54445338688751e+03
3.73000000000000e+00	1.40474803426237e+03
3.74000000000000e+00	1.29448291768783e+03
3.75000000000000e+00	1.21018215452446e+03
3.76000000000000e+00	1.14771241615151e+03
3.77000000000000e+00	1.10326568329258e+03
3.78000000000000e+00	1.07400754217191e+03
3.79000000000000e+00	1.05849401257392e+03
3.80000000000000e+00	1.05678817865901e+03
3.81000000000000e+00	1.07051343957835e+03
3.82000000000000e+00	1.10277092940345e+03
3.83000000000000e+00	1.15788229201551e+03
3.84000000000000e+00	1.24116783390989e+03
3.85000000000000e+00	1.35868575733040e+03
3.86000000000000e+00	1.51694928386856e+03
3.87000000000000e+00	1.72259742083207e+03
3.88000000000000e+00	1.98207342770983e+03
3.89000000000000e+00	2.30117988675384e+03
3.90000000000000e+00	2.68467989698967e+03
3.91000000000000e+00	3.13553511293298e+03
3.92000000000000e+00	3.65420282335266e+03
3.93000000000000e+00	4.23782904048010e+03
3.94000000000000e+00	4.87949675372799e+03
3.95000000000000e+00	5.56749063205207e+03
3.96000000000000e+00	6.28589489056640e+03
3.97000000000000e+00	7.01519473146465e+03
3.98000000000000e+00	7.73483320743508e+03
3.99000000000000e+00	8.42518367694061e+03
4.00000000000000e+00	9.07029453697369e+03
4.01000000000000e+00	9.65879701319397e+03
4.02000000000000e+00	1.01837681022795e+04
4.03000000000000e+00	1.06412848291262e+04
4.04000000000000e+00	1.10289259923503e+04
4.05000000000000e+00	1.13445276631929e+04
4.06000000000000e+00	1.15854209790314e+04
4.07000000000000e+00	1.17486852651355e+04
4.08000000000000e+00	1.18312679806442e+04
4.09000000000000e+00	1.18306033848411e+04
4.10000000000000e+00	1.17451833024600e+04
4.11000000000000e+00	1.15743177372408e+04
4.12000000000000e+00	1.13185418341808e+04
4.13000000000000e+00	1.09803136499667e+04
4.14000000000000e+00	1.05644804732801e+04
4.15000000000000e+00	1.00783356494403e+04
4.16000000000000e+00	9.53193923351631e+03
4.17000000000000e+00	8.93739777226467e+03
4.18000000000000e+00	8.30814781254870e+03
4.19000000000000e+00	7.65751019305554e+03
4.20000000000000e+00	6.99779451382898e+03
4.21000000000000e+00	6.33976884234254e+03
4.22000000000000e+00	5.69251698927893e+03
4.23000000000000e+00	5.06358186790818e+03
4.24000000000000e+00	4.45962761893276e+03
4.25000000000000e+00	3.88690968001582e+03
4.26000000000000e+00	3.35119271146588e+03
4.27000000000000e+00	2.85802372847007e+03
4.28000000000000e+00	2.41211993976790e+03
4.29000000000000e+00	2.01693282625515e+03
4.30000000000000e+00	1.67425641860969e+03
4.31000000000000e+00	1.38414345735541e+03
4.32000000000000e+00	1.14511147870479e+03
4.33000000000000e+00	9.54619398271178e+02
4.34000000000000e+00	8.09551533692097e+02
4.35000000000000e+00	7.06732363701735e+02
4.36000000000000e+00	6.43144415321511e+02
4.37000000000000e+00	6.16002293540062e+02
4.38000000000000e+00	6.22606367875372e+02
4.39000000000000e+00	6.60033796930025e+02
4.40000000000000e+00	7.24655180313669e+02
4.41000000000000e+00	8.11682220885774e+02
4.42000000000000e+00	9.14800206231455e+02
4.43000000000000e+00	1.02602619223856e+03
4.44000000000000e+00	1.13603666683566e+03
4.45000000000000e+00	1.23492634321600e+03
4.46000000000000e+00	1.31343399083577e+03
4.47000000000000e+00	1.36412779107533e+03
4.48000000000000e+00	1.38264521880201e+03
4.49000000000000e+00	1.36808760735226e+03
4.50000000000000e+00	1.32297149636275e+03
4.51000000000000e+00	1.25244856487213e+03
4.52000000000000e+00	1.16315444458661e+03
4.53000000000000e+00	1.06215314332381e+03
4.54000000000000e+00	9.55927176010350e+02
4.55000000000000e+00	8.49884092509910e+02
4.56000000000000e+00	7.48216412594787e+02
4.57000000000000e+00	6.54050967857328e+02
4.58000000000000e+00	5.69673734061331e+02
4.59000000000000e+00	4.96849084066529e+02
4.60000000000000e+00	4.36987554683818e+02
4.61000000000000e+00	3.91199063518559e+02
4.62000000000000e+00	3.60297564124446e+02
4.63000000000000e+00	3.44708589144000e+02
4.64000000000000e+00	3.44392235522082e+02
4.65000000000000e+00	3.58802056370152e+02
4.66000000000000e+00	3.86919189082279e+02
4.67000000000000e+00	4.27360108528216e+02
4.68000000000000e+00	4.78577906325705e+02
4.69000000000000e+00	5.39056562363844e+02
4.70000000000000e+00	6.07525681043739e+02
4.71000000000000e+00	6.83063471479115e+02
4.72000000000000e+00	7.65144802249833e+02
4.73000000000000e+00	8.53601394801167e+02
4.74000000000000e+00	9.48505230341653e+02
4.75000000000000e+00	1.05002254685719e+03
4.76000000000000e+00	1.15818730976639e+03
4.77000000000000e+00	1.27274086310819e+03
4.78000000000000e+00	1.39284368089358e+03
4.79000000000000e+00	1.51687202093292e+03
4.80000000000000e+00	1.64239013687591e+03
4.81000000000000e+00	1.76606430802386e+03
4.82000000000000e+00	1.88376803865263e+03
4.83000000000000e+00	1.99088694333825e+03
4.84000000000000e+00	2.08258204444176e+03
4.85000000000000e+00	2.15412713227902e+03
4.86000000000000e+00	2.20143435661926e+03
4.87000000000000e+00	2.22120528435228e+03
4.88000000000000e+00	2.21121872800313e+03
4.89000000000000e+00	2.17065294103375e+03
4.90000000000000e+00	2.10024065150419e+03
4.91000000000000e+00	2.00217855234970e+03
4.92000000000000e+00	1.88033217321850e+03
4.93000000000000e+00	1.73983958052900e+03
4.94000000000000e+00	1.58672813742776e+03
4.95000000000000e+00	1.42743163784472e+03
4.96000000000000e+00	1.26812198167361e+03
4.97000000000000e+00	1.11440766886384e+03
4.98000000000000e+00	9.70915746275211e+02
4.99000000000000e+00	8.41229710995653e+02
5.00000000000000e+00	7.27943651446078e+02
5.01000000000000e+00	6.32792376299574e+02
5.02000000000000e+00	5.56881003442663e+02
5.03000000000000e+00	5.00802362611079e+02
5.04000000000000e+00	4.64770131739368e+02
5.05000000000000e+00	4.48645153405998e+02
5.06000000000000e+00	4.51917155924012e+02
5.07000000000000e+00	4.73646279027324e+02
5.08000000000000e+00	5.12387487734773e+02
5.09000000000000e+00	5.66125338746784e+02
5.10000000000000e+00	6.32237144780497e+02
5.11000000000000e+00	7.07513489658396e+02
5.12000000000000e+00	7.88221569471747e+02
5.13000000000000e+00	8.70269601241234e+02
5.14000000000000e+00	9.49375027329353e+02
5.15000000000000e+00	1.02127794393716e+03
5.16000000000000e+00	1.08194746712423e+03
5.17000000000000e+00	1.12788702414030e+03
5.18000000000000e+00	1.15627868474167e+03
5.19000000000000e+00	1.16523158749978e+03
5.20000000000000e+00	1.15400149824554e+03
5.21000000000000e+00	1.12298943010469e+03
5.22000000000000e+00	1.07378203688957e+03
5.23000000000000e+00	1.00899650240994e+03
5.24000000000000e+00	9.31990081626962e+02
5.25000000000000e+00	8.46590121901535e+02
5.26000000000000e+00	7.56857303829600e+02
5.27000000000000e+00	6.66831097716577e+02
5.28000000000000e+00	5.80485128570529e+02
5.29000000000000e+00	5.01627011881803e+02
5.30000000000000e+00	4.33970303252402e+02
5.31000000000000e+00	3.81081609008455e+02
5.32000000000000e+00	3.46361487261452e+02
5.33000000000000e+00	3.32968673282409e+02
5.34000000000000e+00	3.43687673852739e+02
5.35000000000000e+00	3.80841798272234e+02
5.36000000000000e+00	4.46216064474673e+02
5.37000000000000e+00	5.41056806545350e+02
5.38000000000000e+00	6.66092562921135e+02
5.39000000000000e+00	8.21544364705322e+02
5.40000000000000e+00	1.00695848914357e+03
5.41000000000000e+00	1.22075166311729e+03
5.42000000000000e+00	1.45953880768087e+03
5.43000000000000e+00	1.71717342330881e+03
5.44000000000000e+00	1.98398656786560e+03
5.45000000000000e+00	2.24643772363755e+03
5.46000000000000e+00	2.48787984796599e+03
5.47000000000000e+00	2.69012963991017e+03
5.48000000000000e+00	2.83628993473325e+03
5.49000000000000e+00	2.91380194158411e+03
5.50000000000000e+00	2.91666460297579e+03
5.51000000000000e+00	2.84702478468451e+03
5.52000000000000e+00	2.71435047207915e+03
5.53000000000000e+00	2.53335270420503e+03
5.54000000000000e+00	2.32087818207179e+03
5.55000000000000e+00	2.09290572882620e+03
5.56000000000000e+00	1.86244753302604e+03
5.57000000000000e+00	1.63868942180495e+03
5.58000000000000e+00	1.42724208550730e+03
5.59000000000000e+00	1.23114939420788e+03
5.60000000000000e+00	1.05187983154680e+03
5.61000000000000e+00	8.90327579451149e+02
5.62000000000000e+00	7.47083295442780e+02
5.63000000000000e+00	6.22653450022889e+02
5.64000000000000e+00	5.17168064683612e+02
5.65000000000000e+00	4.30265907156193e+02
5.66000000000000e+00	3.60947225389923e+02
5.67000000000000e+00	3.07635006890701e+02
5.68000000000000e+00	2.68317167903261e+02
5.69000000000000e+00	2.40788083584263e+02
5.70000000000000e+00	2.22856024451971e+02
5.71000000000000e+00	2.12498356562206e+02
5.72000000000000e+00	2.07928444802553e+02
5.73000000000000e+00	2.07613215501121e+02
5.74000000000000e+00	2.10210435237602e+02
5.75000000000000e+00	2.14564731504210e+02
5.76000000000000e+00	2.19665684206202e+02
5.77000000000000e+00	2.24656932781129e+02
5.78000000000000e+00	2.28864235960046e+02
5.79000000000000e+00	2.31805717473750e+02
5.80000000000000e+00	2.33187857095571e+02
5.81000000000000e+00	2.32909607933506e+02
5.82000000000000e+00	2.31016462369334e+02
5.83000000000000e+00	2.27652376765158e+02
5.84000000000000e+00	2.23019114563044e+02
5.85000000000000e+00	2.17353515981404e+02
5.86000000000000e+00	2.10918169119565e+02
5.87000000000000e+00	2.03998528391523e+02
5.88000000000000e+00	1.96906969970821e+02
5.89000000000000e+00	1.89981763791473e+02
5.90000000000000e+00	1.83598670517477e+02
5.91000000000000e+00	1.78132644262309e+02
5.92000000000000e+00	1.73948851949109e+02
5.93000000000000e+00	1.71359203080642e+02
5.94000000000000e+00	1.70594611889855e+02
5.95000000000000e+00	1.71765122330904e+02
5.96000000000000e+00	1.74841143521475e+02
5.97000000000000e+00	1.79636046535923e+02
5.98000000000000e+00	1.85818795728463e+02
5.99000000000000e+00	1.92917622041518e+02
6.00000000000000e+00	2.00359701348872e+02
6.01000000000000e+00	2.07519453012444e+02
6.02000000000000e+00	2.13751248768544e+02
6.03000000000000e+00	2.18424269603204e+02
6.04000000000000e+00	2.20968059580819e+02
6.05000000000000e+00	2.20875147604012e+02
6.06000000000000e+00	2.17726974852112e+02
6.07000000000000e+00	2.11203215001532e+02
6.08000000000000e+00	2.01107277641695e+02
6.09000000000000e+00	1.87417919884168e+02
6.10000000000000e+00	1.70317318821339e+02
6.11000000000000e+00	1.50244276384045e+02
6.12000000000000e+00	1.27914957556604e+02
6.13000000000000e+00	1.04300272266658e+02
6.14000000000000e+00	8.05739476246844e+01
6.15000000000000e+00	5.80174737879990e+01
6.16000000000000e+00	3.78970488324880e+01
6.17000000000000e+00	2.13434458805442e+01
6.18000000000000e+00	9.24339687123825e+00
6.19000000000000e+00	2.15993691976330e+00
6.20000000000000e+00	3.01008041670405e-01
6.21000000000000e+00	3.52835269496005e+00
6.22000000000000e+00	1.14038043670794e+01
6.23000000000000e+00	2.32572458626093e+01
6.24000000000000e+00	3.82632556921994e+01
6.25000000000000e+00	5.55140378125665e+01
6.26000000000000e+00	7.40867024192998e+01
6.27000000000000e+00	9.30967421144731e+01
6.28000000000000e+00	1.11735400387954e+02
6.29000000000000e+00	1.29303593383027e+02
6.30000000000000e+00	1.45217528727841e+02
6.31000000000000e+00	1.59027977996980e+02
6.32000000000000e+00	1.70416425655408e+02
6.33000000000000e+00	1.79219522134467e+02
6.34000000000000e+00	1.85416385498474e+02
6.35000000000000e+00	1.89175963501554e+02
6.36000000000000e+00	1.90831593142621e+02
6.37000000000000e+00	1.90883510500902e+02
6.38000000000000e+00	1.89989315085183e+02
6.39000000000000e+00	1.88940488287287e+02
6.40000000000000e+00	1.88632620446547e+02
6.41000000000000e+00	1.90031612506419e+02
6.42000000000000e+00	1.94140838537519e+02
6.43000000000000e+00	2.01972377725818e+02
6.44000000000000e+00	2.14490221088000e+02
6.45000000000000e+00	2.32575713051164e+02
6.46000000000000e+00	2.56967657000181e+02
6.47000000000000e+00	2.88220642385760e+02
6.48000000000000e+00	3.26642710035161e+02
6.49000000000000e+00	3.72241638840314e+02
6.50000000000000e+00	4.24704088462723e+02
6.51000000000000e+00	4.83347385457822e+02
6.52000000000000e+00	5.47137906288505e+02
6.53000000000000e+00	6.14673999798012e+02
6.54000000000000e+00	6.84184747810724e+02
6.55000000000000e+00	7.53556685739290e+02
6.56000000000000e+00	8.20337878002846e+02
6.57000000000000e+00	8.81752309614745e+02
6.58000000000000e+00	9.34801970635810e+02
6.59000000000000e+00	9.76386211837710e+02
6.60000000000000e+00	1.00352572227458e+03
6.61000000000000e+00	1.01363848071327e+03
6.62000000000000e+00	1.00492471865618e+03
6.63000000000000e+00	9.76691798086040e+02
6.64000000000000e+00	9.29659455529923e+02
6.65000000000000e+00	8.66018989959591e+02
6.66000000000000e+00	7.89261315111584e+02
6.67000000000000e+00	7.03764611271655e+02
6.68000000000000e+00	6.14227258713523e+02
6.69000000000000e+00	5.25078930829007e+02
6.70000000000000e+00	4.40034023534078e+02
6.71000000000000e+00	3.61802226298587e+02
6.72000000000000e+00	2.92047268829766e+02
6.73000000000000e+00	2.31483186106408e+02
6.74000000000000e+00	1.80066320591140e+02
6.75000000000000e+00	1.37232991826655e+02
6.76000000000000e+00	1.02134937500639e+02
6.77000000000000e+00	7.38256310908724e+01
6.78000000000000e+00	5.13973337351597e+01
6.79000000000000e+00	3.40784640924807e+01
6.80000000000000e+00	2.12773693055243e+01
6.81000000000000e+00	1.25933357593222e+01
6.82000000000000e+00	7.79387934996362e+00
6.83000000000000e+00	6.77271406666933e+00
6.84000000000000e+00	9.49231086902101e+00
6.85000000000000e+00	1.59241516691416e+01
6.86000000000000e+00	2.59945710489592e+01
6.87000000000000e+00	3.95449264048819e+01
6.88000000000000e+00	5.63072310041079e+01
6.89000000000000e+00	7.58947271736480e+01
6.90000000000000e+00	9.78092973131594e+01
6.91000000000000e+00	1.21448365114754e+02
6.92000000000000e+00	1.46122537373785e+02
6.93000000000000e+00	1.71070946315365e+02
6.94000000000000e+00	1.95468599597940e+02
6.95000000000000e+00	2.18458205701458e+02
6.96000000000000e+00	2.39160589901755e+02
6.97000000000000e+00	2.56704665063614e+02
6.98000000000000e+00	2.70282442949062e+02
6.99000000000000e+00	2.79210559694894e+02
7.00000000000000e+00	2.82977843090170e+02
7.01000000000000e+00	2.81335761906609e+02
7.02000000000000e+00	2.74332352337224e+02
7.03000000000000e+00	2.62337128596326e+02
7.04000000000000e+00	2.46028595006784e+02
7.05000000000000e+00	2.26330369813374e+02
7.06000000000000e+00	2.04345104619424e+02
7.07000000000000e+00	1.81245926761325e+02
7.08000000000000e+00	1.58172242129476e+02
7.09000000000000e+00	1.36149772905798e+02
7.10000000000000e+00	1.16018563297853e+02
7.11000000000000e+00	9.83975785537018e+01
7.12000000000000e+00	8.36762143653351e+01
7.13000000000000e+00	7.20459535056353e+01
7.14000000000000e+00	6.35481072681544e+01
7.15000000000000e+00	5.81418950775553e+01
7.16000000000000e+00	5.57831238645737e+01
7.17000000000000e+00	5.64966406892590e+01
7.18000000000000e+00	6.04443136847365e+01
7.19000000000000e+00	6.79710580610493e+01
7.20000000000000e+00	7.96378110490029e+01
7.21000000000000e+00	9.62138186593120e+01
7.22000000000000e+00	1.18653385843809e+02
7.23000000000000e+00	1.48027582864394e+02
7.24000000000000e+00	1.85443509390089e+02
7.25000000000000e+00	2.31942681954188e+02
7.26000000000000e+00	2.88402765758431e+02
7.27000000000000e+00	3.55424720535661e+02
7.28000000000000e+00	4.33255954288313e+02
7.29000000000000e+00	5.21683476944340e+02
7.30000000000000e+00	6.19934459922466e+02
7.31000000000000e+00	7.26496498304999e+02
7.32000000000000e+00	8.39037745842900e+02
7.33000000000000e+00	9.54277130190186e+02
7.34000000000000e+00	1.06800229067631e+03
7.35000000000000e+00	1.17521308693795e+03
7.36000000000000e+00	1.27042595978883e+03
7.37000000000000e+00	1.34831431373853e+03
7.38000000000000e+00	1.40424171323873e+03
7.39000000000000e+00	1.43490983721077e+03
7.40000000000000e+00	1.43887997753810e+03
7.41000000000000e+00	1.41667597258335e+03
7.42000000000000e+00	1.37074879730527e+03
7.43000000000000e+00	1.30502953869458e+03
7.44000000000000e+00	1.22430559374062e+03
7.45000000000000e+00	1.13362349875997e+03
7.46000000000000e+00	1.03772214742227e+03
7.47000000000000e+00	9.40620219605043e+02
7.48000000000000e+00	8.45450230756847e+02
7.49000000000000e+00	7.54416778347068e+02
7.50000000000000e+00	6.68890182351578e+02
7.51000000000000e+00	5.89579539115816e+02
7.52000000000000e+00	5.16709486541047e+02
7.53000000000000e+00	4.50181758238793e+02
7.54000000000000e+00	3.89697400257022e+02
7.55000000000000e+00	3.34894576037061e+02
7.56000000000000e+00	2.85392109336170e+02
7.57000000000000e+00	2.40829434336899e+02
7.58000000000000e+00	2.00902303741752e+02
7.59000000000000e+00	1.65359640886961e+02
7.60000000000000e+00	1.33990370842581e+02
7.61000000000000e+00	1.06618710061840e+02
7.62000000000000e+00	8.30760000295646e+01
7.63000000000000e+00	6.31864378652742e+01
7.64000000000000e+00	4.67462837210966e+01
7.65000000000000e+00	3.35085625188309e+01
7.66000000000000e+00	2.31771898012485e+01
7.67000000000000e+00	1.54093946720906e+01
7.68000000000000e+00	9.82637615093180e+00
7.69000000000000e+00	6.03295789205110e+00
7.70000000000000e+00	3.64148941483784e+00
7.71000000000000e+00	2.29370515032406e+00
7.72000000000000e+00	1.67812128639052e+00
7.73000000000000e+00	1.54012594474896e+00
7.74000000000000e+00	1.68417692530510e+00
7.75000000000000e+00	1.96941109763891e+00
7.76000000000000e+00	2.30130575355132e+00
7.77000000000000e+00	2.62092560025821e+00
7.78000000000000e+00	2.89440545680312e+00
7.79000000000000e+00	3.10412053148941e+00
7.80000000000000e+00	3.24212903573604e+00
7.81000000000000e+00	3.30607588399662e+00
7.82000000000000e+00	3.29711408326753e+00
7.83000000000000e+00	3.21975655694366e+00
7.84000000000000e+00	3.08326464503462e+00
7.85000000000000e+00	2.90381018841900e+00
7.86000000000000e+00	2.70760292923733e+00
7.87000000000000e+00	2.53436668708877e+00
7.88000000000000e+00	2.44040730442098e+00
7.89000000000000e+00	2.50056476970256e+00
7.90000000000000e+00	2.80820723959239e+00
7.91000000000000e+00	3.47147533826437e+00
7.92000000000000e+00	4.60580616810234e+00
7.93000000000000e+00	6.32263164492902e+00
7.94000000000000e+00	8.71643743560721e+00
7.95000000000000e+00	1.18535742965338e+01
7.96000000000000e+00	1.57661141475765e+01
7.97000000000000e+00	2.04544748065960e+01
7.98000000000000e+00	2.58976047273338e+01
7.99000000000000e+00	3.20662741363113e+01
8.00000000000000e+00	3.89238274847647e+01
8.01000000000000e+00	4.64143731001456e+01
8.02000000000000e+00	5.44274371356229e+01
8.03000000000000e+00	6.27502754785176e+01
8.04000000000000e+00	7.10266817585376e+01
8.05000000000000e+00	7.87568193358169e+01
8.06000000000000e+00	8.53343073122748e+01
8.07000000000000e+00	9.01436469404700e+01
8.08000000000000e+00	9.26779910091730e+01
8.09000000000000e+00	9.26480054718853e+01
8.10000000000000e+00	9.00514860716942e+01
8.11000000000000e+00	8.51687905068759e+01
8.12000000000000e+00	7.85008344382789e+01
8.13000000000000e+00	7.06657547518830e+01
8.14000000000000e+00	6.22851066147020e+01
8.15000000000000e+00	5.39010617243678e+01
8.16000000000000e+00	4.59211624344101e+01
8.17000000000000e+00	3.86120284591474e+01
8.18000000000000e+00	3.21155755608255e+01
8.19000000000000e+00	2.64768487788232e+01
8.20000000000000e+00	2.16780405805907e+01
8.21000000000000e+00	1.76644369078423e+01
8.22000000000000e+00	1.43602873595672e+01
8.23000000000000e+00	1.16806698351722e+01
8.24000000000000e+00	9.53790987794070e+00
8.25000000000000e+00	7.84647780821483e+00
8.26000000000000e+00	6.52522174937858e+00
8.27000000000000e+00	5.50090942056701e+00
8.28000000000000e+00	4.70960302711277e+00
8.29000000000000e+00	4.09719027680231e+00
8.30000000000000e+00	3.62001232402513e+00
8.31000000000000e+00	3.24290607489997e+00
8.32000000000000e+00	2.93896940546385e+00
8.33000000000000e+00	2.68786544955546e+00
8.34000000000000e+00	2.47462155939439e+00
8.35000000000000e+00	2.28847735802858e+00
8.36000000000000e+00	2.12203983912651e+00
8.37000000000000e+00	1.97036721245369e+00
8.38000000000000e+00	1.83035784904709e+00
8.39000000000000e+00	1.70029738520920e+00
8.40000000000000e+00	1.57958514184036e+00
8.41000000000000e+00	1.46834747070332e+00
8.42000000000000e+00	1.36750156072451e+00
8.43000000000000e+00	1.27867670231122e+00
8.44000000000000e+00	1.20420164149050e+00
8.45000000000000e+00	1.14712930828643e+00
8.46000000000000e+00	1.11127506744229e+00
8.47000000000000e+00	1.10132456775579e+00
8.48000000000000e+00	1.12296891673584e+00
8.49000000000000e+00	1.18329724350556e+00
8.50000000000000e+00	1.29119896669297e+00
8.51000000000000e+00	1.45803545435794e+00
8.52000000000000e+00	1.69822470002210e+00
8.53000000000000e+00	2.03013311849707e+00
8.54000000000000e+00	2.47661193220282e+00
8.55000000000000e+00	3.06543332670485e+00
8.56000000000000e+00	3.82922845102974e+00
8.57000000000000e+00	4.80458857404604e+00
8.58000000000000e+00	6.03010426376132e+00
8.59000000000000e+00	7.54272528010258e+00
8.60000000000000e+00	9.37258703164750e+00
8.61000000000000e+00	1.15354368513006e+01
8.62000000000000e+00	1.40241546270714e+01
8.63000000000000e+00	1.68016877547911e+01
8.64000000000000e+00	1.97951344338618e+01
8.65000000000000e+00	2.28954712463720e+01
8.66000000000000e+00	2.59645376112442e+01
8.67000000000000e+00	2.88465276536819e+01
8.68000000000000e+00	3.13887011045666e+01
8.69000000000000e+00	3.34572905295330e+01
8.70000000000000e+00	3.49569167099044e+01
8.71000000000000e+00	3.58367141524210e+01
8.72000000000000e+00	3.60946116071763e+01
8.73000000000000e+00	3.57683527448323e+01
8.74000000000000e+00	3.49270600915126e+01
8.75000000000000e+00	3.36572764449404e+01
8.76000000000000e+00	3.20556239827064e+01
8.77000000000000e+00	3.02157328735075e+01
8.78000000000000e+00	2.82307923504265e+01
8.79000000000000e+00	2.61835026276011e+01
8.80000000000000e+00	2.41491095863090e+01
8.81000000000000e+00	2.21906130223744e+01
8.82000000000000e+00	2.03573477022188e+01
8.83000000000000e+00	1.86841071625189e+01
8.84000000000000e+00	1.71898672242650e+01
8.85000000000000e+00	1.58808783472906e+01
8.86000000000000e+00	1.47497433732001e+01
8.87000000000000e+00	1.37819658959618e+01
8.88000000000000e+00	1.29564910446790e+01
8.89000000000000e+00	1.22507806568894e+01
8.90000000000000e+00	1.16421401869070e+01
8.91000000000000e+00	1.11101212727007e+01
8.92000000000000e+00	1.06360928742885e+01
8.93000000000000e+00	1.02065015382034e+01
8.94000000000000e+00	9.80934807746937e+00
8.95000000000000e+00	9.43688122896089e+00
8.96000000000000e+00	9.08281318197817e+00
8.97000000000000e+00	8.74385766762546e+00
8.98000000000000e+00	8.41833532761827e+00
8.99000000000000e+00	8.10716907752560e+00
9.00000000000000e+00	7.81411293614670e+00
9.01000000000000e+00	7.54561096659381e+00
9.02000000000000e+00	7.31068166149700e+00
9.03000000000000e+00	7.12075084293991e+00
9.04000000000000e+00	6.98883257941536e+00
9.05000000000000e+00	6.92825917717797e+00
9.06000000000000e+00	6.95203407353032e+00
9.07000000000000e+00	7.07045703662277e+00
9.08000000000000e+00	7.29102457042432e+00
9.09000000000000e+00	7.61591957376908e+00
9.10000000000000e+00	8.04181375022883e+00
9.11000000000000e+00	8.55934880051284e+00
9.12000000000000e+00	9.15330749208313e+00
9.13000000000000e+00	9.80388646751121e+00
9.14000000000000e+00	1.04883634862620e+01
9.15000000000000e+00	1.11824341832393e+01
9.16000000000000e+00	1.18635613498705e+01
9.17000000000000e+00	1.25116983370432e+01
9.18000000000000e+00	1.31108333563710e+01
9.19000000000000e+00	1.36500161296710e+01
9.20000000000000e+00	1.41233940719454e+01
9.21000000000000e+00	1.45289898434637e+01
9.22000000000000e+00	1.48686944682186e+01
9.23000000000000e+00	1.51466038307367e+01
9.24000000000000e+00	1.53679406374362e+01
9.25000000000000e+00	1.55377254557273e+01
9.26000000000000e+00	1.56603559732765e+01
9.27000000000000e+00	1.57399495486355e+01
9.28000000000000e+00	1.57790351297828e+01
9.29000000000000e+00	1.57798723434663e+01
9.30000000000000e+00	1.57437384358289e+01
9.31000000000000e+00	1.56721748060307e+01
9.32000000000000e+00	1.55668756664223e+01
9.33000000000000e+00	1.54299249831688e+01
9.34000000000000e+00	1.52643192855445e+01
9.35000000000000e+00	1.50739267149560e+01
9.36000000000000e+00	1.48631325149133e+01
9.37000000000000e+00	1.46375888258637e+01
9.38000000000000e+00	1.44032422934405e+01
9.39000000000000e+00	1.41667074689798e+01
9.40000000000000e+00	1.39344274077479e+01
9.41000000000000e+00	1.37123193247594e+01
9.42000000000000e+00	1.35062059030927e+01
9.43000000000000e+00	1.33204568527475e+01
9.44000000000000e+00	1.31589807958260e+01
9.45000000000000e+00	1.30235551480354e+01
9.46000000000000e+00	1.29161569549666e+01
9.47000000000000e+00	1.28365933563737e+01
9.48000000000000e+00	1.27848957694343e+01
9.49000000000000e+00	1.27596594041398e+01
9.50000000000000e+00	1.27595796864724e+01
9.51000000000000e+00	1.27823652562807e+01
9.52000000000000e+00	1.28245116721604e+01
9.53000000000000e+00	1.28819105436609e+01
9.54000000000000e+00	1.29496309906091e+01
9.55000000000000e+00	1.30223287280899e+01
9.56000000000000e+00	1.30952897833123e+01
9.57000000000000e+00	1.31655321027640e+01
9.58000000000000e+00	1.32316244538751e+01
9.59000000000000e+00	1.32936335364180e+01
9.60000000000000e+00	1.33526182815289e+01
9.61000000000000e+00	1.34087283257100e+01
9.62000000000000e+00	1.34618916643959e+01
9.63000000000000e+00	1.35109975341233e+01
9.64000000000000e+00	1.35540459901043e+01
9.65000000000000e+00	1.35902110112958e+01
9.66000000000000e+00	1.36190399514296e+01
9.67000000000000e+00	1.36412941627199e+01
9.68000000000000e+00	1.36576120721246e+01
9.69000000000000e+00	1.36697770939110e+01
9.70000000000000e+00	1.36790644947231e+01
9.71000000000000e+00	1.36866084746828e+01
9.72000000000000e+00	1.36933586649738e+01
9.73000000000000e+00	1.37002081279782e+01
9.74000000000000e+00	1.37077023776989e+01
9.75000000000000e+00	1.37163099494885e+01
9.76000000000000e+00	1.37259654504602e+01
9.77000000000000e+00	1.37370225196252e+01
9.78000000000000e+00	1.37493167802635e+01
9.79000000000000e+00	1.37633431765792e+01
9.80000000000000e+00	1.37784813177547e+01
9.81000000000000e+00	1.37952987761333e+01
9.82000000000000e+00	1.38137440799110e+01
9.83000000000000e+00	1.38336231204216e+01
9.84000000000000e+00	1.38544440746672e+01
9.85000000000000e+00	1.38762523427269e+01
9.86000000000000e+00	1.38983540831278e+01
9.87000000000000e+00	1.39209308756588e+01
9.88000000000000e+00	1.39460513140946e+01
9.89000000000000e+00	1.39798210885268e+01
9.90000000000000e+00	1.40381282970055e+01
9.91000000000000e+00	1.41577395282793e+01
9.92000000000000e+00	1.44109647830157e+01
9.93000000000000e+00	1.49312686929797e+01
9.94000000000000e+00	1.59471742643791e+01
9.95000000000000e+00	1.78544556962549e+01
9.96000000000000e+00	2.13739839230787e+01
9.97000000000000e+00	2.79356232410073e+01
9.98000000000000e+00	4.06611770785683e+01
9.99000000000000e+00	6.70118903596174e+01
1.00000000000000e+01	1.26569200921715e+02
1.00100000000000e+01	2.73239586966457e+02
1.00200000000000e+01	5.97256975907923e+02
1.00300000000000e+01	7.45993714152635e+02
1.00400000000000e+01	3.46353879722647e+02
1.00500000000000e+01	1.17123739271432e+02
1.00600000000000e+01	4.17538636229305e+01
1.00700000000000e+01	1.66647423126088e+01
1.00800000000000e+01	7.41391246619191e+00
1.00900000000000e+01	3.61778957972134e+00
1.01000000000000e+01	1.90553719323856e+00
1.01100000000000e+01	1.06886353235429e+00
1.01200000000000e+01	6.31678521717419e-01
1.01300000000000e+01	3.90029511262731e-01
1.01400000000000e+01	2.49930888718153e-01
1.01500000000000e+01	1.65334081098238e-01
1.01600000000000e+01	1.12426322657424e-01
1.01700000000000e+01	7.83094688984763e-02
1.01800000000000e+01	5.57145580668311e-02
1.01900000000000e+01	4.03901795646511e-02
1.02000000000000e+01	2.97766622181638e-02
1.02100000000000e+01	2.22853856181124e-02
1.02200000000000e+01	1.69072752677258e-02
1.02300000000000e+01	1.29865129806788e-02
1.02400000000000e+01	1.00878834380140e-02
1.02500000000000e+01	7.91758201384951e-03
1.02600000000000e+01	6.27345002971265e-03
1.02700000000000e+01	5.01435795687387e-03
1.02800000000000e+01	4.04057518875445e-03
1.02900000000000e+01	3.28059885711917e-03
1.03000000000000e+01	2.68224480572846e-03
1.03100000000000e+01	2.20746244279299e-03
1.03200000000000e+01	1.82792429138636e-03
1.03300000000000e+01	1.52235514073587e-03
1.03400000000000e+01	1.27478021074968e-03
1.03500000000000e+01	1.07291899106527e-03
1.03600000000000e+01	9.07364144198118e-04
1.03700000000000e+01	7.70842522558486e-04
1.03800000000000e+01	6.57681090382108e-04
1.03900000000000e+01	5.63413287049715e-04
1.04000000000000e+01	4.84519775128934e-04
1.04100000000000e+01	4.18191121013596e-04
1.04200000000000e+01	3.62193291310183e-04
1.04300000000000e+01	3.14729761390395e-04
1.04400000000000e+01	2.74344272865964e-04
1.04500000000000e+01	2.39856204910172e-04
1.04600000000000e+01	2.10305926562484e-04
1.04700000000000e+01	1.84899930449256e-04
1.04800000000000e+01	1.62988444262857e-04
1.04900000000000e+01	1.44035530603105e-04
1.05000000000000e+01	1.27595944334058e-04
1.05100000000000e+01	1.13295873118396e-04
1.05200000000000e+01	1.00825897785955e-04
1.05300000000000e+01	8.99214740074600e-05
1.05400000000000e+01	8.03622546574308e-05
1.05500000000000e+01	7.19662427351950e-05
1.05600000000000e+01	6.45713687176105e-05
1.05700000000000e+01	5.80455681591390e-05
1.05800000000000e+01	5.22735437654775e-05
1.05900000000000e+01	4.71584245906605e-05
1.06000000000000e+01	4.26146953878092e-05
1.06100000000000e+01	3.85721467679883e-05
1.06200000000000e+01	3.49680176618642e-05
1.06300000000000e+01	3.17493421184183e-05
1.06400000000000e+01	2.88687038835659e-05
1.06500000000000e+01	2.62870868054028e-05
1.06600000000000e+01	2.39691600197617e-05
1.06700000000000e+01	2.18849733541151e-05
1.06800000000000e+01	2.00071905331580e-05
1.06900000000000e+01	1.83135611582326e-05
1.07000000000000e+01	1.67832960810182e-05
1.07100000000000e+01	1.53990265975224e-05
1.07200000000000e+01	1.41445945924788e-05
1.07300000000000e+01	1.30067807094411e-05
1.07400000000000e+01	1.19732117384247e-05
1.07500000000000e+01	1.10333273297785e-05
1.07600000000000e+01	1.01774196010544e-05
1.07700000000000e+01	9.39732505000928e-06
1.07800000000000e+01	8.68550643644992e-06
1.07900000000000e+01	8.03541056912422e-06
1.08000000000000e+01	7.44082353502945e-06
1.08100000000000e+01	6.89668662310535e-06
1.08200000000000e+01	6.39813481742433e-06
1.08300000000000e+01	5.94089325135858e-06
1.08400000000000e+01	5.52121417242720e-06
1.08500000000000e+01	5.13541102204329e-06
1.08600000000000e+01	4.78061241899677e-06
1.08700000000000e+01	4.45400272903665e-06
1.08800000000000e+01	4.15286717546956e-06
1.08900000000000e+01	3.87508978165214e-06
1.09000000000000e+01	3.61855398375334e-06
1.09100000000000e+01	3.38141071833386e-06
1.09200000000000e+01	3.16198619190429e-06
1.09300000000000e+01	2.95881213227245e-06
1.09400000000000e+01	2.77044808080830e-06
1.09500000000000e+01	2.59569696014058e-06
1.09600000000000e+01	2.43339876399178e-06
1.09700000000000e+01	2.28261825228035e-06
1.09800000000000e+01	2.14230734867008e-06
1.09900000000000e+01	2.01173723467425e-06
1.10000000000000e+01	1.89014749231596e-06
1.10100000000000e+01	1.77677238961926e-06
1.10200000000000e+01	1.67106787118952e-06
1.10300000000000e+01	1.57243840436029e-06
1.10400000000000e+01	1.48036467757239e-06
1.10500000000000e+01	1.39438183366377e-06
1.10600000000000e+01	1.31410450885395e-06
1.10700000000000e+01	1.23908622327384e-06
1.10800000000000e+01	1.16897248746146e-06
1.10900000000000e+01	1.10343014755213e-06
1.11000000000000e+01	1.04215693801467e-06
1.11100000000000e+01	9.84836002021216e-07
1.11200000000000e+01	9.31188707359765e-07
1.11300000000000e+01	8.80963860966586e-07
1.11400000000000e+01	8.33916313129033e-07
1.11500000000000e+01	7.89815648267901e-07
1.11600000000000e+01	7.48447305691860e-07
1.11700000000000e+01	7.09622982092767e-07
1.11800000000000e+01	6.73152044996017e-07
1.11900000000000e+01	6.38867345888061e-07
1.12000000000000e+01	6.06611745028609e-07
1.12100000000000e+01	5.76247596538175e-07
1.12200000000000e+01	5.47642004889879e-07
1.12300000000000e+01	5.20673917873500e-07
1.12400000000000e+01	4.95229759252623e-07
1.12500000000000e+01	4.71216328447186e-07
1.12600000000000e+01	4.48534896137984e-07
1.12700000000000e+01	4.27102761565582e-07
1.12800000000000e+01	4.06841173962063e-07
1.12900000000000e+01	3.87675031935474e-07
1.13000000000000e+01	3.69540469094205e-07
1.13100000000000e+01	3.52371766001162e-07
1.13200000000000e+01	3.36109351816670e-07
1.13300000000000e+01	3.20704082018683e-07
1.13400000000000e+01	3.06098638810082e-07
1.13500000000000e+01	2.92250674703791e-07
1.13600000000000e+01	2.79112008149749e-07
1.13700000000000e+01	2.66639827435171e-07
1.13800000000000e+01	2.54800600583863e-07
1.13900000000000e+01	2.43552880730809e-07
1.14000000000000e+01	2.32865648055725e-07
1.14100000000000e+01	2.22707611851362e-07
1.14200000000000e+01	2.13046559817169e-07
1.14300000000000e+01	2.03858681688274e-07
1.14400000000000e+01	1.95116562186766e-07
1.14500000000000e+01	1.86797563881666e-07
1.14600000000000e+01	1.78877535469704e-07
1.14700000000000e+01	1.71335202089930e-07
1.14800000000000e+01	1.64150168238302e-07
1.14900000000000e+01	1.57304013890273e-07
1.15000000000000e+01	1.50779475597983e-07
1.15100000000000e+01	1.44557812182419e-07
1.15200000000000e+01	1.38623935186590e-07
1.15300000000000e+01	1.32963712608321e-07
1.15400000000000e+01	1.27561926486877e-07
1.15500000000000e+01	1.22407914845995e-07
1.15600000000000e+01	1.17488567654333e-07
1.15700000000000e+01	1.12793301079456e-07
1.15800000000000e+01	1.08313102292814e-07
1.15900000000000e+01	1.04036858075190e-07
1.16000000000000e+01	9.99556464686287e-08
1.16100000000000e+01	9.60621849707273e-08
1.16200000000000e+01	9.23464084715864e-08
1.16300000000000e+01	8.88009552274655e-08
1.16400000000000e+01	8.54163537161292e-08
1.16500000000000e+01	8.21853953813210e-08
1.16600000000000e+01	7.90994910219675e-08
1.16700000000000e+01	7.61510125882109e-08
1.16800000000000e+01	7.33314244326963e-08
1.16900000000000e+01	7.06334789468596e-08
1.17000000000000e+01	6.80501753512672e-08
1.17100000000000e+01	6.55747233050459e-08
1.17200000000000e+01	6.32007763955937e-08
1.17300000000000e+01	6.09223555131973e-08
1.17400000000000e+01	5.87342010552330e-08
1.17500000000000e+01	5.66319023652340e-08
1.17600000000000e+01	5.46111924295082e-08
1.17700000000000e+01	5.26679602979700e-08
1.17800000000000e+01	5.08001427341439e-08
1.17900000000000e+01	4.90039147351754e-08
1.18000000000000e+01	4.72772317325936e-08
1.18100000000000e+01	4.56177249502262e-08
1.18200000000000e+01	4.40233121229111e-08
1.18300000000000e+01	4.24917113760137e-08
1.18400000000000e+01	4.10210164030010e-08
1.18500000000000e+01	3.96089730153243e-08
1.18600000000000e+01	3.82533824146484e-08
1.18700000000000e+01	3.69522473864233e-08
1.18800000000000e+01	3.57030964351595e-08
1.18900000000000e+01	3.45037594281859e-08
1.19000000000000e+01	3.33520236921622e-08
1.19100000000000e+01	3.22456471077190e-08
1.19200000000000e+01	3.11823964620826e-08
1.19300000000000e+01	3.01603115534658e-08
1.19400000000000e+01	2.91771315019436e-08
1.19500000000000e+01	2.82310525847389e-08
1.19600000000000e+01	2.73203068261535e-08
1.19700000000000e+01	2.64431082729939e-08
1.19800000000000e+01	2.55976800546401e-08
1.19900000000000e+01	2.47826596989862e-08
1.20000000000000e+01	2.39962934797656e-08
1.20100000000000e+01	2.32376309367095e-08
1.20200000000000e+01	2.25053841823495e-08
1.20300000000000e+01	2.17984902189439e-08
1.20400000000000e+01	2.11159909376206e-08
1.20500000000000e+01	2.04568996470808e-08
1.20600000000000e+01	1.98206799595832e-08
1.20700000000000e+01	1.92063896972003e-08
1.20800000000000e+01	1.86135013219576e-08
1.20900000000000e+01	1.80413606405645e-08
1.21000000000000e+01	1.74894864097836e-08
1.21100000000000e+01	1.69573026131792e-08
1.21200000000000e+01	1.64441853260928e-08
1.21300000000000e+01	1.59494079768442e-08
1.21400000000000e+01	1.54725990248137e-08
1.21500000000000e+01	1.50130246180739e-08
1.21600000000000e+01	1.45698959301502e-08
1.21700000000000e+01	1.41426528710448e-08
1.21800000000000e+01	1.37304651464807e-08
1.21900000000000e+01	1.33327935679831e-08
1.22000000000000e+01	1.29488321211092e-08
1.22100000000000e+01	1.25779867276995e-08
1.22200000000000e+01	1.22195039404450e-08
1.22300000000000e+01	1.18727886501174e-08
1.22400000000000e+01	1.15372000085083e-08
1.22500000000000e+01	1.12122727682289e-08
1.22600000000000e+01	1.08974621425159e-08
1.22700000000000e+01	1.05922871992503e-08
1.22800000000000e+01	1.02961458135670e-08
1.22900000000000e+01	1.00088455084043e-08
1.23000000000000e+01	9.72977622208769e-09
1.23100000000000e+01	9.45869576410655e-09
1.23200000000000e+01	9.19523997716553e-09
1.23300000000000e+01	8.93904567997808e-09
1.23400000000000e+01	8.68993220830872e-09
1.23500000000000e+01	8.44767947066762e-09
1.23600000000000e+01	8.21203753696105e-09
1.23700000000000e+01	7.98288429687813e-09
1.23800000000000e+01	7.75998656370222e-09
1.23900000000000e+01	7.54338829667648e-09
1.24000000000000e+01	7.33283551149022e-09
1.24100000000000e+01	7.12839280073712e-09
1.24200000000000e+01	6.92985412832007e-09
1.24300000000000e+01	6.73712464531386e-09
1.24400000000000e+01	6.55022687254842e-09
1.24500000000000e+01	6.36890903873725e-09
1.24600000000000e+01	6.19308349939654e-09
1.24700000000000e+01	6.02260569442329e-09
1.24800000000000e+01	5.85734801330474e-09
1.24900000000000e+01	5.69709565717820e-09
1.25000000000000e+01	5.54180148347899e-09
1.25100000000000e+01	5.39126283756353e-09
1.25200000000000e+01	5.24530827600454e-09
1.25300000000000e+01	5.10382384328358e-09
1.25400000000000e+01	4.96674356370732e-09
1.25500000000000e+01	4.83383938032706e-09
1.25600000000000e+01	4.70507846896169e-09
1.25700000000000e+01	4.58028446842100e-09
1.25800000000000e+01	4.45938131187006e-09
1.25900000000000e+01	4.34222008092685e-09
1.26000000000000e+01	4.22866875810636e-09
1.26100000000000e+01	4.11859982414282e-09
1.26200000000000e+01	4.01191607598437e-09
1.26300000000000e+01	3.90845633612639e-09
1.26400000000000e+01	3.80807758008328e-09
1.26500000000000e+01	3.71071612816916e-09
1.26600000000000e+01	3.61626240874775e-09
1.26700000000000e+01	3.52456404215568e-09
1.26800000000000e+01	3.43555109214554e-09
1.26900000000000e+01	3.34915195660571e-09
1.27000000000000e+01	3.26528004683036e-09
1.27100000000000e+01	3.18388783592405e-09
1.27200000000000e+01	3.10488305774963e-09
1.27300000000000e+01	3.02819660579398e-09
1.27400000000000e+01	2.95380831260194e-09
1.27500000000000e+01	2.88161991481206e-09
1.27600000000000e+01	2.81159465474872e-09
1.27700000000000e+01	2.74364557116232e-09
1.27800000000000e+01	2.67772426131369e-09
1.27900000000000e+01	2.61374072133227e-09
1.28000000000000e+01	2.55163339775809e-09
1.28100000000000e+01	2.49132784232375e-09
1.28200000000000e+01	2.43277885470054e-09
1.28300000000000e+01	2.37588599244029e-09
1.28400000000000e+01	2.32060809188782e-09
1.28500000000000e+01	2.26690107745534e-09
1.28600000000000e+01	2.21467096790555e-09
1.28700000000000e+01	2.16391240703285e-09
1.28800000000000e+01	2.11453278576345e-09
1.28900000000000e+01	2.06651719504744e-09
1.29000000000000e+01	2.01979959667161e-09
1.29100000000000e+01	1.97435514084713e-09
1.29200000000000e+01	1.93012950825546e-09
1.29300000000000e+01	1.88710008333303e-09
1.29400000000000e+01	1.84520096033983e-09
1.29500000000000e+01	1.80442597036164e-09
1.29600000000000e+01	1.76469359997225e-09
1.29700000000000e+01	1.72601974689516e-09
1.29800000000000e+01	1.68832620277271e-09
1.29900000000000e+01	1.65162261485887e-09
1.30000000000000e+01	1.61583904861774e-09
1.30100000000000e+01	1.58098684098025e-09
1.30200000000000e+01	1.54702243654072e-09
1.30300000000000e+01	1.51393080045584e-09
1.30400000000000e+01	1.48167713322040e-09
1.30500000000000e+01	1.45023980078669e-09
1.30600000000000e+01	1.41958878363270e-09
1.30700000000000e+01	1.38968988438024e-09
1.30800000000000e+01	1.36051580100463e-09
1.30900000000000e+01	1.33204156194879e-09
1.31000000000000e+01	1.30422145311619e-09
1.31100000000000e+01	1.27705058799784e-09
1.31200000000000e+01	1.25046920840535e-09
1.31300000000000e+01	1.22446949340668e-09
1.31400000000000e+01	1.19902341738852e-09
1.31500000000000e+01	1.17411585084399e-09
1.31600000000000e+01	1.14974218552183e-09
1.31700000000000e+01	1.12588082110023e-09
1.31800000000000e+01	1.10252265321107e-09
1.31900000000000e+01	1.07967958637949e-09
1.32000000000000e+01	1.05732936435898e-09
1.32100000000000e+01	1.03547122205304e-09
1.32200000000000e+01	1.01410610231658e-09
1.32300000000000e+01	9.93215696965927e-10
1.32400000000000e+01	9.72799471122350e-10
1.32500000000000e+01	9.52837503810190e-10
1.32600000000000e+01	9.33307338040374e-10
1.32700000000000e+01	9.14212938484997e-10
1.32800000000000e+01	8.95531124674313e-10
1.32900000000000e+01	8.77251203377494e-10
1.33000000000000e+01	8.59361592371184e-10
1.33100000000000e+01	8.41851279208967e-10
1.33200000000000e+01	8.24719336072383e-10
1.33300000000000e+01	8.07950062666116e-10
1.33400000000000e+01	7.91552314756908e-10
1.33500000000000e+01	7.75518607322325e-10
1.33600000000000e+01	7.59840221637577e-10
1.33700000000000e+01	7.44516434632010e-10
1.33800000000000e+01	7.29552562522634e-10
1.33900000000000e+01	7.14938549119884e-10
1.34000000000000e+01	7.00664476743532e-10
1.34100000000000e+01	6.86726902527105e-10
1.34200000000000e+01	6.73123189182125e-10
1.34300000000000e+01	6.59835744878254e-10
1.34400000000000e+01	6.46861973470449e-10
1.34500000000000e+01	6.34192379065301e-10
1.34600000000000e+01	6.21812133641832e-10
1.34700000000000e+01	6.09712675561739e-10
1.34800000000000e+01	5.97892320308919e-10
1.34900000000000e+01	5.86330607980266e-10
1.35000000000000e+01	5.75028021513904e-10
1.35100000000000e+01	5.63964511674166e-10
1.35200000000000e+01	5.53140883318252e-10
1.35300000000000e+01	5.42544868185148e-10
1.35400000000000e+01	5.32169743663966e-10
1.35500000000000e+01	5.22001821302683e-10
1.35600000000000e+01	5.12041488568607e-10
1.35700000000000e+01	5.02271664775768e-10
1.35800000000000e+01	4.92697361961088e-10
1.35900000000000e+01	4.83296831972779e-10
1.36000000000000e+01	4.74079702041486e-10
1.36100000000000e+01	4.65030735147253e-10
1.36200000000000e+01	4.56149599852365e-10
1.36300000000000e+01	4.47428640388034e-10
1.36400000000000e+01	4.38870973017334e-10
1.36500000000000e+01	4.30474229389685e-10
1.36600000000000e+01	4.22232342329553e-10
1.36700000000000e+01	4.14147319726703e-10
1.36800000000000e+01	4.06221528206476e-10
1.36900000000000e+01	3.98451654613955e-10
1.37000000000000e+01	3.90837273386101e-10
1.37100000000000e+01	3.83381481720714e-10
1.37200000000000e+01	3.76082091251432e-10
1.37300000000000e+01	3.68947583412095e-10
1.37400000000000e+01	3.61970060456591e-10
1.37500000000000e+01	3.55156460317068e-10
1.37600000000000e+01	3.48501753397037e-10
1.37700000000000e+01	3.42004459950860e-10
1.37800000000000e+01	3.35662586746125e-10
1.37900000000000e+01	3.29471560121946e-10
1.38000000000000e+01	3.23433443172281e-10
1.38100000000000e+01	3.17536063583016e-10
1.38200000000000e+01	3.11778138388151e-10
1.38300000000000e+01	3.06151731474691e-10
1.38400000000000e+01	3.00653411045982e-10
1.38500000000000e+01	2.95277849359260e-10
1.38600000000000e+01	2.90016850921135e-10
1.38700000000000e+01	2.84867024693550e-10
1.38800000000000e+01	2.79828556956332e-10
1.38900000000000e+01	2.74890023545423e-10
1.39000000000000e+01	2.70048479108413e-10
1.39100000000000e+01	2.65305212582653e-10
1.39200000000000e+01	2.60652524759889e-10
1.39300000000000e+01	2.56088801172233e-10
1.39400000000000e+01	2.51612303991707e-10
1.39500000000000e+01	2.47220218095683e-10
1.39600000000000e+01	2.42907637225456e-10
1.39700000000000e+01	2.38674230725492e-10
1.39800000000000e+01	2.34518666751160e-10
1.39900000000000e+01	2.30438530406705e-10
1.40000000000000e+01	2.26433825223188e-10
1.40100000000000e+01	2.22501374216341e-10
1.40200000000000e+01	2.18640389499596e-10
1.40300000000000e+01	2.14851720281670e-10
1.40400000000000e+01	2.11136054035003e-10
1.40500000000000e+01	2.07490931679485e-10
1.40600000000000e+01	2.03915752808075e-10
1.40700000000000e+01	2.00411386270854e-10
1.40800000000000e+01	1.96977320706187e-10
1.40900000000000e+01	1.93610720927297e-10
1.41000000000000e+01	1.90312159797127e-10
1.41100000000000e+01	1.87079628522602e-10
1.41200000000000e+01	1.83911943835817e-10
1.41300000000000e+01	1.80806724866456e-10
1.41400000000000e+01	1.77762427179649e-10
1.41500000000000e+01	1.74773054557775e-10
1.41600000000000e+01	1.71840059506065e-10
1.41700000000000e+01	1.68958125002469e-10
1.41800000000000e+01	1.66126485218065e-10
1.41900000000000e+01	1.63342144785441e-10
1.42000000000000e+01	1.60603035470132e-10
1.42100000000000e+01	1.57908807665313e-10
1.42200000000000e+01	1.55260299588847e-10
1.42300000000000e+01	1.52654606610802e-10
1.42400000000000e+01	1.50091882876255e-10
1.42500000000000e+01	1.47574393625052e-10
1.42600000000000e+01	1.45099158266660e-10
1.42700000000000e+01	1.42669284668502e-10
1.42800000000000e+01	1.40285116037223e-10
1.42900000000000e+01	1.37944819140661e-10
1.43000000000000e+01	1.35649289448357e-10
1.43100000000000e+01	1.33398905536010e-10
1.43200000000000e+01	1.31189864667853e-10
1.43300000000000e+01	1.29024862101845e-10
1.43400000000000e+01	1.26900721647233e-10
1.43500000000000e+01	1.24818403136991e-10
1.43600000000000e+01	1.22775519332354e-10
1.43700000000000e+01	1.20769398014139e-10
1.43800000000000e+01	1.18802471098295e-10
1.43900000000000e+01	1.16872586746456e-10
1.44000000000000e+01	1.14979863558593e-10
1.44100000000000e+01	1.13121393934445e-10
1.44200000000000e+01	1.11298703752344e-10
1.44300000000000e+01	1.09510350072316e-10
1.44400000000000e+01	1.07757192729848e-10
1.44500000000000e+01	1.06036896096037e-10
1.44600000000000e+01	1.04350022177193e-10
1.44700000000000e+01	1.02695835882202e-10
1.44800000000000e+01	1.01072552430326e-10
1.44900000000000e+01	9.94812312673627e-11
1.45000000000000e+01	9.79195558518278e-11
1.45100000000000e+01	9.63882009065246e-11
1.45200000000000e+01	9.48850370759477e-11
1.45300000000000e+01	9.34097639159337e-11
1.45400000000000e+01	9.19628252673435e-11
1.45500000000000e+01	9.05411364893804e-11
1.45600000000000e+01	8.91454703499389e-11
1.45700000000000e+01	8.77750840878326e-11
1.45800000000000e+01	8.64276451826087e-11
1.45900000000000e+01	8.51057349268255e-11
1.46000000000000e+01	8.38052593778438e-11
1.46100000000000e+01	8.25266478148005e-11
1.46200000000000e+01	8.12710145621376e-11
1.46300000000000e+01	8.00352799482123e-11
1.46400000000000e+01	7.88208236346468e-11
1.46500000000000e+01	7.76274977699559e-11
1.46600000000000e+01	7.64528875605299e-11
1.46700000000000e+01	7.52987888835623e-11
1.46800000000000e+01	7.41645547494739e-11
1.46900000000000e+01	7.30500434378596e-11
1.47000000000000e+01	7.19547288926613e-11
1.47100000000000e+01	7.08784543160871e-11
1.47200000000000e+01	6.98205494022342e-11
1.47300000000000e+01	6.87816594532365e-11
1.47400000000000e+01	6.77611994526275e-11
1.47500000000000e+01	6.67589456186194e-11
1.47600000000000e+01	6.57744337513071e-11
1.47700000000000e+01	6.48068308440784e-11
1.47800000000000e+01	6.38555531063363e-11
1.47900000000000e+01	6.29207322325688e-11
1.48000000000000e+01	6.20010946998943e-11
1.48100000000000e+01	6.10958358347167e-11
1.48200000000000e+01	6.02060696938993e-11
1.48300000000000e+01	5.93293930001201e-11
1.48400000000000e+01	5.84661304375437e-11
1.48500000000000e+01	5.76163682696770e-11
1.48600000000000e+01	5.67789781080531e-11
1.48700000000000e+01	5.59538195420290e-11
1.48800000000000e+01	5.51410618712068e-11
1.48900000000000e+01	5.43394083988431e-11
1.49000000000000e+01	5.35504651018200e-11
1.49100000000000e+01	5.27724479752911e-11
1.49200000000000e+01	5.20062125673074e-11
1.49300000000000e+01	5.12515260404074e-11
1.49400000000000e+01	5.05079126676939e-11
1.49500000000000e+01	4.97757709071657e-11
1.49600000000000e+01	4.90550457063345e-11
1.49700000000000e+01	4.83458510669017e-11
1.49800000000000e+01	4.76480118487314e-11
1.49900000000000e+01	4.69617499331350e-11
1.50000000000000e+01	4.62862867874128e-11
1.50100000000000e+01	4.56227283838689e-11
1.50200000000000e+01	4.49694001521549e-11
1.50300000000000e+01	4.43273820957355e-11
1.50400000000000e+01	4.36964491826817e-11
1.50500000000000e+01	4.30758320817574e-11
1.50600000000000e+01	4.24656600430679e-11
1.50700000000000e+01	4.18652242440523e-11
1.50800000000000e+01	4.12742133664259e-11
1.50900000000000e+01	4.06931943814103e-11
1.51000000000000e+01	4.01208822738576e-11
1.51100000000000e+01	3.95573233072716e-11
1.51200000000000e+01	3.90026937708947e-11
1.51300000000000e+01	3.84557859496352e-11
1.51400000000000e+01	3.79173829460963e-11
1.51500000000000e+01	3.73864080663640e-11
1.51600000000000e+01	3.68627240416026e-11
1.51700000000000e+01	3.63468474026524e-11
1.51800000000000e+01	3.58387345744150e-11
1.51900000000000e+01	3.53375113763159e-11
1.52000000000000e+01	3.48438026888612e-11
1.52100000000000e+01	3.43574864174156e-11
1.52200000000000e+01	3.38787333658199e-11
1.52300000000000e+01	3.34069352266269e-11
1.52400000000000e+01	3.29419504074465e-11
1.52500000000000e+01	3.24841011652082e-11
1.52600000000000e+01	3.20327256217267e-11
1.52700000000000e+01	3.15876499009022e-11
1.52800000000000e+01	3.11487652739786e-11
1.52900000000000e+01	3.07150904439472e-11
1.53000000000000e+01	3.02865429841453e-11
1.53100000000000e+01	2.98620890761914e-11
1.53200000000000e+01	2.94419171453702e-11
1.53300000000000e+01	2.90256110902318e-11
1.53400000000000e+01	2.86118856718121e-11
1.53500000000000e+01	2.82010888558194e-11
1.53600000000000e+01	2.77932962308058e-11
1.53700000000000e+01	2.73873868224450e-11
1.53800000000000e+01	2.69837693457150e-11
1.53900000000000e+01	2.65825930865817e-11
1.54000000000000e+01	2.61838264679235e-11
1.54100000000000e+01	2.57879186739049e-11
1.54200000000000e+01	2.53948044804638e-11
1.54300000000000e+01	2.50053767334269e-11
1.54400000000000e+01	2.46199196505864e-11
1.54500000000000e+01	2.42391475226324e-11
1.54600000000000e+01	2.38634710946374e-11
1.54700000000000e+01	2.34943216565325e-11
1.54800000000000e+01	2.31314533773884e-11
1.54900000000000e+01	2.27762209354323e-11
1.55000000000000e+01	2.24290106822698e-11
1.55100000000000e+01	2.20905826910073e-11
1.55200000000000e+01	2.17613540087987e-11
1.55300000000000e+01	2.14417258448417e-11
1.55400000000000e+01	2.11312409167024e-11
1.55500000000000e+01	2.08306544699671e-11
1.55600000000000e+01	2.05391165055656e-11
1.55700000000000e+01	2.02564211504680e-11
1.55800000000000e+01	1.99824228882885e-11
1.55900000000000e+01	1.97162391974711e-11
1.56000000000000e+01	1.94568475304370e-11
1.56100000000000e+01	1.92043534308948e-11
1.56200000000000e+01	1.89574713529469e-11
1.56300000000000e+01	1.87158574649998e-11
1.56400000000000e+01	1.84787696841545e-11
1.56500000000000e+01	1.82455063627845e-11
1.56600000000000e+01	1.80155121550401e-11
1.56700000000000e+01	1.77885305994998e-11
1.56800000000000e+01	1.75641196635647e-11
1.56900000000000e+01	1.73420032603515e-11
1.57000000000000e+01	1.71217454250188e-11
1.57100000000000e+01	1.69031669734155e-11
1.57200000000000e+01	1.66863364251213e-11
1.57300000000000e+01	1.64711698042018e-11
1.57400000000000e+01	1.62574533062422e-11
1.57500000000000e+01	1.60454835461141e-11
1.57600000000000e+01	1.58351282910367e-11
1.57700000000000e+01	1.56264813340812e-11
1.57800000000000e+01	1.54198563474197e-11
1.57900000000000e+01	1.52156868851770e-11
1.58000000000000e+01	1.50137778903657e-11
1.58100000000000e+01	1.48145578531683e-11
1.58200000000000e+01	1.46182230048246e-11
1.58300000000000e+01	1.44252033983641e-11
1.58400000000000e+01	1.42355347079339e-11
1.58500000000000e+01	1.40494088490383e-11
1.58600000000000e+01	1.38671089009743e-11
1.58700000000000e+01	1.36884618158187e-11
1.58800000000000e+01	1.35136098883890e-11
1.58900000000000e+01	1.33426799153732e-11
1.59000000000000e+01	1.31754527642057e-11
1.59100000000000e+01	1.30118457426863e-11
1.59200000000000e+01	1.28516681357585e-11
1.59300000000000e+01	1.26947412687430e-11
1.59400000000000e+01	1.25410136383524e-11
1.59500000000000e+01	1.23899326790098e-11
1.59600000000000e+01	1.22413572256277e-11
1.59700000000000e+01	1.20953042093606e-11
1.59800000000000e+01	1.19514722447462e-11
1.59900000000000e+01	1.18094530334575e-11
1.60000000000000e+01	1.16695594046550e-11
1.60100000000000e+01	1.15312705742859e-11
1.60200000000000e+01	1.13947655696450e-11
1.60300000000000e+01	1.12598912382864e-11
1.60400000000000e+01	1.11265752826131e-11
1.60500000000000e+01	1.09948692232028e-11
1.60600000000000e+01	1.08647601880360e-11
1.60700000000000e+01	1.07360590669946e-11
1.60800000000000e+01	1.06087621998060e-11
1.60900000000000e+01	1.04830325178401e-11
1.61000000000000e+01	1.03588407602442e-11
1.61100000000000e+01	1.02360147612831e-11
1.61200000000000e+01	1.01147321433124e-11
1.61300000000000e+01	9.99483454501620e-12
1.61400000000000e+01	9.87657740570795e-12
1.61500000000000e+01	9.75975381307317e-12
1.61600000000000e+01	9.64430611286245e-12
1.61700000000000e+01	9.53044060732362e-12
1.61800000000000e+01	9.41801752177085e-12
1.61900000000000e+01	9.30728858914978e-12
1.62000000000000e+01	9.19796499688561e-12
1.62100000000000e+01	9.09042700864539e-12
1.62200000000000e+01	8.98437705571516e-12
1.62300000000000e+01	8.88007729936761e-12
1.62400000000000e+01	8.77743377713389e-12
1.62500000000000e+01	8.67654747270420e-12
1.62600000000000e+01	8.57728314267340e-12
1.62700000000000e+01	8.47964676101811e-12
1.62800000000000e+01	8.38367798228976e-12
1.62900000000000e+01	8.28927651092094e-12
1.63000000000000e+01	8.19639873113242e-12
1.63100000000000e+01	8.10471662073044e-12
1.63200000000000e+01	8.01452180061273e-12
1.63300000000000e+01	7.92536211578627e-12
1.63400000000000e+01	7.83722128343815e-12
1.63500000000000e+01	7.75007934293280e-12
1.63600000000000e+01	7.66368773615872e-12
1.63700000000000e+01	7.57792176562561e-12
1.63800000000000e+01	7.49279386489183e-12
1.63900000000000e+01	7.40796303062281e-12
1.64000000000000e+01	7.32359808770508e-12
1.64100000000000e+01	7.23944863829447e-12
1.64200000000000e+01	7.15556886175241e-12
1.64300000000000e+01	7.07189670693715e-12
1.64400000000000e+01	6.98851326910298e-12
1.64500000000000e+01	6.90527903982481e-12
1.64600000000000e+01	6.82239088569540e-12
1.64700000000000e+01	6.74001459712109e-12
1.64800000000000e+01	6.65801974403110e-12
1.64900000000000e+01	6.57676844427518e-12
1.65000000000000e+01	6.49640976512964e-12
1.65100000000000e+01	6.41679123370381e-12
1.65200000000000e+01	6.33822411033042e-12
1.65300000000000e+01	6.26082768492717e-12
1.65400000000000e+01	6.18460845812049e-12
1.65500000000000e+01	6.10966940385529e-12
1.65600000000000e+01	6.03609902573948e-12
1.65700000000000e+01	5.96378773906475e-12
1.65800000000000e+01	5.89285619071402e-12
1.65900000000000e+01	5.82330037779972e-12
1.66000000000000e+01	5.75518595113025e-12
1.66100000000000e+01	5.68829760998314e-12
1.66200000000000e+01	5.62279987180502e-12
1.66300000000000e+01	5.55851103790141e-12
1.66400000000000e+01	5.49551144249297e-12
1.66500000000000e+01	5.43370210392269e-12
1.66600000000000e+01	5.37308807424605e-12
1.66700000000000e+01	5.31357627724340e-12
1.66800000000000e+01	5.25522174561641e-12
1.66900000000000e+01	5.19783243752687e-12
1.67000000000000e+01	5.14145951312479e-12
1.67100000000000e+01	5.08600310426785e-12
1.67200000000000e+01	5.03151595780293e-12
1.67300000000000e+01	4.97781574020230e-12
1.67400000000000e+01	4.92488757046817e-12
1.67500000000000e+01	4.87272106147859e-12
1.67600000000000e+01	4.82121608377803e-12
1.67700000000000e+01	4.77026819357354e-12
1.67800000000000e+01	4.71991450367976e-12
1.67900000000000e+01	4.67012981558538e-12
1.68000000000000e+01	4.62074240094072e-12
1.68100000000000e+01	4.57179185839374e-12
1.68200000000000e+01	4.52332015737946e-12
1.68300000000000e+01	4.47522731418256e-12
1.68400000000000e+01	4.42747331211693e-12
1.68500000000000e+01	4.38014995360829e-12
1.68600000000000e+01	4.33321985240655e-12
1.68700000000000e+01	4.28664204577883e-12
1.68800000000000e+01	4.24050924445481e-12
1.68900000000000e+01	4.19475492337754e-12
1.69000000000000e+01	4.14950944932789e-12
1.69100000000000e+01	4.10463632469522e-12
1.69200000000000e+01	4.06018481678028e-12
1.69300000000000e+01	4.01618964374317e-12
1.69400000000000e+01	3.97269279935149e-12
1.69500000000000e+01	3.92955348490979e-12
1.69600000000000e+01	3.88691144728959e-12
1.69700000000000e+01	3.84471588887799e-12
1.69800000000000e+01	3.80300811892649e-12
1.69900000000000e+01	3.76179384104449e-12
1.70000000000000e+01	3.72106999596695e-12
1.70100000000000e+01	3.68095164738621e-12
1.70200000000000e+01	3.64143854534344e-12
1.70300000000000e+01	3.60251200139426e-12
1.70400000000000e+01	3.56420147687601e-12
1.70500000000000e+01	3.52658200287982e-12
1.70600000000000e+01	3.48961050282223e-12
1.70700000000000e+01	3.45333484006124e-12
1.70800000000000e+01	3.41769234231152e-12
1.70900000000000e+01	3.38269421450532e-12
1.71000000000000e+01	3.34833568077494e-12
1.71100000000000e+01	3.31458196639142e-12
1.71200000000000e+01	3.28133830664390e-12
1.71300000000000e+01	3.24863621251817e-12
1.71400000000000e+01	3.21644730668635e-12
1.71500000000000e+01	3.18472273388086e-12
1.71600000000000e+01	3.15341407402730e-12
1.71700000000000e+01	3.12254555098976e-12
1.71800000000000e+01	3.09201328040554e-12
1.71900000000000e+01	3.06191167774350e-12
1.72000000000000e+01	3.03215266317229e-12
1.72100000000000e+01	3.00278028724716e-12
1.72200000000000e+01	2.97376752106736e-12
1.72300000000000e+01	2.94502402501877e-12
1.72400000000000e+01	2.91669805213129e-12
1.72500000000000e+01	2.88863759532459e-12
1.72600000000000e+01	2.86093360183996e-12
1.72700000000000e+01	2.83353829018117e-12
1.72800000000000e+01	2.80642663389283e-12
1.72900000000000e+01	2.77961607913653e-12
1.73000000000000e+01	2.75310795073925e-12
1.73100000000000e+01	2.72687667711278e-12
1.73200000000000e+01	2.70092307627193e-12
1.73300000000000e+01	2.67521393399384e-12
1.73400000000000e+01	2.64974556189674e-12
1.73500000000000e+01	2.62454034333342e-12
1.73600000000000e+01	2.59956831300665e-12
1.73700000000000e+01	2.57482437658443e-12
1.73800000000000e+01	2.55030703877960e-12
1.73900000000000e+01	2.52601832688110e-12
1.74000000000000e+01	2.50198673272581e-12
1.74100000000000e+01	2.47814670463232e-12
1.74200000000000e+01	2.45451519821743e-12
1.74300000000000e+01	2.43110564894100e-12
1.74400000000000e+01	2.40795651951413e-12
1.74500000000000e+01	2.38496605187049e-12
1.74600000000000e+01	2.36224566563324e-12
1.74700000000000e+01	2.33972281863567e-12
1.74800000000000e+01	2.31740634544445e-12
1.74900000000000e+01	2.29525796561554e-12
1.75000000000000e+01	2.27335002876138e-12
1.75100000000000e+01	2.25163325864320e-12
1.75200000000000e+01	2.23007226794938e-12
1.75300000000000e+01	2.20867243447894e-12
1.75400000000000e+01	2.18742734315117e-12
1.75500000000000e+01	2.16638041517720e-12
1.75600000000000e+01	2.14545167653871e-12
1.75700000000000e+01	2.12467228888500e-12
1.75800000000000e+01	2.10401470573785e-12
1.75900000000000e+01	2.08352338746268e-12
1.76000000000000e+01	2.06314487143325e-12
1.76100000000000e+01	2.04298090906332e-12
1.76200000000000e+01	2.02293525749910e-12
1.76300000000000e+01	2.00309423695072e-12
1.76400000000000e+01	1.98341632730734e-12
1.76500000000000e+01	1.96394034760822e-12
1.76600000000000e+01	1.94468794707895e-12
1.76700000000000e+01	1.92562881305879e-12
1.76800000000000e+01	1.90679555918836e-12
1.76900000000000e+01	1.88821970152132e-12
1.77000000000000e+01	1.86981854854785e-12
1.77100000000000e+01	1.85167178339368e-12
1.77200000000000e+01	1.83372123528472e-12
1.77300000000000e+01	1.81596845040760e-12
1.77400000000000e+01	1.79845890314642e-12
1.77500000000000e+01	1.78110256313789e-12
1.77600000000000e+01	1.76397051992822e-12
1.77700000000000e+01	1.74699726277442e-12
1.77800000000000e+01	1.73021148027106e-12
1.77900000000000e+01	1.71360219082362e-12
1.78000000000000e+01	1.69711316021073e-12
1.78100000000000e+01	1.68080367403283e-12
1.78200000000000e+01	1.66464747723500e-12
1.78300000000000e+01	1.64859877785444e-12
1.78400000000000e+01	1.63269746206631e-12
1.78500000000000e+01	1.61694525911226e-12
1.78600000000000e+01	1.60133884292285e-12
1.78700000000000e+01	1.58584329344820e-12
1.78800000000000e+01	1.57046163453331e-12
1.78900000000000e+01	1.55522340121085e-12
1.79000000000000e+01	1.54012960177354e-12
1.79100000000000e+01	1.52514130934903e-12
1.79200000000000e+01	1.51026577316060e-12
1.79300000000000e+01	1.49552953695748e-12
1.79400000000000e+01	1.48087622165878e-12
1.79500000000000e+01	1.46633059275124e-12
1.79600000000000e+01	1.45186828015061e-12
1.79700000000000e+01	1.43752409882696e-12
1.79800000000000e+01	1.42323478471106e-12
1.79900000000000e+01	1.40907395600898e-12
1.80000000000000e+01	1.39499494568162e-12
1.80100000000000e+01	1.38107638058883e-12
1.80200000000000e+01	1.36725118325760e-12
1.80300000000000e+01	1.35361283304376e-12
1.80400000000000e+01	1.34013903140937e-12
1.80500000000000e+01	1.32687400960035e-12
1.80600000000000e+01	1.31379787420992e-12
1.80700000000000e+01	1.30098928039028e-12
1.80800000000000e+01	1.28841271000160e-12
1.80900000000000e+01	1.27608100061521e-12
1.81000000000000e+01	1.26398838520344e-12
1.81100000000000e+01	1.25215510404786e-12
1.81200000000000e+01	1.24056871669324e-12
1.81300000000000e+01	1.22919416689755e-12
1.81400000000000e+01	1.21800504125420e-12
1.81500000000000e+01	1.20702201897752e-12
1.81600000000000e+01	1.19618597966814e-12
1.81700000000000e+01	1.18552179092692e-12
1.81800000000000e+01	1.17496109957226e-12
1.81900000000000e+01	1.16453809553102e-12
1.82000000000000e+01	1.15421610039244e-12
1.82100000000000e+01	1.14396982342446e-12
1.82200000000000e+01	1.13382254874700e-12
1.82300000000000e+01	1.12374560550761e-12
1.82400000000000e+01	1.11372655453421e-12
1.82500000000000e+01	1.10375732574438e-12
1.82600000000000e+01	1.09384687013342e-12
1.82700000000000e+01	1.08399655807354e-12
1.82800000000000e+01	1.07418590123658e-12
1.82900000000000e+01	1.06441297484962e-12
1.83000000000000e+01	1.05472501754149e-12
1.83100000000000e+01	1.04506059642642e-12
1.83200000000000e+01	1.03547513224381e-12
1.83300000000000e+01	1.02594744225326e-12
1.83400000000000e+01	1.01649478091209e-12
1.83500000000000e+01	1.00712576127151e-12
1.83600000000000e+01	9.97840071929512e-13
1.83700000000000e+01	9.88650168947039e-13
1.83800000000000e+01	9.79576721414018e-13
1.83900000000000e+01	9.70617188590552e-13
1.84000000000000e+01	9.61785584951688e-13
1.84100000000000e+01	9.53088037909539e-13
1.84200000000000e+01	9.44535576631958e-13
1.84300000000000e+01	9.36137941737228e-13
1.84400000000000e+01	9.27888956392353e-13
1.84500000000000e+01	9.19800988820484e-13
1.84600000000000e+01	9.11867863311235e-13
1.84700000000000e+01	9.04085866739072e-13
1.84800000000000e+01	8.96453832400272e-13
1.84900000000000e+01	8.88961669729461e-13
1.85000000000000e+01	8.81597919458441e-13
1.85100000000000e+01	8.74355448845453e-13
1.85200000000000e+01	8.67221526964104e-13
1.85300000000000e+01	8.60183624715187e-13
1.85400000000000e+01	8.53232171985305e-13
1.85500000000000e+01	8.46351732968854e-13
1.85600000000000e+01	8.39539793878546e-13
1.85700000000000e+01	8.32778397018057e-13
1.85800000000000e+01	8.26071686950645e-13
1.85900000000000e+01	8.19401631060436e-13
1.86000000000000e+01	8.12770733975648e-13
1.86100000000000e+01	8.06171316417792e-13
1.86200000000000e+01	7.99606063334559e-13
1.86300000000000e+01	7.93073157264116e-13
1.86400000000000e+01	7.86569159705721e-13
1.86500000000000e+01	7.80100351018463e-13
1.86600000000000e+01	7.73669838988103e-13
1.86700000000000e+01	7.67273766756110e-13
1.86800000000000e+01	7.60919083422743e-13
1.86900000000000e+01	7.54602854159577e-13
1.87000000000000e+01	7.48335355704431e-13
1.87100000000000e+01	7.42116107864404e-13
1.87200000000000e+01	7.35940614729785e-13
1.87300000000000e+01	7.29816050400656e-13
1.87400000000000e+01	7.23740569880159e-13
1.87500000000000e+01	7.17711955406449e-13
1.87600000000000e+01	7.11731174331543e-13
1.87700000000000e+01	7.05794915418306e-13
1.87800000000000e+01	6.99905340305065e-13
1.87900000000000e+01	6.94059580961661e-13
1.88000000000000e+01	6.88254526004534e-13
1.88100000000000e+01	6.82491289753396e-13
1.88200000000000e+01	6.76766091395613e-13
1.88300000000000e+01	6.71074925218655e-13
1.88400000000000e+01	6.65414266739752e-13
1.88500000000000e+01	6.59791486081153e-13
1.88600000000000e+01	6.54195786091614e-13
1.88700000000000e+01	6.48622976091296e-13
1.88800000000000e+01	6.43078041161264e-13
1.88900000000000e+01	6.37558098085681e-13
1.89000000000000e+01	6.32056835310278e-13
1.89100000000000e+01	6.26576343225585e-13
1.89200000000000e+01	6.21118438590593e-13
1.89300000000000e+01	6.15678374382530e-13
1.89400000000000e+01	6.10261562103884e-13
1.89500000000000e+01	6.04866465659292e-13
1.89600000000000e+01	5.99499390063794e-13
1.89700000000000e+01	5.94158575309251e-13
1.89800000000000e+01	5.88856292236327e-13
1.89900000000000e+01	5.83588660451333e-13
1.90000000000000e+01	5.78366402206380e-13
1.90100000000000e+01	5.73185123007759e-13
1.90200000000000e+01	5.68056697616793e-13
1.90300000000000e+01	5.62974471247055e-13
1.90400000000000e+01	5.57939256020817e-13
1.90500000000000e+01	5.52953261823795e-13
1.90600000000000e+01	5.48003198003753e-13
1.90700000000000e+01	5.43092176698113e-13
1.90800000000000e+01	5.38210117863205e-13
1.90900000000000e+01	5.33348263447968e-13
1.91000000000000e+01	5.28506268617436e-13
1.91100000000000e+01	5.23683104668093e-13
1.91200000000000e+01	5.18875197788947e-13
1.91300000000000e+01	5.14092349613720e-13
1.91400000000000e+01	5.09339062988156e-13
1.91500000000000e+01	5.04629627046716e-13
1.91600000000000e+01	4.99980582801699e-13
1.91700000000000e+01	4.95402636109577e-13
1.91800000000000e+01	4.90912720498332e-13
1.91900000000000e+01	4.86525042427296e-13
1.92000000000000e+01	4.82251417383979e-13
1.92100000000000e+01	4.78093877529010e-13
1.92200000000000e+01	4.74061158756178e-13
1.92300000000000e+01	4.70146293057212e-13
1.92400000000000e+01	4.66348094533954e-13
1.92500000000000e+01	4.62654845197031e-13
1.92600000000000e+01	4.59055352368381e-13
1.92700000000000e+01	4.55538110710699e-13
1.92800000000000e+01	4.52088745407396e-13
1.92900000000000e+01	4.48696543270521e-13
1.93000000000000e+01	4.45348659416587e-13
1.93100000000000e+01	4.42037966648921e-13
1.93200000000000e+01	4.38757530875090e-13
1.93300000000000e+01	4.35499669162857e-13
1.93400000000000e+01	4.32259486752116e-13
1.93500000000000e+01	4.29037735529407e-13
1.93600000000000e+01	4.25831099851751e-13
1.93700000000000e+01	4.22636057178053e-13
1.93800000000000e+01	4.19456312735089e-13
1.93900000000000e+01	4.16288226363867e-13
1.94000000000000e+01	4.13133102941366e-13
1.94100000000000e+01	4.09991016350482e-13
1.94200000000000e+01	4.06862395366910e-13
1.94300000000000e+01	4.03748192211310e-13
1.94400000000000e+01	4.00645438103508e-13
1.94500000000000e+01	3.97555073467935e-13
1.94600000000000e+01	3.94478193800296e-13
1.94700000000000e+01	3.91417051447250e-13
1.94800000000000e+01	3.88367301910054e-13
1.94900000000000e+01	3.85331393816575e-13
1.95000000000000e+01	3.82308553460334e-13
1.95100000000000e+01	3.79299801161252e-13
1.95200000000000e+01	3.76304368169049e-13
1.95300000000000e+01	3.73322587264301e-13
1.95400000000000e+01	3.70352386570520e-13
1.95500000000000e+01	3.67396859760460e-13
1.95600000000000e+01	3.64455337945851e-13
1.95700000000000e+01	3.61527477728360e-13
1.95800000000000e+01	3.58618124817538e-13
1.95900000000000e+01	3.55719747875745e-13
1.96000000000000e+01	3.52841545075193e-13
1.96100000000000e+01	3.49981220379701e-13
1.96200000000000e+01	3.47138733146683e-13
1.96300000000000e+01	3.44318657635523e-13
1.96400000000000e+01	3.41519503402494e-13
1.96500000000000e+01	3.38742164694507e-13
1.96600000000000e+01	3.35985734138435e-13
1.96700000000000e+01	3.33255237880854e-13
1.96800000000000e+01	3.30544837663195e-13
1.96900000000000e+01	3.27857660014458e-13
1.97000000000000e+01	3.25194383554783e-13
1.97100000000000e+01	3.22549698285832e-13
1.97200000000000e+01	3.19928892296059e-13
1.97300000000000e+01	3.17328370461459e-13
1.97400000000000e+01	3.14744928894924e-13
1.97500000000000e+01	3.12184732099697e-13
1.97600000000000e+01	3.09641959869455e-13
1.97700000000000e+01	3.07125748020389e-13
1.97800000000000e+01	3.04633493644132e-13
1.97900000000000e+01	3.02173113191865e-13
1.98000000000000e+01	2.99755051211790e-13
1.98100000000000e+01	2.97393807164047e-13
1.98200000000000e+01	2.95107022475470e-13
1.98300000000000e+01	2.92922300333762e-13
1.98400000000000e+01	2.90866769258309e-13
1.98500000000000e+01	2.88988761040036e-13
1.98600000000000e+01	2.87332250555905e-13
1.98700000000000e+01	2.85955140105054e-13
1.98800000000000e+01	2.84920157431187e-13
1.98900000000000e+01	2.84307645047080e-13
1.99000000000000e+01	2.84199259609141e-13
1.99100000000000e+01	2.84698024273761e-13
1.99200000000000e+01	2.85917277417725e-13
1.99300000000000e+01	2.88007110863538e-13
1.99400000000000e+01	2.91142630245162e-13
1.99500000000000e+01	2.95571017392041e-13
1.99600000000000e+01	3.01606150516671e-13
1.99700000000000e+01	3.09705813387525e-13
1.99800000000000e+01	3.20519015044289e-13
1.99900000000000e+01	3.35027412246135e-13
2.00000000000000e+01	3.54772005992429e-13
