1.00000000000000e-02	2.75730463647656e+13
2.00000000000000e-02	1.72307005154708e+12
3.00000000000000e-02	3.40277178931884e+11
4.00000000000000e-02	1.07629594796235e+11
5.00000000000000e-02	4.40660167602245e+10
6.00000000000000e-02	2.12397424661604e+10
7.00000000000000e-02	1.14575274354866e+10
8.00000000000000e-02	6.71136512862433e+09
9.00000000000000e-02	4.18642659886446e+09
1.00000000000000e-01	2.74421065914108e+09
1.10000000000000e-01	1.87243829281810e+09
1.20000000000000e-01	1.32060012397636e+09
1.30000000000000e-01	9.57630317562573e+08
1.40000000000000e-01	7.11040979252277e+08
1.50000000000000e-01	5.38804678521943e+08
1.60000000000000e-01	4.15586454367600e+08
1.70000000000000e-01	3.25576918147728e+08
1.80000000000000e-01	2.58596581601598e+08
1.90000000000000e-01	2.07929365540033e+08
2.00000000000000e-01	1.69038127137193e+08
2.10000000000000e-01	1.38789834636175e+08
2.20000000000000e-01	1.14984361598946e+08
2.30000000000000e-01	9.60410342332269e+07
2.40000000000000e-01	8.08213373781173e+07
2.50000000000000e-01	6.84797469708816e+07
2.60000000000000e-01	5.83906631855969e+07
2.70000000000000e-01	5.00773758114409e+07
2.80000000000000e-01	4.31809104457765e+07
2.90000000000000e-01	3.74201986141564e+07
3.00000000000000e-01	3.25793747275350e+07
3.10000000000000e-01	2.84881095377958e+07
3.20000000000000e-01	2.50120003830044e+07
3.30000000000000e-01	2.20437507673229e+07
3.40000000000000e-01	1.94968159601838e+07
3.50000000000000e-01	1.73024687103890e+07
3.60000000000000e-01	1.54033683926783e+07
3.70000000000000e-01	1.37537172488801e+07
3.80000000000000e-01	1.23153932720308e+07
3.90000000000000e-01	1.10566787819504e+07
4.00000000000000e-01	9.95174339324267e+06
4.10000000000000e-01	8.97849425354609e+06
4.20000000000000e-01	8.11891178607662e+06
4.30000000000000e-01	7.35734912808742e+06
4.40000000000000e-01	6.68097665415578e+06
4.50000000000000e-01	6.07856601480448e+06
4.60000000000000e-01	5.54070555817251e+06
4.70000000000000e-01	5.05946297023054e+06
4.80000000000000e-01	4.62782200415922e+06
4.90000000000000e-01	4.23982124079578e+06
5.00000000000000e-01	3.89033124260960e+06
5.10000000000000e-01	3.57485952725304e+06
5.20000000000000e-01	3.28972917525178e+06
5.30000000000000e-01	3.03133592933325e+06
5.40000000000000e-01	2.79690779778210e+06
5.50000000000000e-01	2.58382526745093e+06
5.60000000000000e-01	2.38975350384262e+06
5.70000000000000e-01	2.21278622645940e+06
5.80000000000000e-01	2.05123217566573e+06
5.90000000000000e-01	1.90342531634881e+06
6.00000000000000e-01	1.76806235886737e+06
6.10000000000000e-01	1.64388906226894e+06
6.20000000000000e-01	1.52988734406040e+06
6.30000000000000e-01	1.42505667472233e+06
6.40000000000000e-01	1.32858129092116e+06
6.50000000000000e-01	1.23964172567688e+06
6.60000000000000e-01	1.15758156903403e+06
6.70000000000000e-01	1.08174804089312e+06
6.80000000000000e-01	1.01164900190852e+06
6.90000000000000e-01	9.46774181131371e+05
7.00000000000000e-01	8.86652916028620e+05
7.10000000000000e-01	8.30889906364119e+05
7.20000000000000e-01	7.79110027262022e+05
7.30000000000000e-01	7.31021703057499e+05
7.40000000000000e-01	6.86279771083846e+05
7.50000000000000e-01	6.44648248282287e+05
7.60000000000000e-01	6.05849116838756e+05
7.70000000000000e-01	5.69693474376766e+05
7.80000000000000e-01	5.35949056535198e+05
7.90000000000000e-01	5.04447884740561e+05
8.00000000000000e-01	4.75007598419275e+05
8.10000000000000e-01	4.47479078229218e+05
8.20000000000000e-01	4.21723487087221e+05
8.30000000000000e-01	3.97605622943364e+05
8.40000000000000e-01	3.75020678146695e+05
8.50000000000000e-01	3.53834553163836e+05
8.60000000000000e-01	3.33965499803830e+05
8.70000000000000e-01	3.15314172940323e+05
8.80000000000000e-01	2.97793152763057e+05
8.90000000000000e-01	2.81333055181336e+05
9.00000000000000e-01	2.65858022795554e+05
9.10000000000000e-01	2.51297563322646e+05
9.20000000000000e-01	2.37595357313734e+05
9.30000000000000e-01	2.24695930686332e+05
9.40000000000000e-01	2.12544803274277e+05
9.50000000000000e-01	2.01089185268614e+05
9.60000000000000e-01	1.90286188308351e+05
9.70000000000000e-01	1.80098130100825e+05
9.80000000000000e-01	1.70484387979331e+05
9.90000000000000e-01	1.61406725187798e+05
1.00000000000000e+00	1.52838325669022e+05
1.01000000000000e+00	1.44738196491080e+05
1.02000000000000e+00	1.37081944150117e+05
1.03000000000000e+00	1.29847662203525e+05
1.04000000000000e+00	1.23004827219999e+05
1.05000000000000e+00	1.16530264772491e+05
1.06000000000000e+00	1.10403606929731e+05
1.07000000000000e+00	1.04607737123242e+05
1.08000000000000e+00	9.91179341644146e+04
1.09000000000000e+00	9.39183439331063e+04
1.10000000000000e+00	8.89944737820655e+04
1.11000000000000e+00	8.43289344004356e+04
1.12000000000000e+00	7.99077628498845e+04
1.13000000000000e+00	7.57183802675937e+04
1.14000000000000e+00	7.17472188153285e+04
1.15000000000000e+00	6.79823343248583e+04
1.16000000000000e+00	6.44122172672661e+04
1.17000000000000e+00	6.10280515348410e+04
1.18000000000000e+00	5.78184581024317e+04
1.19000000000000e+00	5.47746435135916e+04
1.20000000000000e+00	5.18887769747427e+04
1.21000000000000e+00	4.91518807054928e+04
1.22000000000000e+00	4.65572544837458e+04
1.23000000000000e+00	4.40991073060227e+04
1.24000000000000e+00	4.17699036030396e+04
1.25000000000000e+00	3.95660226752375e+04
1.26000000000000e+00	3.74812445045360e+04
1.27000000000000e+00	3.55143488899599e+04
1.28000000000000e+00	3.36600499847148e+04
1.29000000000000e+00	3.19185871091634e+04
1.30000000000000e+00	3.02880777182683e+04
1.31000000000000e+00	2.87690217746949e+04
1.32000000000000e+00	2.73612438650363e+04
1.33000000000000e+00	2.60653477148713e+04
1.34000000000000e+00	2.48810809735967e+04
1.35000000000000e+00	2.38079667300066e+04
1.36000000000000e+00	2.28437214609126e+04
1.37000000000000e+00	2.19840178991629e+04
1.38000000000000e+00	2.12215086791758e+04
1.39000000000000e+00	2.05458625553382e+04
1.40000000000000e+00	1.99447208281350e+04
1.41000000000000e+00	1.94014746141282e+04
1.42000000000000e+00	1.88984070342471e+04
1.43000000000000e+00	1.84162477367968e+04
1.44000000000000e+00	1.79358523544239e+04
1.45000000000000e+00	1.74389678905475e+04
1.46000000000000e+00	1.69106318724725e+04
1.47000000000000e+00	1.63380918072326e+04
1.48000000000000e+00	1.57144088526264e+04
1.49000000000000e+00	1.50362275810607e+04
1.50000000000000e+00	1.43053492749823e+04
1.51000000000000e+00	1.35278063755906e+04
1.52000000000000e+00	1.27128691433720e+04
1.53000000000000e+00	1.18731700939033e+04
1.54000000000000e+00	1.10222580508533e+04
1.55000000000000e+00	1.01748643280792e+04
1.56000000000000e+00	9.34613242134782e+03
1.57000000000000e+00	8.55014191945623e+03
1.58000000000000e+00	7.79937780531450e+03
1.59000000000000e+00	7.10471177779262e+03
1.60000000000000e+00	6.47472315344883e+03
1.61000000000000e+00	5.91570189028762e+03
1.62000000000000e+00	5.43120658371619e+03
1.63000000000000e+00	5.02261520800262e+03
1.64000000000000e+00	4.68914941854783e+03
1.65000000000000e+00	4.42869114140379e+03
1.66000000000000e+00	4.23785148898443e+03
1.67000000000000e+00	4.11314482145346e+03
1.68000000000000e+00	4.05091885128681e+03
1.69000000000000e+00	4.04815733983091e+03
1.70000000000000e+00	4.10258795630086e+03
1.71000000000000e+00	4.21401308598577e+03
1.72000000000000e+00	4.38539001345813e+03
1.73000000000000e+00	4.62547115083584e+03
1.74000000000000e+00	4.95097362732117e+03
1.75000000000000e+00	5.38787459107449e+03
1.76000000000000e+00	5.97252083718256e+03
1.77000000000000e+00	6.75109629356146e+03
1.78000000000000e+00	7.77864469807252e+03
1.79000000000000e+00	9.11470353945182e+03
1.80000000000000e+00	1.08153761628380e+04
1.81000000000000e+00	1.29242083097517e+04
1.82000000000000e+00	1.54639734355550e+04
1.83000000000000e+00	1.84354803702244e+04
1.84000000000000e+00	2.18275313040977e+04
1.85000000000000e+00	2.56320486224020e+04
1.86000000000000e+00	2.98498629724487e+04
1.87000000000000e+00	3.44961362726876e+04
1.88000000000000e+00	3.95903932742730e+04
1.89000000000000e+00	4.51516018085698e+04
1.90000000000000e+00	5.11924790200832e+04
1.91000000000000e+00	5.77064144431829e+04
1.92000000000000e+00	6.46667793688367e+04
1.93000000000000e+00	7.20069375230327e+04
1.94000000000000e+00	7.96183254630962e+04
1.95000000000000e+00	8.73404803255537e+04
1.96000000000000e+00	9.49661747953244e+04
1.97000000000000e+00	1.02251119697028e+05
1.98000000000000e+00	1.08930472279120e+05
1.99000000000000e+00	1.14741658324250e+05
2.00000000000000e+00	1.19439756122116e+05
2.01000000000000e+00	1.22817542315882e+05
2.02000000000000e+00	1.24725376952890e+05
2.03000000000000e+00	1.25080990985854e+05
2.04000000000000e+00	1.23874527948892e+05
2.05000000000000e+00	1.21181637766925e+05
2.06000000000000e+00	1.17147267239497e+05
2.07000000000000e+00	1.11967794662122e+05
2.08000000000000e+00	1.05872363174399e+05
2.09000000000000e+00	9.90870339512165e+04
2.10000000000000e+00	9.18266534483836e+04
2.11000000000000e+00	8.42900512151777e+04
2.12000000000000e+00	7.66674588296004e+04
2.13000000000000e+00	6.91559235633894e+04
2.14000000000000e+00	6.19581125299749e+04
2.15000000000000e+00	5.52595750942213e+04
2.16000000000000e+00	4.92052047933321e+04
2.17000000000000e+00	4.38665546609847e+04
2.18000000000000e+00	3.92411109396015e+04
2.19000000000000e+00	3.52584187952245e+04
2.20000000000000e+00	3.18083202347646e+04
2.21000000000000e+00	2.87671815598744e+04
2.22000000000000e+00	2.60246538984574e+04
2.23000000000000e+00	2.35071523502372e+04
2.24000000000000e+00	2.11848136017192e+04
2.25000000000000e+00	1.90710863531245e+04
2.26000000000000e+00	1.72024811635675e+04
2.27000000000000e+00	1.56172124482782e+04
2.28000000000000e+00	1.43387730335684e+04
2.29000000000000e+00	1.33686631316473e+04
2.30000000000000e+00	1.26869505985479e+04
2.31000000000000e+00	1.22555866317190e+04
2.32000000000000e+00	1.20223823341572e+04
2.33000000000000e+00	1.19238097531219e+04
2.34000000000000e+00	1.18893954176966e+04
2.35000000000000e+00	1.18510019857126e+04
2.36000000000000e+00	1.17536063226651e+04
2.37000000000000e+00	1.15681288808664e+04
2.38000000000000e+00	1.12993496816635e+04
2.39000000000000e+00	1.09853722303825e+04
2.40000000000000e+00	1.06927372872781e+04
2.41000000000000e+00	1.05058641227560e+04
2.42000000000000e+00	1.05155824468718e+04
2.43000000000000e+00	1.08061590665258e+04
2.44000000000000e+00	1.14427222005445e+04
2.45000000000000e+00	1.24644255699549e+04
2.46000000000000e+00	1.38769892357114e+04
2.47000000000000e+00	1.56545544159293e+04
2.48000000000000e+00	1.77385553417713e+04
2.49000000000000e+00	2.00439417536806e+04
2.50000000000000e+00	2.24623562393928e+04
2.51000000000000e+00	2.48711581889705e+04
2.52000000000000e+00	2.71406823155509e+04
2.53000000000000e+00	2.91450077442011e+04
2.54000000000000e+00	3.07725569656329e+04
2.55000000000000e+00	3.19388027666965e+04
2.56000000000000e+00	3.25931126010990e+04
2.57000000000000e+00	3.27209083449391e+04
2.58000000000000e+00	3.23411059122456e+04
2.59000000000000e+00	3.14964415321799e+04
2.60000000000000e+00	3.02396029809821e+04
2.61000000000000e+00	2.86288613090930e+04
2.62000000000000e+00	2.67219931716320e+04
2.63000000000000e+00	2.45858725865623e+04
2.64000000000000e+00	2.23121010948596e+04
2.65000000000000e+00	2.00207735672753e+04
2.66000000000000e+00	1.78492278899143e+04
2.67000000000000e+00	1.59203215762100e+04
2.68000000000000e+00	1.43136678763028e+04
2.69000000000000e+00	1.30567440961462e+04
2.70000000000000e+00	1.21324025345750e+04
2.71000000000000e+00	1.14953373617500e+04
2.72000000000000e+00	1.10851357059715e+04
2.73000000000000e+00	1.08373691365288e+04
2.74000000000000e+00	1.06876501193365e+04
2.75000000000000e+00	1.05774116287200e+04
2.76000000000000e+00	1.04566227558294e+04
2.77000000000000e+00	1.02868843489018e+04
2.78000000000000e+00	1.00408121835935e+04
2.79000000000000e+00	9.70215264051281e+03
2.80000000000000e+00	9.26328513853805e+03
2.81000000000000e+00	8.72489744696926e+03
2.82000000000000e+00	8.09458478328041e+03
2.83000000000000e+00	7.38637765191822e+03
2.84000000000000e+00	6.62053613920925e+03
2.85000000000000e+00	5.82219302706621e+03
2.86000000000000e+00	5.01958343866493e+03
2.87000000000000e+00	4.24235301335152e+03
2.88000000000000e+00	3.51895972230349e+03
2.89000000000000e+00	2.87492207837383e+03
2.90000000000000e+00	2.33175412365775e+03
2.91000000000000e+00	1.90688848965108e+03
2.92000000000000e+00	1.61429846335937e+03
2.93000000000000e+00	1.46549720960628e+03
2.94000000000000e+00	1.47000525554814e+03
2.95000000000000e+00	1.63513756080430e+03
2.96000000000000e+00	1.96549171256792e+03
2.97000000000000e+00	2.46203871061782e+03
2.98000000000000e+00	3.12240250581089e+03
2.99000000000000e+00	3.94078398229493e+03
3.00000000000000e+00	4.90920791075293e+03
3.01000000000000e+00	6.01687054763357e+03
3.02000000000000e+00	7.24948031065354e+03
3.03000000000000e+00	8.58768516116135e+03
3.04000000000000e+00	1.00062028066378e+04
3.05000000000000e+00	1.14738260444112e+04
3.06000000000000e+00	1.29547814221581e+04
3.07000000000000e+00	1.44121790113137e+04
3.08000000000000e+00	1.58102428574460e+04
3.09000000000000e+00	1.71161759089832e+04
3.10000000000000e+00	1.83021316378284e+04
3.11000000000000e+00	1.93441249795136e+04
3.12000000000000e+00	2.02202165960597e+04
3.13000000000000e+00	2.09086376650585e+04
3.14000000000000e+00	2.13858132377610e+04
3.15000000000000e+00	2.16272599539561e+04
3.16000000000000e+00	2.16144682503423e+04
3.17000000000000e+00	2.13400643432129e+04
3.18000000000000e+00	2.08166400658747e+04
3.19000000000000e+00	2.00812553132271e+04
3.20000000000000e+00	1.91921917718028e+04
3.21000000000000e+00	1.82197509692182e+04
3.22000000000000e+00	1.72339653222607e+04
3.23000000000000e+00	1.62950489430037e+04
3.24000000000000e+00	1.54474625510467e+04
3.25000000000000e+00	1.47191175179245e+04
3.26000000000000e+00	1.41231016021692e+04
3.27000000000000e+00	1.36608154440254e+04
3.28000000000000e+00	1.33241314098196e+04
3.29000000000000e+00	1.30984876239815e+04
3.30000000000000e+00	1.29654924176082e+04
3.31000000000000e+00	1.29053305500859e+04
3.32000000000000e+00	1.29007200380221e+04
3.33000000000000e+00	1.29369034124240e+04
3.34000000000000e+00	1.30036768059532e+04
3.35000000000000e+00	1.30937001915081e+04
3.36000000000000e+00	1.32018370622915e+04
3.37000000000000e+00	1.33247275712518e+04
3.38000000000000e+00	1.34603476701331e+04
3.39000000000000e+00	1.36092479054713e+04
3.40000000000000e+00	1.37744029237762e+04
3.41000000000000e+00	1.39610479783117e+04
3.42000000000000e+00	1.41758692990918e+04
3.43000000000000e+00	1.44260361656168e+04
3.44000000000000e+00	1.47175938073003e+04
3.45000000000000e+00	1.50550600506388e+04
3.46000000000000e+00	1.54415285162672e+04
3.47000000000000e+00	1.58794522039850e+04
3.48000000000000e+00	1.63714816339224e+04
3.49000000000000e+00	1.69221634803888e+04
3.50000000000000e+00	1.75388468671990e+04
3.51000000000000e+00	1.82334084446552e+04
3.52000000000000e+00	1.90225799810665e+04
3.53000000000000e+00	1.99274599814478e+04
3.54000000000000e+00	2.09737120045225e+04
3.55000000000000e+00	2.21890692216237e+04
3.56000000000000e+00	2.36033533349001e+04
3.57000000000000e+00	2.52477430461047e+04
3.58000000000000e+00	2.71563831218407e+04
3.59000000000000e+00	2.93690053509143e+04
3.60000000000000e+00	3.19353551828559e+04
3.61000000000000e+00	3.49182588365439e+04
3.62000000000000e+00	3.83983414584239e+04
3.63000000000000e+00	4.24794411419069e+04
3.64000000000000e+00	4.72931808884117e+04
3.65000000000000e+00	5.30056135018792e+04
3.66000000000000e+00	5.98249957076891e+04
3.67000000000000e+00	6.80087765667284e+04
3.68000000000000e+00	7.78684863653677e+04
3.69000000000000e+00	8.97726518134751e+04
3.70000000000000e+00	1.04135194361347e+05
3.71000000000000e+00	1.21401785619222e+05
3.72000000000000e+00	1.42022803272018e+05
3.73000000000000e+00	1.66419657476910e+05
3.74000000000000e+00	1.94953412515595e+05
3.75000000000000e+00	2.27899672417787e+05
3.76000000000000e+00	2.65438560422826e+05
3.77000000000000e+00	3.07599700994665e+05
3.78000000000000e+00	3.54248339186701e+05
3.79000000000000e+00	4.04977294397716e+05
3.80000000000000e+00	4.58997131641282e+05
3.81000000000000e+00	5.14998728655212e+05
3.82000000000000e+00	5.71058738271324e+05
3.83000000000000e+00	6.24601250323254e+05
3.84000000000000e+00	6.72504862581179e+05
3.85000000000000e+00	7.11392655428786e+05
3.86000000000000e+00	7.38055202686332e+05
3.87000000000000e+00	7.49918274662079e+05
3.88000000000000e+00	7.45544861533210e+05
3.89000000000000e+00	7.24916708037221e+05
3.90000000000000e+00	6.89452921163725e+05
3.91000000000000e+00	6.41781934264166e+05
3.92000000000000e+00	5.85287712122143e+05
3.93000000000000e+00	5.23628105640716e+05
3.94000000000000e+00	4.60257664491191e+05
3.95000000000000e+00	3.98118378253840e+05
3.96000000000000e+00	3.39498214399187e+05
3.97000000000000e+00	2.86031305969881e+05
3.98000000000000e+00	2.38716382018390e+05
3.99000000000000e+00	1.98055672387055e+05
4.00000000000000e+00	1.64123992473776e+05
4.01000000000000e+00	1.36658469318094e+05
4.02000000000000e+00	1.15151494556557e+05
4.03000000000000e+00	9.89246256800348e+04
4.04000000000000e+00	8.72045262941207e+04
4.05000000000000e+00	7.91813268081055e+04
4.06000000000000e+00	7.40521595069098e+04
4.07000000000000e+00	7.10574968791916e+04
4.08000000000000e+00	6.95038284770798e+04
4.09000000000000e+00	6.87892174870670e+04
4.10000000000000e+00	6.84151395497473e+04
4.11000000000000e+00	6.79939044257692e+04
4.12000000000000e+00	6.72498265685152e+04
4.13000000000000e+00	6.60106970523427e+04
4.14000000000000e+00	6.41978558636200e+04
4.15000000000000e+00	6.18094217670312e+04
4.16000000000000e+00	5.89055925690919e+04
4.17000000000000e+00	5.55876542023277e+04
4.18000000000000e+00	5.19804051077396e+04
4.19000000000000e+00	4.82138842464481e+04
4.20000000000000e+00	4.44077524546221e+04
4.21000000000000e+00	4.06602556761271e+04
4.22000000000000e+00	3.70453268736127e+04
4.23000000000000e+00	3.36110330561414e+04
4.24000000000000e+00	3.03842563827351e+04
4.25000000000000e+00	2.73761625300277e+04
4.26000000000000e+00	2.45877127315178e+04
4.27000000000000e+00	2.20150424255541e+04
4.28000000000000e+00	1.96525369499564e+04
4.29000000000000e+00	1.74933586930243e+04
4.30000000000000e+00	1.55291454403454e+04
4.31000000000000e+00	1.37493847853976e+04
4.32000000000000e+00	1.21405514396502e+04
4.33000000000000e+00	1.06864315785468e+04
4.34000000000000e+00	9.36973551663218e+03
4.35000000000000e+00	8.17339024582388e+03
4.36000000000000e+00	7.08239906132714e+03
4.37000000000000e+00	6.08523543751256e+03
4.38000000000000e+00	5.17502701473064e+03
4.39000000000000e+00	4.34973310177013e+03
4.40000000000000e+00	3.61240284093675e+03
4.41000000000000e+00	2.97065165100708e+03
4.42000000000000e+00	2.43595140629859e+03
4.43000000000000e+00	2.02228759583755e+03
4.44000000000000e+00	1.74430224046548e+03
4.45000000000000e+00	1.61479627673639e+03
4.46000000000000e+00	1.64200550105800e+03
4.47000000000000e+00	1.82687256859516e+03
4.48000000000000e+00	2.16138245006874e+03
4.49000000000000e+00	2.62781684251789e+03
4.50000000000000e+00	3.19973829733553e+03
4.51000000000000e+00	3.84436155010898e+03
4.52000000000000e+00	4.52582322680622e+03
4.53000000000000e+00	5.20903574333688e+03
4.54000000000000e+00	5.86311316002874e+03
4.55000000000000e+00	6.46376437960411e+03
4.56000000000000e+00	6.99439197047422e+03
4.57000000000000e+00	7.44630772415777e+03
4.58000000000000e+00	7.81732638551838e+03
4.59000000000000e+00	8.11060685647305e+03
4.60000000000000e+00	8.33280274088759e+03
4.61000000000000e+00	8.49262770286848e+03
4.62000000000000e+00	8.59984147765553e+03
4.63000000000000e+00	8.66479881154368e+03
4.64000000000000e+00	8.69833488631958e+03
4.65000000000000e+00	8.71192896967729e+03
4.66000000000000e+00	8.71784173556051e+03
4.67000000000000e+00	8.72899458561296e+03
4.68000000000000e+00	8.75848485177240e+03
4.69000000000000e+00	8.81833666247890e+03
4.70000000000000e+00	8.91847091150191e+03
4.71000000000000e+00	9.06533578714417e+03
4.72000000000000e+00	9.26104383980162e+03
4.73000000000000e+00	9.50317052114968e+03
4.74000000000000e+00	9.78573352061253e+03
4.75000000000000e+00	1.01002946592667e+04
4.76000000000000e+00	1.04380390012638e+04
4.77000000000000e+00	1.07924609186748e+04
4.78000000000000e+00	1.11609958512222e+04
4.79000000000000e+00	1.15474538621151e+04
4.80000000000000e+00	1.19625189418283e+04
4.81000000000000e+00	1.24241625277042e+04
4.82000000000000e+00	1.29575862922694e+04
4.83000000000000e+00	1.35939543226402e+04
4.84000000000000e+00	1.43693887771610e+04
4.85000000000000e+00	1.53241043411255e+04
4.86000000000000e+00	1.65011941256541e+04
4.87000000000000e+00	1.79447943401259e+04
4.88000000000000e+00	1.96991967104320e+04
4.89000000000000e+00	2.18064122795162e+04
4.90000000000000e+00	2.43052395279639e+04
4.91000000000000e+00	2.72258548803824e+04
4.92000000000000e+00	3.05887958802371e+04
4.93000000000000e+00	3.43998599641601e+04
4.94000000000000e+00	3.86457019007332e+04
4.95000000000000e+00	4.32923673001000e+04
4.96000000000000e+00	4.82786905362606e+04
4.97000000000000e+00	5.35188105416470e+04
4.98000000000000e+00	5.88945199610834e+04
4.99000000000000e+00	6.42542142726541e+04
5.00000000000000e+00	6.94096309312338e+04
5.01000000000000e+00	7.41316958214124e+04
5.02000000000000e+00	7.81603217925206e+04
5.03000000000000e+00	8.12133337622768e+04
5.04000000000000e+00	8.30151593803658e+04
5.05000000000000e+00	8.33306203310007e+04
5.06000000000000e+00	8.20042947672283e+04
5.07000000000000e+00	7.89943025348800e+04
5.08000000000000e+00	7.43945944033491e+04
5.09000000000000e+00	6.84343299662578e+04
5.10000000000000e+00	6.14550134441473e+04
5.11000000000000e+00	5.38690240664259e+04
5.12000000000000e+00	4.61056118423826e+04
5.13000000000000e+00	3.85596442301791e+04
5.14000000000000e+00	3.15504660514273e+04
5.15000000000000e+00	2.52990569961632e+04
5.16000000000000e+00	1.99247333301447e+04
5.17000000000000e+00	1.54594332630342e+04
5.18000000000000e+00	1.18666709470142e+04
5.19000000000000e+00	9.06481865709518e+03
5.20000000000000e+00	6.94765262105627e+03
5.21000000000000e+00	5.39806410476526e+03
5.22000000000000e+00	4.29964595762808e+03
5.23000000000000e+00	3.54317856817420e+03
5.24000000000000e+00	3.03097474235469e+03
5.25000000000000e+00	2.68004301197449e+03
5.26000000000000e+00	2.42407343582097e+03
5.27000000000000e+00	2.21387920398077e+03
5.28000000000000e+00	2.01711005004129e+03
5.29000000000000e+00	1.81607846830025e+03
5.30000000000000e+00	1.60507488390292e+03
5.31000000000000e+00	1.38653389085358e+03
5.32000000000000e+00	1.16749788484102e+03
5.33000000000000e+00	9.56505158909611e+02
5.34000000000000e+00	7.61326070559942e+02
5.35000000000000e+00	5.87817686306781e+02
5.36000000000000e+00	4.39558936046471e+02
5.37000000000000e+00	3.18092903533840e+02
5.38000000000000e+00	2.23433122337497e+02
5.39000000000000e+00	1.54636879624924e+02
5.40000000000000e+00	1.10257278211294e+02
5.41000000000000e+00	8.86128958567128e+01
5.42000000000000e+00	8.79132687291133e+01
5.43000000000000e+00	1.06224751635999e+02
5.44000000000000e+00	1.41371801115753e+02
5.45000000000000e+00	1.90828104768612e+02
5.46000000000000e+00	2.51664322902610e+02
5.47000000000000e+00	3.20566665350748e+02
5.48000000000000e+00	3.93977696451244e+02
5.49000000000000e+00	4.68303551621279e+02
5.50000000000000e+00	5.40152891227347e+02
5.51000000000000e+00	6.06664573530380e+02
5.52000000000000e+00	6.65740928303883e+02
5.53000000000000e+00	7.16257536345412e+02
5.54000000000000e+00	7.58151303870669e+02
5.55000000000000e+00	7.92406419380400e+02
5.56000000000000e+00	8.20908931658506e+02
5.57000000000000e+00	8.46207976153709e+02
5.58000000000000e+00	8.71181642251167e+02
5.59000000000000e+00	8.98725049054149e+02
5.60000000000000e+00	9.31310523895510e+02
5.61000000000000e+00	9.70756834395136e+02
5.62000000000000e+00	1.01788621459851e+03
5.63000000000000e+00	1.07252595574340e+03
5.64000000000000e+00	1.13339462873061e+03
5.65000000000000e+00	1.19831799256005e+03
5.66000000000000e+00	1.26439502872476e+03
5.67000000000000e+00	1.32832273431040e+03
5.68000000000000e+00	1.38665172452757e+03
5.69000000000000e+00	1.43611013896651e+03
5.70000000000000e+00	1.47396849879003e+03
5.71000000000000e+00	1.49825268501301e+03
5.72000000000000e+00	1.50795769613845e+03
5.73000000000000e+00	1.50320075265654e+03
5.74000000000000e+00	1.48512043019842e+03
5.75000000000000e+00	1.45592733374312e+03
5.76000000000000e+00	1.41861875921181e+03
5.77000000000000e+00	1.37678715517491e+03
5.78000000000000e+00	1.33422221439935e+03
5.79000000000000e+00	1.29453866652867e+03
5.80000000000000e+00	1.26082147214884e+03
5.81000000000000e+00	1.23527020388460e+03
5.82000000000000e+00	1.21900076105667e+03
5.83000000000000e+00	1.21205089224507e+03
5.84000000000000e+00	1.21341027239935e+03
5.85000000000000e+00	1.22129532915852e+03
5.86000000000000e+00	1.23343905027924e+03
5.87000000000000e+00	1.24741460327264e+03
5.88000000000000e+00	1.26098451508997e+03
5.89000000000000e+00	1.27227826639635e+03
5.90000000000000e+00	1.28008786328550e+03
5.91000000000000e+00	1.28377642259367e+03
5.92000000000000e+00	1.28331596510371e+03
5.93000000000000e+00	1.27910666466944e+03
5.94000000000000e+00	1.27190688795957e+03
5.95000000000000e+00	1.26264154935238e+03
5.96000000000000e+00	1.25231916984294e+03
5.97000000000000e+00	1.24197787300062e+03
5.98000000000000e+00	1.23259862279868e+03
5.99000000000000e+00	1.22506959088369e+03
6.00000000000000e+00	1.22015101102755e+03
6.01000000000000e+00	1.21848069824377e+03
6.02000000000000e+00	1.22058818285476e+03
6.03000000000000e+00	1.22679427706036e+03
6.04000000000000e+00	1.23724591382851e+03
6.05000000000000e+00	1.25184730529545e+03
6.06000000000000e+00	1.27015846501987e+03
6.07000000000000e+00	1.29138569995489e+03
6.08000000000000e+00	1.31433805796725e+03
6.09000000000000e+00	1.33747896294718e+03
6.10000000000000e+00	1.35897844870926e+03
6.11000000000000e+00	1.37692441668711e+03
6.12000000000000e+00	1.38944200039869e+03
6.13000000000000e+00	1.39498584454399e+03
6.14000000000000e+00	1.39242172577823e+03
6.15000000000000e+00	1.38134079258088e+03
6.16000000000000e+00	1.36204208100392e+03
6.17000000000000e+00	1.33561861577155e+03
6.18000000000000e+00	1.30406239312420e+03
6.19000000000000e+00	1.26994278683798e+03
6.20000000000000e+00	1.23640158195511e+03
6.21000000000000e+00	1.20672390011520e+03
6.22000000000000e+00	1.18411885311395e+03
6.23000000000000e+00	1.17133675048497e+03
6.24000000000000e+00	1.17046263462685e+03
6.25000000000000e+00	1.18269223271632e+03
6.26000000000000e+00	1.20825052847919e+03
6.27000000000000e+00	1.24647876480645e+03
6.28000000000000e+00	1.29586566217355e+03
6.29000000000000e+00	1.35443673812309e+03
6.30000000000000e+00	1.42000260283955e+03
6.31000000000000e+00	1.49053468095312e+03
6.32000000000000e+00	1.56450144998373e+03
6.33000000000000e+00	1.64127881989633e+03
6.34000000000000e+00	1.72112784951513e+03
6.35000000000000e+00	1.80540262773316e+03
6.36000000000000e+00	1.89622832715758e+03
6.37000000000000e+00	1.99604458190768e+03
6.38000000000000e+00	2.10721092911794e+03
6.39000000000000e+00	2.23131041525476e+03
6.40000000000000e+00	2.36864534695309e+03
6.41000000000000e+00	2.51793053147705e+03
6.42000000000000e+00	2.67613409267145e+03
6.43000000000000e+00	2.83868266041476e+03
6.44000000000000e+00	2.99973184999119e+03
6.45000000000000e+00	3.15266086620397e+03
6.46000000000000e+00	3.29070545092479e+03
6.47000000000000e+00	3.40743938401820e+03
6.48000000000000e+00	3.49724934403564e+03
6.49000000000000e+00	3.55581483644278e+03
6.50000000000000e+00	3.58021924244084e+03
6.51000000000000e+00	3.56925294628883e+03
6.52000000000000e+00	3.52328808179668e+03
6.53000000000000e+00	3.44413286206383e+03
6.54000000000000e+00	3.33483488381941e+03
6.55000000000000e+00	3.19957896675335e+03
6.56000000000000e+00	3.04333464840024e+03
6.57000000000000e+00	2.87166957970656e+03
6.58000000000000e+00	2.69059506670174e+03
6.59000000000000e+00	2.50608053007133e+03
6.60000000000000e+00	2.32384214500008e+03
6.61000000000000e+00	2.14894853590699e+03
6.62000000000000e+00	1.98569273239261e+03
6.63000000000000e+00	1.83738897408420e+03
6.64000000000000e+00	1.70654350100815e+03
6.65000000000000e+00	1.59482849927742e+03
6.66000000000000e+00	1.50322765354446e+03
6.67000000000000e+00	1.43213304509851e+03
6.68000000000000e+00	1.38142004550987e+03
6.69000000000000e+00	1.35043415151989e+03
6.70000000000000e+00	1.33810010789978e+03
6.71000000000000e+00	1.34286502467513e+03
6.72000000000000e+00	1.36272509768490e+03
6.73000000000000e+00	1.39530515214309e+03
6.74000000000000e+00	1.43781668421858e+03
6.75000000000000e+00	1.48720755337624e+03
6.76000000000000e+00	1.54027322192054e+03
6.77000000000000e+00	1.59379849204575e+03
6.78000000000000e+00	1.64473270104167e+03
6.79000000000000e+00	1.69040193619659e+03
6.80000000000000e+00	1.72863187278794e+03
6.81000000000000e+00	1.75793143013471e+03
6.82000000000000e+00	1.77749169507662e+03
6.83000000000000e+00	1.78727675405234e+03
6.84000000000000e+00	1.78795545725486e+03
6.85000000000000e+00	1.78071644416392e+03
6.86000000000000e+00	1.76725473280745e+03
6.87000000000000e+00	1.74955721790188e+03
6.88000000000000e+00	1.72975197413510e+03
6.89000000000000e+00	1.70986612314735e+03
6.90000000000000e+00	1.69188032972647e+03
6.91000000000000e+00	1.67741988292024e+03
6.92000000000000e+00	1.66786603610209e+03
6.93000000000000e+00	1.66425614152436e+03
6.94000000000000e+00	1.66725269784736e+03
6.95000000000000e+00	1.67714165807970e+03
6.96000000000000e+00	1.69391193922197e+03
6.97000000000000e+00	1.71711712753976e+03
6.98000000000000e+00	1.74610266482969e+03
6.99000000000000e+00	1.77995399620484e+03
7.00000000000000e+00	1.81766244331916e+03
7.01000000000000e+00	1.85814910584493e+03
7.02000000000000e+00	1.90047787179082e+03
7.03000000000000e+00	1.94376938910923e+03
7.04000000000000e+00	1.98738339173309e+03
7.05000000000000e+00	2.03077765470771e+03
7.06000000000000e+00	2.07359948040738e+03
7.07000000000000e+00	2.11563153062408e+03
7.08000000000000e+00	2.15661849466488e+03
7.09000000000000e+00	2.19639626130170e+03
7.10000000000000e+00	2.23481698377933e+03
7.11000000000000e+00	2.27174638937701e+03
7.12000000000000e+00	2.30701172087236e+03
7.13000000000000e+00	2.34039550184763e+03
7.14000000000000e+00	2.37161914019117e+03
7.15000000000000e+00	2.40018601366703e+03
7.16000000000000e+00	2.42554356875866e+03
7.17000000000000e+00	2.44703021718628e+03
7.18000000000000e+00	2.46400034943067e+03
7.19000000000000e+00	2.47585910402693e+03
7.20000000000000e+00	2.48242426361808e+03
7.21000000000000e+00	2.48365704123497e+03
7.22000000000000e+00	2.48002272058560e+03
7.23000000000000e+00	2.47233973773927e+03
7.24000000000000e+00	2.46179120081679e+03
7.25000000000000e+00	2.44995706458048e+03
7.26000000000000e+00	2.43859442307089e+03
7.27000000000000e+00	2.42954108448142e+03
7.28000000000000e+00	2.42449108598087e+03
7.29000000000000e+00	2.42486289870841e+03
7.30000000000000e+00	2.43149805631797e+03
7.31000000000000e+00	2.44443658120548e+03
7.32000000000000e+00	2.46289552252248e+03
7.33000000000000e+00	2.48522440566375e+03
7.34000000000000e+00	2.50890282762845e+03
7.35000000000000e+00	2.53080311924249e+03
7.36000000000000e+00	2.54733287350935e+03
7.37000000000000e+00	2.55491643341904e+03
7.38000000000000e+00	2.55024050388409e+03
7.39000000000000e+00	2.53064607531665e+03
7.40000000000000e+00	2.49444377226135e+03
7.41000000000000e+00	2.44121134208778e+03
7.42000000000000e+00	2.37185771711720e+03
7.43000000000000e+00	2.28877855253746e+03
7.44000000000000e+00	2.19546778343693e+03
7.45000000000000e+00	2.09640415028389e+03
7.46000000000000e+00	1.99658391681574e+03
7.47000000000000e+00	1.90099644073866e+03
7.48000000000000e+00	1.81422682111754e+03
7.49000000000000e+00	1.73998028921134e+03
7.50000000000000e+00	1.68083107854508e+03
7.51000000000000e+00	1.63805018402102e+03
7.52000000000000e+00	1.61168819990267e+03
7.53000000000000e+00	1.60064183676767e+03
7.54000000000000e+00	1.60296555523336e+03
7.55000000000000e+00	1.61620555787467e+03
7.56000000000000e+00	1.63759067228581e+03
7.57000000000000e+00	1.66444107922253e+03
7.58000000000000e+00	1.69428151657269e+03
7.59000000000000e+00	1.72515543869171e+03
7.60000000000000e+00	1.75550488207856e+03
7.61000000000000e+00	1.78442131292268e+03
7.62000000000000e+00	1.81136740807700e+03
7.63000000000000e+00	1.83628457150485e+03
7.64000000000000e+00	1.85931931442962e+03
7.65000000000000e+00	1.88075836647482e+03
7.66000000000000e+00	1.90097664523093e+03
7.67000000000000e+00	1.92029215307544e+03
7.68000000000000e+00	1.93892458852448e+03
7.69000000000000e+00	1.95697476116056e+03
7.70000000000000e+00	1.97445389302707e+03
7.71000000000000e+00	1.99133849824000e+03
7.72000000000000e+00	2.00753655040958e+03
7.73000000000000e+00	2.02305896549823e+03
7.74000000000000e+00	2.03810178113189e+03
7.75000000000000e+00	2.05288061751261e+03
7.76000000000000e+00	2.06782481665128e+03
7.77000000000000e+00	2.08329302646680e+03
7.78000000000000e+00	2.09953121525060e+03
7.79000000000000e+00	2.11657106103461e+03
7.80000000000000e+00	2.13418799737623e+03
7.81000000000000e+00	2.15189258042455e+03
7.82000000000000e+00	2.16888315320339e+03
7.83000000000000e+00	2.18395936169131e+03
7.84000000000000e+00	2.19571281168162e+03
7.85000000000000e+00	2.20234094538305e+03
7.86000000000000e+00	2.20186288854458e+03
7.87000000000000e+00	2.19226306666687e+03
7.88000000000000e+00	2.17160746811241e+03
7.89000000000000e+00	2.13836624035895e+03
7.90000000000000e+00	2.09171747657808e+03
7.91000000000000e+00	2.03161849528873e+03
7.92000000000000e+00	1.95907476027042e+03
7.93000000000000e+00	1.87613098125441e+03
7.94000000000000e+00	1.78573649890220e+03
7.95000000000000e+00	1.69173823171308e+03
7.96000000000000e+00	1.59837144590283e+03
7.97000000000000e+00	1.51005945089388e+03
7.98000000000000e+00	1.43085498865148e+03
7.99000000000000e+00	1.36417854751274e+03
8.00000000000000e+00	1.31234119160448e+03
8.01000000000000e+00	1.27643126978776e+03
8.02000000000000e+00	1.25629323677054e+03
8.03000000000000e+00	1.25062492048569e+03
8.04000000000000e+00	1.25724549545798e+03
8.05000000000000e+00	1.27352509784912e+03
8.06000000000000e+00	1.29666430035225e+03
8.07000000000000e+00	1.32400582265742e+03
8.08000000000000e+00	1.35331205089100e+03
8.09000000000000e+00	1.38278348476597e+03
8.10000000000000e+00	1.41124338573324e+03
8.11000000000000e+00	1.43799962802902e+03
8.12000000000000e+00	1.46276879067609e+03
8.13000000000000e+00	1.48561847730914e+03
8.14000000000000e+00	1.50676504792430e+03
8.15000000000000e+00	1.52652970285477e+03
8.16000000000000e+00	1.54515094262186e+03
8.17000000000000e+00	1.56280028399188e+03
8.18000000000000e+00	1.57956965956151e+03
8.19000000000000e+00	1.59540428404590e+03
8.20000000000000e+00	1.61007309094257e+03
8.21000000000000e+00	1.62339562276889e+03
8.22000000000000e+00	1.63513188287318e+03
8.23000000000000e+00	1.64506495868811e+03
8.24000000000000e+00	1.65314045124088e+03
8.25000000000000e+00	1.65941317003446e+03
8.26000000000000e+00	1.66400608406337e+03
8.27000000000000e+00	1.66721146770901e+03
8.28000000000000e+00	1.66937405927220e+03
8.29000000000000e+00	1.67086109965889e+03
8.30000000000000e+00	1.67221163688325e+03
8.31000000000000e+00	1.67388867589353e+03
8.32000000000000e+00	1.67642767214048e+03
8.33000000000000e+00	1.68028230694509e+03
8.34000000000000e+00	1.68579818651052e+03
8.35000000000000e+00	1.69309978539380e+03
8.36000000000000e+00	1.70210450276174e+03
8.37000000000000e+00	1.71240516825637e+03
8.38000000000000e+00	1.72329584068561e+03
8.39000000000000e+00	1.73380364155462e+03
8.40000000000000e+00	1.74279324286237e+03
8.41000000000000e+00	1.74898116556111e+03
8.42000000000000e+00	1.75117861001218e+03
8.43000000000000e+00	1.74835545257146e+03
8.44000000000000e+00	1.73978520410458e+03
8.45000000000000e+00	1.72514616720330e+03
8.46000000000000e+00	1.70457696540494e+03
8.47000000000000e+00	1.67866319038457e+03
8.48000000000000e+00	1.64851729354012e+03
8.49000000000000e+00	1.61560537241561e+03
8.50000000000000e+00	1.58170560451594e+03
8.51000000000000e+00	1.54874707798109e+03
8.52000000000000e+00	1.51840860143781e+03
8.53000000000000e+00	1.49223813306901e+03
8.54000000000000e+00	1.47126176285652e+03
8.55000000000000e+00	1.45603023947448e+03
8.56000000000000e+00	1.44663798196270e+03
8.57000000000000e+00	1.44274008216568e+03
8.58000000000000e+00	1.44368334743698e+03
8.59000000000000e+00	1.44867292490430e+03
8.60000000000000e+00	1.45685018047454e+03
8.61000000000000e+00	1.46741939492854e+03
8.62000000000000e+00	1.47964618677146e+03
8.63000000000000e+00	1.49294365941703e+03
8.64000000000000e+00	1.50693405738808e+03
8.65000000000000e+00	1.52133679054528e+03
8.66000000000000e+00	1.53598256061491e+03
8.67000000000000e+00	1.55077862996655e+03
8.68000000000000e+00	1.56568943067893e+03
8.69000000000000e+00	1.58070077833799e+03
8.70000000000000e+00	1.59578940456200e+03
8.71000000000000e+00	1.61082231519154e+03
8.72000000000000e+00	1.62573952517127e+03
8.73000000000000e+00	1.64027271636137e+03
8.74000000000000e+00	1.65420896570400e+03
8.75000000000000e+00	1.66714358063873e+03
8.76000000000000e+00	1.67872508471042e+03
8.77000000000000e+00	1.68838594593265e+03
8.78000000000000e+00	1.69577970367427e+03
8.79000000000000e+00	1.70041644126749e+03
8.80000000000000e+00	1.70195583845730e+03
8.81000000000000e+00	1.70021730951861e+03
8.82000000000000e+00	1.69511654903116e+03
8.83000000000000e+00	1.68674858340268e+03
8.84000000000000e+00	1.67535706588756e+03
8.85000000000000e+00	1.66141289508680e+03
8.86000000000000e+00	1.64548760970888e+03
8.87000000000000e+00	1.62827705557631e+03
8.88000000000000e+00	1.61056724139963e+03
8.89000000000000e+00	1.59327333568680e+03
8.90000000000000e+00	1.57720082165271e+03
8.91000000000000e+00	1.56312467433828e+03
8.92000000000000e+00	1.55157541662198e+03
8.93000000000000e+00	1.54300808639491e+03
8.94000000000000e+00	1.53750560466955e+03
8.95000000000000e+00	1.53502044000589e+03
8.96000000000000e+00	1.53515346004306e+03
8.97000000000000e+00	1.53739578143618e+03
8.98000000000000e+00	1.54102895994988e+03
8.99000000000000e+00	1.54535309921078e+03
9.00000000000000e+00	1.54974578067127e+03
9.01000000000000e+00	1.55375888530399e+03
9.02000000000000e+00	1.55703838226748e+03
9.03000000000000e+00	1.55950730678344e+03
9.04000000000000e+00	1.56119979775749e+03
9.05000000000000e+00	1.56220565509922e+03
9.06000000000000e+00	1.56269443978247e+03
9.07000000000000e+00	1.56276739855847e+03
9.08000000000000e+00	1.56264752387293e+03
9.09000000000000e+00	1.56245243504389e+03
9.10000000000000e+00	1.56245570961897e+03
9.11000000000000e+00	1.56270964603556e+03
9.12000000000000e+00	1.56344245625821e+03
9.13000000000000e+00	1.56468967920871e+03
9.14000000000000e+00	1.56658923304089e+03
9.15000000000000e+00	1.56914504917148e+03
9.16000000000000e+00	1.57241686494229e+03
9.17000000000000e+00	1.57647408209339e+03
9.18000000000000e+00	1.58138493217112e+03
9.19000000000000e+00	1.58721933348643e+03
9.20000000000000e+00	1.59403610679523e+03
9.21000000000000e+00	1.60190396090938e+03
9.22000000000000e+00	1.61078930408371e+03
9.23000000000000e+00	1.62062034142814e+03
9.24000000000000e+00	1.63113939644324e+03
9.25000000000000e+00	1.64209274552107e+03
9.26000000000000e+00	1.65309130652961e+03
9.27000000000000e+00	1.66367897341298e+03
9.28000000000000e+00	1.67348723345483e+03
9.29000000000000e+00	1.68210302210220e+03
9.30000000000000e+00	1.68926277617724e+03
9.31000000000000e+00	1.69481428164988e+03
9.32000000000000e+00	1.69866377249810e+03
9.33000000000000e+00	1.70087643851970e+03
9.34000000000000e+00	1.70163051736740e+03
9.35000000000000e+00	1.70115557056502e+03
9.36000000000000e+00	1.69970136641724e+03
9.37000000000000e+00	1.69757378934691e+03
9.38000000000000e+00	1.69501090753854e+03
9.39000000000000e+00	1.69228592197123e+03
9.40000000000000e+00	1.68958762553137e+03
9.41000000000000e+00	1.68706775869335e+03
9.42000000000000e+00	1.68485793293566e+03
9.43000000000000e+00	1.68300866057116e+03
9.44000000000000e+00	1.68157019274544e+03
9.45000000000000e+00	1.68049622634315e+03
9.46000000000000e+00	1.67982196843958e+03
9.47000000000000e+00	1.67950566206446e+03
9.48000000000000e+00	1.67955428328586e+03
9.49000000000000e+00	1.67998474374983e+03
9.50000000000000e+00	1.68080917892603e+03
9.51000000000000e+00	1.68203060612386e+03
9.52000000000000e+00	1.68359887985249e+03
9.53000000000000e+00	1.68536647026515e+03
9.54000000000000e+00	1.68715245024344e+03
9.55000000000000e+00	1.68875643668944e+03
9.56000000000000e+00	1.69006551144866e+03
9.57000000000000e+00	1.69111859554672e+03
9.58000000000000e+00	1.69219656940744e+03
9.59000000000000e+00	1.69364618947675e+03
9.60000000000000e+00	1.69580627238934e+03
9.61000000000000e+00	1.69892342691521e+03
9.62000000000000e+00	1.70294381916219e+03
9.63000000000000e+00	1.70773033907995e+03
9.64000000000000e+00	1.71296701212860e+03
9.65000000000000e+00	1.71835301383284e+03
9.66000000000000e+00	1.72365933946598e+03
9.67000000000000e+00	1.72870451561846e+03
9.68000000000000e+00	1.73346626009190e+03
9.69000000000000e+00	1.73793046074736e+03
9.70000000000000e+00	1.74207421129078e+03
9.71000000000000e+00	1.74595703947004e+03
9.72000000000000e+00	1.74958520446757e+03
9.73000000000000e+00	1.75293718323671e+03
9.74000000000000e+00	1.75607228461828e+03
9.75000000000000e+00	1.75896501343300e+03
9.76000000000000e+00	1.76165538763593e+03
9.77000000000000e+00	1.76407725916357e+03
9.78000000000000e+00	1.76625803641909e+03
9.79000000000000e+00	1.76822812871877e+03
9.80000000000000e+00	1.76998965522110e+03
9.81000000000000e+00	1.77155773335899e+03
9.82000000000000e+00	1.77297985478707e+03
9.83000000000000e+00	1.77425699267643e+03
9.84000000000000e+00	1.77541061631473e+03
9.85000000000000e+00	1.77641886500990e+03
9.86000000000000e+00	1.77730440297891e+03
9.87000000000000e+00	1.77814797049866e+03
9.88000000000000e+00	1.77916076808007e+03
9.89000000000000e+00	1.78125551706550e+03
9.90000000000000e+00	1.78643043798644e+03
9.91000000000000e+00	1.79939546247352e+03
9.92000000000000e+00	1.82931089765385e+03
9.93000000000000e+00	1.89305702041775e+03
9.94000000000000e+00	2.01943206344598e+03
9.95000000000000e+00	2.25837459482531e+03
9.96000000000000e+00	2.70045378919221e+03
9.97000000000000e+00	3.52558010660297e+03
9.98000000000000e+00	5.12598942040582e+03
9.99000000000000e+00	8.43878232896674e+03
1.00000000000000e+01	1.59217777401981e+04
1.00100000000000e+01	3.43352417755908e+04
1.00200000000000e+01	7.49724893097159e+04
1.00300000000000e+01	9.35429234576986e+04
1.00400000000000e+01	4.33846042111867e+04
1.00500000000000e+01	1.46551532892528e+04
1.00600000000000e+01	5.21878419983002e+03
1.00700000000000e+01	2.08063492942655e+03
1.00800000000000e+01	9.24627324098110e+02
1.00900000000000e+01	4.50687263765856e+02
1.01000000000000e+01	2.37114817007361e+02
1.01100000000000e+01	1.32852626537406e+02
1.01200000000000e+01	7.84251588552469e+01
1.01300000000000e+01	4.83672466193219e+01
1.01400000000000e+01	3.09579681524243e+01
1.01500000000000e+01	2.04552180976368e+01
1.01600000000000e+01	1.38932224631586e+01
1.01700000000000e+01	9.66586200552385e+00
1.01800000000000e+01	6.86872480860099e+00
1.01900000000000e+01	4.97358048075202e+00
1.02000000000000e+01	3.66228912204951e+00
1.02100000000000e+01	2.73764617688154e+00
1.02200000000000e+01	2.07451326394602e+00
1.02300000000000e+01	1.59154124830864e+00
1.02400000000000e+01	1.23482725074440e+00
1.02500000000000e+01	9.68018642491360e-01
1.02600000000000e+01	7.66078084904545e-01
1.02700000000000e+01	6.11592734632616e-01
1.02800000000000e+01	4.92238459168486e-01
1.02900000000000e+01	3.99172432561973e-01
1.03000000000000e+01	3.25981949716043e-01
1.03100000000000e+01	2.67962219194926e-01
1.03200000000000e+01	2.21622543083106e-01
1.03300000000000e+01	1.84360106138685e-01
1.03400000000000e+01	1.54192839997472e-01
1.03500000000000e+01	1.29622036755529e-01
1.03600000000000e+01	1.09491816780604e-01
1.03700000000000e+01	9.29077515122391e-02
1.03800000000000e+01	7.91757808295083e-02
1.03900000000000e+01	6.77474434999886e-02
1.04000000000000e+01	5.81920397988623e-02
1.04100000000000e+01	5.01670253116894e-02
1.04200000000000e+01	4.33990946105914e-02
1.04300000000000e+01	3.76673542363143e-02
1.04400000000000e+01	3.27961361372485e-02
1.04500000000000e+01	2.86401555224285e-02
1.04600000000000e+01	2.50825125432053e-02
1.04700000000000e+01	2.20270704852384e-02
1.04800000000000e+01	1.93943592127137e-02
1.04900000000000e+01	1.71198330951486e-02
1.05000000000000e+01	1.51484541818466e-02
1.05100000000000e+01	1.34354599546815e-02
1.05200000000000e+01	1.19430455772275e-02
1.05300000000000e+01	1.06392039997127e-02
1.05400000000000e+01	9.49776324760700e-03
1.05500000000000e+01	8.49579191498899e-03
1.05600000000000e+01	7.61437691952471e-03
1.05700000000000e+01	6.83711720717645e-03
1.05800000000000e+01	6.15047210847669e-03
1.05900000000000e+01	5.54240913453595e-03
1.06000000000000e+01	5.00293818017007e-03
1.06100000000000e+01	4.52338614246624e-03
1.06200000000000e+01	4.09621961555136e-03
1.06300000000000e+01	3.71506966131027e-03
1.06400000000000e+01	3.37437497405118e-03
1.06500000000000e+01	3.06930490018465e-03
1.06600000000000e+01	2.79568160910760e-03
1.06700000000000e+01	2.54981358695291e-03
1.06800000000000e+01	2.32857370389852e-03
1.06900000000000e+01	2.12919723236904e-03
1.07000000000000e+01	1.94920663411977e-03
1.07100000000000e+01	1.78652525440215e-03
1.07200000000000e+01	1.63928990569183e-03
1.07300000000000e+01	1.50585179284363e-03
1.07400000000000e+01	1.38474110870293e-03
1.07500000000000e+01	1.27469919716051e-03
1.07600000000000e+01	1.17461739376636e-03
1.07700000000000e+01	1.08347367226928e-03
1.07800000000000e+01	1.00037543439248e-03
1.07900000000000e+01	9.24543874491198e-04
1.08000000000000e+01	8.55276304101944e-04
1.08100000000000e+01	7.91921324292911e-04
1.08200000000000e+01	7.33934325490538e-04
1.08300000000000e+01	6.80807021949663e-04
1.08400000000000e+01	6.32070380214993e-04
1.08500000000000e+01	5.87336514946996e-04
1.08600000000000e+01	5.46218493462329e-04
1.08700000000000e+01	5.08387064288798e-04
1.08800000000000e+01	4.73552214494106e-04
1.08900000000000e+01	4.41443735536522e-04
1.09000000000000e+01	4.11821258665817e-04
1.09100000000000e+01	3.84459183073664e-04
1.09200000000000e+01	3.59167719694421e-04
1.09300000000000e+01	3.35766777999544e-04
1.09400000000000e+01	3.14088371626981e-04
1.09500000000000e+01	2.93997616186281e-04
1.09600000000000e+01	2.75357931711529e-04
1.09700000000000e+01	2.58048962710858e-04
1.09800000000000e+01	2.41968151663029e-04
1.09900000000000e+01	2.27005983891837e-04
1.10000000000000e+01	2.13087243013654e-04
1.10100000000000e+01	2.00122711835893e-04
1.10200000000000e+01	1.88040544904672e-04
1.10300000000000e+01	1.76782238151503e-04
1.10400000000000e+01	1.66279946165683e-04
1.10500000000000e+01	1.56479570949887e-04
1.10600000000000e+01	1.47335944686320e-04
1.10700000000000e+01	1.38800158272897e-04
1.10800000000000e+01	1.30830542184939e-04
1.10900000000000e+01	1.23385677551395e-04
1.11000000000000e+01	1.16430360552987e-04
1.11100000000000e+01	1.09928799027725e-04
1.11200000000000e+01	1.03849188440968e-04
1.11300000000000e+01	9.81627011081933e-05
1.11400000000000e+01	9.28390723609895e-05
1.11500000000000e+01	8.78533433664080e-05
1.11600000000000e+01	8.31808308480200e-05
1.11700000000000e+01	7.87980039311065e-05
1.11800000000000e+01	7.46846746825010e-05
1.11900000000000e+01	7.08201312350759e-05
1.12000000000000e+01	6.71875767886803e-05
1.12100000000000e+01	6.37712229013720e-05
1.12200000000000e+01	6.05545491961830e-05
1.12300000000000e+01	5.75247487425105e-05
1.12400000000000e+01	5.46677847858983e-05
1.12500000000000e+01	5.19750322364069e-05
1.12600000000000e+01	4.94319776629823e-05
1.12700000000000e+01	4.70311915132734e-05
1.12800000000000e+01	4.47637756815342e-05
1.12900000000000e+01	4.26208847474210e-05
1.13000000000000e+01	4.05943456998879e-05
1.13100000000000e+01	3.86767991213696e-05
1.13200000000000e+01	3.68629438079943e-05
1.13300000000000e+01	3.51448273869376e-05
1.13400000000000e+01	3.35181481761454e-05
1.13500000000000e+01	3.19765745828287e-05
1.13600000000000e+01	3.05147438462296e-05
1.13700000000000e+01	2.91284018776806e-05
1.13800000000000e+01	2.78136052063596e-05
1.13900000000000e+01	2.65651530409416e-05
1.14000000000000e+01	2.53798908682733e-05
1.14100000000000e+01	2.42541483189362e-05
1.14200000000000e+01	2.31843218309028e-05
1.14300000000000e+01	2.21676341506890e-05
1.14400000000000e+01	2.12009802429351e-05
1.14500000000000e+01	2.02817800619821e-05
1.14600000000000e+01	1.94073407488522e-05
1.14700000000000e+01	1.85751668523709e-05
1.14800000000000e+01	1.77829907379866e-05
1.14900000000000e+01	1.70287218431296e-05
1.15000000000000e+01	1.63104043964284e-05
1.15100000000000e+01	1.56259596468686e-05
1.15200000000000e+01	1.49736115309786e-05
1.15300000000000e+01	1.43518234288174e-05
1.15400000000000e+01	1.37588211722058e-05
1.15500000000000e+01	1.31934202853624e-05
1.15600000000000e+01	1.26541707771681e-05
1.15700000000000e+01	1.21398186804974e-05
1.15800000000000e+01	1.16493403080812e-05
1.15900000000000e+01	1.11815366245064e-05
1.16000000000000e+01	1.07353723608015e-05
1.16100000000000e+01	1.03099942469974e-05
1.16200000000000e+01	9.90429954330244e-06
1.16300000000000e+01	9.51745389103504e-06
1.16400000000000e+01	9.14838184856541e-06
1.16500000000000e+01	8.79629182376879e-06
1.16600000000000e+01	8.46022768852264e-06
1.16700000000000e+01	8.13932045892684e-06
1.16800000000000e+01	7.83266020463814e-06
1.16900000000000e+01	7.53940781771745e-06
1.17000000000000e+01	7.25878793981345e-06
1.17100000000000e+01	6.99008062138975e-06
1.17200000000000e+01	6.73253831909142e-06
1.17300000000000e+01	6.48553059634323e-06
1.17400000000000e+01	6.24847549774032e-06
1.17500000000000e+01	6.02086836685569e-06
1.17600000000000e+01	5.80224889915682e-06
1.17700000000000e+01	5.59214923242528e-06
1.17800000000000e+01	5.39033263389531e-06
1.17900000000000e+01	5.19638818485073e-06
1.18000000000000e+01	5.01008203566967e-06
1.18100000000000e+01	4.83113596457945e-06
1.18200000000000e+01	4.65931478062229e-06
1.18300000000000e+01	4.49437317061215e-06
1.18400000000000e+01	4.33608457200548e-06
1.18500000000000e+01	4.18419816247995e-06
1.18600000000000e+01	4.03847790918688e-06
1.18700000000000e+01	3.89869145326084e-06
1.18800000000000e+01	3.76456604442280e-06
1.18900000000000e+01	3.63587055464732e-06
1.19000000000000e+01	3.51235236396917e-06
1.19100000000000e+01	3.39375791115746e-06
1.19200000000000e+01	3.27985813110389e-06
1.19300000000000e+01	3.17043713609391e-06
1.19400000000000e+01	3.06524108795846e-06
1.19500000000000e+01	2.96407263149261e-06
1.19600000000000e+01	2.86673194192807e-06
1.19700000000000e+01	2.77304369830250e-06
1.19800000000000e+01	2.68280151522163e-06
1.19900000000000e+01	2.59584418478438e-06
1.20000000000000e+01	2.51200589628703e-06
1.20100000000000e+01	2.43116355088094e-06
1.20200000000000e+01	2.35318802992094e-06
1.20300000000000e+01	2.27795707322121e-06
1.20400000000000e+01	2.20536056452343e-06
1.20500000000000e+01	2.13530056177514e-06
1.20600000000000e+01	2.06771132027946e-06
1.20700000000000e+01	2.00248533073857e-06
1.20800000000000e+01	1.93956813058588e-06
1.20900000000000e+01	1.87889157222314e-06
1.21000000000000e+01	1.82039678323456e-06
1.21100000000000e+01	1.76401586734656e-06
1.21200000000000e+01	1.70968426346756e-06
1.21300000000000e+01	1.65732660384001e-06
1.21400000000000e+01	1.60688919224909e-06
1.21500000000000e+01	1.55830751882294e-06
1.21600000000000e+01	1.51148159143832e-06
1.21700000000000e+01	1.46636107410439e-06
1.21800000000000e+01	1.42285325815368e-06
1.21900000000000e+01	1.38089939439226e-06
1.22000000000000e+01	1.34041008305615e-06
1.22100000000000e+01	1.30132149417873e-06
1.22200000000000e+01	1.26355941084934e-06
1.22300000000000e+01	1.22705396384396e-06
1.22400000000000e+01	1.19174252776371e-06
1.22500000000000e+01	1.15756646344034e-06
1.22600000000000e+01	1.12447603885098e-06
1.22700000000000e+01	1.09241684075945e-06
1.22800000000000e+01	1.06132250145595e-06
1.22900000000000e+01	1.03117163018287e-06
1.23000000000000e+01	1.00190470806415e-06
1.23100000000000e+01	9.73492730083896e-07
1.23200000000000e+01	9.45892184721670e-07
1.23300000000000e+01	9.19071248651099e-07
1.23400000000000e+01	8.93005529846037e-07
1.23500000000000e+01	8.67673298320385e-07
1.23600000000000e+01	8.43045607483072e-07
1.23700000000000e+01	8.19110781036039e-07
1.23800000000000e+01	7.95841795950206e-07
1.23900000000000e+01	7.73245861098198e-07
1.24000000000000e+01	7.51290170689462e-07
1.24100000000000e+01	7.29984061807187e-07
1.24200000000000e+01	7.09305298423372e-07
1.24300000000000e+01	6.89243133347338e-07
1.24400000000000e+01	6.69797143129854e-07
1.24500000000000e+01	6.50939090592594e-07
1.24600000000000e+01	6.32663912040469e-07
1.24700000000000e+01	6.14952729189713e-07
1.24800000000000e+01	5.97793142531266e-07
1.24900000000000e+01	5.81160870435542e-07
1.25000000000000e+01	5.65051730319282e-07
1.25100000000000e+01	5.49442827520766e-07
1.25200000000000e+01	5.34315978274688e-07
1.25300000000000e+01	5.19660156138792e-07
1.25400000000000e+01	5.05467860855743e-07
1.25500000000000e+01	4.91713897670570e-07
1.25600000000000e+01	4.78394306472750e-07
1.25700000000000e+01	4.65490527325948e-07
1.25800000000000e+01	4.52994243806889e-07
1.25900000000000e+01	4.40891947864985e-07
1.26000000000000e+01	4.29166296825988e-07
1.26100000000000e+01	4.17805980475021e-07
1.26200000000000e+01	4.06799533668205e-07
1.26300000000000e+01	3.96131113312411e-07
1.26400000000000e+01	3.85784708738646e-07
1.26500000000000e+01	3.75753411522026e-07
1.26600000000000e+01	3.66026618288254e-07
1.26700000000000e+01	3.56586610347427e-07
1.26800000000000e+01	3.47428628703414e-07
1.26900000000000e+01	3.38542329190788e-07
1.27000000000000e+01	3.29920328598372e-07
1.27100000000000e+01	3.21555759394055e-07
1.27200000000000e+01	3.13441414811867e-07
1.27300000000000e+01	3.05567514607173e-07
1.27400000000000e+01	2.97932511746316e-07
1.27500000000000e+01	2.90526922772108e-07
1.27600000000000e+01	2.83345944262590e-07
1.27700000000000e+01	2.76380513681993e-07
1.27800000000000e+01	2.69625464186082e-07
1.27900000000000e+01	2.63071449366694e-07
1.28000000000000e+01	2.56712672376492e-07
1.28100000000000e+01	2.50540685570369e-07
1.28200000000000e+01	2.44550696390540e-07
1.28300000000000e+01	2.38732366688409e-07
1.28400000000000e+01	2.33081941632329e-07
1.28500000000000e+01	2.27593542826783e-07
1.28600000000000e+01	2.22258143283722e-07
1.28700000000000e+01	2.17075000491948e-07
1.28800000000000e+01	2.12035738770626e-07
1.28900000000000e+01	2.07136425671448e-07
1.29000000000000e+01	2.02371926219145e-07
1.29100000000000e+01	1.97739018909601e-07
1.29200000000000e+01	1.93232092594543e-07
1.29300000000000e+01	1.88849217593110e-07
1.29400000000000e+01	1.84582630644888e-07
1.29500000000000e+01	1.80432071933633e-07
1.29600000000000e+01	1.76389242433970e-07
1.29700000000000e+01	1.72455589739430e-07
1.29800000000000e+01	1.68623610206689e-07
1.29900000000000e+01	1.64893227639371e-07
1.30000000000000e+01	1.61258219869591e-07
1.30100000000000e+01	1.57718724409883e-07
1.30200000000000e+01	1.54271127764143e-07
1.30300000000000e+01	1.50912977266079e-07
1.30400000000000e+01	1.47641112984109e-07
1.30500000000000e+01	1.44453657392370e-07
1.30600000000000e+01	1.41346728771829e-07
1.30700000000000e+01	1.38317589906222e-07
1.30800000000000e+01	1.35362671541425e-07
1.30900000000000e+01	1.32479775780940e-07
1.31000000000000e+01	1.29664266000366e-07
1.31100000000000e+01	1.26915916068435e-07
1.31200000000000e+01	1.24227668723101e-07
1.31300000000000e+01	1.21600036223834e-07
1.31400000000000e+01	1.19028820076684e-07
1.31500000000000e+01	1.16513759642731e-07
1.31600000000000e+01	1.14053039209802e-07
1.31700000000000e+01	1.11645403932316e-07
1.31800000000000e+01	1.09289263974885e-07
1.31900000000000e+01	1.06986341357631e-07
1.32000000000000e+01	1.04733768683730e-07
1.32100000000000e+01	1.02531991151034e-07
1.32200000000000e+01	1.00380188723834e-07
1.32300000000000e+01	9.82773354415766e-08
1.32400000000000e+01	9.62233030190583e-08
1.32500000000000e+01	9.42152600847152e-08
1.32600000000000e+01	9.22514733755857e-08
1.32700000000000e+01	9.03325304569879e-08
1.32800000000000e+01	8.84555796745114e-08
1.32900000000000e+01	8.66195258490144e-08
1.33000000000000e+01	8.48239020546807e-08
1.33100000000000e+01	8.30668467081930e-08
1.33200000000000e+01	8.13482326020679e-08
1.33300000000000e+01	7.96667022481242e-08
1.33400000000000e+01	7.80230828659843e-08
1.33500000000000e+01	7.64165906773585e-08
1.33600000000000e+01	7.48463217446409e-08
1.33700000000000e+01	7.33119527018705e-08
1.33800000000000e+01	7.18143838608661e-08
1.33900000000000e+01	7.03521692210843e-08
1.34000000000000e+01	6.89243021391607e-08
1.34100000000000e+01	6.75308000064191e-08
1.34200000000000e+01	6.61709730023345e-08
1.34300000000000e+01	6.48434349046473e-08
1.34400000000000e+01	6.35475170934340e-08
1.34500000000000e+01	6.22822597058556e-08
1.34600000000000e+01	6.10465323938862e-08
1.34700000000000e+01	5.98391049569140e-08
1.34800000000000e+01	5.86597880332489e-08
1.34900000000000e+01	5.75068839783053e-08
1.35000000000000e+01	5.63800728184692e-08
1.35100000000000e+01	5.52775280295701e-08
1.35200000000000e+01	5.41991419129204e-08
1.35300000000000e+01	5.31440023585429e-08
1.35400000000000e+01	5.21111094774170e-08
1.35500000000000e+01	5.10992576231837e-08
1.35600000000000e+01	5.01083112916816e-08
1.35700000000000e+01	4.91368691354316e-08
1.35800000000000e+01	4.81849688154699e-08
1.35900000000000e+01	4.72508898048349e-08
1.36000000000000e+01	4.63352741428164e-08
1.36100000000000e+01	4.54367493604672e-08
1.36200000000000e+01	4.45552640609841e-08
1.36300000000000e+01	4.36899209277471e-08
1.36400000000000e+01	4.28411386534059e-08
1.36500000000000e+01	4.20085415837917e-08
1.36600000000000e+01	4.11916477267866e-08
1.36700000000000e+01	4.03906341431980e-08
1.36800000000000e+01	3.96055945902020e-08
1.36900000000000e+01	3.88364243901764e-08
1.37000000000000e+01	3.80827182889823e-08
1.37100000000000e+01	3.73451050783281e-08
1.37200000000000e+01	3.66231286922925e-08
1.37300000000000e+01	3.59177107403795e-08
1.37400000000000e+01	3.52279578012456e-08
1.37500000000000e+01	3.45545327130747e-08
1.37600000000000e+01	3.38971383226261e-08
1.37700000000000e+01	3.32553055710372e-08
1.37800000000000e+01	3.26291291462512e-08
1.37900000000000e+01	3.20180463836302e-08
1.38000000000000e+01	3.14221455640365e-08
1.38100000000000e+01	3.08402327487056e-08
1.38200000000000e+01	3.02722649742433e-08
1.38300000000000e+01	2.97173657563029e-08
1.38400000000000e+01	2.91752813923828e-08
1.38500000000000e+01	2.86454795260918e-08
1.38600000000000e+01	2.81270667317821e-08
1.38700000000000e+01	2.76197906472319e-08
1.38800000000000e+01	2.71235733602729e-08
1.38900000000000e+01	2.66373817735944e-08
1.39000000000000e+01	2.61608371235273e-08
1.39100000000000e+01	2.56942174672187e-08
1.39200000000000e+01	2.52365278405430e-08
1.39300000000000e+01	2.47877631879460e-08
1.39400000000000e+01	2.43477451860187e-08
1.39500000000000e+01	2.39161159177802e-08
1.39600000000000e+01	2.34923973678572e-08
1.39700000000000e+01	2.30766936263980e-08
1.39800000000000e+01	2.26687216142603e-08
1.39900000000000e+01	2.22682449595555e-08
1.40000000000000e+01	2.18753249983910e-08
1.40100000000000e+01	2.14896474967579e-08
1.40200000000000e+01	2.11109952856862e-08
1.40300000000000e+01	2.07395793569783e-08
1.40400000000000e+01	2.03754567282948e-08
1.40500000000000e+01	2.00183210018606e-08
1.40600000000000e+01	1.96681694288240e-08
1.40700000000000e+01	1.93250780209517e-08
1.40800000000000e+01	1.89888713369465e-08
1.40900000000000e+01	1.86593906955734e-08
1.41000000000000e+01	1.83366849408112e-08
1.41100000000000e+01	1.80205520957763e-08
1.41200000000000e+01	1.77107600189877e-08
1.41300000000000e+01	1.74071870620579e-08
1.41400000000000e+01	1.71096787913109e-08
1.41500000000000e+01	1.68175965658984e-08
1.41600000000000e+01	1.65311306789012e-08
1.41700000000000e+01	1.62497112380971e-08
1.41800000000000e+01	1.59733127805818e-08
1.41900000000000e+01	1.57015900077739e-08
1.42000000000000e+01	1.54343421314143e-08
1.42100000000000e+01	1.51715817949608e-08
1.42200000000000e+01	1.49133833709485e-08
1.42300000000000e+01	1.46593694530998e-08
1.42400000000000e+01	1.44096921284809e-08
1.42500000000000e+01	1.41644261187277e-08
1.42600000000000e+01	1.39233736800658e-08
1.42700000000000e+01	1.36867843736385e-08
1.42800000000000e+01	1.34547753738495e-08
1.42900000000000e+01	1.32270356573749e-08
1.43000000000000e+01	1.30037329906287e-08
1.43100000000000e+01	1.27848595066583e-08
1.43200000000000e+01	1.25700875904725e-08
1.43300000000000e+01	1.23596310666276e-08
1.43400000000000e+01	1.21531821241315e-08
1.43500000000000e+01	1.19508704980929e-08
1.43600000000000e+01	1.17524243178391e-08
1.43700000000000e+01	1.15576612379599e-08
1.43800000000000e+01	1.13666957719731e-08
1.43900000000000e+01	1.11793585860492e-08
1.44000000000000e+01	1.09956945602248e-08
1.44100000000000e+01	1.08153864956829e-08
1.44200000000000e+01	1.06386129152840e-08
1.44300000000000e+01	1.04651987172360e-08
1.44400000000000e+01	1.02952561160540e-08
1.44500000000000e+01	1.01284927066474e-08
1.44600000000000e+01	9.96505986089103e-09
1.44700000000000e+01	9.80478570140253e-09
1.44800000000000e+01	9.64756289078745e-09
1.44900000000000e+01	9.49345795644302e-09
1.45000000000000e+01	9.34231040640305e-09
1.45100000000000e+01	9.19408744022200e-09
1.45200000000000e+01	9.04861552543688e-09
1.45300000000000e+01	8.90589532856603e-09
1.45400000000000e+01	8.76593639052585e-09
1.45500000000000e+01	8.62847177170511e-09
1.45600000000000e+01	8.49354411305093e-09
1.45700000000000e+01	8.36108046735680e-09
1.45800000000000e+01	8.23088609025639e-09
1.45900000000000e+01	8.10314871485994e-09
1.46000000000000e+01	7.97758648791478e-09
1.46100000000000e+01	7.85410264428832e-09
1.46200000000000e+01	7.73288277175787e-09
1.46300000000000e+01	7.61360589150365e-09
1.46400000000000e+01	7.49642733256952e-09
1.46500000000000e+01	7.38130588575644e-09
1.46600000000000e+01	7.26803532819937e-09
1.46700000000000e+01	7.15673528284866e-09
1.46800000000000e+01	7.04739247156495e-09
1.46900000000000e+01	6.93999192171865e-09
1.47000000000000e+01	6.83445716845799e-09
1.47100000000000e+01	6.73077288035243e-09
1.47200000000000e+01	6.62887377175175e-09
1.47300000000000e+01	6.52884351360277e-09
1.47400000000000e+01	6.43060149454045e-09
1.47500000000000e+01	6.33414827547219e-09
1.47600000000000e+01	6.23939409335582e-09
1.47700000000000e+01	6.14632358872987e-09
1.47800000000000e+01	6.05479513922937e-09
1.47900000000000e+01	5.96490510786306e-09
1.48000000000000e+01	5.87648869029809e-09
1.48100000000000e+01	5.78946938482226e-09
1.48200000000000e+01	5.70397163966241e-09
1.48300000000000e+01	5.61974678380896e-09
1.48400000000000e+01	5.53682435409922e-09
1.48500000000000e+01	5.45521235146102e-09
1.48600000000000e+01	5.37482187859166e-09
1.48700000000000e+01	5.29563824751668e-09
1.48800000000000e+01	5.21762119372274e-09
1.48900000000000e+01	5.14072095172630e-09
1.49000000000000e+01	5.06505209764330e-09
1.49100000000000e+01	4.99046268263636e-09
1.49200000000000e+01	4.91699748824278e-09
1.49300000000000e+01	4.84465204531097e-09
1.49400000000000e+01	4.77341424215270e-09
1.49500000000000e+01	4.70327031530952e-09
1.49600000000000e+01	4.63424723484887e-09
1.49700000000000e+01	4.56633894697683e-09
1.49800000000000e+01	4.49952832662049e-09
1.49900000000000e+01	4.43383528811932e-09
1.50000000000000e+01	4.36920164241360e-09
1.50100000000000e+01	4.30571537841150e-09
1.50200000000000e+01	4.24321743873973e-09
1.50300000000000e+01	4.18182447271541e-09
1.50400000000000e+01	4.12149946359427e-09
1.50500000000000e+01	4.06216930480922e-09
1.50600000000000e+01	4.00384524108426e-09
1.50700000000000e+01	3.94645994211596e-09
1.50800000000000e+01	3.89001219012616e-09
1.50900000000000e+01	3.83451191315405e-09
1.51000000000000e+01	3.77985203758451e-09
1.51100000000000e+01	3.72604943699150e-09
1.51200000000000e+01	3.67310700035528e-09
1.51300000000000e+01	3.62089717225636e-09
1.51400000000000e+01	3.56953312029245e-09
1.51500000000000e+01	3.51888595092018e-09
1.51600000000000e+01	3.46894240554353e-09
1.51700000000000e+01	3.41975112979201e-09
1.51800000000000e+01	3.37130764928452e-09
1.51900000000000e+01	3.32354102982558e-09
1.52000000000000e+01	3.27649774205972e-09
1.52100000000000e+01	3.23015385789833e-09
1.52200000000000e+01	3.18454905570418e-09
1.52300000000000e+01	3.13962535252455e-09
1.52400000000000e+01	3.09535703722413e-09
1.52500000000000e+01	3.05177442960677e-09
1.52600000000000e+01	3.00881467345827e-09
1.52700000000000e+01	2.96647234490306e-09
1.52800000000000e+01	2.92472580966113e-09
1.52900000000000e+01	2.88348232039205e-09
1.53000000000000e+01	2.84272347448658e-09
1.53100000000000e+01	2.80238368389065e-09
1.53200000000000e+01	2.76245929905475e-09
1.53300000000000e+01	2.72290073307288e-09
1.53400000000000e+01	2.68361772045449e-09
1.53500000000000e+01	2.64461235388847e-09
1.53600000000000e+01	2.60590196438603e-09
1.53700000000000e+01	2.56739054513667e-09
1.53800000000000e+01	2.52910687966846e-09
1.53900000000000e+01	2.49107412463971e-09
1.54000000000000e+01	2.45326085413263e-09
1.54100000000000e+01	2.41574673337312e-09
1.54200000000000e+01	2.37850642543711e-09
1.54300000000000e+01	2.34162343767287e-09
1.54400000000000e+01	2.30512452208827e-09
1.54500000000000e+01	2.26907608772015e-09
1.54600000000000e+01	2.23352503625414e-09
1.54700000000000e+01	2.19858793163719e-09
1.54800000000000e+01	2.16426652403687e-09
1.54900000000000e+01	2.13066222535118e-09
1.55000000000000e+01	2.09781935384292e-09
1.55100000000000e+01	2.06581614788690e-09
1.55200000000000e+01	2.03468345563550e-09
1.55300000000000e+01	2.00445810439404e-09
1.55400000000000e+01	1.97509692169955e-09
1.55500000000000e+01	1.94667033031685e-09
1.55600000000000e+01	1.91910574083110e-09
1.55700000000000e+01	1.89236833798473e-09
1.55800000000000e+01	1.86646647136887e-09
1.55900000000000e+01	1.84128798415322e-09
1.56000000000000e+01	1.81676579412702e-09
1.56100000000000e+01	1.79289524370122e-09
1.56200000000000e+01	1.76954902214463e-09
1.56300000000000e+01	1.74670842225732e-09
1.56400000000000e+01	1.72429735490979e-09
1.56500000000000e+01	1.70224993023426e-09
1.56600000000000e+01	1.68052087769211e-09
1.56700000000000e+01	1.65907929906070e-09
1.56800000000000e+01	1.63787753878295e-09
1.56900000000000e+01	1.61690268166496e-09
1.57000000000000e+01	1.59610738295571e-09
1.57100000000000e+01	1.57548118951925e-09
1.57200000000000e+01	1.55502396264073e-09
1.57300000000000e+01	1.53472185992931e-09
1.57400000000000e+01	1.51456709752902e-09
1.57500000000000e+01	1.49458101171950e-09
1.57600000000000e+01	1.47475122432715e-09
1.57700000000000e+01	1.45509229250255e-09
1.57800000000000e+01	1.43562172909534e-09
1.57900000000000e+01	1.41638556061321e-09
1.58000000000000e+01	1.39737120710435e-09
1.58100000000000e+01	1.37861264757269e-09
1.58200000000000e+01	1.36013356947772e-09
1.58300000000000e+01	1.34196292585460e-09
1.58400000000000e+01	1.32411451569522e-09
1.58500000000000e+01	1.30659557022284e-09
1.58600000000000e+01	1.28944281579663e-09
1.58700000000000e+01	1.27263460920295e-09
1.58800000000000e+01	1.25618421661628e-09
1.58900000000000e+01	1.24010289912950e-09
1.59000000000000e+01	1.22437050253377e-09
1.59100000000000e+01	1.20898878661844e-09
1.59200000000000e+01	1.19392514710754e-09
1.59300000000000e+01	1.17916770643978e-09
1.59400000000000e+01	1.16470691326016e-09
1.59500000000000e+01	1.15050066309087e-09
1.59600000000000e+01	1.13653122636073e-09
1.59700000000000e+01	1.12280439305329e-09
1.59800000000000e+01	1.10928767327011e-09
1.59900000000000e+01	1.09594292088858e-09
1.60000000000000e+01	1.08279909604361e-09
1.60100000000000e+01	1.06980780328263e-09
1.60200000000000e+01	1.05698559073347e-09
1.60300000000000e+01	1.04431834923587e-09
1.60400000000000e+01	1.03180331254445e-09
1.60500000000000e+01	1.01944110710484e-09
1.60600000000000e+01	1.00722608962497e-09
1.60700000000000e+01	9.95149179767450e-10
1.60800000000000e+01	9.83205711959511e-10
1.60900000000000e+01	9.71414830390404e-10
1.61000000000000e+01	9.59765530770657e-10
1.61100000000000e+01	9.48249957701260e-10
1.61200000000000e+01	9.36880419520983e-10
1.61300000000000e+01	9.25638419087859e-10
1.61400000000000e+01	9.14555300006486e-10
1.61500000000000e+01	9.03611575233714e-10
1.61600000000000e+01	8.92790626980488e-10
1.61700000000000e+01	8.82126634981975e-10
1.61800000000000e+01	8.71595208354468e-10
1.61900000000000e+01	8.61227067405729e-10
1.62000000000000e+01	8.50988031673626e-10
1.62100000000000e+01	8.40920547936194e-10
1.62200000000000e+01	8.30996913582485e-10
1.62300000000000e+01	8.21230763309177e-10
1.62400000000000e+01	8.11627256373154e-10
1.62500000000000e+01	8.02188679322897e-10
1.62600000000000e+01	7.92899181224591e-10
1.62700000000000e+01	7.83765864522262e-10
1.62800000000000e+01	7.74785795870157e-10
1.62900000000000e+01	7.65956248749021e-10
1.63000000000000e+01	7.57266472903282e-10
1.63100000000000e+01	7.48695831570166e-10
1.63200000000000e+01	7.40261627169454e-10
1.63300000000000e+01	7.31928388152623e-10
1.63400000000000e+01	7.23688175144043e-10
1.63500000000000e+01	7.15545447661269e-10
1.63600000000000e+01	7.07470952628079e-10
1.63700000000000e+01	6.99459366619527e-10
1.63800000000000e+01	6.91508696507031e-10
1.63900000000000e+01	6.83590452320016e-10
1.64000000000000e+01	6.75711329171441e-10
1.64100000000000e+01	6.67856969501569e-10
1.64200000000000e+01	6.60032392310944e-10
1.64300000000000e+01	6.52228902030802e-10
1.64400000000000e+01	6.44451242069163e-10
1.64500000000000e+01	6.36692033074155e-10
1.64600000000000e+01	6.28966662079957e-10
1.64700000000000e+01	6.21287760090355e-10
1.64800000000000e+01	6.13651325622481e-10
1.64900000000000e+01	6.06082573955776e-10
1.65000000000000e+01	5.98598075326259e-10
1.65100000000000e+01	5.91186170463782e-10
1.65200000000000e+01	5.83870322689493e-10
1.65300000000000e+01	5.76664249310937e-10
1.65400000000000e+01	5.69570846314096e-10
1.65500000000000e+01	5.62599576340319e-10
1.65600000000000e+01	5.55751093432054e-10
1.65700000000000e+01	5.49022613539273e-10
1.65800000000000e+01	5.42422882815448e-10
1.65900000000000e+01	5.35951287632544e-10
1.66000000000000e+01	5.29616307790387e-10
1.66100000000000e+01	5.23395649027148e-10
1.66200000000000e+01	5.17302166995163e-10
1.66300000000000e+01	5.11321293616599e-10
1.66400000000000e+01	5.05462760917745e-10
1.66500000000000e+01	4.99715180908288e-10
1.66600000000000e+01	4.94078792493885e-10
1.66700000000000e+01	4.88545092322857e-10
1.66800000000000e+01	4.83119103414412e-10
1.66900000000000e+01	4.77783135155611e-10
1.67000000000000e+01	4.72544013059650e-10
1.67100000000000e+01	4.67388195174688e-10
1.67200000000000e+01	4.62324788151467e-10
1.67300000000000e+01	4.57332760641942e-10
1.67400000000000e+01	4.52414927934571e-10
1.67500000000000e+01	4.47568197828036e-10
1.67600000000000e+01	4.42781315704336e-10
1.67700000000000e+01	4.38050689629069e-10
1.67800000000000e+01	4.33373774961833e-10
1.67900000000000e+01	4.28750189630225e-10
1.68000000000000e+01	4.24164069922433e-10
1.68100000000000e+01	4.19619203233681e-10
1.68200000000000e+01	4.15121186312771e-10
1.68300000000000e+01	4.10657129765240e-10
1.68400000000000e+01	4.06227015480833e-10
1.68500000000000e+01	4.01837414518698e-10
1.68600000000000e+01	3.97483113311432e-10
1.68700000000000e+01	3.93163902994462e-10
1.68800000000000e+01	3.88886486934856e-10
1.68900000000000e+01	3.84644751648722e-10
1.69000000000000e+01	3.80450638692344e-10
1.69100000000000e+01	3.76291619174178e-10
1.69200000000000e+01	3.72173868415960e-10
1.69300000000000e+01	3.68097198694236e-10
1.69400000000000e+01	3.64067131402756e-10
1.69500000000000e+01	3.60072371459540e-10
1.69600000000000e+01	3.56124058315566e-10
1.69700000000000e+01	3.52215933438717e-10
1.69800000000000e+01	3.48354963438707e-10
1.69900000000000e+01	3.44540050294177e-10
1.70000000000000e+01	3.40770899111954e-10
1.70100000000000e+01	3.37058031408131e-10
1.70200000000000e+01	3.33401405969113e-10
1.70300000000000e+01	3.29799293576047e-10
1.70400000000000e+01	3.26255858350435e-10
1.70500000000000e+01	3.22774964483010e-10
1.70600000000000e+01	3.19354082082702e-10
1.70700000000000e+01	3.15999147203876e-10
1.70800000000000e+01	3.12701437337686e-10
1.70900000000000e+01	3.09463350809037e-10
1.71000000000000e+01	3.06285964491362e-10
1.71100000000000e+01	3.03165975090245e-10
1.71200000000000e+01	3.00090460998317e-10
1.71300000000000e+01	2.97066589272931e-10
1.71400000000000e+01	2.94090232391039e-10
1.71500000000000e+01	2.91158375768568e-10
1.71600000000000e+01	2.88262428317496e-10
1.71700000000000e+01	2.85408681565898e-10
1.71800000000000e+01	2.82586285768796e-10
1.71900000000000e+01	2.79806511175265e-10
1.72000000000000e+01	2.77055969769363e-10
1.72100000000000e+01	2.74341351442508e-10
1.72200000000000e+01	2.71661438536136e-10
1.72300000000000e+01	2.69006684012335e-10
1.72400000000000e+01	2.66389321886897e-10
1.72500000000000e+01	2.63798067200309e-10
1.72600000000000e+01	2.61239907159396e-10
1.72700000000000e+01	2.58709203036279e-10
1.72800000000000e+01	2.56207403409821e-10
1.72900000000000e+01	2.53732351552020e-10
1.73000000000000e+01	2.51284246760654e-10
1.73100000000000e+01	2.48864338524545e-10
1.73200000000000e+01	2.46470205855884e-10
1.73300000000000e+01	2.44097716296272e-10
1.73400000000000e+01	2.41747695478891e-10
1.73500000000000e+01	2.39422125399963e-10
1.73600000000000e+01	2.37119492218156e-10
1.73700000000000e+01	2.34838131880369e-10
1.73800000000000e+01	2.32576748439425e-10
1.73900000000000e+01	2.30337836986757e-10
1.74000000000000e+01	2.28122774711946e-10
1.74100000000000e+01	2.25924556700676e-10
1.74200000000000e+01	2.23746879700466e-10
1.74300000000000e+01	2.21589879804250e-10
1.74400000000000e+01	2.19457056331974e-10
1.74500000000000e+01	2.17340166553413e-10
1.74600000000000e+01	2.15246196961405e-10
1.74700000000000e+01	2.13172761766034e-10
1.74800000000000e+01	2.11117476521820e-10
1.74900000000000e+01	2.09077926238104e-10
1.75000000000000e+01	2.07060696030726e-10
1.75100000000000e+01	2.05062277229320e-10
1.75200000000000e+01	2.03078439533718e-10
1.75300000000000e+01	2.01108653077711e-10
1.75400000000000e+01	1.99154368994943e-10
1.75500000000000e+01	1.97217513800574e-10
1.75600000000000e+01	1.95291817679698e-10
1.75700000000000e+01	1.93381049578328e-10
1.75800000000000e+01	1.91481746223420e-10
1.75900000000000e+01	1.89597950213723e-10
1.76000000000000e+01	1.87725704245164e-10
1.76100000000000e+01	1.85871483898800e-10
1.76200000000000e+01	1.84029307537124e-10
1.76300000000000e+01	1.82207043175496e-10
1.76400000000000e+01	1.80399038795204e-10
1.76500000000000e+01	1.78608844800728e-10
1.76600000000000e+01	1.76841126653828e-10
1.76700000000000e+01	1.75090420501452e-10
1.76800000000000e+01	1.73361492073110e-10
1.76900000000000e+01	1.71655410484461e-10
1.77000000000000e+01	1.69966385877437e-10
1.77100000000000e+01	1.68299978954949e-10
1.77200000000000e+01	1.66651698189524e-10
1.77300000000000e+01	1.65023386108494e-10
1.77400000000000e+01	1.63415821843362e-10
1.77500000000000e+01	1.61823299498128e-10
1.77600000000000e+01	1.60251459992425e-10
1.77700000000000e+01	1.58693522215167e-10
1.77800000000000e+01	1.57153743564682e-10
1.77900000000000e+01	1.55630252219632e-10
1.78000000000000e+01	1.54117975495119e-10
1.78100000000000e+01	1.52622293551038e-10
1.78200000000000e+01	1.51140817867693e-10
1.78300000000000e+01	1.49669350216669e-10
1.78400000000000e+01	1.48212322295670e-10
1.78500000000000e+01	1.46768327984122e-10
1.78600000000000e+01	1.45337081470448e-10
1.78700000000000e+01	1.43917663038408e-10
1.78800000000000e+01	1.42508841428416e-10
1.78900000000000e+01	1.41112550181273e-10
1.79000000000000e+01	1.39729633419311e-10
1.79100000000000e+01	1.38357251862891e-10
1.79200000000000e+01	1.36994627984720e-10
1.79300000000000e+01	1.35645621271981e-10
1.79400000000000e+01	1.34303672732687e-10
1.79500000000000e+01	1.32972422011214e-10
1.79600000000000e+01	1.31648972813318e-10
1.79700000000000e+01	1.30335786482004e-10
1.79800000000000e+01	1.29028483971695e-10
1.79900000000000e+01	1.27732423287363e-10
1.80000000000000e+01	1.26445315764666e-10
1.80100000000000e+01	1.25172340913575e-10
1.80200000000000e+01	1.23908032099107e-10
1.80300000000000e+01	1.22660264858268e-10
1.80400000000000e+01	1.21428889745518e-10
1.80500000000000e+01	1.20216034237504e-10
1.80600000000000e+01	1.19020485289330e-10
1.80700000000000e+01	1.17849394369339e-10
1.80800000000000e+01	1.16699537653001e-10
1.80900000000000e+01	1.15572665023244e-10
1.81000000000000e+01	1.14467027044805e-10
1.81100000000000e+01	1.13385079014767e-10
1.81200000000000e+01	1.12325688010185e-10
1.81300000000000e+01	1.11286247586357e-10
1.81400000000000e+01	1.10263180417075e-10
1.81500000000000e+01	1.09258961447425e-10
1.81600000000000e+01	1.08268794317616e-10
1.81700000000000e+01	1.07294357135722e-10
1.81800000000000e+01	1.06328880770681e-10
1.81900000000000e+01	1.05376591582473e-10
1.82000000000000e+01	1.04433612094793e-10
1.82100000000000e+01	1.03497085898558e-10
1.82200000000000e+01	1.02570253541841e-10
1.82300000000000e+01	1.01649921606770e-10
1.82400000000000e+01	1.00734438243392e-10
1.82500000000000e+01	9.98247030584365e-11
1.82600000000000e+01	9.89198936539149e-11
1.82700000000000e+01	9.80206850470041e-11
1.82800000000000e+01	9.71246879555093e-11
1.82900000000000e+01	9.62333069279360e-11
1.83000000000000e+01	9.53492321665790e-11
1.83100000000000e+01	9.44669212393779e-11
1.83200000000000e+01	9.35929243464848e-11
1.83300000000000e+01	9.27237838135055e-11
1.83400000000000e+01	9.18615798345142e-11
1.83500000000000e+01	9.10065832849539e-11
1.83600000000000e+01	9.01602557671167e-11
1.83700000000000e+01	8.93227018184470e-11
1.83800000000000e+01	8.84948493176213e-11
1.83900000000000e+01	8.76783980602371e-11
1.84000000000000e+01	8.68731559263796e-11
1.84100000000000e+01	8.60806240109433e-11
1.84200000000000e+01	8.53008526415853e-11
1.84300000000000e+01	8.45352032247384e-11
1.84400000000000e+01	8.37835610766730e-11
1.84500000000000e+01	8.30465856101648e-11
1.84600000000000e+01	8.23232525842457e-11
1.84700000000000e+01	8.16141299038526e-11
1.84800000000000e+01	8.09186654766607e-11
1.84900000000000e+01	8.02354923155796e-11
1.85000000000000e+01	7.95644594784002e-11
1.85100000000000e+01	7.89044869572793e-11
1.85200000000000e+01	7.82539800552031e-11
1.85300000000000e+01	7.76126731474345e-11
1.85400000000000e+01	7.69792766038018e-11
1.85500000000000e+01	7.63523741152208e-11
1.85600000000000e+01	7.57313501486752e-11
1.85700000000000e+01	7.51158107395370e-11
1.85800000000000e+01	7.45044762785577e-11
1.85900000000000e+01	7.38969595868512e-11
1.86000000000000e+01	7.32930793376186e-11
1.86100000000000e+01	7.26925369565669e-11
1.86200000000000e+01	7.20947603475872e-11
1.86300000000000e+01	7.14995936510729e-11
1.86400000000000e+01	7.09079352175645e-11
1.86500000000000e+01	7.03191414999990e-11
1.86600000000000e+01	6.97339016234981e-11
1.86700000000000e+01	6.91518468427462e-11
1.86800000000000e+01	6.85736229537150e-11
1.86900000000000e+01	6.79993370078432e-11
1.87000000000000e+01	6.74291464083188e-11
1.87100000000000e+01	6.68634020295936e-11
1.87200000000000e+01	6.63020620708585e-11
1.87300000000000e+01	6.57450208003491e-11
1.87400000000000e+01	6.51924975489150e-11
1.87500000000000e+01	6.46442722252561e-11
1.87600000000000e+01	6.41008230364428e-11
1.87700000000000e+01	6.35614534223413e-11
1.87800000000000e+01	6.30260087071669e-11
1.87900000000000e+01	6.24946023490980e-11
1.88000000000000e+01	6.19672966581201e-11
1.88100000000000e+01	6.14434829474420e-11
1.88200000000000e+01	6.09231845409762e-11
1.88300000000000e+01	6.04063758583223e-11
1.88400000000000e+01	5.98923798173806e-11
1.88500000000000e+01	5.93815462751458e-11
1.88600000000000e+01	5.88735670298160e-11
1.88700000000000e+01	5.83677131675942e-11
1.88800000000000e+01	5.78644505325048e-11
1.88900000000000e+01	5.73635189938038e-11
1.89000000000000e+01	5.68643327635553e-11
1.89100000000000e+01	5.63667635551347e-11
1.89200000000000e+01	5.58716434688978e-11
1.89300000000000e+01	5.53781920641455e-11
1.89400000000000e+01	5.48865870480880e-11
1.89500000000000e+01	5.43973268249091e-11
1.89600000000000e+01	5.39106665040990e-11
1.89700000000000e+01	5.34267486922426e-11
1.89800000000000e+01	5.29457549104763e-11
1.89900000000000e+01	5.24682404759857e-11
1.90000000000000e+01	5.19945888905686e-11
1.90100000000000e+01	5.15252873677992e-11
1.90200000000000e+01	5.10605189945999e-11
1.90300000000000e+01	5.05999631160176e-11
1.90400000000000e+01	5.01439927825782e-11
1.90500000000000e+01	4.96919344949244e-11
1.90600000000000e+01	4.92437446790241e-11
1.90700000000000e+01	4.87985597488866e-11
1.90800000000000e+01	4.83563305286643e-11
1.90900000000000e+01	4.79162627612495e-11
1.91000000000000e+01	4.74777598662899e-11
1.91100000000000e+01	4.70410202275147e-11
1.91200000000000e+01	4.66059895911210e-11
1.91300000000000e+01	4.61729964250958e-11
1.91400000000000e+01	4.57427142930857e-11
1.91500000000000e+01	4.53164403715724e-11
1.91600000000000e+01	4.48956589303496e-11
1.91700000000000e+01	4.44815863182081e-11
1.91800000000000e+01	4.40752122572097e-11
1.91900000000000e+01	4.36780691223905e-11
1.92000000000000e+01	4.32912295960809e-11
1.92100000000000e+01	4.29151221408298e-11
1.92200000000000e+01	4.25502762684256e-11
1.92300000000000e+01	4.21957921903924e-11
1.92400000000000e+01	4.18520936035059e-11
1.92500000000000e+01	4.15176116293568e-11
1.92600000000000e+01	4.11918378624481e-11
1.92700000000000e+01	4.08732437178676e-11
1.92800000000000e+01	4.05610291053029e-11
1.92900000000000e+01	4.02537437352297e-11
1.93000000000000e+01	3.99507189542047e-11
1.93100000000000e+01	3.96508330694679e-11
1.93200000000000e+01	3.93537113992201e-11
1.93300000000000e+01	3.90588931498607e-11
1.93400000000000e+01	3.87656941358796e-11
1.93500000000000e+01	3.84741942240924e-11
1.93600000000000e+01	3.81838585264588e-11
1.93700000000000e+01	3.78948340875029e-11
1.93800000000000e+01	3.76072267650291e-11
1.93900000000000e+01	3.73206974590318e-11
1.94000000000000e+01	3.70351443451311e-11
1.94100000000000e+01	3.67510249608282e-11
1.94200000000000e+01	3.64681572348316e-11
1.94300000000000e+01	3.61863997393536e-11
1.94400000000000e+01	3.59059283713767e-11
1.94500000000000e+01	3.56265993727815e-11
1.94600000000000e+01	3.53485226297538e-11
1.94700000000000e+01	3.50718995941258e-11
1.94800000000000e+01	3.47963289126526e-11
1.94900000000000e+01	3.45218240966562e-11
1.95000000000000e+01	3.42487401630934e-11
1.95100000000000e+01	3.39769609779636e-11
1.95200000000000e+01	3.37064059014000e-11
1.95300000000000e+01	3.34371159314794e-11
1.95400000000000e+01	3.31688938817496e-11
1.95500000000000e+01	3.29020278821053e-11
1.95600000000000e+01	3.26364465325505e-11
1.95700000000000e+01	3.23721299743112e-11
1.95800000000000e+01	3.21095117107436e-11
1.95900000000000e+01	3.18480978819776e-11
1.96000000000000e+01	3.15881365073516e-11
1.96100000000000e+01	3.13300078852747e-11
1.96200000000000e+01	3.10737038519310e-11
1.96300000000000e+01	3.08192460451295e-11
1.96400000000000e+01	3.05665047994641e-11
1.96500000000000e+01	3.03159416949702e-11
1.96600000000000e+01	3.00674710386405e-11
1.96700000000000e+01	2.98209846732365e-11
1.96800000000000e+01	2.95766969435305e-11
1.96900000000000e+01	2.93343337507595e-11
1.97000000000000e+01	2.90939492160256e-11
1.97100000000000e+01	2.88556198544423e-11
1.97200000000000e+01	2.86188973994913e-11
1.97300000000000e+01	2.83840019490453e-11
1.97400000000000e+01	2.81502434286411e-11
1.97500000000000e+01	2.79178105116648e-11
1.97600000000000e+01	2.76859219146445e-11
1.97700000000000e+01	2.74542690995648e-11
1.97800000000000e+01	2.72215851876495e-11
1.97900000000000e+01	2.69867976164463e-11
1.98000000000000e+01	2.67482729348115e-11
1.98100000000000e+01	2.65032168347877e-11
1.98200000000000e+01	2.62485622999655e-11
1.98300000000000e+01	2.59801176979853e-11
1.98400000000000e+01	2.56926147107945e-11
1.98500000000000e+01	2.53798639543769e-11
1.98600000000000e+01	2.50344796963047e-11
1.98700000000000e+01	2.46479873966175e-11
1.98800000000000e+01	2.42106584517141e-11
1.98900000000000e+01	2.37123963102482e-11
1.99000000000000e+01	2.31417064798495e-11
1.99100000000000e+01	2.24859236147565e-11
1.99200000000000e+01	2.17312867154958e-11
1.99300000000000e+01	2.08618604650377e-11
1.99400000000000e+01	1.98599232053770e-11
1.99500000000000e+01	1.87040357968870e-11
1.99600000000000e+01	1.73686409934184e-11
1.99700000000000e+01	1.58232552862574e-11
1.99800000000000e+01	1.40311023243640e-11
1.99900000000000e+01	1.19516169418426e-11
2.00000000000000e+01	9.54563602361948e-12
