1.00000000000000e-02	2.41955714710431e+11
2.00000000000000e-02	1.51192293437841e+10
3.00000000000000e-02	2.98553331189712e+09
4.00000000000000e-02	9.44209719084116e+08
5.00000000000000e-02	3.86519938305645e+08
6.00000000000000e-02	1.86266165548873e+08
7.00000000000000e-02	1.00456009750827e+08
8.00000000000000e-02	5.88274243235600e+07
9.00000000000000e-02	3.66845459151936e+07
1.00000000000000e-01	2.40386432357002e+07
1.10000000000000e-01	1.63960027538201e+07
1.20000000000000e-01	1.15590828376912e+07
1.30000000000000e-01	8.37831333169644e+06
1.40000000000000e-01	6.21789792983315e+06
1.50000000000000e-01	4.70925834823035e+06
1.60000000000000e-01	3.63027713522022e+06
1.70000000000000e-01	2.84230810148137e+06
1.80000000000000e-01	2.25611564870096e+06
1.90000000000000e-01	1.81284343834516e+06
2.00000000000000e-01	1.47270874220676e+06
2.10000000000000e-01	1.20825714528380e+06
2.20000000000000e-01	1.00020739787877e+06
2.30000000000000e-01	8.34723067565650e+05
2.40000000000000e-01	7.01817825865213e+05
2.50000000000000e-01	5.94093536090480e+05
2.60000000000000e-01	5.06071530705918e+05
2.70000000000000e-01	4.33574874684769e+05
2.80000000000000e-01	3.73464803124539e+05
2.90000000000000e-01	3.23278954098228e+05
3.00000000000000e-01	2.81128977933450e+05
3.10000000000000e-01	2.45526023755260e+05
3.20000000000000e-01	2.15293688571628e+05
3.30000000000000e-01	1.89493130228377e+05
3.40000000000000e-01	1.67368782609294e+05
3.50000000000000e-01	1.48319278957274e+05
3.60000000000000e-01	1.31843820436635e+05
3.70000000000000e-01	1.17541983609064e+05
3.80000000000000e-01	1.05080986880598e+05
3.90000000000000e-01	9.41847274765147e+04
4.00000000000000e-01	8.46260382351519e+04
4.10000000000000e-01	7.62136124900137e+04
4.20000000000000e-01	6.87893873776773e+04
4.30000000000000e-01	6.22173050504678e+04
4.40000000000000e-01	5.63849023280717e+04
4.50000000000000e-01	5.11951017055671e+04
4.60000000000000e-01	4.65657166492277e+04
4.70000000000000e-01	4.24273417715642e+04
4.80000000000000e-01	3.87190013484530e+04
4.90000000000000e-01	3.53888848461515e+04
5.00000000000000e-01	3.23924005547044e+04
5.10000000000000e-01	2.96904258396734e+04
5.20000000000000e-01	2.72508545136983e+04
5.30000000000000e-01	2.50424297593631e+04
5.40000000000000e-01	2.30411397113844e+04
5.50000000000000e-01	2.12241299592082e+04
5.60000000000000e-01	1.95712271266634e+04
5.70000000000000e-01	1.80659541456653e+04
5.80000000000000e-01	1.66934470415576e+04
5.90000000000000e-01	1.54393692980737e+04
6.00000000000000e-01	1.42924224508823e+04
6.10000000000000e-01	1.32417571403531e+04
6.20000000000000e-01	1.22784600550071e+04
6.30000000000000e-01	1.13940606396112e+04
6.40000000000000e-01	1.05812858069777e+04
6.50000000000000e-01	9.83316673881201e+03
6.60000000000000e-01	9.14404102543789e+03
6.70000000000000e-01	8.50822063995646e+03
6.80000000000000e-01	7.92150477638710e+03
6.90000000000000e-01	7.37943564697036e+03
7.00000000000000e-01	6.87801990132312e+03
7.10000000000000e-01	6.41379211521696e+03
7.20000000000000e-01	5.98355603694732e+03
7.30000000000000e-01	5.58478551461962e+03
7.40000000000000e-01	5.21451138766655e+03
7.50000000000000e-01	4.87071011849712e+03
7.60000000000000e-01	4.55102334667486e+03
7.70000000000000e-01	4.25377325557161e+03
7.80000000000000e-01	3.97698314468842e+03
7.90000000000000e-01	3.71922618681234e+03
8.00000000000000e-01	3.47892486608198e+03
8.10000000000000e-01	3.25482523335229e+03
8.20000000000000e-01	3.04573280262391e+03
8.30000000000000e-01	2.85046402284603e+03
8.40000000000000e-01	2.66814141425909e+03
8.50000000000000e-01	2.49762237090396e+03
8.60000000000000e-01	2.33821490457180e+03
8.70000000000000e-01	2.18904729945038e+03
8.80000000000000e-01	2.04941576920093e+03
8.90000000000000e-01	1.91869804258635e+03
9.00000000000000e-01	1.79625021359255e+03
9.10000000000000e-01	1.68148909913645e+03
9.20000000000000e-01	1.57393310434979e+03
9.30000000000000e-01	1.47309016089508e+03
9.40000000000000e-01	1.37851705097461e+03
9.50000000000000e-01	1.28977295164628e+03
9.60000000000000e-01	1.20649679081214e+03
9.70000000000000e-01	1.12834998069406e+03
9.80000000000000e-01	1.05500234677470e+03
9.90000000000000e-01	9.86130403316568e+02
1.00000000000000e+00	9.21503948738519e+02
1.01000000000000e+00	8.60793948841891e+02
1.02000000000000e+00	8.03786438522913e+02
1.03000000000000e+00	7.50291270171923e+02
1.04000000000000e+00	7.00054990705004e+02
1.05000000000000e+00	6.52896344915433e+02
1.06000000000000e+00	6.08638899552298e+02
1.07000000000000e+00	5.67125809108785e+02
1.08000000000000e+00	5.28174516916257e+02
1.09000000000000e+00	4.91647166652771e+02
1.10000000000000e+00	4.57419220376852e+02
1.11000000000000e+00	4.25350144753541e+02
1.12000000000000e+00	3.95328518221167e+02
1.13000000000000e+00	3.67247336387884e+02
1.14000000000000e+00	3.41000816280401e+02
1.15000000000000e+00	3.16494759751877e+02
1.16000000000000e+00	2.93636608502111e+02
1.17000000000000e+00	2.72353706131850e+02
1.18000000000000e+00	2.52565725144069e+02
1.19000000000000e+00	2.34203343918387e+02
1.20000000000000e+00	2.17203631797299e+02
1.21000000000000e+00	2.01506473518494e+02
1.22000000000000e+00	1.87059542969956e+02
1.23000000000000e+00	1.73817463796626e+02
1.24000000000000e+00	1.61726827814469e+02
1.25000000000000e+00	1.50751637275480e+02
1.26000000000000e+00	1.40843866232438e+02
1.27000000000000e+00	1.31975235569212e+02
1.28000000000000e+00	1.24096712002878e+02
1.29000000000000e+00	1.17183153984036e+02
1.30000000000000e+00	1.11197662002566e+02
1.31000000000000e+00	1.06113200550346e+02
1.32000000000000e+00	1.01907315873852e+02
1.33000000000000e+00	9.85654080028765e+01
1.34000000000000e+00	9.60858806359283e+01
1.35000000000000e+00	9.44880702937749e+01
1.36000000000000e+00	9.38106632539838e+01
1.37000000000000e+00	9.41247617301826e+01
1.38000000000000e+00	9.55352642909578e+01
1.39000000000000e+00	9.81931857856744e+01
1.40000000000000e+00	1.02310420262432e+02
1.41000000000000e+00	1.08157680758751e+02
1.42000000000000e+00	1.16093758042611e+02
1.43000000000000e+00	1.26574721790004e+02
1.44000000000000e+00	1.40176382359892e+02
1.45000000000000e+00	1.57609619954791e+02
1.46000000000000e+00	1.79749315764593e+02
1.47000000000000e+00	2.07629206411337e+02
1.48000000000000e+00	2.42478790643939e+02
1.49000000000000e+00	2.85684286697962e+02
1.50000000000000e+00	3.38783998622258e+02
1.51000000000000e+00	4.03412433390102e+02
1.52000000000000e+00	4.81214692058994e+02
1.53000000000000e+00	5.73768774751681e+02
1.54000000000000e+00	6.82418286063251e+02
1.55000000000000e+00	8.08170439328137e+02
1.56000000000000e+00	9.51557303167896e+02
1.57000000000000e+00	1.11246684297091e+03
1.58000000000000e+00	1.29000134319011e+03
1.59000000000000e+00	1.48242756919080e+03
1.60000000000000e+00	1.68708191242699e+03
1.61000000000000e+00	1.90036087455675e+03
1.62000000000000e+00	2.11763437375091e+03
1.63000000000000e+00	2.33340333756380e+03
1.64000000000000e+00	2.54147840144028e+03
1.65000000000000e+00	2.73558933801881e+03
1.66000000000000e+00	2.90977403192460e+03
1.67000000000000e+00	3.05964077470979e+03
1.68000000000000e+00	3.18247007730423e+03
1.69000000000000e+00	3.27796582878250e+03
1.70000000000000e+00	3.34790606837836e+03
1.71000000000000e+00	3.39654855167624e+03
1.72000000000000e+00	3.43083701869381e+03
1.73000000000000e+00	3.46129475985029e+03
1.74000000000000e+00	3.50204889449858e+03
1.75000000000000e+00	3.56974920516167e+03
1.76000000000000e+00	3.68244371579297e+03
1.77000000000000e+00	3.85778552949141e+03
1.78000000000000e+00	4.11202047826808e+03
1.79000000000000e+00	4.45828948325073e+03
1.80000000000000e+00	4.90480078432801e+03
1.81000000000000e+00	5.45376756209552e+03
1.82000000000000e+00	6.10138427227051e+03
1.83000000000000e+00	6.84108811208949e+03
1.84000000000000e+00	7.66811920949302e+03
1.85000000000000e+00	8.58456625296396e+03
1.86000000000000e+00	9.59965257574847e+03
1.87000000000000e+00	1.07290603834460e+04
1.88000000000000e+00	1.19922030480040e+04
1.89000000000000e+00	1.34095442329802e+04
1.90000000000000e+00	1.50025770819419e+04
1.91000000000000e+00	1.67908816748693e+04
1.92000000000000e+00	1.87927348705693e+04
1.93000000000000e+00	2.10213146099920e+04
1.94000000000000e+00	2.34837903449358e+04
1.95000000000000e+00	2.61789827444212e+04
1.96000000000000e+00	2.90959700144308e+04
1.97000000000000e+00	3.22140374439991e+04
1.98000000000000e+00	3.55018573257694e+04
1.99000000000000e+00	3.89173685256474e+04
2.00000000000000e+00	4.24055454901046e+04
2.01000000000000e+00	4.58968016725172e+04
2.02000000000000e+00	4.93056240171284e+04
2.03000000000000e+00	5.25319256615364e+04
2.04000000000000e+00	5.54609319988098e+04
2.05000000000000e+00	5.79741889173795e+04
2.06000000000000e+00	5.99543125997492e+04
2.07000000000000e+00	6.12924786889375e+04
2.08000000000000e+00	6.18967601469133e+04
2.09000000000000e+00	6.16938413983463e+04
2.10000000000000e+00	6.06383399701823e+04
2.11000000000000e+00	5.87265055722316e+04
2.12000000000000e+00	5.60094641503599e+04
2.13000000000000e+00	5.26122846750079e+04
2.14000000000000e+00	4.87300484194521e+04
2.15000000000000e+00	4.46007708503542e+04
2.16000000000000e+00	4.04637005863415e+04
2.17000000000000e+00	3.65094605759065e+04
2.18000000000000e+00	3.28587737646293e+04
2.19000000000000e+00	2.95541858073751e+04
2.20000000000000e+00	2.65826320303486e+04
2.21000000000000e+00	2.38986375166656e+04
2.22000000000000e+00	2.14511439153149e+04
2.23000000000000e+00	1.92069553317866e+04
2.24000000000000e+00	1.71584489941666e+04
2.25000000000000e+00	1.53242481556130e+04
2.26000000000000e+00	1.37344528013358e+04
2.27000000000000e+00	1.24155836300127e+04
2.28000000000000e+00	1.13806908878283e+04
2.29000000000000e+00	1.06260395566292e+04
2.30000000000000e+00	1.01332057652612e+04
2.31000000000000e+00	9.87252943809377e+03
2.32000000000000e+00	9.80585703577690e+03
2.33000000000000e+00	9.88701093023308e+03
2.34000000000000e+00	1.00630707955536e+04
2.35000000000000e+00	1.02787873057735e+04
2.36000000000000e+00	1.04818662458065e+04
2.37000000000000e+00	1.06310151826536e+04
2.38000000000000e+00	1.07015022624030e+04
2.39000000000000e+00	1.06859923040898e+04
2.40000000000000e+00	1.05925505915317e+04
2.41000000000000e+00	1.04413774220121e+04
2.42000000000000e+00	1.02609135063256e+04
2.43000000000000e+00	1.00837865972201e+04
2.44000000000000e+00	9.94133275116540e+03
2.45000000000000e+00	9.86036830090120e+03
2.46000000000000e+00	9.85830696829800e+03
2.47000000000000e+00	9.94388317294239e+03
2.48000000000000e+00	1.01152756638177e+04
2.49000000000000e+00	1.03631764580067e+04
2.50000000000000e+00	1.06706197261846e+04
2.51000000000000e+00	1.10161606541214e+04
2.52000000000000e+00	1.13754656197433e+04
2.53000000000000e+00	1.17241753237672e+04
2.54000000000000e+00	1.20409526221657e+04
2.55000000000000e+00	1.23117192412100e+04
2.56000000000000e+00	1.25306661919773e+04
2.57000000000000e+00	1.27019616150115e+04
2.58000000000000e+00	1.28371539862993e+04
2.59000000000000e+00	1.29531642264852e+04
2.60000000000000e+00	1.30651809914858e+04
2.61000000000000e+00	1.31836585489681e+04
2.62000000000000e+00	1.33096902369071e+04
2.63000000000000e+00	1.34365838457761e+04
2.64000000000000e+00	1.35587029891120e+04
2.65000000000000e+00	1.36844099693219e+04
2.66000000000000e+00	1.38470057725481e+04
2.67000000000000e+00	1.41042680040183e+04
2.68000000000000e+00	1.45272720875161e+04
2.69000000000000e+00	1.51859137980676e+04
2.70000000000000e+00	1.61362739196409e+04
2.71000000000000e+00	1.74129628816967e+04
2.72000000000000e+00	1.90219355453912e+04
2.73000000000000e+00	2.09376588623038e+04
2.74000000000000e+00	2.30988588918295e+04
2.75000000000000e+00	2.54138325643332e+04
2.76000000000000e+00	2.77691244217097e+04
2.77000000000000e+00	3.00436803532590e+04
2.78000000000000e+00	3.21195270664970e+04
2.79000000000000e+00	3.38925186229948e+04
2.80000000000000e+00	3.52744694074192e+04
2.81000000000000e+00	3.61971410275297e+04
2.82000000000000e+00	3.66139802711458e+04
2.83000000000000e+00	3.65009372329340e+04
2.84000000000000e+00	3.58595259479319e+04
2.85000000000000e+00	3.47162844309650e+04
2.86000000000000e+00	3.31211526997311e+04
2.87000000000000e+00	3.11452329909611e+04
2.88000000000000e+00	2.88711380638936e+04
2.89000000000000e+00	2.63852480060037e+04
2.90000000000000e+00	2.37685851617925e+04
2.91000000000000e+00	2.10917617482866e+04
2.92000000000000e+00	1.84121344893575e+04
2.93000000000000e+00	1.57781999568159e+04
2.94000000000000e+00	1.32344341117198e+04
2.95000000000000e+00	1.08255063258830e+04
2.96000000000000e+00	8.59871033963712e+03
2.97000000000000e+00	6.59899066277116e+03
2.98000000000000e+00	4.86425995652563e+03
2.99000000000000e+00	3.41728468582582e+03
3.00000000000000e+00	2.26322299161331e+03
3.01000000000000e+00	1.38949592025809e+03
3.02000000000000e+00	7.69959892689203e+02
3.03000000000000e+00	3.69911272285697e+02
3.04000000000000e+00	1.50705828997302e+02
3.05000000000000e+00	7.34271542170549e+01
3.06000000000000e+00	1.01550151139782e+02
3.07000000000000e+00	2.02842498439860e+02
3.08000000000000e+00	3.50564696114687e+02
3.09000000000000e+00	5.23946032124568e+02
3.10000000000000e+00	7.08002321781865e+02
3.11000000000000e+00	8.92707933197731e+02
3.12000000000000e+00	1.07182363225213e+03
3.13000000000000e+00	1.24153668080664e+03
3.14000000000000e+00	1.39915927071855e+03
3.15000000000000e+00	1.54210371514391e+03
3.16000000000000e+00	1.66753364434200e+03
3.17000000000000e+00	1.77229603796250e+03
3.18000000000000e+00	1.85357546083627e+03
3.19000000000000e+00	1.90965169446357e+03
3.20000000000000e+00	1.94032432472491e+03
3.21000000000000e+00	1.94690544818029e+03
3.22000000000000e+00	1.93159424369213e+03
3.23000000000000e+00	1.89682150279418e+03
3.24000000000000e+00	1.84466016558188e+03
3.25000000000000e+00	1.77667208716079e+03
3.26000000000000e+00	1.69419864437834e+03
3.27000000000000e+00	1.59861690173553e+03
3.28000000000000e+00	1.49161679095277e+03
3.29000000000000e+00	1.37543524209056e+03
3.30000000000000e+00	1.25265178723535e+03
3.31000000000000e+00	1.12624024858779e+03
3.32000000000000e+00	9.99258510159341e+02
3.33000000000000e+00	8.74519746072102e+02
3.34000000000000e+00	7.54442994343528e+02
3.35000000000000e+00	6.40897384781652e+02
3.36000000000000e+00	5.35245627044562e+02
3.37000000000000e+00	4.38498023157453e+02
3.38000000000000e+00	3.51449036439286e+02
3.39000000000000e+00	2.74789176847807e+02
3.40000000000000e+00	2.09087916254610e+02
3.41000000000000e+00	1.54717712275220e+02
3.42000000000000e+00	1.11769532558982e+02
3.43000000000000e+00	7.99912833828023e+01
3.44000000000000e+00	5.87695720361988e+01
3.45000000000000e+00	4.71684659556208e+01
3.46000000000000e+00	4.39989787751863e+01
3.47000000000000e+00	4.79105922156163e+01
3.48000000000000e+00	5.74942433620426e+01
3.49000000000000e+00	7.13883036546856e+01
3.50000000000000e+00	8.83777200286566e+01
3.51000000000000e+00	1.07474738971896e+02
3.52000000000000e+00	1.27977809322633e+02
3.53000000000000e+00	1.49486475607473e+02
3.54000000000000e+00	1.71890780669805e+02
3.55000000000000e+00	1.95319293578333e+02
3.56000000000000e+00	2.20085458121772e+02
3.57000000000000e+00	2.46626513008573e+02
3.58000000000000e+00	2.75464158495913e+02
3.59000000000000e+00	3.07171554120609e+02
3.60000000000000e+00	3.42370888998175e+02
3.61000000000000e+00	3.81704134101785e+02
3.62000000000000e+00	4.25807631171405e+02
3.63000000000000e+00	4.75287244158446e+02
3.64000000000000e+00	5.30648550673897e+02
3.65000000000000e+00	5.92227606924435e+02
3.66000000000000e+00	6.60135578402034e+02
3.67000000000000e+00	7.34159352760406e+02
3.68000000000000e+00	8.13681264279474e+02
3.69000000000000e+00	8.97591962653974e+02
3.70000000000000e+00	9.84170895338743e+02
3.71000000000000e+00	1.07103837199261e+03
3.72000000000000e+00	1.15517999043736e+03
3.73000000000000e+00	1.23310185962514e+03
3.74000000000000e+00	1.30107736529431e+03
3.75000000000000e+00	1.35561296817532e+03
3.76000000000000e+00	1.39371632953392e+03
3.77000000000000e+00	1.41318289548764e+03
3.78000000000000e+00	1.41254831892479e+03
3.79000000000000e+00	1.39102352370902e+03
3.80000000000000e+00	1.34838972309298e+03
3.81000000000000e+00	1.28500921363416e+03
3.82000000000000e+00	1.20182448073907e+03
3.83000000000000e+00	1.10057039303718e+03
3.84000000000000e+00	9.83999448968572e+02
3.85000000000000e+00	8.55984520244327e+02
3.86000000000000e+00	7.21440227317055e+02
3.87000000000000e+00	5.86012643893486e+02
3.88000000000000e+00	4.55614836264983e+02
3.89000000000000e+00	3.35824818022052e+02
3.90000000000000e+00	2.31309481252326e+02
3.91000000000000e+00	1.45419885976886e+02
3.92000000000000e+00	8.00079701260809e+01
3.93000000000000e+00	3.54945790208717e+01
3.94000000000000e+00	1.10977261891950e+01
3.95000000000000e+00	5.16316173638750e+00
3.96000000000000e+00	1.55024137576100e+01
3.97000000000000e+00	3.96864601920822e+01
3.98000000000000e+00	7.52819302570973e+01
3.99000000000000e+00	1.20025887458965e+02
4.00000000000000e+00	1.71947317468281e+02
4.01000000000000e+00	2.29433688402487e+02
4.02000000000000e+00	2.91234883121948e+02
4.03000000000000e+00	3.56410534513450e+02
4.04000000000000e+00	4.24296057998473e+02
4.05000000000000e+00	4.94477152054884e+02
4.06000000000000e+00	5.66844811644756e+02
4.07000000000000e+00	6.41733662245627e+02
4.08000000000000e+00	7.20081535837103e+02
4.09000000000000e+00	8.03643261683538e+02
4.10000000000000e+00	8.95105673865798e+02
4.11000000000000e+00	9.98139189938817e+02
4.12000000000000e+00	1.11733980870029e+03
4.13000000000000e+00	1.25802937047499e+03
4.14000000000000e+00	1.42591114262546e+03
4.15000000000000e+00	1.62663329907109e+03
4.16000000000000e+00	1.86512934576268e+03
4.17000000000000e+00	2.14504761371585e+03
4.18000000000000e+00	2.46805495426479e+03
4.19000000000000e+00	2.83326350249314e+03
4.20000000000000e+00	3.23679497809991e+03
4.21000000000000e+00	3.67154408235458e+03
4.22000000000000e+00	4.12730236625797e+03
4.23000000000000e+00	4.59108015742594e+03
4.24000000000000e+00	5.04781292744993e+03
4.25000000000000e+00	5.48173614340307e+03
4.26000000000000e+00	5.87777997891862e+03
4.27000000000000e+00	6.22351026591168e+03
4.28000000000000e+00	6.51043669412352e+03
4.29000000000000e+00	6.73496067615221e+03
4.30000000000000e+00	6.89813791650384e+03
4.31000000000000e+00	7.00467382017529e+03
4.32000000000000e+00	7.06146322734052e+03
4.33000000000000e+00	7.07600788785217e+03
4.34000000000000e+00	7.05510357755245e+03
4.35000000000000e+00	7.00447132086495e+03
4.36000000000000e+00	6.92833221033315e+03
4.37000000000000e+00	6.82941588270978e+03
4.38000000000000e+00	6.70962425957866e+03
4.39000000000000e+00	6.56994371450622e+03
4.40000000000000e+00	6.41074837985266e+03
4.41000000000000e+00	6.23196448426371e+03
4.42000000000000e+00	6.03338376076444e+03
4.43000000000000e+00	5.81494049081728e+03
4.44000000000000e+00	5.57721214878538e+03
4.45000000000000e+00	5.32184391258547e+03
4.46000000000000e+00	5.05169588957070e+03
4.47000000000000e+00	4.77073826114241e+03
4.48000000000000e+00	4.48391603648542e+03
4.49000000000000e+00	4.19661080917097e+03
4.50000000000000e+00	3.91411059590694e+03
4.51000000000000e+00	3.64133234349609e+03
4.52000000000000e+00	3.38226788561211e+03
4.53000000000000e+00	3.14012566246694e+03
4.54000000000000e+00	2.91705120787034e+03
4.55000000000000e+00	2.71417877020188e+03
4.56000000000000e+00	2.53193502166499e+03
4.57000000000000e+00	2.36999891652651e+03
4.58000000000000e+00	2.22758277147631e+03
4.59000000000000e+00	2.10348482077210e+03
4.60000000000000e+00	1.99632694031716e+03
4.61000000000000e+00	1.90454699357255e+03
4.62000000000000e+00	1.82644922210217e+03
4.63000000000000e+00	1.76031615721851e+03
4.64000000000000e+00	1.70443280925718e+03
4.65000000000000e+00	1.65708629649287e+03
4.66000000000000e+00	1.61669018391862e+03
4.67000000000000e+00	1.58180592299194e+03
4.68000000000000e+00	1.55113790636724e+03
4.69000000000000e+00	1.52349215100698e+03
4.70000000000000e+00	1.49779353253967e+03
4.71000000000000e+00	1.47294711823462e+03
4.72000000000000e+00	1.44782414746496e+03
4.73000000000000e+00	1.42124578743372e+03
4.74000000000000e+00	1.39207306172273e+03
4.75000000000000e+00	1.35920945779060e+03
4.76000000000000e+00	1.32170243247767e+03
4.77000000000000e+00	1.27875243481186e+03
4.78000000000000e+00	1.22965012608141e+03
4.79000000000000e+00	1.17380463513109e+03
4.80000000000000e+00	1.11066446675299e+03
4.81000000000000e+00	1.03973398129135e+03
4.82000000000000e+00	9.60667956729586e+02
4.83000000000000e+00	8.73369855572571e+02
4.84000000000000e+00	7.78188077044229e+02
4.85000000000000e+00	6.76076608657405e+02
4.86000000000000e+00	5.68781335360446e+02
4.87000000000000e+00	4.58958055500997e+02
4.88000000000000e+00	3.50329819532636e+02
4.89000000000000e+00	2.47842512204403e+02
4.90000000000000e+00	1.57877105319043e+02
4.91000000000000e+00	8.84576667182774e+01
4.92000000000000e+00	4.95271241354888e+01
4.93000000000000e+00	5.32070681412314e+01
4.94000000000000e+00	1.14084603837119e+02
4.95000000000000e+00	2.49518873673110e+02
4.96000000000000e+00	4.79931453034479e+02
4.97000000000000e+00	8.29116696661990e+02
4.98000000000000e+00	1.32442741347616e+03
4.99000000000000e+00	1.99676796302703e+03
5.00000000000000e+00	2.88028209967201e+03
5.01000000000000e+00	4.01136232682671e+03
5.02000000000000e+00	5.42710710149016e+03
5.03000000000000e+00	7.16274039873697e+03
5.04000000000000e+00	9.24862298803447e+03
5.05000000000000e+00	1.17059847269888e+04
5.06000000000000e+00	1.45427464900880e+04
5.07000000000000e+00	1.77482791726641e+04
5.08000000000000e+00	2.12895825850759e+04
5.09000000000000e+00	2.51074247975726e+04
5.10000000000000e+00	2.91153327070827e+04
5.11000000000000e+00	3.32028987380502e+04
5.12000000000000e+00	3.72386202575972e+04
5.13000000000000e+00	4.10816929565558e+04
5.14000000000000e+00	4.45915249725479e+04
5.15000000000000e+00	4.76377579443033e+04
5.16000000000000e+00	5.01097891853356e+04
5.17000000000000e+00	5.19267875967315e+04
5.18000000000000e+00	5.30380560129990e+04
5.19000000000000e+00	5.34267445380854e+04
5.20000000000000e+00	5.31094928818635e+04
5.21000000000000e+00	5.21290329860244e+04
5.22000000000000e+00	5.05530589535423e+04
5.23000000000000e+00	4.84673095109816e+04
5.24000000000000e+00	4.59677338099536e+04
5.25000000000000e+00	4.31563419363037e+04
5.26000000000000e+00	4.01374876832644e+04
5.27000000000000e+00	3.70133775146105e+04
5.28000000000000e+00	3.38832458876949e+04
5.29000000000000e+00	3.08365364632883e+04
5.30000000000000e+00	2.79541921503988e+04
5.31000000000000e+00	2.53017872580304e+04
5.32000000000000e+00	2.29284035702370e+04
5.33000000000000e+00	2.08651202385311e+04
5.34000000000000e+00	1.91254210696760e+04
5.35000000000000e+00	1.77074316392863e+04
5.36000000000000e+00	1.65980144801256e+04
5.37000000000000e+00	1.57752169361781e+04
5.38000000000000e+00	1.52125488306459e+04
5.39000000000000e+00	1.48811973372039e+04
5.40000000000000e+00	1.47518088894903e+04
5.41000000000000e+00	1.47950063111991e+04
5.42000000000000e+00	1.49819749465765e+04
5.43000000000000e+00	1.52843615004113e+04
5.44000000000000e+00	1.56733334610090e+04
5.45000000000000e+00	1.61198490401701e+04
5.46000000000000e+00	1.65946007500463e+04
5.47000000000000e+00	1.70669986112251e+04
5.48000000000000e+00	1.75072269862591e+04
5.49000000000000e+00	1.78859925389239e+04
5.50000000000000e+00	1.81754519063587e+04
5.51000000000000e+00	1.83519872612858e+04
5.52000000000000e+00	1.83966072650855e+04
5.53000000000000e+00	1.82965859993430e+04
5.54000000000000e+00	1.80461300291426e+04
5.55000000000000e+00	1.76453802884787e+04
5.56000000000000e+00	1.71004636600892e+04
5.57000000000000e+00	1.64218817092409e+04
5.58000000000000e+00	1.56245295505516e+04
5.59000000000000e+00	1.47271711543859e+04
5.60000000000000e+00	1.37504145940100e+04
5.61000000000000e+00	1.27179274726359e+04
5.62000000000000e+00	1.16530032597343e+04
5.63000000000000e+00	1.05795442159276e+04
5.64000000000000e+00	9.51948178626465e+03
5.65000000000000e+00	8.49215799034627e+03
5.66000000000000e+00	7.51403025879771e+03
5.67000000000000e+00	6.59774013252829e+03
5.68000000000000e+00	5.75221068446953e+03
5.69000000000000e+00	4.98244717520207e+03
5.70000000000000e+00	4.29082908253130e+03
5.71000000000000e+00	3.67654516120912e+03
5.72000000000000e+00	3.13664675169029e+03
5.73000000000000e+00	2.66650046572258e+03
5.74000000000000e+00	2.26003541983560e+03
5.75000000000000e+00	1.91058450851999e+03
5.76000000000000e+00	1.61116228849202e+03
5.77000000000000e+00	1.35495152075456e+03
5.78000000000000e+00	1.13556295974112e+03
5.79000000000000e+00	9.47227751872583e+02
5.80000000000000e+00	7.84968607409139e+02
5.81000000000000e+00	6.44577944230138e+02
5.82000000000000e+00	5.22650829321140e+02
5.83000000000000e+00	4.16569253145904e+02
5.84000000000000e+00	3.24393871847029e+02
5.85000000000000e+00	2.44829283397507e+02
5.86000000000000e+00	1.77085540321471e+02
5.87000000000000e+00	1.20746244355301e+02
5.88000000000000e+00	7.56358603091907e+01
5.89000000000000e+00	4.16743022144336e+01
5.90000000000000e+00	1.87765323668674e+01
5.91000000000000e+00	6.76137502172457e+00
5.92000000000000e+00	5.31262316200199e+00
5.93000000000000e+00	1.39612414682334e+01
5.94000000000000e+00	3.20877298184497e+01
5.95000000000000e+00	5.89320480947480e+01
5.96000000000000e+00	9.36079131231576e+01
5.97000000000000e+00	1.35124160466982e+02
5.98000000000000e+00	1.82401680704960e+02
5.99000000000000e+00	2.34302745417938e+02
6.00000000000000e+00	2.89649258201018e+02
6.01000000000000e+00	3.47259450775791e+02
6.02000000000000e+00	4.05999036519142e+02
6.03000000000000e+00	4.64791137453570e+02
6.04000000000000e+00	5.22684168701424e+02
6.05000000000000e+00	5.78883770044418e+02
6.06000000000000e+00	6.32762269590907e+02
6.07000000000000e+00	6.83890825039997e+02
6.08000000000000e+00	7.32027271035052e+02
6.09000000000000e+00	7.77147699913521e+02
6.10000000000000e+00	8.19428288581510e+02
6.11000000000000e+00	8.59280875317803e+02
6.12000000000000e+00	8.97354377624631e+02
6.13000000000000e+00	9.34544651447940e+02
6.14000000000000e+00	9.71925676246446e+02
6.15000000000000e+00	1.01081675993563e+03
6.16000000000000e+00	1.05266013198884e+03
6.17000000000000e+00	1.09902501656899e+03
6.18000000000000e+00	1.15167292381710e+03
6.19000000000000e+00	1.21247407139188e+03
6.20000000000000e+00	1.28354250516329e+03
6.21000000000000e+00	1.36715509390886e+03
6.22000000000000e+00	1.46595577435590e+03
6.23000000000000e+00	1.58288125043257e+03
6.24000000000000e+00	1.72140133747066e+03
6.25000000000000e+00	1.88557489121665e+03
6.26000000000000e+00	2.08028994791985e+03
6.27000000000000e+00	2.31144862448214e+03
6.28000000000000e+00	2.58608952661510e+03
6.29000000000000e+00	2.91267401643832e+03
6.30000000000000e+00	3.30111875495997e+03
6.31000000000000e+00	3.76278938971197e+03
6.32000000000000e+00	4.31049086834221e+03
6.33000000000000e+00	4.95844115363700e+03
6.34000000000000e+00	5.72168533672790e+03
6.35000000000000e+00	6.61631171610105e+03
6.36000000000000e+00	7.65859580390262e+03
6.37000000000000e+00	8.86422048454476e+03
6.38000000000000e+00	1.02481360016187e+04
6.39000000000000e+00	1.18227740724301e+04
6.40000000000000e+00	1.35984304551637e+04
6.41000000000000e+00	1.55809063753049e+04
6.42000000000000e+00	1.77716100876203e+04
6.43000000000000e+00	2.01668383265680e+04
6.44000000000000e+00	2.27566294259876e+04
6.45000000000000e+00	2.55219181404045e+04
6.46000000000000e+00	2.84352523346811e+04
6.47000000000000e+00	3.14577085266957e+04
6.48000000000000e+00	3.45387005521282e+04
6.49000000000000e+00	3.76149067622920e+04
6.50000000000000e+00	4.06133144668769e+04
6.51000000000000e+00	4.34519553451881e+04
6.52000000000000e+00	4.60445646983311e+04
6.53000000000000e+00	4.83047689260745e+04
6.54000000000000e+00	5.01481606779227e+04
6.55000000000000e+00	5.15014639745721e+04
6.56000000000000e+00	5.23071858592434e+04
6.57000000000000e+00	5.25269257671153e+04
6.58000000000000e+00	5.21500193434213e+04
6.59000000000000e+00	5.11918039257575e+04
6.60000000000000e+00	4.96945578367697e+04
6.61000000000000e+00	4.77209274688336e+04
6.62000000000000e+00	4.53493636170271e+04
6.63000000000000e+00	4.26662791585795e+04
6.64000000000000e+00	3.97635512271385e+04
6.65000000000000e+00	3.67301216897388e+04
6.66000000000000e+00	3.36503517025959e+04
6.67000000000000e+00	3.05988363176637e+04
6.68000000000000e+00	2.76381913540894e+04
6.69000000000000e+00	2.48174610777985e+04
6.70000000000000e+00	2.21720153402824e+04
6.71000000000000e+00	1.97256899683176e+04
6.72000000000000e+00	1.74916550835920e+04
6.73000000000000e+00	1.54747388760697e+04
6.74000000000000e+00	1.36728695780231e+04
6.75000000000000e+00	1.20786778614816e+04
6.76000000000000e+00	1.06805449242895e+04
6.77000000000000e+00	9.46360670270582e+03
6.78000000000000e+00	8.41066768554727e+03
6.79000000000000e+00	7.50360902268918e+03
6.80000000000000e+00	6.72401115493802e+03
6.81000000000000e+00	6.05427882870457e+03
6.82000000000000e+00	5.47792369996654e+03
6.83000000000000e+00	4.98033965959003e+03
6.84000000000000e+00	4.54869590566660e+03
6.85000000000000e+00	4.17209962059402e+03
6.86000000000000e+00	3.84145859369081e+03
6.87000000000000e+00	3.54945496149958e+03
6.88000000000000e+00	3.29006657148365e+03
6.89000000000000e+00	3.05839791441667e+03
6.90000000000000e+00	2.85054099480475e+03
6.91000000000000e+00	2.66326500948687e+03
6.92000000000000e+00	2.49396724145389e+03
6.93000000000000e+00	2.34055018058951e+03
6.94000000000000e+00	2.20120636644417e+03
6.95000000000000e+00	2.07443089438215e+03
6.96000000000000e+00	1.95892371275850e+03
6.97000000000000e+00	1.85342519379535e+03
6.98000000000000e+00	1.75682856714719e+03
6.99000000000000e+00	1.66803691324549e+03
7.00000000000000e+00	1.58606124840564e+03
7.01000000000000e+00	1.50998790168640e+03
7.02000000000000e+00	1.43903549068910e+03
7.03000000000000e+00	1.37250845487484e+03
7.04000000000000e+00	1.30985390441256e+03
7.05000000000000e+00	1.25058654420535e+03
7.06000000000000e+00	1.19432231523948e+03
7.07000000000000e+00	1.14079629910559e+03
7.08000000000000e+00	1.08977470205889e+03
7.09000000000000e+00	1.04116418522615e+03
7.10000000000000e+00	9.94974220941338e+02
7.11000000000000e+00	9.51334988242323e+02
7.12000000000000e+00	9.10461171296342e+02
7.13000000000000e+00	8.72622515457012e+02
7.14000000000000e+00	8.38142914360384e+02
7.15000000000000e+00	8.07281470027961e+02
7.16000000000000e+00	7.80247573678020e+02
7.17000000000000e+00	7.57179212445276e+02
7.18000000000000e+00	7.38105675248222e+02
7.19000000000000e+00	7.22907454799416e+02
7.20000000000000e+00	7.11379521549856e+02
7.21000000000000e+00	7.03162278225167e+02
7.22000000000000e+00	6.97792089485804e+02
7.23000000000000e+00	6.94687831936615e+02
7.24000000000000e+00	6.93197798214047e+02
7.25000000000000e+00	6.92613761810156e+02
7.26000000000000e+00	6.92243013096920e+02
7.27000000000000e+00	6.91416196710899e+02
7.28000000000000e+00	6.89499955136088e+02
7.29000000000000e+00	6.86001430165166e+02
7.30000000000000e+00	6.80505734258124e+02
7.31000000000000e+00	6.72695110224761e+02
7.32000000000000e+00	6.62416871794792e+02
7.33000000000000e+00	6.49605826555543e+02
7.34000000000000e+00	6.34323212173780e+02
7.35000000000000e+00	6.16733247487497e+02
7.36000000000000e+00	5.97053430217574e+02
7.37000000000000e+00	5.75603572982402e+02
7.38000000000000e+00	5.52730523564485e+02
7.39000000000000e+00	5.28830091838330e+02
7.40000000000000e+00	5.04314502554468e+02
7.41000000000000e+00	4.79626263373287e+02
7.42000000000000e+00	4.55216279801625e+02
7.43000000000000e+00	4.31544180455484e+02
7.44000000000000e+00	4.09036038408501e+02
7.45000000000000e+00	3.88079648698052e+02
7.46000000000000e+00	3.69023208724266e+02
7.47000000000000e+00	3.52122786991174e+02
7.48000000000000e+00	3.37538667877635e+02
7.49000000000000e+00	3.25330954677126e+02
7.50000000000000e+00	3.15444485710451e+02
7.51000000000000e+00	3.07712770456917e+02
7.52000000000000e+00	3.01859585163844e+02
7.53000000000000e+00	2.97532491929004e+02
7.54000000000000e+00	2.94311769606313e+02
7.55000000000000e+00	2.91748858576860e+02
7.56000000000000e+00	2.89390857302605e+02
7.57000000000000e+00	2.86819441231225e+02
7.58000000000000e+00	2.83660504517458e+02
7.59000000000000e+00	2.79646469679906e+02
7.60000000000000e+00	2.74581589601244e+02
7.61000000000000e+00	2.68393153158866e+02
7.62000000000000e+00	2.61096288539120e+02
7.63000000000000e+00	2.52804913317749e+02
7.64000000000000e+00	2.43702595413715e+02
7.65000000000000e+00	2.34022746040386e+02
7.66000000000000e+00	2.24029818091860e+02
7.67000000000000e+00	2.14000651138024e+02
7.68000000000000e+00	2.04189069815745e+02
7.69000000000000e+00	1.94809142718791e+02
7.70000000000000e+00	1.86026705874838e+02
7.71000000000000e+00	1.77943125996507e+02
7.72000000000000e+00	1.70598025958824e+02
7.73000000000000e+00	1.63974831596363e+02
7.74000000000000e+00	1.58022444845758e+02
7.75000000000000e+00	1.52654417334406e+02
7.76000000000000e+00	1.47778432980027e+02
7.77000000000000e+00	1.43290941447259e+02
7.78000000000000e+00	1.39092874726427e+02
7.79000000000000e+00	1.35093954480381e+02
7.80000000000000e+00	1.31218773969180e+02
7.81000000000000e+00	1.27412369005657e+02
7.82000000000000e+00	1.23638348652056e+02
7.83000000000000e+00	1.19874864637436e+02
7.84000000000000e+00	1.16118404654792e+02
7.85000000000000e+00	1.12373578360110e+02
7.86000000000000e+00	1.08649684704347e+02
7.87000000000000e+00	1.04967527628277e+02
7.88000000000000e+00	1.01352485450686e+02
7.89000000000000e+00	9.78377131446190e+01
7.90000000000000e+00	9.44713398138285e+01
7.91000000000000e+00	9.13066929720286e+01
7.92000000000000e+00	8.84095142110764e+01
7.93000000000000e+00	8.58476751071605e+01
7.94000000000000e+00	8.36889559506804e+01
7.95000000000000e+00	8.20000288906677e+01
7.96000000000000e+00	8.08359839488024e+01
7.97000000000000e+00	8.02410941293101e+01
7.98000000000000e+00	8.02421933801526e+01
7.99000000000000e+00	8.08534189148306e+01
8.00000000000000e+00	8.20659887512655e+01
8.01000000000000e+00	8.38560370273096e+01
8.02000000000000e+00	8.61800947253681e+01
8.03000000000000e+00	8.89779814421841e+01
8.04000000000000e+00	9.21710928215052e+01
8.05000000000000e+00	9.56734053751683e+01
8.06000000000000e+00	9.93876068083088e+01
8.07000000000000e+00	1.03214612029068e+02
8.08000000000000e+00	1.07057773696740e+02
8.09000000000000e+00	1.10824921247407e+02
8.10000000000000e+00	1.14436235665855e+02
8.11000000000000e+00	1.17825222400196e+02
8.12000000000000e+00	1.20938236838037e+02
8.13000000000000e+00	1.23738854436757e+02
8.14000000000000e+00	1.26196548781504e+02
8.15000000000000e+00	1.28297777310001e+02
8.16000000000000e+00	1.30029734312835e+02
8.17000000000000e+00	1.31388868360701e+02
8.18000000000000e+00	1.32381601673312e+02
8.19000000000000e+00	1.33014601830560e+02
8.20000000000000e+00	1.33297855518151e+02
8.21000000000000e+00	1.33255211167671e+02
8.22000000000000e+00	1.32912667760255e+02
8.23000000000000e+00	1.32300074821165e+02
8.24000000000000e+00	1.31457376568971e+02
8.25000000000000e+00	1.30423968160707e+02
8.26000000000000e+00	1.29229348963919e+02
8.27000000000000e+00	1.27900715344423e+02
8.28000000000000e+00	1.26449948159263e+02
8.29000000000000e+00	1.24876078101423e+02
8.30000000000000e+00	1.23176361013725e+02
8.31000000000000e+00	1.21334490522593e+02
8.32000000000000e+00	1.19337952441520e+02
8.33000000000000e+00	1.17177857123482e+02
8.34000000000000e+00	1.14850579546253e+02
8.35000000000000e+00	1.12360025145999e+02
8.36000000000000e+00	1.09723050461745e+02
8.37000000000000e+00	1.06966076133685e+02
8.38000000000000e+00	1.04125129966552e+02
8.39000000000000e+00	1.01244068187275e+02
8.40000000000000e+00	9.83752291672692e+01
8.41000000000000e+00	9.55686699716737e+01
8.42000000000000e+00	9.28747575940184e+01
8.43000000000000e+00	9.03371593714275e+01
8.44000000000000e+00	8.79875974391175e+01
8.45000000000000e+00	8.58443960255607e+01
8.46000000000000e+00	8.39098693963362e+01
8.47000000000000e+00	8.21740229943914e+01
8.48000000000000e+00	8.06130112195857e+01
8.49000000000000e+00	7.91984853563017e+01
8.50000000000000e+00	7.79000704145359e+01
8.51000000000000e+00	7.66898027125985e+01
8.52000000000000e+00	7.55394910944151e+01
8.53000000000000e+00	7.44282398884206e+01
8.54000000000000e+00	7.33389550222477e+01
8.55000000000000e+00	7.22581684955314e+01
8.56000000000000e+00	7.11769466692562e+01
8.57000000000000e+00	7.00907828202797e+01
8.58000000000000e+00	6.89989089834898e+01
8.59000000000000e+00	6.79044031693462e+01
8.60000000000000e+00	6.68127549971666e+01
8.61000000000000e+00	6.57306357893341e+01
8.62000000000000e+00	6.46623438207769e+01
8.63000000000000e+00	6.36146446003892e+01
8.64000000000000e+00	6.25939001913640e+01
8.65000000000000e+00	6.16044603974947e+01
8.66000000000000e+00	6.06520649583350e+01
8.67000000000000e+00	5.97393954325669e+01
8.68000000000000e+00	5.88728473143829e+01
8.69000000000000e+00	5.80550419330444e+01
8.70000000000000e+00	5.72910397091709e+01
8.71000000000000e+00	5.65823809057989e+01
8.72000000000000e+00	5.59330790574307e+01
8.73000000000000e+00	5.53432033445084e+01
8.74000000000000e+00	5.48150368780342e+01
8.75000000000000e+00	5.43461982397366e+01
8.76000000000000e+00	5.39384031553756e+01
8.77000000000000e+00	5.35869976118169e+01
8.78000000000000e+00	5.32915266720848e+01
8.79000000000000e+00	5.30480582717888e+01
8.80000000000000e+00	5.28526029335409e+01
8.81000000000000e+00	5.27018767210292e+01
8.82000000000000e+00	5.25892349561124e+01
8.83000000000000e+00	5.25079669560212e+01
8.84000000000000e+00	5.24486020334167e+01
8.85000000000000e+00	5.24016100674484e+01
8.86000000000000e+00	5.23552603126341e+01
8.87000000000000e+00	5.22986682078788e+01
8.88000000000000e+00	5.22228719784967e+01
8.89000000000000e+00	5.21218336308688e+01
8.90000000000000e+00	5.19933721812902e+01
8.91000000000000e+00	5.18398887246375e+01
8.92000000000000e+00	5.16655293791114e+01
8.93000000000000e+00	5.14831978030491e+01
8.94000000000000e+00	5.13028738424586e+01
8.95000000000000e+00	5.11420536497670e+01
8.96000000000000e+00	5.10130873530415e+01
8.97000000000000e+00	5.09297267171174e+01
8.98000000000000e+00	5.09010628948403e+01
8.99000000000000e+00	5.09341890569624e+01
9.00000000000000e+00	5.10322350209401e+01
9.01000000000000e+00	5.11969396614912e+01
9.02000000000000e+00	5.14261396983617e+01
9.03000000000000e+00	5.17130517349614e+01
9.04000000000000e+00	5.20507411199606e+01
9.05000000000000e+00	5.24240628833038e+01
9.06000000000000e+00	5.28182394675319e+01
9.07000000000000e+00	5.32149516734461e+01
9.08000000000000e+00	5.35988510835052e+01
9.09000000000000e+00	5.39581204619067e+01
9.10000000000000e+00	5.42865953181358e+01
9.11000000000000e+00	5.45823069287158e+01
9.12000000000000e+00	5.48527133380760e+01
9.13000000000000e+00	5.51075563357535e+01
9.14000000000000e+00	5.53643740770771e+01
9.15000000000000e+00	5.56431291455383e+01
9.16000000000000e+00	5.59667852353958e+01
9.17000000000000e+00	5.63605184472353e+01
9.18000000000000e+00	5.68494070568903e+01
9.19000000000000e+00	5.74547382993106e+01
9.20000000000000e+00	5.81938764019651e+01
9.21000000000000e+00	5.90773675443121e+01
9.22000000000000e+00	6.01049882530165e+01
9.23000000000000e+00	6.12663990004354e+01
9.24000000000000e+00	6.25378557257924e+01
9.25000000000000e+00	6.38844357644708e+01
9.26000000000000e+00	6.52612726204721e+01
9.27000000000000e+00	6.66180093318746e+01
9.28000000000000e+00	6.79019413737932e+01
9.29000000000000e+00	6.90648977532729e+01
9.30000000000000e+00	7.00639841817765e+01
9.31000000000000e+00	7.08686757086631e+01
9.32000000000000e+00	7.14586667933741e+01
9.33000000000000e+00	7.18266078933469e+01
9.34000000000000e+00	7.19758271055692e+01
9.35000000000000e+00	7.19175133344194e+01
9.36000000000000e+00	7.16685548279902e+01
9.37000000000000e+00	7.12476752509616e+01
9.38000000000000e+00	7.06746781400363e+01
9.39000000000000e+00	6.99677268909402e+01
9.40000000000000e+00	6.91431657162647e+01
9.41000000000000e+00	6.82163010862535e+01
9.42000000000000e+00	6.71999288387101e+01
9.43000000000000e+00	6.61090333676773e+01
9.44000000000000e+00	6.49569847839998e+01
9.45000000000000e+00	6.37601463730383e+01
9.46000000000000e+00	6.25374710997998e+01
9.47000000000000e+00	6.13091725024948e+01
9.48000000000000e+00	6.00985451007015e+01
9.49000000000000e+00	5.89275996338425e+01
9.50000000000000e+00	5.78189294913379e+01
9.51000000000000e+00	5.67899551769795e+01
9.52000000000000e+00	5.58522538028266e+01
9.53000000000000e+00	5.50109778136208e+01
9.54000000000000e+00	5.42636987449158e+01
9.55000000000000e+00	5.36035365807328e+01
9.56000000000000e+00	5.30225341235818e+01
9.57000000000000e+00	5.25141732432756e+01
9.58000000000000e+00	5.20763232102926e+01
9.59000000000000e+00	5.17084121832033e+01
9.60000000000000e+00	5.14091030024502e+01
9.61000000000000e+00	5.11735523351653e+01
9.62000000000000e+00	5.09912050353907e+01
9.63000000000000e+00	5.08479700818058e+01
9.64000000000000e+00	5.07280294446013e+01
9.65000000000000e+00	5.06171447853065e+01
9.66000000000000e+00	5.05045804057808e+01
9.67000000000000e+00	5.03837415431553e+01
9.68000000000000e+00	5.02522886184740e+01
9.69000000000000e+00	5.01088330384595e+01
9.70000000000000e+00	4.99539717476593e+01
9.71000000000000e+00	4.97892697572811e+01
9.72000000000000e+00	4.96155806665313e+01
9.73000000000000e+00	4.94346611976008e+01
9.74000000000000e+00	4.92477570302855e+01
9.75000000000000e+00	4.90558110237980e+01
9.76000000000000e+00	4.88593732388462e+01
9.77000000000000e+00	4.86597941537340e+01
9.78000000000000e+00	4.84568585718478e+01
9.79000000000000e+00	4.82519442134271e+01
9.80000000000000e+00	4.80452227324905e+01
9.81000000000000e+00	4.78383187086845e+01
9.82000000000000e+00	4.76326047309386e+01
9.83000000000000e+00	4.74273431890191e+01
9.84000000000000e+00	4.72235946800863e+01
9.85000000000000e+00	4.70206846225164e+01
9.86000000000000e+00	4.68190106791051e+01
9.87000000000000e+00	4.66199069354668e+01
9.88000000000000e+00	4.64298454901308e+01
9.89000000000000e+00	4.62704452228560e+01
9.90000000000000e+00	4.61950367080027e+01
9.91000000000000e+00	4.63205084194777e+01
9.92000000000000e+00	4.68818607952195e+01
9.93000000000000e+00	4.83016491011442e+01
9.94000000000000e+00	5.13019987857788e+01
9.95000000000000e+00	5.71229450251857e+01
9.96000000000000e+00	6.80119042366466e+01
9.97000000000000e+00	8.84142079474226e+01
9.98000000000000e+00	1.28004869683162e+02
9.99000000000000e+00	2.09845745134140e+02
1.00000000000000e+01	3.94276105173318e+02
1.00100000000000e+01	8.46736292364395e+02
1.00200000000000e+01	1.84125303425129e+03
1.00300000000000e+01	2.28797855556438e+03
1.00400000000000e+01	1.05684979052156e+03
1.00500000000000e+01	3.55562659892275e+02
1.00600000000000e+01	1.26112832616245e+02
1.00700000000000e+01	5.00797326820520e+01
1.00800000000000e+01	2.21677314643969e+01
1.00900000000000e+01	1.07630988773757e+01
1.01000000000000e+01	5.64066086911479e+00
1.01100000000000e+01	3.14824050962109e+00
1.01200000000000e+01	1.85134948704984e+00
1.01300000000000e+01	1.13746920544607e+00
1.01400000000000e+01	7.25301362144771e-01
1.01500000000000e+01	4.77445717370772e-01
1.01600000000000e+01	3.23075448513667e-01
1.01700000000000e+01	2.23943851222591e-01
1.01800000000000e+01	1.58555828233728e-01
1.01900000000000e+01	1.14391281131067e-01
1.02000000000000e+01	8.39275227581956e-02
1.02100000000000e+01	6.25126064649631e-02
1.02200000000000e+01	4.72009978541984e-02
1.02300000000000e+01	3.60834774273448e-02
1.02400000000000e+01	2.78978102766204e-02
1.02500000000000e+01	2.17934221932046e-02
1.02600000000000e+01	1.71870624603400e-02
1.02700000000000e+01	1.36738058170356e-02
1.02800000000000e+01	1.09676319832408e-02
1.02900000000000e+01	8.86370720753784e-03
1.03000000000000e+01	7.21395432562292e-03
1.03100000000000e+01	5.90997927982658e-03
1.03200000000000e+01	4.87162216176122e-03
1.03300000000000e+01	4.03900864954097e-03
1.03400000000000e+01	3.36693898619451e-03
1.03500000000000e+01	2.82111818004298e-03
1.03600000000000e+01	2.37519383389834e-03
1.03700000000000e+01	2.00892915935140e-03
1.03800000000000e+01	1.70646379060491e-03
1.03900000000000e+01	1.45547761994019e-03
1.04000000000000e+01	1.24620124048182e-03
1.04100000000000e+01	1.07093714008358e-03
1.04200000000000e+01	9.23541761121036e-04
1.04300000000000e+01	7.99066323583835e-04
1.04400000000000e+01	6.93552986242598e-04
1.04500000000000e+01	6.03793420746065e-04
1.04600000000000e+01	5.27162978151419e-04
1.04700000000000e+01	4.61526232886785e-04
1.04800000000000e+01	4.05128810586420e-04
1.04900000000000e+01	3.56531744141721e-04
1.05000000000000e+01	3.14528870763242e-04
1.05100000000000e+01	2.78127332404283e-04
1.05200000000000e+01	2.46493572364962e-04
1.05300000000000e+01	2.18935918107321e-04
1.05400000000000e+01	1.94870022776342e-04
1.05500000000000e+01	1.73802717989332e-04
1.05600000000000e+01	1.55316253918194e-04
1.05700000000000e+01	1.39060568081225e-04
1.05800000000000e+01	1.24733048324762e-04
1.05900000000000e+01	1.12079828970236e-04
1.06000000000000e+01	1.00881380573513e-04
1.06100000000000e+01	9.09532651827951e-05
1.06200000000000e+01	8.21315847016895e-05
1.06300000000000e+01	7.42810917884364e-05
1.06400000000000e+01	6.72807142724782e-05
1.06500000000000e+01	6.10281470092589e-05
1.06600000000000e+01	5.54335264627787e-05
1.06700000000000e+01	5.04199677540647e-05
1.06800000000000e+01	4.59193146847173e-05
1.06900000000000e+01	4.18730489013800e-05
1.07000000000000e+01	3.82300533411333e-05
1.07100000000000e+01	3.49451346447594e-05
1.07200000000000e+01	3.19794927920381e-05
1.07300000000000e+01	2.92976775516591e-05
1.07400000000000e+01	2.68701583696137e-05
1.07500000000000e+01	2.46696260928428e-05
1.07600000000000e+01	2.26731896373393e-05
1.07700000000000e+01	2.08589799877345e-05
1.07800000000000e+01	1.92093306662516e-05
1.07900000000000e+01	1.77073727681723e-05
1.08000000000000e+01	1.63385452733514e-05
1.08100000000000e+01	1.50896822015104e-05
1.08200000000000e+01	1.39490252211483e-05
1.08300000000000e+01	1.29064884840788e-05
1.08400000000000e+01	1.19524788946380e-05
1.08500000000000e+01	1.10785669274763e-05
1.08600000000000e+01	1.02772817199018e-05
1.08700000000000e+01	9.54173318932661e-06
1.08800000000000e+01	8.86606468787232e-06
1.08900000000000e+01	8.24454262430460e-06
1.09000000000000e+01	7.67241163025058e-06
1.09100000000000e+01	7.14524321665008e-06
1.09200000000000e+01	6.65904026912999e-06
1.09300000000000e+01	6.21008857773276e-06
1.09400000000000e+01	5.79521629871381e-06
1.09500000000000e+01	5.41157235535893e-06
1.09600000000000e+01	5.05635376769422e-06
1.09700000000000e+01	4.72731398227350e-06
1.09800000000000e+01	4.42221004293071e-06
1.09900000000000e+01	4.13906111025674e-06
1.10000000000000e+01	3.87616126308963e-06
1.10100000000000e+01	3.63189485436476e-06
1.10200000000000e+01	3.40476905108395e-06
1.10300000000000e+01	3.19348364762849e-06
1.10400000000000e+01	2.99687584395624e-06
1.10500000000000e+01	2.81385916401114e-06
1.10600000000000e+01	2.64343223479949e-06
1.10700000000000e+01	2.48463810334469e-06
1.10800000000000e+01	2.33669016284614e-06
1.10900000000000e+01	2.19878511590199e-06
1.11000000000000e+01	2.07021566821290e-06
1.11100000000000e+01	1.95026380457064e-06
1.11200000000000e+01	1.83835380761929e-06
1.11300000000000e+01	1.73384265017403e-06
1.11400000000000e+01	1.63623230935055e-06
1.11500000000000e+01	1.54497991634458e-06
1.11600000000000e+01	1.45963362244848e-06
1.11700000000000e+01	1.37972773827984e-06
1.11800000000000e+01	1.30488748237933e-06
1.11900000000000e+01	1.23474125557543e-06
1.12000000000000e+01	1.16890493347942e-06
1.12100000000000e+01	1.10709682844566e-06
1.12200000000000e+01	1.04904178042128e-06
1.12300000000000e+01	9.94456267006529e-07
1.12400000000000e+01	9.43095473886257e-07
1.12500000000000e+01	8.94753925572374e-07
1.12600000000000e+01	8.49216346432052e-07
1.12700000000000e+01	8.06302209663212e-07
1.12800000000000e+01	7.65843650831261e-07
1.12900000000000e+01	7.27685953165300e-07
1.13000000000000e+01	6.91667443932358e-07
1.13100000000000e+01	6.57659798582611e-07
1.13200000000000e+01	6.25544200840921e-07
1.13300000000000e+01	5.95192535601307e-07
1.13400000000000e+01	5.66494725638943e-07
1.13500000000000e+01	5.39365536445524e-07
1.13600000000000e+01	5.13687273349071e-07
1.13700000000000e+01	4.89377536445152e-07
1.13800000000000e+01	4.66362327222735e-07
1.13900000000000e+01	4.44556065154476e-07
1.14000000000000e+01	4.23891167057832e-07
1.14100000000000e+01	4.04302165150593e-07
1.14200000000000e+01	3.85715671779941e-07
1.14300000000000e+01	3.68091774660903e-07
1.14400000000000e+01	3.51362146076810e-07
1.14500000000000e+01	3.35483919719216e-07
1.14600000000000e+01	3.20407510091419e-07
1.14700000000000e+01	3.06087605367221e-07
1.14800000000000e+01	2.92477659869404e-07
1.14900000000000e+01	2.79543485473994e-07
1.15000000000000e+01	2.67249547879482e-07
1.15100000000000e+01	2.55557451183297e-07
1.15200000000000e+01	2.44435137703956e-07
1.15300000000000e+01	2.33849895621642e-07
1.15400000000000e+01	2.23774224644536e-07
1.15500000000000e+01	2.14182365510016e-07
1.15600000000000e+01	2.05051235781003e-07
1.15700000000000e+01	1.96358251409646e-07
1.15800000000000e+01	1.88084272216382e-07
1.15900000000000e+01	1.80204160641764e-07
1.16000000000000e+01	1.72702505764220e-07
1.16100000000000e+01	1.65560637296856e-07
1.16200000000000e+01	1.58761684204282e-07
1.16300000000000e+01	1.52289954982914e-07
1.16400000000000e+01	1.46124573844037e-07
1.16500000000000e+01	1.40253102137548e-07
1.16600000000000e+01	1.34658919698681e-07
1.16700000000000e+01	1.29324436980854e-07
1.16800000000000e+01	1.24233678639451e-07
1.16900000000000e+01	1.19374703349522e-07
1.17000000000000e+01	1.14733632441971e-07
1.17100000000000e+01	1.10295736395418e-07
1.17200000000000e+01	1.06048731227682e-07
1.17300000000000e+01	1.01983054561504e-07
1.17400000000000e+01	9.80889569522996e-08
1.17500000000000e+01	9.43556926948094e-08
1.17600000000000e+01	9.07766568828945e-08
1.17700000000000e+01	8.73425402071976e-08
1.17800000000000e+01	8.40487636964359e-08
1.17900000000000e+01	8.08896658404434e-08
1.18000000000000e+01	7.78594816344548e-08
1.18100000000000e+01	7.49545921571738e-08
1.18200000000000e+01	7.21693745194550e-08
1.18300000000000e+01	6.94996263513568e-08
1.18400000000000e+01	6.69421765274686e-08
1.18500000000000e+01	6.44916798569535e-08
1.18600000000000e+01	6.21449530172806e-08
1.18700000000000e+01	5.98969096499384e-08
1.18800000000000e+01	5.77426442452519e-08
1.18900000000000e+01	5.56794327178299e-08
1.19000000000000e+01	5.37018109013590e-08
1.19100000000000e+01	5.18056313109733e-08
1.19200000000000e+01	4.99878050312224e-08
1.19300000000000e+01	4.82437390688568e-08
1.19400000000000e+01	4.65692430845453e-08
1.19500000000000e+01	4.49619211351304e-08
1.19600000000000e+01	4.34167866053114e-08
1.19700000000000e+01	4.19323082022560e-08
1.19800000000000e+01	4.05052175423817e-08
1.19900000000000e+01	3.91313242686886e-08
1.20000000000000e+01	3.78092524561885e-08
1.20100000000000e+01	3.65362709813831e-08
1.20200000000000e+01	3.53107881248134e-08
1.20300000000000e+01	3.41294457452694e-08
1.20400000000000e+01	3.29918288408932e-08
1.20500000000000e+01	3.18954061130020e-08
1.20600000000000e+01	3.08391639242414e-08
1.20700000000000e+01	2.98218753370765e-08
1.20800000000000e+01	2.88414283734925e-08
1.20900000000000e+01	2.78976746467239e-08
1.21000000000000e+01	2.69890297226231e-08
1.21100000000000e+01	2.61144567848419e-08
1.21200000000000e+01	2.52727281415628e-08
1.21300000000000e+01	2.44630530958802e-08
1.21400000000000e+01	2.36841232827075e-08
1.21500000000000e+01	2.29343069801806e-08
1.21600000000000e+01	2.22129458480925e-08
1.21700000000000e+01	2.15186788788391e-08
1.21800000000000e+01	2.08500811871978e-08
1.21900000000000e+01	2.02061804647446e-08
1.22000000000000e+01	1.95859395101125e-08
1.22100000000000e+01	1.89875598921053e-08
1.22200000000000e+01	1.84102082655219e-08
1.22300000000000e+01	1.78532098740160e-08
1.22400000000000e+01	1.73151171831879e-08
1.22500000000000e+01	1.67947130664178e-08
1.22600000000000e+01	1.62918635342639e-08
1.22700000000000e+01	1.58053330454055e-08
1.22800000000000e+01	1.53341679649034e-08
1.22900000000000e+01	1.48779554587224e-08
1.23000000000000e+01	1.44357396148589e-08
1.23100000000000e+01	1.40070790864995e-08
1.23200000000000e+01	1.35913229100502e-08
1.23300000000000e+01	1.31878937642826e-08
1.23400000000000e+01	1.27964530751621e-08
1.23500000000000e+01	1.24165768727106e-08
1.23600000000000e+01	1.20478864970704e-08
1.23700000000000e+01	1.16900839135351e-08
1.23800000000000e+01	1.13427946214591e-08
1.23900000000000e+01	1.10059992724851e-08
1.24000000000000e+01	1.06792642930471e-08
1.24100000000000e+01	1.03626526579248e-08
1.24200000000000e+01	1.00557822785768e-08
1.24300000000000e+01	9.75848954990204e-09
1.24400000000000e+01	9.47072440766704e-09
1.24500000000000e+01	9.19207077406992e-09
1.24600000000000e+01	8.92233740521639e-09
1.24700000000000e+01	8.66132177263295e-09
1.24800000000000e+01	8.40873767438048e-09
1.24900000000000e+01	8.16424563097474e-09
1.25000000000000e+01	7.92773713112681e-09
1.25100000000000e+01	7.69885979331744e-09
1.25200000000000e+01	7.47736299857758e-09
1.25300000000000e+01	7.26301267713230e-09
1.25400000000000e+01	7.05569196877937e-09
1.25500000000000e+01	6.85503642818330e-09
1.25600000000000e+01	6.66095223742012e-09
1.25700000000000e+01	6.47316661583523e-09
1.25800000000000e+01	6.29152757913208e-09
1.25900000000000e+01	6.11579315953409e-09
1.26000000000000e+01	5.94577207159681e-09
1.26100000000000e+01	5.78121451098411e-09
1.26200000000000e+01	5.62198307461805e-09
1.26300000000000e+01	5.46781205578748e-09
1.26400000000000e+01	5.31848684772553e-09
1.26500000000000e+01	5.17387965293238e-09
1.26600000000000e+01	5.03381571372173e-09
1.26700000000000e+01	4.89804739842311e-09
1.26800000000000e+01	4.76648073653880e-09
1.26900000000000e+01	4.63898047778586e-09
1.27000000000000e+01	4.51540792381612e-09
1.27100000000000e+01	4.39567569693516e-09
1.27200000000000e+01	4.27964042403863e-09
1.27300000000000e+01	4.16718489071701e-09
1.27400000000000e+01	4.05824554157059e-09
1.27500000000000e+01	3.95270881065306e-09
1.27600000000000e+01	3.85047752480830e-09
1.27700000000000e+01	3.75141819929771e-09
1.27800000000000e+01	3.65546550244413e-09
1.27900000000000e+01	3.56245559853660e-09
1.28000000000000e+01	3.47231682312212e-09
1.28100000000000e+01	3.38491546119624e-09
1.28200000000000e+01	3.30017831551686e-09
1.28300000000000e+01	3.21796254545227e-09
1.28400000000000e+01	3.13820229763992e-09
1.28500000000000e+01	3.06080976431679e-09
1.28600000000000e+01	2.98566198499511e-09
1.28700000000000e+01	2.91273296869051e-09
1.28800000000000e+01	2.84189624394469e-09
1.28900000000000e+01	2.77310679207137e-09
1.29000000000000e+01	2.70628015370795e-09
1.29100000000000e+01	2.64136737865290e-09
1.29200000000000e+01	2.57828685537426e-09
1.29300000000000e+01	2.51700552754397e-09
1.29400000000000e+01	2.45741465721789e-09
1.29500000000000e+01	2.39950485434711e-09
1.29600000000000e+01	2.34316539100181e-09
1.29700000000000e+01	2.28839908325940e-09
1.29800000000000e+01	2.23510570013337e-09
1.29900000000000e+01	2.18327484941985e-09
1.30000000000000e+01	2.13282936761042e-09
1.30100000000000e+01	2.08376109848491e-09
1.30200000000000e+01	2.03600736497516e-09
1.30300000000000e+01	1.98954723940816e-09
1.30400000000000e+01	1.94432840056998e-09
1.30500000000000e+01	1.90031810069533e-09
1.30600000000000e+01	1.85746579958070e-09
1.30700000000000e+01	1.81572728610361e-09
1.30800000000000e+01	1.77506056696513e-09
1.30900000000000e+01	1.73542468814661e-09
1.31000000000000e+01	1.69675567058452e-09
1.31100000000000e+01	1.65905084366164e-09
1.31200000000000e+01	1.62221588334823e-09
1.31300000000000e+01	1.58624576287080e-09
1.31400000000000e+01	1.55109547294781e-09
1.31500000000000e+01	1.51674658303507e-09
1.31600000000000e+01	1.48318488959162e-09
1.31700000000000e+01	1.45037966737969e-09
1.31800000000000e+01	1.41831936101384e-09
1.31900000000000e+01	1.38701249408814e-09
1.32000000000000e+01	1.35642727282410e-09
1.32100000000000e+01	1.32656284245180e-09
1.32200000000000e+01	1.29741039535819e-09
1.32300000000000e+01	1.26895071280994e-09
1.32400000000000e+01	1.24117651562932e-09
1.32500000000000e+01	1.21405911745790e-09
1.32600000000000e+01	1.18756462826751e-09
1.32700000000000e+01	1.16170454968257e-09
1.32800000000000e+01	1.13643729869345e-09
1.32900000000000e+01	1.11174733742652e-09
1.33000000000000e+01	1.08762614288729e-09
1.33100000000000e+01	1.06404847518601e-09
1.33200000000000e+01	1.04101135804651e-09
1.33300000000000e+01	1.01849794798942e-09
1.33400000000000e+01	9.96512061327433e-10
1.33500000000000e+01	9.75047098865960e-10
1.33600000000000e+01	9.54085003962382e-10
1.33700000000000e+01	9.33625248631084e-10
1.33800000000000e+01	9.13672395741739e-10
1.33900000000000e+01	8.94209501729251e-10
1.34000000000000e+01	8.75224484790367e-10
1.34100000000000e+01	8.56711069670089e-10
1.34200000000000e+01	8.38661888614459e-10
1.34300000000000e+01	8.21057438078015e-10
1.34400000000000e+01	8.03886387790151e-10
1.34500000000000e+01	7.87141432487562e-10
1.34600000000000e+01	7.70796404678870e-10
1.34700000000000e+01	7.54845090880489e-10
1.34800000000000e+01	7.39279883710922e-10
1.34900000000000e+01	7.24074037729397e-10
1.35000000000000e+01	7.09228606708095e-10
1.35100000000000e+01	6.94715620132014e-10
1.35200000000000e+01	6.80534798936448e-10
1.35300000000000e+01	6.66671536795224e-10
1.35400000000000e+01	6.53116468208237e-10
1.35500000000000e+01	6.39849512917923e-10
1.35600000000000e+01	6.26870239289114e-10
1.35700000000000e+01	6.14158453570687e-10
1.35800000000000e+01	6.01715671933653e-10
1.35900000000000e+01	5.89519426400909e-10
1.36000000000000e+01	5.77573926374213e-10
1.36100000000000e+01	5.65866149449840e-10
1.36200000000000e+01	5.54391540582163e-10
1.36300000000000e+01	5.43139928744989e-10
1.36400000000000e+01	5.32115669094190e-10
1.36500000000000e+01	5.21312187178137e-10
1.36600000000000e+01	5.10722753731358e-10
1.36700000000000e+01	5.00348992386068e-10
1.36800000000000e+01	4.90194267917404e-10
1.36900000000000e+01	4.80252538497206e-10
1.37000000000000e+01	4.70520977316488e-10
1.37100000000000e+01	4.61005331688642e-10
1.37200000000000e+01	4.51700763156404e-10
1.37300000000000e+01	4.42616668069247e-10
1.37400000000000e+01	4.33742773606378e-10
1.37500000000000e+01	4.25085456178803e-10
1.37600000000000e+01	4.16639106022697e-10
1.37700000000000e+01	4.08401185890802e-10
1.37800000000000e+01	4.00369756079341e-10
1.37900000000000e+01	3.92537381444299e-10
1.38000000000000e+01	3.84904739051206e-10
1.38100000000000e+01	3.77457730122188e-10
1.38200000000000e+01	3.70194160187948e-10
1.38300000000000e+01	3.63102951781921e-10
1.38400000000000e+01	3.56180452360401e-10
1.38500000000000e+01	3.49420803980994e-10
1.38600000000000e+01	3.42811691448303e-10
1.38700000000000e+01	3.36349551238233e-10
1.38800000000000e+01	3.30033152735117e-10
1.38900000000000e+01	3.23849463235614e-10
1.39000000000000e+01	3.17794613404109e-10
1.39100000000000e+01	3.11868699581292e-10
1.39200000000000e+01	3.06063981621641e-10
1.39300000000000e+01	3.00375549029683e-10
1.39400000000000e+01	2.94802691988292e-10
1.39500000000000e+01	2.89342586077071e-10
1.39600000000000e+01	2.83986501411544e-10
1.39700000000000e+01	2.78735468521599e-10
1.39800000000000e+01	2.73587551941450e-10
1.39900000000000e+01	2.68538675999086e-10
1.40000000000000e+01	2.63589401575613e-10
1.40100000000000e+01	2.58735616178923e-10
1.40200000000000e+01	2.53974606103995e-10
1.40300000000000e+01	2.49308525827010e-10
1.40400000000000e+01	2.44737888247185e-10
1.40500000000000e+01	2.40258705463210e-10
1.40600000000000e+01	2.35870097368799e-10
1.40700000000000e+01	2.31574116584926e-10
1.40800000000000e+01	2.27367735407456e-10
1.40900000000000e+01	2.23248827708912e-10
1.41000000000000e+01	2.19217057369558e-10
1.41100000000000e+01	2.15270510897667e-10
1.41200000000000e+01	2.11406201565919e-10
1.41300000000000e+01	2.07623078602301e-10
1.41400000000000e+01	2.03917218330000e-10
1.41500000000000e+01	2.00282752679659e-10
1.41600000000000e+01	1.96721049750454e-10
1.41700000000000e+01	1.93224633844993e-10
1.41800000000000e+01	1.89793573251868e-10
1.41900000000000e+01	1.86423704458322e-10
1.42000000000000e+01	1.83112438069427e-10
1.42100000000000e+01	1.79859192151941e-10
1.42200000000000e+01	1.76665300306512e-10
1.42300000000000e+01	1.73526144683450e-10
1.42400000000000e+01	1.70443384728375e-10
1.42500000000000e+01	1.67417259245227e-10
1.42600000000000e+01	1.64446300301704e-10
1.42700000000000e+01	1.61532319861659e-10
1.42800000000000e+01	1.58676538453233e-10
1.42900000000000e+01	1.55875680967326e-10
1.43000000000000e+01	1.53132088327160e-10
1.43100000000000e+01	1.50444057923892e-10
1.43200000000000e+01	1.47808578864347e-10
1.43300000000000e+01	1.45228032954041e-10
1.43400000000000e+01	1.42698707063262e-10
1.43500000000000e+01	1.40221495378521e-10
1.43600000000000e+01	1.37793559830418e-10
1.43700000000000e+01	1.35412193343164e-10
1.43800000000000e+01	1.33079117349090e-10
1.43900000000000e+01	1.30792197318918e-10
1.44000000000000e+01	1.28551448398280e-10
1.44100000000000e+01	1.26353459269588e-10
1.44200000000000e+01	1.24199824573399e-10
1.44300000000000e+01	1.22088757930404e-10
1.44400000000000e+01	1.20021151883034e-10
1.44500000000000e+01	1.17993846562308e-10
1.44600000000000e+01	1.16008505496492e-10
1.44700000000000e+01	1.14062671527471e-10
1.44800000000000e+01	1.12155366747951e-10
1.44900000000000e+01	1.10286924861303e-10
1.45000000000000e+01	1.08455036745649e-10
1.45100000000000e+01	1.06660320956903e-10
1.45200000000000e+01	1.04900660012573e-10
1.45300000000000e+01	1.03174934977174e-10
1.45400000000000e+01	1.01483548101632e-10
1.45500000000000e+01	9.98236577667689e-11
1.45600000000000e+01	9.81953686287915e-11
1.45700000000000e+01	9.65981042294962e-11
1.45800000000000e+01	9.50291920234007e-11
1.45900000000000e+01	9.34910848467921e-11
1.46000000000000e+01	9.19798264164550e-11
1.46100000000000e+01	9.04951730920734e-11
1.46200000000000e+01	8.90385915425332e-11
1.46300000000000e+01	8.76063324889514e-11
1.46400000000000e+01	8.62001336545737e-11
1.46500000000000e+01	8.48197430992716e-11
1.46600000000000e+01	8.34624605708089e-11
1.46700000000000e+01	8.21298977377353e-11
1.46800000000000e+01	8.08215609145408e-11
1.46900000000000e+01	7.95372124409129e-11
1.47000000000000e+01	7.82762205891297e-11
1.47100000000000e+01	7.70378328607710e-11
1.47200000000000e+01	7.58220279633841e-11
1.47300000000000e+01	7.46291750846605e-11
1.47400000000000e+01	7.34583424963528e-11
1.47500000000000e+01	7.23092227655726e-11
1.47600000000000e+01	7.11814936623008e-11
1.47700000000000e+01	7.00742106441734e-11
1.47800000000000e+01	6.89864276154855e-11
1.47900000000000e+01	6.79184813303529e-11
1.48000000000000e+01	6.68689400322546e-11
1.48100000000000e+01	6.58364371840986e-11
1.48200000000000e+01	6.48227933718968e-11
1.48300000000000e+01	6.38249268644476e-11
1.48400000000000e+01	6.28433655545924e-11
1.48500000000000e+01	6.18779395385473e-11
1.48600000000000e+01	6.09276099731835e-11
1.48700000000000e+01	5.99921813221130e-11
1.48800000000000e+01	5.90711816758906e-11
1.48900000000000e+01	5.81642026240662e-11
1.49000000000000e+01	5.72723120434418e-11
1.49100000000000e+01	5.63935735774840e-11
1.49200000000000e+01	5.55290501678089e-11
1.49300000000000e+01	5.46780815548558e-11
1.49400000000000e+01	5.38406951455333e-11
1.49500000000000e+01	5.30167097766340e-11
1.49600000000000e+01	5.22065922910388e-11
1.49700000000000e+01	5.14100544824651e-11
1.49800000000000e+01	5.06268778442926e-11
1.49900000000000e+01	4.98572712246124e-11
1.50000000000000e+01	4.91005442818370e-11
1.50100000000000e+01	4.83578268651830e-11
1.50200000000000e+01	4.76269828618029e-11
1.50300000000000e+01	4.69096178491123e-11
1.50400000000000e+01	4.62051257450397e-11
1.50500000000000e+01	4.55125058911872e-11
1.50600000000000e+01	4.48321874643313e-11
1.50700000000000e+01	4.41632342052163e-11
1.50800000000000e+01	4.35055932516293e-11
1.50900000000000e+01	4.28593718957603e-11
1.51000000000000e+01	4.22233438253625e-11
1.51100000000000e+01	4.15976864767867e-11
1.51200000000000e+01	4.09825475409859e-11
1.51300000000000e+01	4.03762044417424e-11
1.51400000000000e+01	3.97800308525489e-11
1.51500000000000e+01	3.91925878842918e-11
1.51600000000000e+01	3.86138471662606e-11
1.51700000000000e+01	3.80441863909899e-11
1.51800000000000e+01	3.74834063884008e-11
1.51900000000000e+01	3.69308452488530e-11
1.52000000000000e+01	3.63871253858633e-11
1.52100000000000e+01	3.58518393572896e-11
1.52200000000000e+01	3.53252788541738e-11
1.52300000000000e+01	3.48069137275682e-11
1.52400000000000e+01	3.42965727875474e-11
1.52500000000000e+01	3.37943238472029e-11
1.52600000000000e+01	3.32997056765357e-11
1.52700000000000e+01	3.28123976886225e-11
1.52800000000000e+01	3.23322678157371e-11
1.52900000000000e+01	3.18582838607373e-11
1.53000000000000e+01	3.13903439697613e-11
1.53100000000000e+01	3.09274792156469e-11
1.53200000000000e+01	3.04697541759131e-11
1.53300000000000e+01	3.00166178484496e-11
1.53400000000000e+01	2.95670612244627e-11
1.53500000000000e+01	2.91211054094959e-11
1.53600000000000e+01	2.86789285166219e-11
1.53700000000000e+01	2.82394720779555e-11
1.53800000000000e+01	2.78029399314075e-11
1.53900000000000e+01	2.73696847402762e-11
1.54000000000000e+01	2.69395618296060e-11
1.54100000000000e+01	2.65129295163987e-11
1.54200000000000e+01	2.60900043907215e-11
1.54300000000000e+01	2.56714024268435e-11
1.54400000000000e+01	2.52575010069132e-11
1.54500000000000e+01	2.48490227007501e-11
1.54600000000000e+01	2.44464663050270e-11
1.54700000000000e+01	2.40511001576554e-11
1.54800000000000e+01	2.36628382899845e-11
1.54900000000000e+01	2.32829571077235e-11
1.55000000000000e+01	2.29117473200399e-11
1.55100000000000e+01	2.25501393334066e-11
1.55200000000000e+01	2.21984491542824e-11
1.55300000000000e+01	2.18569830279480e-11
1.55400000000000e+01	2.15254983166049e-11
1.55500000000000e+01	2.12044163045328e-11
1.55600000000000e+01	2.08930925688889e-11
1.55700000000000e+01	2.05912160609435e-11
1.55800000000000e+01	2.02986185175016e-11
1.55900000000000e+01	2.00143077481628e-11
1.56000000000000e+01	1.97374567362131e-11
1.56100000000000e+01	1.94679283584710e-11
1.56200000000000e+01	1.92044071537755e-11
1.56300000000000e+01	1.89467518533389e-11
1.56400000000000e+01	1.86939080351243e-11
1.56500000000000e+01	1.84453724495699e-11
1.56600000000000e+01	1.82005025558771e-11
1.56700000000000e+01	1.79590312758112e-11
1.56800000000000e+01	1.77204367158634e-11
1.56900000000000e+01	1.74845710594301e-11
1.57000000000000e+01	1.72508537090327e-11
1.57100000000000e+01	1.70192327377813e-11
1.57200000000000e+01	1.67897050704572e-11
1.57300000000000e+01	1.65621170868275e-11
1.57400000000000e+01	1.63363150746909e-11
1.57500000000000e+01	1.61126551396675e-11
1.57600000000000e+01	1.58908738407765e-11
1.57700000000000e+01	1.56711849882585e-11
1.57800000000000e+01	1.54537150149410e-11
1.57900000000000e+01	1.52390759681987e-11
1.58000000000000e+01	1.50270053828513e-11
1.58100000000000e+01	1.48179260519599e-11
1.58200000000000e+01	1.46119701583627e-11
1.58300000000000e+01	1.44096191378978e-11
1.58400000000000e+01	1.42109567334072e-11
1.58500000000000e+01	1.40161093445146e-11
1.58600000000000e+01	1.38252964450436e-11
1.58700000000000e+01	1.36383929382352e-11
1.58800000000000e+01	1.34554790389614e-11
1.58900000000000e+01	1.32767794907944e-11
1.59000000000000e+01	1.31019619054648e-11
1.59100000000000e+01	1.29310403926050e-11
1.59200000000000e+01	1.27637651516245e-11
1.59300000000000e+01	1.25999007805892e-11
1.59400000000000e+01	1.24393908757351e-11
1.59500000000000e+01	1.22817802784552e-11
1.59600000000000e+01	1.21268245453875e-11
1.59700000000000e+01	1.19746321326432e-11
1.59800000000000e+01	1.18248027821376e-11
1.59900000000000e+01	1.16769760536203e-11
1.60000000000000e+01	1.15314567006308e-11
1.60100000000000e+01	1.13876794398917e-11
1.60200000000000e+01	1.12459096320440e-11
1.60300000000000e+01	1.11059006576097e-11
1.60400000000000e+01	1.09676227351299e-11
1.60500000000000e+01	1.08311234339989e-11
1.60600000000000e+01	1.06963422894969e-11
1.60700000000000e+01	1.05631339430239e-11
1.60800000000000e+01	1.04314912997594e-11
1.60900000000000e+01	1.03015709994853e-11
1.61000000000000e+01	1.01733405600366e-11
1.61100000000000e+01	1.00466273287943e-11
1.61200000000000e+01	9.92156137521800e-12
1.61300000000000e+01	9.79802591946224e-12
1.61400000000000e+01	9.67622755001934e-12
1.61500000000000e+01	9.55603976092132e-12
1.61600000000000e+01	9.43732412089309e-12
1.61700000000000e+01	9.32031860683186e-12
1.61800000000000e+01	9.20484474909190e-12
1.61900000000000e+01	9.09122191078485e-12
1.62000000000000e+01	8.97908832781892e-12
1.62100000000000e+01	8.86884992808214e-12
1.62200000000000e+01	8.76017605184767e-12
1.62300000000000e+01	8.65335662657003e-12
1.62400000000000e+01	8.54829538790872e-12
1.62500000000000e+01	8.44508744206823e-12
1.62600000000000e+01	8.34356285387625e-12
1.62700000000000e+01	8.24379343912706e-12
1.62800000000000e+01	8.14571105495144e-12
1.62900000000000e+01	8.04928436168675e-12
1.63000000000000e+01	7.95446762571234e-12
1.63100000000000e+01	7.86097216842700e-12
1.63200000000000e+01	7.76897907646698e-12
1.63300000000000e+01	7.67811385003522e-12
1.63400000000000e+01	7.58835828084865e-12
1.63500000000000e+01	7.49969065237432e-12
1.63600000000000e+01	7.41183659488816e-12
1.63700000000000e+01	7.32470592105830e-12
1.63800000000000e+01	7.23827794116772e-12
1.63900000000000e+01	7.15228396275774e-12
1.64000000000000e+01	7.06679428511113e-12
1.64100000000000e+01	6.98162686196431e-12
1.64200000000000e+01	6.89686310433914e-12
1.64300000000000e+01	6.81238240397705e-12
1.64400000000000e+01	6.72826331784410e-12
1.64500000000000e+01	6.64439905655865e-12
1.64600000000000e+01	6.56097855797764e-12
1.64700000000000e+01	6.47813237599055e-12
1.64800000000000e+01	6.39576134163697e-12
1.64900000000000e+01	6.31421236856580e-12
1.65000000000000e+01	6.23357285808042e-12
1.65100000000000e+01	6.15377578985004e-12
1.65200000000000e+01	6.07509073585106e-12
1.65300000000000e+01	5.99760395198021e-12
1.65400000000000e+01	5.92134489080718e-12
1.65500000000000e+01	5.84638448079373e-12
1.65600000000000e+01	5.77283151766430e-12
1.65700000000000e+01	5.70055226257575e-12
1.65800000000000e+01	5.62968616211484e-12
1.65900000000000e+01	5.56022551127915e-12
1.66000000000000e+01	5.49220650085820e-12
1.66100000000000e+01	5.42544577487522e-12
1.66200000000000e+01	5.36007448146483e-12
1.66300000000000e+01	5.29593995120633e-12
1.66400000000000e+01	5.23311682816670e-12
1.66500000000000e+01	5.17148591369045e-12
1.66600000000000e+01	5.11104924949099e-12
1.66700000000000e+01	5.05176239746069e-12
1.66800000000000e+01	4.99363008239027e-12
1.66900000000000e+01	4.93646833710001e-12
1.67000000000000e+01	4.88034632787780e-12
1.67100000000000e+01	4.82516728136718e-12
1.67200000000000e+01	4.77095787944334e-12
1.67300000000000e+01	4.71756528826300e-12
1.67400000000000e+01	4.66495270762323e-12
1.67500000000000e+01	4.61310930215495e-12
1.67600000000000e+01	4.56195998888261e-12
1.67700000000000e+01	4.51142444137146e-12
1.67800000000000e+01	4.46147623023607e-12
1.67900000000000e+01	4.41213096223074e-12
1.68000000000000e+01	4.36322463606098e-12
1.68100000000000e+01	4.31475537355853e-12
1.68200000000000e+01	4.26682016424501e-12
1.68300000000000e+01	4.21926627172072e-12
1.68400000000000e+01	4.17211233454284e-12
1.68500000000000e+01	4.12542496855733e-12
1.68600000000000e+01	4.07911228064324e-12
1.68700000000000e+01	4.03322803689890e-12
1.68800000000000e+01	3.98778447225652e-12
1.68900000000000e+01	3.94275546424056e-12
1.69000000000000e+01	3.89826252268958e-12
1.69100000000000e+01	3.85415850727994e-12
1.69200000000000e+01	3.81050634596265e-12
1.69300000000000e+01	3.76732122206138e-12
1.69400000000000e+01	3.72464142390293e-12
1.69500000000000e+01	3.68236813649692e-12
1.69600000000000e+01	3.64059745693732e-12
1.69700000000000e+01	3.59926499557942e-12
1.69800000000000e+01	3.55845818096129e-12
1.69900000000000e+01	3.51814839612018e-12
1.70000000000000e+01	3.47834849917182e-12
1.70100000000000e+01	3.43914879277951e-12
1.70200000000000e+01	3.40054830676306e-12
1.70300000000000e+01	3.36254468264192e-12
1.70400000000000e+01	3.32516369316531e-12
1.70500000000000e+01	3.28844412735340e-12
1.70600000000000e+01	3.25239047652559e-12
1.70700000000000e+01	3.21701573312111e-12
1.70800000000000e+01	3.18224613131080e-12
1.70900000000000e+01	3.14813551288090e-12
1.71000000000000e+01	3.11464872851602e-12
1.71100000000000e+01	3.08178147608048e-12
1.71200000000000e+01	3.04940159683291e-12
1.71300000000000e+01	3.01755203223549e-12
1.71400000000000e+01	2.98621953861213e-12
1.71500000000000e+01	2.95535830469336e-12
1.71600000000000e+01	2.92489497256187e-12
1.71700000000000e+01	2.89489254508142e-12
1.71800000000000e+01	2.86521270393307e-12
1.71900000000000e+01	2.83598332995050e-12
1.72000000000000e+01	2.80709562360627e-12
1.72100000000000e+01	2.77857603913741e-12
1.72200000000000e+01	2.75043886576927e-12
1.72300000000000e+01	2.72257363555089e-12
1.72400000000000e+01	2.69513011736760e-12
1.72500000000000e+01	2.66795414600712e-12
1.72600000000000e+01	2.64112940069026e-12
1.72700000000000e+01	2.61461139166976e-12
1.72800000000000e+01	2.58840143139418e-12
1.72900000000000e+01	2.56249012814463e-12
1.73000000000000e+01	2.53686647396216e-12
1.73100000000000e+01	2.51153049990756e-12
1.73200000000000e+01	2.48649453410089e-12
1.73300000000000e+01	2.46167974317103e-12
1.73400000000000e+01	2.43713052635996e-12
1.73500000000000e+01	2.41284234830162e-12
1.73600000000000e+01	2.38879966134176e-12
1.73700000000000e+01	2.36497389599997e-12
1.73800000000000e+01	2.34138689176600e-12
1.73900000000000e+01	2.31803997516617e-12
1.74000000000000e+01	2.29494689345783e-12
1.74100000000000e+01	2.27204823976711e-12
1.74200000000000e+01	2.24936958226906e-12
1.74300000000000e+01	2.22691212582364e-12
1.74400000000000e+01	2.20471086011499e-12
1.74500000000000e+01	2.18269369510348e-12
1.74600000000000e+01	2.16091959354549e-12
1.74700000000000e+01	2.13936437872289e-12
1.74800000000000e+01	2.11802523036003e-12
1.74900000000000e+01	2.09684565239401e-12
1.75000000000000e+01	2.07590225488960e-12
1.75100000000000e+01	2.05517003024063e-12
1.75200000000000e+01	2.03459592869537e-12
1.75300000000000e+01	2.01418470952369e-12
1.75400000000000e+01	1.99393037301040e-12
1.75500000000000e+01	1.97387233688369e-12
1.75600000000000e+01	1.95394746612246e-12
1.75700000000000e+01	1.93418331540864e-12
1.75800000000000e+01	1.91454514992957e-12
1.75900000000000e+01	1.89507330357793e-12
1.76000000000000e+01	1.87572812146628e-12
1.76100000000000e+01	1.85658367377273e-12
1.76200000000000e+01	1.83757045705976e-12
1.76300000000000e+01	1.81876693771048e-12
1.76400000000000e+01	1.80012576101182e-12
1.76500000000000e+01	1.78167285261929e-12
1.76600000000000e+01	1.76345462032701e-12
1.76700000000000e+01	1.74543433783987e-12
1.76800000000000e+01	1.72762333524462e-12
1.76900000000000e+01	1.71005898145402e-12
1.77000000000000e+01	1.69268320618859e-12
1.77100000000000e+01	1.67553368363721e-12
1.77200000000000e+01	1.65859149269151e-12
1.77300000000000e+01	1.64184036726382e-12
1.77400000000000e+01	1.62532204737610e-12
1.77500000000000e+01	1.60896248398015e-12
1.77600000000000e+01	1.59281763321693e-12
1.77700000000000e+01	1.57683635773245e-12
1.77800000000000e+01	1.56102788323146e-12
1.77900000000000e+01	1.54539807967360e-12
1.78000000000000e+01	1.52989628106314e-12
1.78100000000000e+01	1.51455972206429e-12
1.78200000000000e+01	1.49938052029850e-12
1.78300000000000e+01	1.48430889929523e-12
1.78400000000000e+01	1.46938879390442e-12
1.78500000000000e+01	1.45461375662704e-12
1.78600000000000e+01	1.43998065704684e-12
1.78700000000000e+01	1.42545757964482e-12
1.78800000000000e+01	1.41105500020880e-12
1.78900000000000e+01	1.39679174984659e-12
1.79000000000000e+01	1.38266860032396e-12
1.79100000000000e+01	1.36866463423118e-12
1.79200000000000e+01	1.35476465606467e-12
1.79300000000000e+01	1.34099969854564e-12
1.79400000000000e+01	1.32731909962634e-12
1.79500000000000e+01	1.31375161723598e-12
1.79600000000000e+01	1.30027552144834e-12
1.79700000000000e+01	1.28690795058206e-12
1.79800000000000e+01	1.27360565391215e-12
1.79900000000000e+01	1.26042823666348e-12
1.80000000000000e+01	1.24733945647504e-12
1.80100000000000e+01	1.23440379931586e-12
1.80200000000000e+01	1.22156045815810e-12
1.80300000000000e+01	1.20888704169535e-12
1.80400000000000e+01	1.19638841221201e-12
1.80500000000000e+01	1.18407241679002e-12
1.80600000000000e+01	1.17194612896157e-12
1.80700000000000e+01	1.16006064877902e-12
1.80800000000000e+01	1.14839669170475e-12
1.80900000000000e+01	1.13695877806365e-12
1.81000000000000e+01	1.12574801086529e-12
1.81100000000000e+01	1.11476986813703e-12
1.81200000000000e+01	1.10401920395496e-12
1.81300000000000e+01	1.09347620128834e-12
1.81400000000000e+01	1.08309943488471e-12
1.81500000000000e+01	1.07291901285035e-12
1.81600000000000e+01	1.06287589666077e-12
1.81700000000000e+01	1.05299237540256e-12
1.81800000000000e+01	1.04321333614216e-12
1.81900000000000e+01	1.03356287175341e-12
1.82000000000000e+01	1.02400864811430e-12
1.82100000000000e+01	1.01452814701327e-12
1.82200000000000e+01	1.00514194645057e-12
1.82300000000000e+01	9.95829741351241e-13
1.82400000000000e+01	9.86575179450706e-13
1.82500000000000e+01	9.77376174146578e-13
1.82600000000000e+01	9.68235422011730e-13
1.82700000000000e+01	9.59154089614783e-13
1.82800000000000e+01	9.50114007562840e-13
1.82900000000000e+01	9.41118383936732e-13
1.83000000000000e+01	9.32198716889288e-13
1.83100000000000e+01	9.23311115991984e-13
1.83200000000000e+01	9.14498956936724e-13
1.83300000000000e+01	9.05748863326032e-13
1.83400000000000e+01	8.97065816146016e-13
1.83500000000000e+01	8.88467467381460e-13
1.83600000000000e+01	8.79948090641777e-13
1.83700000000000e+01	8.71523512808170e-13
1.83800000000000e+01	8.63202600763166e-13
1.83900000000000e+01	8.54992198758335e-13
1.84000000000000e+01	8.46899934772360e-13
1.84100000000000e+01	8.38935547154542e-13
1.84200000000000e+01	8.31104087120070e-13
1.84300000000000e+01	8.23409315779363e-13
1.84400000000000e+01	8.15859403751869e-13
1.84500000000000e+01	8.08451349754242e-13
1.84600000000000e+01	8.01184258139328e-13
1.84700000000000e+01	7.94063508290487e-13
1.84800000000000e+01	7.87074524207135e-13
1.84900000000000e+01	7.80212882958138e-13
1.85000000000000e+01	7.73472557038415e-13
1.85100000000000e+01	7.66838562384119e-13
1.85200000000000e+01	7.60308462693008e-13
1.85300000000000e+01	7.53866473535896e-13
1.85400000000000e+01	7.47508712148071e-13
1.85500000000000e+01	7.41216944777105e-13
1.85600000000000e+01	7.34985217749284e-13
1.85700000000000e+01	7.28809670926223e-13
1.85800000000000e+01	7.22681977682879e-13
1.85900000000000e+01	7.16594178666699e-13
1.86000000000000e+01	7.10540371526617e-13
1.86100000000000e+01	7.04525919282628e-13
1.86200000000000e+01	6.98541044355681e-13
1.86300000000000e+01	6.92588258069858e-13
1.86400000000000e+01	6.86668277296071e-13
1.86500000000000e+01	6.80782764497637e-13
1.86600000000000e+01	6.74934405101966e-13
1.86700000000000e+01	6.69119547827106e-13
1.86800000000000e+01	6.63348375394392e-13
1.86900000000000e+01	6.57614096047596e-13
1.87000000000000e+01	6.51925892967185e-13
1.87100000000000e+01	6.46283309834603e-13
1.87200000000000e+01	6.40685916367296e-13
1.87300000000000e+01	6.35132600846359e-13
1.87400000000000e+01	6.29625520195042e-13
1.87500000000000e+01	6.24169839244534e-13
1.87600000000000e+01	6.18755458991295e-13
1.87700000000000e+01	6.13386572214334e-13
1.87800000000000e+01	6.08057972253238e-13
1.87900000000000e+01	6.02774376834747e-13
1.88000000000000e+01	5.97529172583492e-13
1.88100000000000e+01	5.92323540772184e-13
1.88200000000000e+01	5.87154169191789e-13
1.88300000000000e+01	5.82020791881257e-13
1.88400000000000e+01	5.76916803441596e-13
1.88500000000000e+01	5.71849046147472e-13
1.88600000000000e+01	5.66807662832316e-13
1.88700000000000e+01	5.61792380134902e-13
1.88800000000000e+01	5.56804312018204e-13
1.88900000000000e+01	5.51837623342212e-13
1.89000000000000e+01	5.46893271482890e-13
1.89100000000000e+01	5.41973208273280e-13
1.89200000000000e+01	5.37069185095096e-13
1.89300000000000e+01	5.32189880794430e-13
1.89400000000000e+01	5.27333651882723e-13
1.89500000000000e+01	5.22498932223087e-13
1.89600000000000e+01	5.17691378091635e-13
1.89700000000000e+01	5.12912345563646e-13
1.89800000000000e+01	5.08163499923595e-13
1.89900000000000e+01	5.03456286941315e-13
1.90000000000000e+01	4.98785155661166e-13
1.90100000000000e+01	4.94157847706145e-13
1.90200000000000e+01	4.89573100013602e-13
1.90300000000000e+01	4.85036727397917e-13
1.90400000000000e+01	4.80543364244134e-13
1.90500000000000e+01	4.76092381629578e-13
1.90600000000000e+01	4.71680433236604e-13
1.90700000000000e+01	4.67299165368872e-13
1.90800000000000e+01	4.62951003525744e-13
1.90900000000000e+01	4.58622605202215e-13
1.91000000000000e+01	4.54311064323194e-13
1.91100000000000e+01	4.50021115273832e-13
1.91200000000000e+01	4.45746646337958e-13
1.91300000000000e+01	4.41496269803424e-13
1.91400000000000e+01	4.37276346768608e-13
1.91500000000000e+01	4.33093873879953e-13
1.91600000000000e+01	4.28965744473377e-13
1.91700000000000e+01	4.24903543310642e-13
1.91800000000000e+01	4.20919242829503e-13
1.91900000000000e+01	4.17027360296903e-13
1.92000000000000e+01	4.13232909653293e-13
1.92100000000000e+01	4.09542535442682e-13
1.92200000000000e+01	4.05958676296008e-13
1.92300000000000e+01	4.02482707649471e-13
1.92400000000000e+01	3.99106085761807e-13
1.92500000000000e+01	3.95818748301119e-13
1.92600000000000e+01	3.92618317832746e-13
1.92700000000000e+01	3.89487607953777e-13
1.92800000000000e+01	3.86419009020965e-13
1.92900000000000e+01	3.83401030157756e-13
1.93000000000000e+01	3.80422473462748e-13
1.93100000000000e+01	3.77477403361299e-13
1.93200000000000e+01	3.74559872655692e-13
1.93300000000000e+01	3.71663122679909e-13
1.93400000000000e+01	3.68787649833306e-13
1.93500000000000e+01	3.65927188443967e-13
1.93600000000000e+01	3.63078944957466e-13
1.93700000000000e+01	3.60246667111867e-13
1.93800000000000e+01	3.57426746033470e-13
1.93900000000000e+01	3.54618208113180e-13
1.94000000000000e+01	3.51824584604410e-13
1.94100000000000e+01	3.49043475389475e-13
1.94200000000000e+01	3.46275411452341e-13
1.94300000000000e+01	3.43518988117875e-13
1.94400000000000e+01	3.40775927167352e-13
1.94500000000000e+01	3.38046978383634e-13
1.94600000000000e+01	3.35331030206894e-13
1.94700000000000e+01	3.32627841659870e-13
1.94800000000000e+01	3.29937851501296e-13
1.94900000000000e+01	3.27259023050173e-13
1.95000000000000e+01	3.24594772795770e-13
1.95100000000000e+01	3.21943993655361e-13
1.95200000000000e+01	3.19307932845113e-13
1.95300000000000e+01	3.16682869462795e-13
1.95400000000000e+01	3.14071005919886e-13
1.95500000000000e+01	3.11473048440713e-13
1.95600000000000e+01	3.08888260346995e-13
1.95700000000000e+01	3.06316502928321e-13
1.95800000000000e+01	3.03761871501355e-13
1.95900000000000e+01	3.01219632413580e-13
1.96000000000000e+01	2.98694082952943e-13
1.96100000000000e+01	2.96184937656599e-13
1.96200000000000e+01	2.93696009660825e-13
1.96300000000000e+01	2.91225483784449e-13
1.96400000000000e+01	2.88772126117640e-13
1.96500000000000e+01	2.86340341347353e-13
1.96600000000000e+01	2.83929308614437e-13
1.96700000000000e+01	2.81539802618131e-13
1.96800000000000e+01	2.79170156244884e-13
1.96900000000000e+01	2.76821424698782e-13
1.97000000000000e+01	2.74490377879425e-13
1.97100000000000e+01	2.72181484493867e-13
1.97200000000000e+01	2.69890259518999e-13
1.97300000000000e+01	2.67615224534383e-13
1.97400000000000e+01	2.65356666361835e-13
1.97500000000000e+01	2.63110830523448e-13
1.97600000000000e+01	2.60875020690542e-13
1.97700000000000e+01	2.58647247600693e-13
1.97800000000000e+01	2.56419340827060e-13
1.97900000000000e+01	2.54184298756022e-13
1.98000000000000e+01	2.51933986189866e-13
1.98100000000000e+01	2.49652929403492e-13
1.98200000000000e+01	2.47323252422641e-13
1.98300000000000e+01	2.44919707729567e-13
1.98400000000000e+01	2.42415217307842e-13
1.98500000000000e+01	2.39774391162281e-13
1.98600000000000e+01	2.36955600430772e-13
1.98700000000000e+01	2.33910689403886e-13
1.98800000000000e+01	2.30584947791934e-13
1.98900000000000e+01	2.26918420682442e-13
1.99000000000000e+01	2.22842803400937e-13
1.99100000000000e+01	2.18282753653374e-13
1.99200000000000e+01	2.13153408492662e-13
1.99300000000000e+01	2.07347849665614e-13
1.99400000000000e+01	2.00747204644728e-13
1.99500000000000e+01	1.93197891495155e-13
1.99600000000000e+01	1.84507621871861e-13
1.99700000000000e+01	1.74426026669543e-13
1.99800000000000e+01	1.62615050390661e-13
1.99900000000000e+01	1.48628077178296e-13
2.00000000000000e+01	1.31855219704289e-13
