1.00000000000000e-02	7.08745865638148e+15
2.00000000000000e-02	4.43001546424259e+14
3.00000000000000e-02	8.75189296053677e+13
4.00000000000000e-02	2.76968224766536e+13
5.00000000000000e-02	1.13473350527586e+13
6.00000000000000e-02	5.47393859079041e+12
7.00000000000000e-02	2.95573269350610e+12
8.00000000000000e-02	1.73331195489522e+12
9.00000000000000e-02	1.08259401361560e+12
1.00000000000000e-01	7.10661609802960e+11
1.10000000000000e-01	4.85668003876248e+11
1.20000000000000e-01	3.43130552257903e+11
1.30000000000000e-01	2.49289983242073e+11
1.40000000000000e-01	1.85476225889793e+11
1.50000000000000e-01	1.40858062140377e+11
1.60000000000000e-01	1.08901285340091e+11
1.70000000000000e-01	8.55286858891470e+10
1.80000000000000e-01	6.81139814036949e+10
1.90000000000000e-01	5.49224510617636e+10
2.00000000000000e-01	4.47830840471129e+10
2.10000000000000e-01	3.68845488650025e+10
2.20000000000000e-01	3.06587875229898e+10
2.30000000000000e-01	2.56963146207932e+10
2.40000000000000e-01	2.17024177396531e+10
2.50000000000000e-01	1.84580164868421e+10
2.60000000000000e-01	1.58005375208607e+10
2.70000000000000e-01	1.36065440376163e+10
2.80000000000000e-01	1.17826226653801e+10
2.90000000000000e-01	1.02560566945352e+10
3.00000000000000e-01	8.97028975209528e+09
3.10000000000000e-01	7.88119427628792e+09
3.20000000000000e-01	6.95361810807872e+09
3.30000000000000e-01	6.15970318513862e+09
3.40000000000000e-01	5.47681396759802e+09
3.50000000000000e-01	4.88688599453681e+09
3.60000000000000e-01	4.37494096851708e+09
3.70000000000000e-01	3.92904299922830e+09
3.80000000000000e-01	3.53918941183318e+09
3.90000000000000e-01	3.19699277016895e+09
4.00000000000000e-01	2.89574447133092e+09
4.10000000000000e-01	2.62958254777088e+09
4.20000000000000e-01	2.39372345885932e+09
4.30000000000000e-01	2.18413742107024e+09
4.40000000000000e-01	1.99738025347345e+09
4.50000000000000e-01	1.83046896527674e+09
4.60000000000000e-01	1.68094994102932e+09
4.70000000000000e-01	1.54667332302572e+09
4.80000000000000e-01	1.42582230671979e+09
4.90000000000000e-01	1.31676296144784e+09
5.00000000000000e-01	1.21817752004684e+09
5.10000000000000e-01	1.12884819817827e+09
5.20000000000000e-01	1.04779711989271e+09
5.30000000000000e-01	9.74044844921606e+08
5.40000000000000e-01	9.06856809617193e+08
5.50000000000000e-01	8.45537787264321e+08
5.60000000000000e-01	7.89449492375139e+08
5.70000000000000e-01	7.38089572705643e+08
5.80000000000000e-01	6.90997182380474e+08
5.90000000000000e-01	6.47709756858129e+08
6.00000000000000e-01	6.07893488595548e+08
6.10000000000000e-01	5.71205596791169e+08
6.20000000000000e-01	5.37354450375384e+08
6.30000000000000e-01	5.06080269950502e+08
6.40000000000000e-01	4.77163344788248e+08
6.50000000000000e-01	4.50368004666601e+08
6.60000000000000e-01	4.25520994130841e+08
6.70000000000000e-01	4.02445471807752e+08
6.80000000000000e-01	3.81003212275513e+08
6.90000000000000e-01	3.61053074855180e+08
7.00000000000000e-01	3.42471254658315e+08
7.10000000000000e-01	3.25140142471971e+08
7.20000000000000e-01	3.08961248934977e+08
7.30000000000000e-01	2.93850816691997e+08
7.40000000000000e-01	2.79712376310575e+08
7.50000000000000e-01	2.66485555311074e+08
7.60000000000000e-01	2.54087794312035e+08
7.70000000000000e-01	2.42464931378136e+08
7.80000000000000e-01	2.31557471237130e+08
7.90000000000000e-01	2.21310183824996e+08
8.00000000000000e-01	2.11679107691358e+08
8.10000000000000e-01	2.02618333830411e+08
8.20000000000000e-01	1.94090597969608e+08
8.30000000000000e-01	1.86052647582090e+08
8.40000000000000e-01	1.78482733382751e+08
8.50000000000000e-01	1.71336190528334e+08
8.60000000000000e-01	1.64589982542883e+08
8.70000000000000e-01	1.58219317142773e+08
8.80000000000000e-01	1.52195136790335e+08
8.90000000000000e-01	1.46501913745983e+08
9.00000000000000e-01	1.41113369497685e+08
9.10000000000000e-01	1.36012098395517e+08
9.20000000000000e-01	1.31180726720951e+08
9.30000000000000e-01	1.26604110639385e+08
9.40000000000000e-01	1.22264830269700e+08
9.50000000000000e-01	1.18147896410429e+08
9.60000000000000e-01	1.14241391820693e+08
9.70000000000000e-01	1.10536313048751e+08
9.80000000000000e-01	1.07017984590599e+08
9.90000000000000e-01	1.03675876162626e+08
1.00000000000000e+00	1.00504764866150e+08
1.01000000000000e+00	9.74904318312273e+07
1.02000000000000e+00	9.46251530763858e+07
1.03000000000000e+00	9.19055524448510e+07
1.04000000000000e+00	8.93204431572470e+07
1.05000000000000e+00	8.68639791899446e+07
1.06000000000000e+00	8.45280053138860e+07
1.07000000000000e+00	8.23092051382295e+07
1.08000000000000e+00	8.01973606499882e+07
1.09000000000000e+00	7.81866223746112e+07
1.10000000000000e+00	7.62723073056256e+07
1.11000000000000e+00	7.44452509082756e+07
1.12000000000000e+00	7.26994179139588e+07
1.13000000000000e+00	7.10289723972468e+07
1.14000000000000e+00	6.94270293588798e+07
1.15000000000000e+00	6.78869368560345e+07
1.16000000000000e+00	6.64029954150807e+07
1.17000000000000e+00	6.49712535569391e+07
1.18000000000000e+00	6.35874634353234e+07
1.19000000000000e+00	6.22483937679180e+07
1.20000000000000e+00	6.09540447794135e+07
1.21000000000000e+00	5.97018508636353e+07
1.22000000000000e+00	5.84940632880566e+07
1.23000000000000e+00	5.73354303558034e+07
1.24000000000000e+00	5.62267314882663e+07
1.25000000000000e+00	5.51770918359345e+07
1.26000000000000e+00	5.41911474498246e+07
1.27000000000000e+00	5.32817043745691e+07
1.28000000000000e+00	5.24559994195703e+07
1.29000000000000e+00	5.17294674211148e+07
1.30000000000000e+00	5.11139435414600e+07
1.31000000000000e+00	5.06251381877524e+07
1.32000000000000e+00	5.02766826940950e+07
1.33000000000000e+00	5.00830386775961e+07
1.34000000000000e+00	5.00556947914837e+07
1.35000000000000e+00	5.02061940736810e+07
1.36000000000000e+00	5.05404892438534e+07
1.37000000000000e+00	5.10626384971814e+07
1.38000000000000e+00	5.17716878290465e+07
1.39000000000000e+00	5.26627350404604e+07
1.40000000000000e+00	5.37285813528734e+07
1.41000000000000e+00	5.49569081584956e+07
1.42000000000000e+00	5.63342413224073e+07
1.43000000000000e+00	5.78458156383401e+07
1.44000000000000e+00	5.94768846658349e+07
1.45000000000000e+00	6.12104936003265e+07
1.46000000000000e+00	6.30324993002770e+07
1.47000000000000e+00	6.49241982033271e+07
1.48000000000000e+00	6.68705966102377e+07
1.49000000000000e+00	6.88502661767188e+07
1.50000000000000e+00	7.08397070666558e+07
1.51000000000000e+00	7.28087273002202e+07
1.52000000000000e+00	7.47195450285140e+07
1.53000000000000e+00	7.65288369751567e+07
1.54000000000000e+00	7.81804119552191e+07
1.55000000000000e+00	7.96123731179174e+07
1.56000000000000e+00	8.07608057674431e+07
1.57000000000000e+00	8.15552085093424e+07
1.58000000000000e+00	8.19272507755312e+07
1.59000000000000e+00	8.18147522594861e+07
1.60000000000000e+00	8.11637840269724e+07
1.61000000000000e+00	7.99375465165327e+07
1.62000000000000e+00	7.81138258164420e+07
1.63000000000000e+00	7.56941384346241e+07
1.64000000000000e+00	7.27046914161534e+07
1.65000000000000e+00	6.92041477365092e+07
1.66000000000000e+00	6.52754001775994e+07
1.67000000000000e+00	6.10337844037240e+07
1.68000000000000e+00	5.66064099924552e+07
1.69000000000000e+00	5.21280536624354e+07
1.70000000000000e+00	4.77234214420086e+07
1.71000000000000e+00	4.35038859111267e+07
1.72000000000000e+00	3.95596447788051e+07
1.73000000000000e+00	3.59642194307670e+07
1.74000000000000e+00	3.27718500377523e+07
1.75000000000000e+00	3.00109863064080e+07
1.76000000000000e+00	2.76846455306481e+07
1.77000000000000e+00	2.57681197261246e+07
1.78000000000000e+00	2.42142966677641e+07
1.79000000000000e+00	2.29572875336159e+07
1.80000000000000e+00	2.19191380127731e+07
1.81000000000000e+00	2.10203140186686e+07
1.82000000000000e+00	2.01905532460067e+07
1.83000000000000e+00	1.93794284939905e+07
1.84000000000000e+00	1.85617203429661e+07
1.85000000000000e+00	1.77379470443743e+07
1.86000000000000e+00	1.69225979155824e+07
1.87000000000000e+00	1.61393201482105e+07
1.88000000000000e+00	1.54113029992312e+07
1.89000000000000e+00	1.47594839095107e+07
1.90000000000000e+00	1.42011605411821e+07
1.91000000000000e+00	1.37478193469496e+07
1.92000000000000e+00	1.34069263705900e+07
1.93000000000000e+00	1.31796018475174e+07
1.94000000000000e+00	1.30619454910808e+07
1.95000000000000e+00	1.30452068549008e+07
1.96000000000000e+00	1.31163349131880e+07
1.97000000000000e+00	1.32595046826468e+07
1.98000000000000e+00	1.34573771639017e+07
1.99000000000000e+00	1.36923641153467e+07
2.00000000000000e+00	1.39473315127277e+07
2.01000000000000e+00	1.42067711591600e+07
2.02000000000000e+00	1.44570666609687e+07
2.03000000000000e+00	1.46865818844366e+07
2.04000000000000e+00	1.48849274525853e+07
2.05000000000000e+00	1.50430977838387e+07
2.06000000000000e+00	1.51519360422603e+07
2.07000000000000e+00	1.52009901398656e+07
2.08000000000000e+00	1.51782671659744e+07
2.09000000000000e+00	1.50686897008180e+07
2.10000000000000e+00	1.48556554623103e+07
2.11000000000000e+00	1.45235882014728e+07
2.12000000000000e+00	1.40612379178357e+07
2.13000000000000e+00	1.34671528057463e+07
2.14000000000000e+00	1.27528629255150e+07
2.15000000000000e+00	1.19418084002513e+07
2.16000000000000e+00	1.10662713903831e+07
2.17000000000000e+00	1.01592505363217e+07
2.18000000000000e+00	9.25004778630738e+06
2.19000000000000e+00	8.35952540517362e+06
2.20000000000000e+00	7.50123613242834e+06
2.21000000000000e+00	6.68295338148860e+06
2.22000000000000e+00	5.90976373987397e+06
2.23000000000000e+00	5.18735298914044e+06
2.24000000000000e+00	4.52224724324279e+06
2.25000000000000e+00	3.92206971635945e+06
2.26000000000000e+00	3.39303157211539e+06
2.27000000000000e+00	2.93812276149916e+06
2.28000000000000e+00	2.55631048195171e+06
2.29000000000000e+00	2.24283289013268e+06
2.30000000000000e+00	1.99032438683501e+06
2.31000000000000e+00	1.79028711974220e+06
2.32000000000000e+00	1.63419177390005e+06
2.33000000000000e+00	1.51422159099284e+06
2.34000000000000e+00	1.42361390822389e+06
2.35000000000000e+00	1.35687691788676e+06
2.36000000000000e+00	1.30948961505292e+06
2.37000000000000e+00	1.27777955534593e+06
2.38000000000000e+00	1.25863158676930e+06
2.39000000000000e+00	1.24917253756762e+06
2.40000000000000e+00	1.24677993027784e+06
2.41000000000000e+00	1.24921416255480e+06
2.42000000000000e+00	1.25487376724328e+06
2.43000000000000e+00	1.26304756420209e+06
2.44000000000000e+00	1.27393976431091e+06
2.45000000000000e+00	1.28873209081551e+06
2.46000000000000e+00	1.30913099604923e+06
2.47000000000000e+00	1.33731846614138e+06
2.48000000000000e+00	1.37543007092359e+06
2.49000000000000e+00	1.42545194285382e+06
2.50000000000000e+00	1.48880275574993e+06
2.51000000000000e+00	1.56612728455854e+06
2.52000000000000e+00	1.65704604813584e+06
2.53000000000000e+00	1.75999396762101e+06
2.54000000000000e+00	1.87216761942949e+06
2.55000000000000e+00	1.98975482422832e+06
2.56000000000000e+00	2.10804796942001e+06
2.57000000000000e+00	2.22184093058301e+06
2.58000000000000e+00	2.32566617344040e+06
2.59000000000000e+00	2.41409013939773e+06
2.60000000000000e+00	2.48163771989676e+06
2.61000000000000e+00	2.52325320548383e+06
2.62000000000000e+00	2.53435294241386e+06
2.63000000000000e+00	2.51183029198380e+06
2.64000000000000e+00	2.45544701679073e+06
2.65000000000000e+00	2.36905001589617e+06
2.66000000000000e+00	2.26078585383546e+06
2.67000000000000e+00	2.14129513521903e+06
2.68000000000000e+00	2.02117830362990e+06
2.69000000000000e+00	1.90847786811017e+06
2.70000000000000e+00	1.80768362381148e+06
2.71000000000000e+00	1.71991788340392e+06
2.72000000000000e+00	1.64373761237731e+06
2.73000000000000e+00	1.57638799640949e+06
2.74000000000000e+00	1.51453196625861e+06
2.75000000000000e+00	1.45510431113436e+06
2.76000000000000e+00	1.39561332155124e+06
2.77000000000000e+00	1.33441700152803e+06
2.78000000000000e+00	1.27051711004601e+06
2.79000000000000e+00	1.20349543293217e+06
2.80000000000000e+00	1.13327615949064e+06
2.81000000000000e+00	1.06004691971495e+06
2.82000000000000e+00	9.84203913707791e+05
2.83000000000000e+00	9.06353081339175e+05
2.84000000000000e+00	8.27307124688377e+05
2.85000000000000e+00	7.48082512936516e+05
2.86000000000000e+00	6.69839980636687e+05
2.87000000000000e+00	5.93890288970888e+05
2.88000000000000e+00	5.21548347158407e+05
2.89000000000000e+00	4.54073948119768e+05
2.90000000000000e+00	3.92561534847033e+05
2.91000000000000e+00	3.37882643884803e+05
2.92000000000000e+00	2.90644125099126e+05
2.93000000000000e+00	2.51185993685472e+05
2.94000000000000e+00	2.19578435357427e+05
2.95000000000000e+00	1.95647736730203e+05
2.96000000000000e+00	1.79005805763379e+05
2.97000000000000e+00	1.69057305522905e+05
2.98000000000000e+00	1.65078203597145e+05
2.99000000000000e+00	1.66262924476178e+05
3.00000000000000e+00	1.71791290563640e+05
3.01000000000000e+00	1.80866040403063e+05
3.02000000000000e+00	1.92746261881251e+05
3.03000000000000e+00	2.06762191597179e+05
3.04000000000000e+00	2.22309780187977e+05
3.05000000000000e+00	2.38839344386080e+05
3.06000000000000e+00	2.55855193600575e+05
3.07000000000000e+00	2.72911907490070e+05
3.08000000000000e+00	2.89590169273225e+05
3.09000000000000e+00	3.05490254684844e+05
3.10000000000000e+00	3.20216561317190e+05
3.11000000000000e+00	3.33349383994187e+05
3.12000000000000e+00	3.44431374146859e+05
3.13000000000000e+00	3.52947940157251e+05
3.14000000000000e+00	3.58337793961313e+05
3.15000000000000e+00	3.59996786861060e+05
3.16000000000000e+00	3.57383967797834e+05
3.17000000000000e+00	3.50069801318521e+05
3.18000000000000e+00	3.37855308702272e+05
3.19000000000000e+00	3.20848800488574e+05
3.20000000000000e+00	2.99471683194792e+05
3.21000000000000e+00	2.74406980168976e+05
3.22000000000000e+00	2.46537375667576e+05
3.23000000000000e+00	2.16844729319380e+05
3.24000000000000e+00	1.86352121185099e+05
3.25000000000000e+00	1.56095082532998e+05
3.26000000000000e+00	1.27070466083326e+05
3.27000000000000e+00	1.00193831585918e+05
3.28000000000000e+00	7.62246769368691e+04
3.29000000000000e+00	5.57073919120322e+04
3.30000000000000e+00	3.89254993867534e+04
3.31000000000000e+00	2.58931724003683e+04
3.32000000000000e+00	1.63854189177905e+04
3.33000000000000e+00	9.99459908849595e+03
3.34000000000000e+00	6.20545699310367e+03
3.35000000000000e+00	4.46649146085301e+03
3.36000000000000e+00	4.24738380475689e+03
3.37000000000000e+00	5.07631205143021e+03
3.38000000000000e+00	6.55797882706414e+03
3.39000000000000e+00	8.37809136534245e+03
3.40000000000000e+00	1.02993577797400e+04
3.41000000000000e+00	1.21533112854978e+04
3.42000000000000e+00	1.38301685012761e+04
3.43000000000000e+00	1.52683153204551e+04
3.44000000000000e+00	1.64436390580500e+04
3.45000000000000e+00	1.73598537427932e+04
3.46000000000000e+00	1.80408198673210e+04
3.47000000000000e+00	1.85234623454755e+04
3.48000000000000e+00	1.88540188116356e+04
3.49000000000000e+00	1.90838032988505e+04
3.50000000000000e+00	1.92664290267275e+04
3.51000000000000e+00	1.94560332933867e+04
3.52000000000000e+00	1.97060434795313e+04
3.53000000000000e+00	2.00671365883334e+04
3.54000000000000e+00	2.05869897731486e+04
3.55000000000000e+00	2.13089290900253e+04
3.56000000000000e+00	2.22708849643054e+04
3.57000000000000e+00	2.35061057535790e+04
3.58000000000000e+00	2.50403328698751e+04
3.59000000000000e+00	2.68925264935228e+04
3.60000000000000e+00	2.90725152955442e+04
3.61000000000000e+00	3.15784506550365e+04
3.62000000000000e+00	3.43954106305345e+04
3.63000000000000e+00	3.74889992112508e+04
3.64000000000000e+00	4.08062611523670e+04
3.65000000000000e+00	4.42712710628390e+04
3.66000000000000e+00	4.77894492943108e+04
3.67000000000000e+00	5.12443906783117e+04
3.68000000000000e+00	5.45052375423237e+04
3.69000000000000e+00	5.74254978746012e+04
3.70000000000000e+00	5.98455883796168e+04
3.71000000000000e+00	6.15906984819062e+04
3.72000000000000e+00	6.24813014260465e+04
3.73000000000000e+00	6.23395284095609e+04
3.74000000000000e+00	6.10210963440340e+04
3.75000000000000e+00	5.84391188405055e+04
3.76000000000000e+00	5.46014779118974e+04
3.77000000000000e+00	4.96308589522327e+04
3.78000000000000e+00	4.37751395466585e+04
3.79000000000000e+00	3.73817429088585e+04
3.80000000000000e+00	3.08613203250754e+04
3.81000000000000e+00	2.46327097357920e+04
3.82000000000000e+00	1.90615673011012e+04
3.83000000000000e+00	1.44157586470219e+04
3.84000000000000e+00	1.08372553304499e+04
3.85000000000000e+00	8.34165467103792e+03
3.86000000000000e+00	6.83912987427064e+03
3.87000000000000e+00	6.16955806372693e+03
3.88000000000000e+00	6.14184497457659e+03
3.89000000000000e+00	6.56689338661548e+03
3.90000000000000e+00	7.27992549190918e+03
3.91000000000000e+00	8.15063508414768e+03
3.92000000000000e+00	9.08380922696543e+03
3.93000000000000e+00	1.00139351257931e+04
3.94000000000000e+00	1.08976461692317e+04
3.95000000000000e+00	1.17063447474422e+04
3.96000000000000e+00	1.24212655322671e+04
3.97000000000000e+00	1.30301275288020e+04
3.98000000000000e+00	1.35257793107821e+04
3.99000000000000e+00	1.39056317615523e+04
4.00000000000000e+00	1.41707645518059e+04
4.01000000000000e+00	1.43249018827314e+04
4.02000000000000e+00	1.43714518824222e+04
4.03000000000000e+00	1.43108365649979e+04
4.04000000000000e+00	1.41386672839306e+04
4.05000000000000e+00	1.38453196774783e+04
4.06000000000000e+00	1.34182834109129e+04
4.07000000000000e+00	1.28480035377193e+04
4.08000000000000e+00	1.21353156974443e+04
4.09000000000000e+00	1.13004427668049e+04
4.10000000000000e+00	1.03855371120690e+04
4.11000000000000e+00	9.45433752719455e+03
4.12000000000000e+00	8.58279467514645e+03
4.13000000000000e+00	7.84422289896389e+03
4.14000000000000e+00	7.29272767468425e+03
4.15000000000000e+00	6.95041071960736e+03
4.16000000000000e+00	6.80216840744427e+03
4.17000000000000e+00	6.79982950940180e+03
4.18000000000000e+00	6.87505627522527e+03
4.19000000000000e+00	6.95539612742923e+03
4.20000000000000e+00	6.97963680034835e+03
4.21000000000000e+00	6.90844860028990e+03
4.22000000000000e+00	6.72883175799359e+03
4.23000000000000e+00	6.45307802566028e+03
4.24000000000000e+00	6.11447456509359e+03
4.25000000000000e+00	5.76149751452962e+03
4.26000000000000e+00	5.45197347855032e+03
4.27000000000000e+00	5.24844794905502e+03
4.28000000000000e+00	5.21432486457813e+03
4.29000000000000e+00	5.41136442477962e+03
4.30000000000000e+00	5.89779332018260e+03
4.31000000000000e+00	6.72720039898853e+03
4.32000000000000e+00	7.94710447939685e+03
4.33000000000000e+00	9.59671109269347e+03
4.34000000000000e+00	1.17028129569703e+04
4.35000000000000e+00	1.42732857288093e+04
4.36000000000000e+00	1.72880843940888e+04
4.37000000000000e+00	2.06901452755592e+04
4.38000000000000e+00	2.43776835487942e+04
4.39000000000000e+00	2.82012494996496e+04
4.40000000000000e+00	3.19707285316195e+04
4.41000000000000e+00	3.54689059904293e+04
4.42000000000000e+00	3.84771051184434e+04
4.43000000000000e+00	4.08038712251115e+04
4.44000000000000e+00	4.23118554582719e+04
4.45000000000000e+00	4.29388415965031e+04
4.46000000000000e+00	4.27027708047699e+04
4.47000000000000e+00	4.16933369852850e+04
4.48000000000000e+00	4.00533641898048e+04
4.49000000000000e+00	3.79524733257663e+04
4.50000000000000e+00	3.55649677020118e+04
4.51000000000000e+00	3.30519359048956e+04
4.52000000000000e+00	3.05504055719636e+04
4.53000000000000e+00	2.81716803175659e+04
4.54000000000000e+00	2.59996559571204e+04
4.55000000000000e+00	2.40932275669156e+04
4.56000000000000e+00	2.24895274257186e+04
4.57000000000000e+00	2.12078753046112e+04
4.58000000000000e+00	2.02530121193332e+04
4.59000000000000e+00	1.96205640156235e+04
4.60000000000000e+00	1.93005436233347e+04
4.61000000000000e+00	1.92830097755961e+04
4.62000000000000e+00	1.95614562907442e+04
4.63000000000000e+00	2.01352310415604e+04
4.64000000000000e+00	2.10111873975050e+04
4.65000000000000e+00	2.22033963569375e+04
4.66000000000000e+00	2.37329200082516e+04
4.67000000000000e+00	2.56225587752628e+04
4.68000000000000e+00	2.78938461578464e+04
4.69000000000000e+00	3.05602351144907e+04
4.70000000000000e+00	3.36199286285961e+04
4.71000000000000e+00	3.70474373795716e+04
4.72000000000000e+00	4.07855553386879e+04
4.73000000000000e+00	4.47370324925115e+04
4.74000000000000e+00	4.87583952528422e+04
4.75000000000000e+00	5.26539090228999e+04
4.76000000000000e+00	5.61806260772771e+04
4.77000000000000e+00	5.90587547829883e+04
4.78000000000000e+00	6.09952728394037e+04
4.79000000000000e+00	6.17211276978833e+04
4.80000000000000e+00	6.10364645539681e+04
4.81000000000000e+00	5.88500491618153e+04
4.82000000000000e+00	5.52119799785618e+04
4.83000000000000e+00	5.03178422785725e+04
4.84000000000000e+00	4.44873915001408e+04
4.85000000000000e+00	3.81171955549933e+04
4.86000000000000e+00	3.16244394165290e+04
4.87000000000000e+00	2.53851666999476e+04
4.88000000000000e+00	1.96943455552959e+04
4.89000000000000e+00	1.47449344232774e+04
4.90000000000000e+00	1.06293617575335e+04
4.91000000000000e+00	7.35487584118518e+03
4.92000000000000e+00	4.86829181290875e+03
4.93000000000000e+00	3.07954935143695e+03
4.94000000000000e+00	1.88152203819553e+03
4.95000000000000e+00	1.16393711692256e+03
4.96000000000000e+00	8.21303766712586e+02
4.97000000000000e+00	7.56794442659845e+02
4.98000000000000e+00	8.83570542297759e+02
4.99000000000000e+00	1.12548051360810e+03
5.00000000000000e+00	1.41829255538411e+03
5.01000000000000e+00	1.71197026814337e+03
5.02000000000000e+00	1.97406278290308e+03
5.03000000000000e+00	2.19311283908059e+03
5.04000000000000e+00	2.38093643723543e+03
5.05000000000000e+00	2.57192074088657e+03
5.06000000000000e+00	2.81856761692045e+03
5.07000000000000e+00	3.18302831137340e+03
5.08000000000000e+00	3.72600391371546e+03
5.09000000000000e+00	4.49488011689520e+03
5.10000000000000e+00	5.51404820006288e+03
5.11000000000000e+00	6.77948940322759e+03
5.12000000000000e+00	8.25809043971783e+03
5.13000000000000e+00	9.89199563120798e+03
5.14000000000000e+00	1.16052456704138e+04
5.15000000000000e+00	1.33111453908710e+04
5.16000000000000e+00	1.49180685604951e+04
5.17000000000000e+00	1.63348764734935e+04
5.18000000000000e+00	1.74754496929784e+04
5.19000000000000e+00	1.82648162013877e+04
5.20000000000000e+00	1.86470078591349e+04
5.21000000000000e+00	1.85922076056877e+04
5.22000000000000e+00	1.81034462614106e+04
5.23000000000000e+00	1.72185488299505e+04
5.24000000000000e+00	1.60060295493976e+04
5.25000000000000e+00	1.45560168915204e+04
5.26000000000000e+00	1.29688566057081e+04
5.27000000000000e+00	1.13415449160663e+04
5.28000000000000e+00	9.75841954839759e+03
5.29000000000000e+00	8.28360069234787e+03
5.30000000000000e+00	6.96015917154617e+03
5.31000000000000e+00	5.81069806422954e+03
5.32000000000000e+00	4.84205666053255e+03
5.33000000000000e+00	4.05009907667357e+03
5.34000000000000e+00	3.42452813757436e+03
5.35000000000000e+00	2.95294640914899e+03
5.36000000000000e+00	2.62326613044176e+03
5.37000000000000e+00	2.42496458504045e+03
5.38000000000000e+00	2.34929876614769e+03
5.39000000000000e+00	2.38879359993514e+03
5.40000000000000e+00	2.53634417187013e+03
5.41000000000000e+00	2.78409659414069e+03
5.42000000000000e+00	3.12243047456070e+03
5.43000000000000e+00	3.53887434573734e+03
5.44000000000000e+00	4.01716352830806e+03
5.45000000000000e+00	4.53640004968930e+03
5.46000000000000e+00	5.07095897098219e+03
5.47000000000000e+00	5.59044474028306e+03
5.48000000000000e+00	6.06116249825964e+03
5.49000000000000e+00	6.44856074755589e+03
5.50000000000000e+00	6.72034495191022e+03
5.51000000000000e+00	6.85107953051739e+03
5.52000000000000e+00	6.82562819451247e+03
5.53000000000000e+00	6.64186681196248e+03
5.54000000000000e+00	6.31122384523087e+03
5.55000000000000e+00	5.85671976604751e+03
5.56000000000000e+00	5.30977881158120e+03
5.57000000000000e+00	4.70553209029868e+03
5.58000000000000e+00	4.07849856198614e+03
5.59000000000000e+00	3.45930138500643e+03
5.60000000000000e+00	2.87215064133437e+03
5.61000000000000e+00	2.33444739215854e+03
5.62000000000000e+00	1.85656758138866e+03
5.63000000000000e+00	1.44325530457641e+03
5.64000000000000e+00	1.09470291880636e+03
5.65000000000000e+00	8.08010233426606e+02
5.66000000000000e+00	5.78261590676375e+02
5.67000000000000e+00	3.99512665942549e+02
5.68000000000000e+00	2.65331184707701e+02
5.69000000000000e+00	1.69224656188420e+02
5.70000000000000e+00	1.04869311652007e+02
5.71000000000000e+00	6.62235820735080e+01
5.72000000000000e+00	4.76108858109088e+01
5.73000000000000e+00	4.37962232389013e+01
5.74000000000000e+00	5.00712405820131e+01
5.75000000000000e+00	6.23624776340822e+01
5.76000000000000e+00	7.73385042210748e+01
5.77000000000000e+00	9.25094978525894e+01
5.78000000000000e+00	1.06279184377424e+02
5.79000000000000e+00	1.17936840287414e+02
5.80000000000000e+00	1.27572373701689e+02
5.81000000000000e+00	1.35899540327339e+02
5.82000000000000e+00	1.44025358039367e+02
5.83000000000000e+00	1.53200311870161e+02
5.84000000000000e+00	1.64537645711594e+02
5.85000000000000e+00	1.78810594287222e+02
5.86000000000000e+00	1.96325219311566e+02
5.87000000000000e+00	2.16860563791907e+02
5.88000000000000e+00	2.39723445273738e+02
5.89000000000000e+00	2.63868420522252e+02
5.90000000000000e+00	2.88133081932353e+02
5.91000000000000e+00	3.11458082340923e+02
5.92000000000000e+00	3.33141770073340e+02
5.93000000000000e+00	3.53049512342594e+02
5.94000000000000e+00	3.71766120770752e+02
5.95000000000000e+00	3.90626410218131e+02
5.96000000000000e+00	4.11647694367825e+02
5.97000000000000e+00	4.37322691666626e+02
5.98000000000000e+00	4.70300207010269e+02
5.99000000000000e+00	5.12974832359578e+02
6.00000000000000e+00	5.67094020879572e+02
6.01000000000000e+00	6.33429200433511e+02
6.02000000000000e+00	7.11572661083246e+02
6.03000000000000e+00	7.99948030841120e+02
6.04000000000000e+00	8.95897750011177e+02
6.05000000000000e+00	9.96043152572530e+02
6.06000000000000e+00	1.09652909890289e+03
6.07000000000000e+00	1.19347476099419e+03
6.08000000000000e+00	1.28319189217628e+03
6.09000000000000e+00	1.36251293492911e+03
6.10000000000000e+00	1.42899884593456e+03
6.11000000000000e+00	1.48095411828024e+03
6.12000000000000e+00	1.51769352254146e+03
6.13000000000000e+00	1.53935315311748e+03
6.14000000000000e+00	1.54686948054793e+03
6.15000000000000e+00	1.54187400744788e+03
6.16000000000000e+00	1.52637963556535e+03
6.17000000000000e+00	1.50255405998813e+03
6.18000000000000e+00	1.47267819913974e+03
6.19000000000000e+00	1.43868807083989e+03
6.20000000000000e+00	1.40235877813862e+03
6.21000000000000e+00	1.36493317527288e+03
6.22000000000000e+00	1.32729095860342e+03
6.23000000000000e+00	1.28985056407421e+03
6.24000000000000e+00	1.25262322844667e+03
6.25000000000000e+00	1.21524804309117e+03
6.26000000000000e+00	1.17711270188985e+03
6.27000000000000e+00	1.13737001107758e+03
6.28000000000000e+00	1.09499717982390e+03
6.29000000000000e+00	1.04897313934334e+03
6.30000000000000e+00	9.98344096701257e+02
6.31000000000000e+00	9.42388796509383e+02
6.32000000000000e+00	8.80792114759442e+02
6.33000000000000e+00	8.13838143326619e+02
6.34000000000000e+00	7.42446838384422e+02
6.35000000000000e+00	6.68290965877088e+02
6.36000000000000e+00	5.93613571882356e+02
6.37000000000000e+00	5.21041701215700e+02
6.38000000000000e+00	4.53310146783830e+02
6.39000000000000e+00	3.92930225847457e+02
6.40000000000000e+00	3.41907072786110e+02
6.41000000000000e+00	3.01563539647659e+02
6.42000000000000e+00	2.72446645698225e+02
6.43000000000000e+00	2.54378010958113e+02
6.44000000000000e+00	2.46562701960695e+02
6.45000000000000e+00	2.47774436090054e+02
6.46000000000000e+00	2.56533655001528e+02
6.47000000000000e+00	2.71276947479818e+02
6.48000000000000e+00	2.90469502760980e+02
6.49000000000000e+00	3.12688869436015e+02
6.50000000000000e+00	3.36653720592825e+02
6.51000000000000e+00	3.61234022117427e+02
6.52000000000000e+00	3.85425512041405e+02
6.53000000000000e+00	4.08333118259868e+02
6.54000000000000e+00	4.29136829823186e+02
6.55000000000000e+00	4.47088795318885e+02
6.56000000000000e+00	4.61505995896671e+02
6.57000000000000e+00	4.71771379419930e+02
6.58000000000000e+00	4.77366761638135e+02
6.59000000000000e+00	4.77888226157985e+02
6.60000000000000e+00	4.73072247331552e+02
6.61000000000000e+00	4.62818660704233e+02
6.62000000000000e+00	4.47222182931892e+02
6.63000000000000e+00	4.26598257590365e+02
6.64000000000000e+00	4.01520280878797e+02
6.65000000000000e+00	3.72839201828430e+02
6.66000000000000e+00	3.41681799242183e+02
6.67000000000000e+00	3.09410505044047e+02
6.68000000000000e+00	2.77537091337929e+02
6.69000000000000e+00	2.47593650989540e+02
6.70000000000000e+00	2.20993616564558e+02
6.71000000000000e+00	1.98873000229666e+02
6.72000000000000e+00	1.81946828569244e+02
6.73000000000000e+00	1.70424321775309e+02
6.74000000000000e+00	1.63966037804845e+02
6.75000000000000e+00	1.61720729432187e+02
6.76000000000000e+00	1.62430489740013e+02
6.77000000000000e+00	1.64581893900867e+02
6.78000000000000e+00	1.66585247496120e+02
6.79000000000000e+00	1.66957196352680e+02
6.80000000000000e+00	1.64477000133416e+02
6.81000000000000e+00	1.58316555113476e+02
6.82000000000000e+00	1.48109681512925e+02
6.83000000000000e+00	1.33980456870907e+02
6.84000000000000e+00	1.16515593440626e+02
6.85000000000000e+00	9.66922215010413e+01
6.86000000000000e+00	7.57661967835482e+01
6.87000000000000e+00	5.51386313044218e+01
6.88000000000000e+00	3.62234020118987e+01
6.89000000000000e+00	2.03348389727530e+01
6.90000000000000e+00	8.63730142690468e+00
6.91000000000000e+00	2.16320192513135e+00
6.92000000000000e+00	1.91542304972992e+00
6.93000000000000e+00	9.04806668980705e+00
6.94000000000000e+00	2.51063134971712e+01
6.95000000000000e+00	5.22958869908457e+01
6.96000000000000e+00	9.37456144907707e+01
6.97000000000000e+00	1.53717286518013e+02
6.98000000000000e+00	2.37734261389390e+02
6.99000000000000e+00	3.52569432121760e+02
7.00000000000000e+00	5.06070764865463e+02
7.01000000000000e+00	7.06774119320515e+02
7.02000000000000e+00	9.63278386600372e+02
7.03000000000000e+00	1.28338019278313e+03
7.04000000000000e+00	1.67302431924081e+03
7.05000000000000e+00	2.13505416112303e+03
7.06000000000000e+00	2.66821732578823e+03
7.07000000000000e+00	3.26608468696465e+03
7.08000000000000e+00	3.91687457278449e+03
7.09000000000000e+00	4.60341649845893e+03
7.10000000000000e+00	5.30451798951763e+03
7.11000000000000e+00	5.99642468303489e+03
7.12000000000000e+00	6.65507618038784e+03
7.13000000000000e+00	7.25826940798651e+03
7.14000000000000e+00	7.78737892444032e+03
7.15000000000000e+00	8.22877360480564e+03
7.16000000000000e+00	8.57434221016066e+03
7.17000000000000e+00	8.82136331913161e+03
7.18000000000000e+00	8.97212128378197e+03
7.19000000000000e+00	9.03249705446387e+03
7.20000000000000e+00	9.01210936149350e+03
7.21000000000000e+00	8.92208013553604e+03
7.22000000000000e+00	8.77508529091148e+03
7.23000000000000e+00	8.58401464248326e+03
7.24000000000000e+00	8.36181783090162e+03
7.25000000000000e+00	8.12057532357014e+03
7.26000000000000e+00	7.87147566099472e+03
7.27000000000000e+00	7.62432211513489e+03
7.28000000000000e+00	7.38728662760835e+03
7.29000000000000e+00	7.16696245449240e+03
7.30000000000000e+00	6.96832724470020e+03
7.31000000000000e+00	6.79438357519469e+03
7.32000000000000e+00	6.64692377791978e+03
7.33000000000000e+00	6.52627748702584e+03
7.34000000000000e+00	6.43164125243892e+03
7.35000000000000e+00	6.36132889612207e+03
7.36000000000000e+00	6.31286117095350e+03
7.37000000000000e+00	6.28347242400485e+03
7.38000000000000e+00	6.26980783638964e+03
7.39000000000000e+00	6.26828299102210e+03
7.40000000000000e+00	6.27522093777724e+03
7.41000000000000e+00	6.28668055344320e+03
7.42000000000000e+00	6.29845706689488e+03
7.43000000000000e+00	6.30614511370291e+03
7.44000000000000e+00	6.30483351827903e+03
7.45000000000000e+00	6.28914247997175e+03
7.46000000000000e+00	6.25321930462344e+03
7.47000000000000e+00	6.19060278642386e+03
7.48000000000000e+00	6.09487256583488e+03
7.49000000000000e+00	5.95961713517344e+03
7.50000000000000e+00	5.77931046968226e+03
7.51000000000000e+00	5.54962215452226e+03
7.52000000000000e+00	5.26861196165900e+03
7.53000000000000e+00	4.93709731439930e+03
7.54000000000000e+00	4.55930204068601e+03
7.55000000000000e+00	4.14336285928480e+03
7.56000000000000e+00	3.70063079352010e+03
7.57000000000000e+00	3.24532157584691e+03
7.58000000000000e+00	2.79325311607894e+03
7.59000000000000e+00	2.36034414667592e+03
7.60000000000000e+00	1.96099729127590e+03
7.61000000000000e+00	1.60688724815241e+03
7.62000000000000e+00	1.30601571891397e+03
7.63000000000000e+00	1.06253806878620e+03
7.64000000000000e+00	8.77014814831534e+02
7.65000000000000e+00	7.47135294876583e+02
7.66000000000000e+00	6.68611217119367e+02
7.67000000000000e+00	6.36091899035689e+02
7.68000000000000e+00	6.43884935738300e+02
7.69000000000000e+00	6.86468325038012e+02
7.70000000000000e+00	7.58756591967772e+02
7.71000000000000e+00	8.56105004441771e+02
7.72000000000000e+00	9.74168536241326e+02
7.73000000000000e+00	1.10867144552982e+03
7.74000000000000e+00	1.25520240983155e+03
7.75000000000000e+00	1.40894889579230e+03
7.76000000000000e+00	1.56463591128851e+03
7.77000000000000e+00	1.71641029231255e+03
7.78000000000000e+00	1.85788475924098e+03
7.79000000000000e+00	1.98223936096977e+03
7.80000000000000e+00	2.08243779618437e+03
7.81000000000000e+00	2.15158873119748e+03
7.82000000000000e+00	2.18338196095095e+03
7.83000000000000e+00	2.17263164796371e+03
7.84000000000000e+00	2.11600371330002e+03
7.85000000000000e+00	2.01261269494303e+03
7.86000000000000e+00	1.86460759775202e+03
7.87000000000000e+00	1.67752928811659e+03
7.88000000000000e+00	1.46018630825618e+03
7.89000000000000e+00	1.22406168330156e+03
7.90000000000000e+00	9.82341491346295e+02
7.91000000000000e+00	7.48454535954220e+02
7.92000000000000e+00	5.34720864494513e+02
7.93000000000000e+00	3.51067795934448e+02
7.94000000000000e+00	2.04264948329381e+02
7.95000000000000e+00	9.76493614976718e+01
7.96000000000000e+00	3.13327117093577e+01
7.97000000000000e+00	2.78111244618017e+00
7.98000000000000e+00	7.56399577200531e+00
7.99000000000000e+00	4.01202840307204e+01
8.00000000000000e+00	9.44302205196730e+01
8.01000000000000e+00	1.64533100939001e+02
8.02000000000000e+00	2.44883146961618e+02
8.03000000000000e+00	3.30554394902730e+02
8.04000000000000e+00	4.17339154884066e+02
8.05000000000000e+00	5.01796128116105e+02
8.06000000000000e+00	5.81215520670002e+02
8.07000000000000e+00	6.53619586468977e+02
8.08000000000000e+00	7.17695252941246e+02
8.09000000000000e+00	7.72742064242000e+02
8.10000000000000e+00	8.18603749095162e+02
8.11000000000000e+00	8.55570552089006e+02
8.12000000000000e+00	8.84257852963407e+02
8.13000000000000e+00	9.05492942859592e+02
8.14000000000000e+00	9.20173883060644e+02
8.15000000000000e+00	9.29183595731389e+02
8.16000000000000e+00	9.33255593443443e+02
8.17000000000000e+00	9.32987736262304e+02
8.18000000000000e+00	9.28824106804271e+02
8.19000000000000e+00	9.21062738546122e+02
8.20000000000000e+00	9.09945057545259e+02
8.21000000000000e+00	8.95752369636159e+02
8.22000000000000e+00	8.78838424870245e+02
8.23000000000000e+00	8.59694437608020e+02
8.24000000000000e+00	8.39000183008367e+02
8.25000000000000e+00	8.17583740411928e+02
8.26000000000000e+00	7.96374926149459e+02
8.27000000000000e+00	7.76385622218998e+02
8.28000000000000e+00	7.58616276617830e+02
8.29000000000000e+00	7.44022520038044e+02
8.30000000000000e+00	7.33480535763330e+02
8.31000000000000e+00	7.27715001406714e+02
8.32000000000000e+00	7.27294896551235e+02
8.33000000000000e+00	7.32595674125804e+02
8.34000000000000e+00	7.43772710456413e+02
8.35000000000000e+00	7.60730586190959e+02
8.36000000000000e+00	7.83132760637798e+02
8.37000000000000e+00	8.10389666977111e+02
8.38000000000000e+00	8.41680148017879e+02
8.39000000000000e+00	8.76000046832106e+02
8.40000000000000e+00	9.12217801021597e+02
8.41000000000000e+00	9.49135892669412e+02
8.42000000000000e+00	9.85589606540694e+02
8.43000000000000e+00	1.02050006161422e+03
8.44000000000000e+00	1.05294269042032e+03
8.45000000000000e+00	1.08216393872001e+03
8.46000000000000e+00	1.10758577283145e+03
8.47000000000000e+00	1.12879547413821e+03
8.48000000000000e+00	1.14548668582779e+03
8.49000000000000e+00	1.15743921602374e+03
8.50000000000000e+00	1.16444667728602e+03
8.51000000000000e+00	1.16630196447759e+03
8.52000000000000e+00	1.16270251995272e+03
8.53000000000000e+00	1.15333256027407e+03
8.54000000000000e+00	1.13782939703877e+03
8.55000000000000e+00	1.11589116010562e+03
8.56000000000000e+00	1.08737043933563e+03
8.57000000000000e+00	1.05237844306387e+03
8.58000000000000e+00	1.01141536213056e+03
8.59000000000000e+00	9.65390816538739e+02
8.60000000000000e+00	9.15672773400539e+02
8.61000000000000e+00	8.63987981792915e+02
8.62000000000000e+00	8.12305033091426e+02
8.63000000000000e+00	7.62695817728811e+02
8.64000000000000e+00	7.17133359218256e+02
8.65000000000000e+00	6.77295077123604e+02
8.66000000000000e+00	6.44430697214331e+02
8.67000000000000e+00	6.19246563649295e+02
8.68000000000000e+00	6.01924295357162e+02
8.69000000000000e+00	5.92121028801786e+02
8.70000000000000e+00	5.89109508326721e+02
8.71000000000000e+00	5.91882287763999e+02
8.72000000000000e+00	5.99329452520639e+02
8.73000000000000e+00	6.10321713133589e+02
8.74000000000000e+00	6.23856172643863e+02
8.75000000000000e+00	6.39066425495423e+02
8.76000000000000e+00	6.55294291754482e+02
8.77000000000000e+00	6.72008784790608e+02
8.78000000000000e+00	6.88848322766926e+02
8.79000000000000e+00	7.05518765234726e+02
8.80000000000000e+00	7.21781502138842e+02
8.81000000000000e+00	7.37424347714676e+02
8.82000000000000e+00	7.52213154100279e+02
8.83000000000000e+00	7.65906595998703e+02
8.84000000000000e+00	7.78248592952518e+02
8.85000000000000e+00	7.89002111630418e+02
8.86000000000000e+00	7.97929339018428e+02
8.87000000000000e+00	8.04862199064939e+02
8.88000000000000e+00	8.09697368326445e+02
8.89000000000000e+00	8.12436409413170e+02
8.90000000000000e+00	8.13166304922829e+02
8.91000000000000e+00	8.12097647831911e+02
8.92000000000000e+00	8.09495678681861e+02
8.93000000000000e+00	8.05746546597487e+02
8.94000000000000e+00	8.01233861005209e+02
8.95000000000000e+00	7.96385246435194e+02
8.96000000000000e+00	7.91581720974696e+02
8.97000000000000e+00	7.87159415810794e+02
8.98000000000000e+00	7.83349465215530e+02
8.99000000000000e+00	7.80300322492595e+02
9.00000000000000e+00	7.78057105869885e+02
9.01000000000000e+00	7.76592684295999e+02
9.02000000000000e+00	7.75791840041880e+02
9.03000000000000e+00	7.75478602322809e+02
9.04000000000000e+00	7.75468688927980e+02
9.05000000000000e+00	7.75526345003985e+02
9.06000000000000e+00	7.75452207002796e+02
9.07000000000000e+00	7.75051694145150e+02
9.08000000000000e+00	7.74205928007009e+02
9.09000000000000e+00	7.72872711536539e+02
9.10000000000000e+00	7.71103503761841e+02
9.11000000000000e+00	7.69003396669556e+02
9.12000000000000e+00	7.66762124090938e+02
9.13000000000000e+00	7.64585398335868e+02
9.14000000000000e+00	7.62702675135925e+02
9.15000000000000e+00	7.61297265257897e+02
9.16000000000000e+00	7.60527396164280e+02
9.17000000000000e+00	7.60476262841668e+02
9.18000000000000e+00	7.61172005850152e+02
9.19000000000000e+00	7.62559715666663e+02
9.20000000000000e+00	7.64534214289870e+02
9.21000000000000e+00	7.66943034405217e+02
9.22000000000000e+00	7.69589983300053e+02
9.23000000000000e+00	7.72280218598674e+02
9.24000000000000e+00	7.74797566706436e+02
9.25000000000000e+00	7.76955047266860e+02
9.26000000000000e+00	7.78577924000808e+02
9.27000000000000e+00	7.79543458585472e+02
9.28000000000000e+00	7.79764751170962e+02
9.29000000000000e+00	7.79221264127095e+02
9.30000000000000e+00	7.77924926363457e+02
9.31000000000000e+00	7.75964586314026e+02
9.32000000000000e+00	7.73443924431225e+02
9.33000000000000e+00	7.70516171880397e+02
9.34000000000000e+00	7.67342434516858e+02
9.35000000000000e+00	7.64093243977142e+02
9.36000000000000e+00	7.60937291397510e+02
9.37000000000000e+00	7.58016320242844e+02
9.38000000000000e+00	7.55452439079957e+02
9.39000000000000e+00	7.53348227701399e+02
9.40000000000000e+00	7.51760029143707e+02
9.41000000000000e+00	7.50728840938979e+02
9.42000000000000e+00	7.50252147934853e+02
9.43000000000000e+00	7.50313474592004e+02
9.44000000000000e+00	7.50866980499272e+02
9.45000000000000e+00	7.51842422928524e+02
9.46000000000000e+00	7.53172426239264e+02
9.47000000000000e+00	7.54766494093669e+02
9.48000000000000e+00	7.56552200054019e+02
9.49000000000000e+00	7.58444146118625e+02
9.50000000000000e+00	7.60381016207814e+02
9.51000000000000e+00	7.62300212339050e+02
9.52000000000000e+00	7.64136269240113e+02
9.53000000000000e+00	7.65830653344067e+02
9.54000000000000e+00	7.67309072479545e+02
9.55000000000000e+00	7.68515295722518e+02
9.56000000000000e+00	7.69418570567022e+02
9.57000000000000e+00	7.70041684590441e+02
9.58000000000000e+00	7.70471486345813e+02
9.59000000000000e+00	7.70825163055514e+02
9.60000000000000e+00	7.71231225037296e+02
9.61000000000000e+00	7.71794149818811e+02
9.62000000000000e+00	7.72561906261180e+02
9.63000000000000e+00	7.73526037284005e+02
9.64000000000000e+00	7.74642571886425e+02
9.65000000000000e+00	7.75838819829135e+02
9.66000000000000e+00	7.77057525841013e+02
9.67000000000000e+00	7.78248123623007e+02
9.68000000000000e+00	7.79386950218118e+02
9.69000000000000e+00	7.80449277638685e+02
9.70000000000000e+00	7.81425389088306e+02
9.71000000000000e+00	7.82320059510926e+02
9.72000000000000e+00	7.83126128640294e+02
9.73000000000000e+00	7.83846663517516e+02
9.74000000000000e+00	7.84489097583559e+02
9.75000000000000e+00	7.85059344227531e+02
9.76000000000000e+00	7.85563752950217e+02
9.77000000000000e+00	7.86001603696861e+02
9.78000000000000e+00	7.86372471561185e+02
9.79000000000000e+00	7.86691076406862e+02
9.80000000000000e+00	7.86947605560443e+02
9.81000000000000e+00	7.87144733309280e+02
9.82000000000000e+00	7.87295427314987e+02
9.83000000000000e+00	7.87388003866623e+02
9.84000000000000e+00	7.87426591782893e+02
9.85000000000000e+00	7.87402859922733e+02
9.86000000000000e+00	7.87316390915283e+02
9.87000000000000e+00	7.87188959655658e+02
9.88000000000000e+00	7.87083713781816e+02
9.89000000000000e+00	7.87214084231400e+02
9.90000000000000e+00	7.88098524656724e+02
9.91000000000000e+00	7.90882780872976e+02
9.92000000000000e+00	7.97830148954262e+02
9.93000000000000e+00	8.12943988251778e+02
9.94000000000000e+00	8.42759272718470e+02
9.95000000000000e+00	8.97611610031677e+02
9.96000000000000e+00	9.94070233846277e+02
9.97000000000000e+00	1.16047498798081e+03
9.98000000000000e+00	1.44999526843359e+03
9.99000000000000e+00	1.97316909172751e+03
1.00000000000000e+01	2.98938120571931e+03
1.00100000000000e+01	5.16032837245305e+03
1.00200000000000e+01	9.50573797279884e+03
1.00300000000000e+01	1.13393296530718e+04
1.00400000000000e+01	6.07176131049442e+03
1.00500000000000e+01	2.79462116235365e+03
1.00600000000000e+01	1.45275946425472e+03
1.00700000000000e+01	8.49272186482652e+02
1.00800000000000e+01	5.41448868686311e+02
1.00900000000000e+01	3.67841370394706e+02
1.01000000000000e+01	2.62147051231653e+02
1.01100000000000e+01	1.93888068887577e+02
1.01200000000000e+01	1.47707907014463e+02
1.01300000000000e+01	1.15275301614446e+02
1.01400000000000e+01	9.17843909362687e+01
1.01500000000000e+01	7.43272999672825e+01
1.01600000000000e+01	6.10688483876662e+01
1.01700000000000e+01	5.08084189729754e+01
1.01800000000000e+01	4.27378387218539e+01
1.01900000000000e+01	3.62983760845855e+01
1.02000000000000e+01	3.10957361020843e+01
1.02100000000000e+01	2.68440811861444e+01
1.02200000000000e+01	2.33349743790778e+01
1.02300000000000e+01	2.04119337460201e+01
1.02400000000000e+01	1.79571242554531e+01
1.02500000000000e+01	1.58801726517709e+01
1.02600000000000e+01	1.41106636157773e+01
1.02700000000000e+01	1.25937239951710e+01
1.02800000000000e+01	1.12858902037488e+01
1.02900000000000e+01	1.01523326100895e+01
1.03000000000000e+01	9.16493583335027e+00
1.03100000000000e+01	8.30090550352973e+00
1.03200000000000e+01	7.54161861292492e+00
1.03300000000000e+01	6.87177396144316e+00
1.03400000000000e+01	6.27850713267457e+00
1.03500000000000e+01	5.75123564558554e+00
1.03600000000000e+01	5.28102295304385e+00
1.03700000000000e+01	4.86035888702592e+00
1.03800000000000e+01	4.48283616135793e+00
1.03900000000000e+01	4.14310572458920e+00
1.04000000000000e+01	3.83648219546057e+00
1.04100000000000e+01	3.55902922646638e+00
1.04200000000000e+01	3.30733903720035e+00
1.04300000000000e+01	3.07849116054356e+00
1.04400000000000e+01	2.86995308108538e+00
1.04500000000000e+01	2.67951663601478e+00
1.04600000000000e+01	2.50525705934780e+00
1.04700000000000e+01	2.34551517473882e+00
1.04800000000000e+01	2.19881983601863e+00
1.04900000000000e+01	2.06387767780763e+00
1.05000000000000e+01	1.93955995604097e+00
1.05100000000000e+01	1.82484339786745e+00
1.05200000000000e+01	1.71884896340253e+00
1.05300000000000e+01	1.62075925839551e+00
1.05400000000000e+01	1.52987316375807e+00
1.05500000000000e+01	1.44555223331984e+00
1.05600000000000e+01	1.36721053012357e+00
1.05700000000000e+01	1.29434105365153e+00
1.05800000000000e+01	1.22647169511343e+00
1.05900000000000e+01	1.16318217065448e+00
1.06000000000000e+01	1.10409988508709e+00
1.06100000000000e+01	1.04887767354760e+00
1.06200000000000e+01	9.97211186480845e-01
1.06300000000000e+01	9.48810993763070e-01
1.06400000000000e+01	9.03423414871757e-01
1.06500000000000e+01	8.60818579370153e-01
1.06600000000000e+01	8.20787321080563e-01
1.06700000000000e+01	7.83131704725820e-01
1.06800000000000e+01	7.47678849410410e-01
1.06900000000000e+01	7.14267832617136e-01
1.07000000000000e+01	6.82747204053667e-01
1.07100000000000e+01	6.52990537758331e-01
1.07200000000000e+01	6.24874874249218e-01
1.07300000000000e+01	5.98290343909093e-01
1.07400000000000e+01	5.73136349084361e-01
1.07500000000000e+01	5.49310992101057e-01
1.07600000000000e+01	5.26747281823793e-01
1.07700000000000e+01	5.05353409992290e-01
1.07800000000000e+01	4.85064837058419e-01
1.07900000000000e+01	4.65814594398547e-01
1.08000000000000e+01	4.47540868532286e-01
1.08100000000000e+01	4.30185530519117e-01
1.08200000000000e+01	4.13694946836826e-01
1.08300000000000e+01	3.98017979398546e-01
1.08400000000000e+01	3.83109344511806e-01
1.08500000000000e+01	3.68916592183890e-01
1.08600000000000e+01	3.55402770897785e-01
1.08700000000000e+01	3.42527575250773e-01
1.08800000000000e+01	3.30250032910531e-01
1.08900000000000e+01	3.18533679796675e-01
1.09000000000000e+01	3.07348167035628e-01
1.09100000000000e+01	2.96662223233849e-01
1.09200000000000e+01	2.86444868123969e-01
1.09300000000000e+01	2.76667458951555e-01
1.09400000000000e+01	2.67304962448529e-01
1.09500000000000e+01	2.58335992069143e-01
1.09600000000000e+01	2.49735892948002e-01
1.09700000000000e+01	2.41487673806124e-01
1.09800000000000e+01	2.33566261140020e-01
1.09900000000000e+01	2.25958680427339e-01
1.10000000000000e+01	2.18649425566026e-01
1.10100000000000e+01	2.11622667333641e-01
1.10200000000000e+01	2.04867334558552e-01
1.10300000000000e+01	1.98371721600254e-01
1.10400000000000e+01	1.92125026553355e-01
1.10500000000000e+01	1.86119640555626e-01
1.10600000000000e+01	1.80349700641088e-01
1.10700000000000e+01	1.74802693283452e-01
1.10800000000000e+01	1.69475477332967e-01
1.10900000000000e+01	1.64359899307554e-01
1.11000000000000e+01	1.59447738130418e-01
1.11100000000000e+01	1.54732788043907e-01
1.11200000000000e+01	1.50205691085355e-01
1.11300000000000e+01	1.45860490374908e-01
1.11400000000000e+01	1.41688004447246e-01
1.11500000000000e+01	1.37679219807167e-01
1.11600000000000e+01	1.33826402753004e-01
1.11700000000000e+01	1.30121934997207e-01
1.11800000000000e+01	1.26557360362933e-01
1.11900000000000e+01	1.23124572609675e-01
1.12000000000000e+01	1.19815697529356e-01
1.12100000000000e+01	1.16625797059418e-01
1.12200000000000e+01	1.13548143484177e-01
1.12300000000000e+01	1.10575268548712e-01
1.12400000000000e+01	1.07702506228475e-01
1.12500000000000e+01	1.04926615664245e-01
1.12600000000000e+01	1.02241050883156e-01
1.12700000000000e+01	9.96423446996973e-02
1.12800000000000e+01	9.71276948030892e-02
1.12900000000000e+01	9.46921298317501e-02
1.13000000000000e+01	9.23338016813070e-02
1.13100000000000e+01	9.00486047072813e-02
1.13200000000000e+01	8.78333233689111e-02
1.13300000000000e+01	8.56868699166873e-02
1.13400000000000e+01	8.36045938753771e-02
1.13500000000000e+01	8.15856223704410e-02
1.13600000000000e+01	7.96262014840296e-02
1.13700000000000e+01	7.77235973148539e-02
1.13800000000000e+01	7.58769455674995e-02
1.13900000000000e+01	7.40835781190161e-02
1.14000000000000e+01	7.23409290109469e-02
1.14100000000000e+01	7.06481819959305e-02
1.14200000000000e+01	6.90023002982067e-02
1.14300000000000e+01	6.74026843382231e-02
1.14400000000000e+01	6.58477701381616e-02
1.14500000000000e+01	6.43364475866478e-02
1.14600000000000e+01	6.28662471513317e-02
1.14700000000000e+01	6.14364129132395e-02
1.14800000000000e+01	6.00453078220635e-02
1.14900000000000e+01	5.86920545156063e-02
1.15000000000000e+01	5.73754438783640e-02
1.15100000000000e+01	5.60935648445907e-02
1.15200000000000e+01	5.48457422828972e-02
1.15300000000000e+01	5.36309957979016e-02
1.15400000000000e+01	5.24476981124475e-02
1.15500000000000e+01	5.12963161026379e-02
1.15600000000000e+01	5.01753646188422e-02
1.15700000000000e+01	4.90843640893252e-02
1.15800000000000e+01	4.80236971981959e-02
1.15900000000000e+01	4.69921700618210e-02
1.16000000000000e+01	4.59895186556511e-02
1.16100000000000e+01	4.50162167442258e-02
1.16200000000000e+01	4.40709467694167e-02
1.16300000000000e+01	4.31535321833915e-02
1.16400000000000e+01	4.22630270453002e-02
1.16500000000000e+01	4.13984692264081e-02
1.16600000000000e+01	4.05591710635187e-02
1.16700000000000e+01	3.97440504605222e-02
1.16800000000000e+01	3.89512998840304e-02
1.16900000000000e+01	3.81797164229971e-02
1.17000000000000e+01	3.74279528852257e-02
1.17100000000000e+01	3.66949634715063e-02
1.17200000000000e+01	3.59789565824611e-02
1.17300000000000e+01	3.52793056566160e-02
1.17400000000000e+01	3.45945357251919e-02
1.17500000000000e+01	3.39242465367039e-02
1.17600000000000e+01	3.32675501481963e-02
1.17700000000000e+01	3.26238097729578e-02
1.17800000000000e+01	3.19934107621777e-02
1.17900000000000e+01	3.13759003847891e-02
1.18000000000000e+01	3.07714223301101e-02
1.18100000000000e+01	3.01799861599990e-02
1.18200000000000e+01	2.96019805297148e-02
1.18300000000000e+01	2.90373848532074e-02
1.18400000000000e+01	2.84862319286857e-02
1.18500000000000e+01	2.79485916137848e-02
1.18600000000000e+01	2.74243788134277e-02
1.18700000000000e+01	2.69137527258329e-02
1.18800000000000e+01	2.64160228103554e-02
1.18900000000000e+01	2.59311119040080e-02
1.19000000000000e+01	2.54586942501016e-02
1.19100000000000e+01	2.49980127169611e-02
1.19200000000000e+01	2.45489037703480e-02
1.19300000000000e+01	2.41108331122852e-02
1.19400000000000e+01	2.36831951860142e-02
1.19500000000000e+01	2.32653583249761e-02
1.19600000000000e+01	2.28571173077583e-02
1.19700000000000e+01	2.24578700035355e-02
1.19800000000000e+01	2.20670433311627e-02
1.19900000000000e+01	2.16842588349332e-02
1.20000000000000e+01	2.13091218464135e-02
1.20100000000000e+01	2.09413780206795e-02
1.20200000000000e+01	2.05807156618193e-02
1.20300000000000e+01	2.02268857124268e-02
1.20400000000000e+01	1.98797938075446e-02
1.20500000000000e+01	1.95393097202288e-02
1.20600000000000e+01	1.92054347453954e-02
1.20700000000000e+01	1.88781448075646e-02
1.20800000000000e+01	1.85575258613363e-02
1.20900000000000e+01	1.82435957564146e-02
1.21000000000000e+01	1.79365963314528e-02
1.21100000000000e+01	1.76364104792243e-02
1.21200000000000e+01	1.73432096315445e-02
1.21300000000000e+01	1.70567863295121e-02
1.21400000000000e+01	1.67773182007390e-02
1.21500000000000e+01	1.65046947731182e-02
1.21600000000000e+01	1.62385175795948e-02
1.21700000000000e+01	1.59789059678296e-02
1.21800000000000e+01	1.57253673493955e-02
1.21900000000000e+01	1.54777132643846e-02
1.22000000000000e+01	1.52356740490167e-02
1.22100000000000e+01	1.49989379140818e-02
1.22200000000000e+01	1.47671060961980e-02
1.22300000000000e+01	1.45399899966248e-02
1.22400000000000e+01	1.43170399043804e-02
1.22500000000000e+01	1.40981920175705e-02
1.22600000000000e+01	1.38830684551320e-02
1.22700000000000e+01	1.36715318225432e-02
1.22800000000000e+01	1.34630970481164e-02
1.22900000000000e+01	1.32578116636514e-02
1.23000000000000e+01	1.30552214208441e-02
1.23100000000000e+01	1.28553858848125e-02
1.23200000000000e+01	1.26579094191381e-02
1.23300000000000e+01	1.24627675296506e-02
1.23400000000000e+01	1.22698197888513e-02
1.23500000000000e+01	1.20791511327635e-02
1.23600000000000e+01	1.18906150789967e-02
1.23700000000000e+01	1.17041857315838e-02
1.23800000000000e+01	1.15199529689736e-02
1.23900000000000e+01	1.13381544321192e-02
1.24000000000000e+01	1.11587037821673e-02
1.24100000000000e+01	1.09818298955589e-02
1.24200000000000e+01	1.08075130489547e-02
1.24300000000000e+01	1.06359052055408e-02
1.24400000000000e+01	1.04673056035761e-02
1.24500000000000e+01	1.03014254065891e-02
1.24600000000000e+01	1.01385264865740e-02
1.24700000000000e+01	9.97854535151109e-03
1.24800000000000e+01	9.82144396223392e-03
1.24900000000000e+01	9.66720016856967e-03
1.25000000000000e+01	9.51592113337065e-03
1.25100000000000e+01	9.36746155127558e-03
1.25200000000000e+01	9.22170526360641e-03
1.25300000000000e+01	9.07878711756301e-03
1.25400000000000e+01	8.93873933310824e-03
1.25500000000000e+01	8.80133694668197e-03
1.25600000000000e+01	8.66680111478351e-03
1.25700000000000e+01	8.53486976383403e-03
1.25800000000000e+01	8.40567531471682e-03
1.25900000000000e+01	8.27912819102396e-03
1.26000000000000e+01	8.15516194060721e-03
1.26100000000000e+01	8.03369043257418e-03
1.26200000000000e+01	7.91477321226631e-03
1.26300000000000e+01	7.79815671628295e-03
1.26400000000000e+01	7.68377251445840e-03
1.26500000000000e+01	7.57168211799793e-03
1.26600000000000e+01	7.46173532021621e-03
1.26700000000000e+01	7.35380055774482e-03
1.26800000000000e+01	7.24791368460717e-03
1.26900000000000e+01	7.14407643582086e-03
1.27000000000000e+01	7.04216467142304e-03
1.27100000000000e+01	6.94224306381578e-03
1.27200000000000e+01	6.84432661100990e-03
1.27300000000000e+01	6.74826460235638e-03
1.27400000000000e+01	6.65418846978071e-03
1.27500000000000e+01	6.56208353364195e-03
1.27600000000000e+01	6.47186624405296e-03
1.27700000000000e+01	6.38352098871731e-03
1.27800000000000e+01	6.29709699928171e-03
1.27900000000000e+01	6.21239598433179e-03
1.28000000000000e+01	6.12945958784721e-03
1.28100000000000e+01	6.04818584111726e-03
1.28200000000000e+01	5.96858681054249e-03
1.28300000000000e+01	5.89050329452554e-03
1.28400000000000e+01	5.81400223619439e-03
1.28500000000000e+01	5.73895831295511e-03
1.28600000000000e+01	5.66528268480061e-03
1.28700000000000e+01	5.59303656762128e-03
1.28800000000000e+01	5.52206002065643e-03
1.28900000000000e+01	5.45244646921286e-03
1.29000000000000e+01	5.38408072115382e-03
1.29100000000000e+01	5.31697680777554e-03
1.29200000000000e+01	5.25106718402005e-03
1.29300000000000e+01	5.18633043446556e-03
1.29400000000000e+01	5.12271939912108e-03
1.29500000000000e+01	5.06023051161271e-03
1.29600000000000e+01	4.99877701343626e-03
1.29700000000000e+01	4.93840066558432e-03
1.29800000000000e+01	4.87901475569572e-03
1.29900000000000e+01	4.82062915077289e-03
1.30000000000000e+01	4.76316391080322e-03
1.30100000000000e+01	4.70668771388992e-03
1.30200000000000e+01	4.65114494951940e-03
1.30300000000000e+01	4.59654957313983e-03
1.30400000000000e+01	4.54284189167568e-03
1.30500000000000e+01	4.49003647039543e-03
1.30600000000000e+01	4.43803945263856e-03
1.30700000000000e+01	4.38688467030980e-03
1.30800000000000e+01	4.33645007828159e-03
1.30900000000000e+01	4.28677974009413e-03
1.31000000000000e+01	4.23771190489266e-03
1.31100000000000e+01	4.18930659921230e-03
1.31200000000000e+01	4.14139992660675e-03
1.31300000000000e+01	4.09402868106353e-03
1.31400000000000e+01	4.04711607103296e-03
1.31500000000000e+01	4.00067087726211e-03
1.31600000000000e+01	3.95469258716851e-03
1.31700000000000e+01	3.90912632128325e-03
1.31800000000000e+01	3.86400500851499e-03
1.31900000000000e+01	3.81943412132948e-03
1.32000000000000e+01	3.77531565437356e-03
1.32100000000000e+01	3.73171058866923e-03
1.32200000000000e+01	3.68864832528942e-03
1.32300000000000e+01	3.64611890406911e-03
1.32400000000000e+01	3.60411914721612e-03
1.32500000000000e+01	3.56265377445900e-03
1.32600000000000e+01	3.52163002456362e-03
1.32700000000000e+01	3.48113173842149e-03
1.32800000000000e+01	3.44108396860520e-03
1.32900000000000e+01	3.40148666340000e-03
1.33000000000000e+01	3.36233487809021e-03
1.33100000000000e+01	3.32359650038124e-03
1.33200000000000e+01	3.28528245370662e-03
1.33300000000000e+01	3.24740844873093e-03
1.33400000000000e+01	3.20999050649073e-03
1.33500000000000e+01	3.17305233602292e-03
1.33600000000000e+01	3.13658753980797e-03
1.33700000000000e+01	3.10062217297034e-03
1.33800000000000e+01	3.06518505040613e-03
1.33900000000000e+01	3.03028736131626e-03
1.34000000000000e+01	2.99593890302671e-03
1.34100000000000e+01	2.96210867935607e-03
1.34200000000000e+01	2.92883697353637e-03
1.34300000000000e+01	2.89605391463905e-03
1.34400000000000e+01	2.86381942857785e-03
1.34500000000000e+01	2.83207531427397e-03
1.34600000000000e+01	2.80080353129162e-03
1.34700000000000e+01	2.76999075521209e-03
1.34800000000000e+01	2.73965419331368e-03
1.34900000000000e+01	2.70972436581802e-03
1.35000000000000e+01	2.68020611588508e-03
1.35100000000000e+01	2.65104936165383e-03
1.35200000000000e+01	2.62227920612193e-03
1.35300000000000e+01	2.59385867801742e-03
1.35400000000000e+01	2.56578327211889e-03
1.35500000000000e+01	2.53797203829751e-03
1.35600000000000e+01	2.51047274440169e-03
1.35700000000000e+01	2.48322700788984e-03
1.35800000000000e+01	2.45626234061775e-03
1.35900000000000e+01	2.42950162492990e-03
1.36000000000000e+01	2.40297627887049e-03
1.36100000000000e+01	2.37665823226666e-03
1.36200000000000e+01	2.35055382372151e-03
1.36300000000000e+01	2.32463856255329e-03
1.36400000000000e+01	2.29894328892350e-03
1.36500000000000e+01	2.27345292952812e-03
1.36600000000000e+01	2.24816823242439e-03
1.36700000000000e+01	2.22311441096207e-03
1.36800000000000e+01	2.19830199365864e-03
1.36900000000000e+01	2.17376925236668e-03
1.37000000000000e+01	2.14948194624392e-03
1.37100000000000e+01	2.12550251529149e-03
1.37200000000000e+01	2.10181174205709e-03
1.37300000000000e+01	2.07850646087340e-03
1.37400000000000e+01	2.05552616251915e-03
1.37500000000000e+01	2.03294343428496e-03
1.37600000000000e+01	2.01074677544914e-03
1.37700000000000e+01	1.98892888899951e-03
1.37800000000000e+01	1.96753266453995e-03
1.37900000000000e+01	1.94649530135833e-03
1.38000000000000e+01	1.92589243683940e-03
1.38100000000000e+01	1.90565249536237e-03
1.38200000000000e+01	1.88576824740961e-03
1.38300000000000e+01	1.86622219133919e-03
1.38400000000000e+01	1.84700787342630e-03
1.38500000000000e+01	1.82809751342279e-03
1.38600000000000e+01	1.80946298281467e-03
1.38700000000000e+01	1.79109566993573e-03
1.38800000000000e+01	1.77300912999763e-03
1.38900000000000e+01	1.75512884901853e-03
1.39000000000000e+01	1.73746656458238e-03
1.39100000000000e+01	1.72003599027158e-03
1.39200000000000e+01	1.70278412160451e-03
1.39300000000000e+01	1.68573802865027e-03
1.39400000000000e+01	1.66886869889966e-03
1.39500000000000e+01	1.65217251888505e-03
1.39600000000000e+01	1.63564271946502e-03
1.39700000000000e+01	1.61926927209739e-03
1.39800000000000e+01	1.60306527136607e-03
1.39900000000000e+01	1.58700005028183e-03
1.40000000000000e+01	1.57111803228903e-03
1.40100000000000e+01	1.55537494166648e-03
1.40200000000000e+01	1.53977383603798e-03
1.40300000000000e+01	1.52435435206132e-03
1.40400000000000e+01	1.50910942903628e-03
1.40500000000000e+01	1.49402098624664e-03
1.40600000000000e+01	1.47912710799427e-03
1.40700000000000e+01	1.46441794529701e-03
1.40800000000000e+01	1.44990153787289e-03
1.40900000000000e+01	1.43557462466834e-03
1.41000000000000e+01	1.42143346445796e-03
1.41100000000000e+01	1.40748785287436e-03
1.41200000000000e+01	1.39371667061933e-03
1.41300000000000e+01	1.38014198171153e-03
1.41400000000000e+01	1.36673231536628e-03
1.41500000000000e+01	1.35345350846437e-03
1.41600000000000e+01	1.34034206402227e-03
1.41700000000000e+01	1.32734084042785e-03
1.41800000000000e+01	1.31446139855698e-03
1.41900000000000e+01	1.30167932577409e-03
1.42000000000000e+01	1.28899077366096e-03
1.42100000000000e+01	1.27639845972803e-03
1.42200000000000e+01	1.26390811967488e-03
1.42300000000000e+01	1.25150446936478e-03
1.42400000000000e+01	1.23920605643479e-03
1.42500000000000e+01	1.22701479269792e-03
1.42600000000000e+01	1.21493002977667e-03
1.42700000000000e+01	1.20297944284708e-03
1.42800000000000e+01	1.19117579885284e-03
1.42900000000000e+01	1.17949188091627e-03
1.43000000000000e+01	1.16795291892310e-03
1.43100000000000e+01	1.15657697070208e-03
1.43200000000000e+01	1.14532475781746e-03
1.43300000000000e+01	1.13422212118726e-03
1.43400000000000e+01	1.12327028354615e-03
1.43500000000000e+01	1.11246046888505e-03
1.43600000000000e+01	1.10177742980551e-03
1.43700000000000e+01	1.09122514084730e-03
1.43800000000000e+01	1.08079907750391e-03
1.43900000000000e+01	1.07051334325135e-03
1.44000000000000e+01	1.06035922876277e-03
1.44100000000000e+01	1.05032091789895e-03
1.44200000000000e+01	1.04041194476215e-03
1.44300000000000e+01	1.03062629716708e-03
1.44400000000000e+01	1.02098724961475e-03
1.44500000000000e+01	1.01146764130412e-03
1.44600000000000e+01	1.00207020230492e-03
1.44700000000000e+01	9.92809276446268e-04
1.44800000000000e+01	9.83661569424627e-04
1.44900000000000e+01	9.74647516957142e-04
1.45000000000000e+01	9.65752336206151e-04
1.45100000000000e+01	9.56975563183581e-04
1.45200000000000e+01	9.48303905613457e-04
1.45300000000000e+01	9.39752155995517e-04
1.45400000000000e+01	9.31312477286381e-04
1.45500000000000e+01	9.22961083118174e-04
1.45600000000000e+01	9.14714877141419e-04
1.45700000000000e+01	9.06573232808288e-04
1.45800000000000e+01	8.98512747521755e-04
1.45900000000000e+01	8.90556016385309e-04
1.46000000000000e+01	8.82670056754151e-04
1.46100000000000e+01	8.74861691166580e-04
1.46200000000000e+01	8.67152067954403e-04
1.46300000000000e+01	8.59508798356040e-04
1.46400000000000e+01	8.51945091264746e-04
1.46500000000000e+01	8.44459955775449e-04
1.46600000000000e+01	8.37048295418904e-04
1.46700000000000e+01	8.29707437151272e-04
1.46800000000000e+01	8.22458768279803e-04
1.46900000000000e+01	8.15286257067841e-04
1.47000000000000e+01	8.08190099142073e-04
1.47100000000000e+01	8.01183460354222e-04
1.47200000000000e+01	7.94242872949371e-04
1.47300000000000e+01	7.87397649309030e-04
1.47400000000000e+01	7.80632605944456e-04
1.47500000000000e+01	7.73945683060466e-04
1.47600000000000e+01	7.67341643518957e-04
1.47700000000000e+01	7.60818912037738e-04
1.47800000000000e+01	7.54358694853952e-04
1.47900000000000e+01	7.47977450888340e-04
1.48000000000000e+01	7.41662687131391e-04
1.48100000000000e+01	7.35397953831833e-04
1.48200000000000e+01	7.29201787222014e-04
1.48300000000000e+01	7.23051773381242e-04
1.48400000000000e+01	7.16956514686446e-04
1.48500000000000e+01	7.10910272562369e-04
1.48600000000000e+01	7.04910384904096e-04
1.48700000000000e+01	6.98957091349761e-04
1.48800000000000e+01	6.93043296312902e-04
1.48900000000000e+01	6.87162061632138e-04
1.49000000000000e+01	6.81337218765844e-04
1.49100000000000e+01	6.75550497214061e-04
1.49200000000000e+01	6.69806130377985e-04
1.49300000000000e+01	6.64109433011103e-04
1.49400000000000e+01	6.58454697619145e-04
1.49500000000000e+01	6.52848294292407e-04
1.49600000000000e+01	6.47298388974854e-04
1.49700000000000e+01	6.41797923438399e-04
1.49800000000000e+01	6.36346765378161e-04
1.49900000000000e+01	6.30964108437364e-04
1.50000000000000e+01	6.25623804228976e-04
1.50100000000000e+01	6.20352499679296e-04
1.50200000000000e+01	6.15131716599250e-04
1.50300000000000e+01	6.09972395887538e-04
1.50400000000000e+01	6.04877193227679e-04
1.50500000000000e+01	5.99837507096513e-04
1.50600000000000e+01	5.94853590681674e-04
1.50700000000000e+01	5.89917522050087e-04
1.50800000000000e+01	5.85032332934352e-04
1.50900000000000e+01	5.80205763782936e-04
1.51000000000000e+01	5.75415858299789e-04
1.51100000000000e+01	5.70669114498385e-04
1.51200000000000e+01	5.65971097657992e-04
1.51300000000000e+01	5.61305895697749e-04
1.51400000000000e+01	5.56683120538983e-04
1.51500000000000e+01	5.52093854197644e-04
1.51600000000000e+01	5.47532155678497e-04
1.51700000000000e+01	5.43010404839657e-04
1.51800000000000e+01	5.38524285110860e-04
1.51900000000000e+01	5.34071193970904e-04
1.52000000000000e+01	5.29657999744115e-04
1.52100000000000e+01	5.25274190396287e-04
1.52200000000000e+01	5.20941013162463e-04
1.52300000000000e+01	5.16640451012799e-04
1.52400000000000e+01	5.12371728698693e-04
1.52500000000000e+01	5.08144352249537e-04
1.52600000000000e+01	5.03951186078873e-04
1.52700000000000e+01	4.99781013813473e-04
1.52800000000000e+01	4.95646137704576e-04
1.52900000000000e+01	4.91524211720041e-04
1.53000000000000e+01	4.87413145930704e-04
1.53100000000000e+01	4.83305528547792e-04
1.53200000000000e+01	4.79201496762634e-04
1.53300000000000e+01	4.75090329427850e-04
1.53400000000000e+01	4.70955078987927e-04
1.53500000000000e+01	4.66802933834496e-04
1.53600000000000e+01	4.62635530896548e-04
1.53700000000000e+01	4.58433402924311e-04
1.53800000000000e+01	4.54200179520533e-04
1.53900000000000e+01	4.49944813663501e-04
1.54000000000000e+01	4.45665327186049e-04
1.54100000000000e+01	4.41366944636445e-04
1.54200000000000e+01	4.37048997315095e-04
1.54300000000000e+01	4.32731663028306e-04
1.54400000000000e+01	4.28418875496859e-04
1.54500000000000e+01	4.24121230239239e-04
1.54600000000000e+01	4.19846958179836e-04
1.54700000000000e+01	4.15625089040832e-04
1.54800000000000e+01	4.11455833275522e-04
1.54900000000000e+01	4.07357638596344e-04
1.55000000000000e+01	4.03339402062283e-04
1.55100000000000e+01	3.99423952697842e-04
1.55200000000000e+01	3.95614056932049e-04
1.55300000000000e+01	3.91924916492194e-04
1.55400000000000e+01	3.88346686456035e-04
1.55500000000000e+01	3.84898169588911e-04
1.55600000000000e+01	3.81567649853404e-04
1.55700000000000e+01	3.78346013225566e-04
1.55800000000000e+01	3.75244372922620e-04
1.55900000000000e+01	3.72235576654838e-04
1.56000000000000e+01	3.69312736251753e-04
1.56100000000000e+01	3.66476787698111e-04
1.56200000000000e+01	3.63701203663569e-04
1.56300000000000e+01	3.60987301288615e-04
1.56400000000000e+01	3.58315596856245e-04
1.56500000000000e+01	3.55674978740959e-04
1.56600000000000e+01	3.53059129440079e-04
1.56700000000000e+01	3.50463729809547e-04
1.56800000000000e+01	3.47875786939704e-04
1.56900000000000e+01	3.45291754733184e-04
1.57000000000000e+01	3.42706931031080e-04
1.57100000000000e+01	3.40114531291724e-04
1.57200000000000e+01	3.37519734472355e-04
1.57300000000000e+01	3.34916370137842e-04
1.57400000000000e+01	3.32305134386992e-04
1.57500000000000e+01	3.29688914274703e-04
1.57600000000000e+01	3.27068715903976e-04
1.57700000000000e+01	3.24443383133522e-04
1.57800000000000e+01	3.21818559427675e-04
1.57900000000000e+01	3.19208382555766e-04
1.58000000000000e+01	3.16605988892942e-04
1.58100000000000e+01	3.14024270386237e-04
1.58200000000000e+01	3.11464790080715e-04
1.58300000000000e+01	3.08939524207424e-04
1.58400000000000e+01	3.06449323225071e-04
1.58500000000000e+01	3.04000023094709e-04
1.58600000000000e+01	3.01596774794931e-04
1.58700000000000e+01	2.99240029281818e-04
1.58800000000000e+01	2.96926501663585e-04
1.58900000000000e+01	2.94671793098399e-04
1.59000000000000e+01	2.92463588855355e-04
1.59100000000000e+01	2.90303460482777e-04
1.59200000000000e+01	2.88188925315746e-04
1.59300000000000e+01	2.86115053978163e-04
1.59400000000000e+01	2.84080505447286e-04
1.59500000000000e+01	2.82078899128327e-04
1.59600000000000e+01	2.80105458013944e-04
1.59700000000000e+01	2.78160534515516e-04
1.59800000000000e+01	2.76235661884381e-04
1.59900000000000e+01	2.74326020456165e-04
1.60000000000000e+01	2.72436456914682e-04
1.60100000000000e+01	2.70555358036130e-04
1.60200000000000e+01	2.68690238638703e-04
1.60300000000000e+01	2.66836838832482e-04
1.60400000000000e+01	2.64993153586148e-04
1.60500000000000e+01	2.63158692709056e-04
1.60600000000000e+01	2.61337465772186e-04
1.60700000000000e+01	2.59522508720342e-04
1.60800000000000e+01	2.57714109279683e-04
1.60900000000000e+01	2.55919377078285e-04
1.61000000000000e+01	2.54137986691414e-04
1.61100000000000e+01	2.52360634478032e-04
1.61200000000000e+01	2.50600261379375e-04
1.61300000000000e+01	2.48844183901524e-04
1.61400000000000e+01	2.47105603793283e-04
1.61500000000000e+01	2.45380758923020e-04
1.61600000000000e+01	2.43663899571609e-04
1.61700000000000e+01	2.41961664872126e-04
1.61800000000000e+01	2.40273574615982e-04
1.61900000000000e+01	2.38603860769914e-04
1.62000000000000e+01	2.36945603341590e-04
1.62100000000000e+01	2.35311630592093e-04
1.62200000000000e+01	2.33692164757890e-04
1.62300000000000e+01	2.32096092958339e-04
1.62400000000000e+01	2.30520855877761e-04
1.62500000000000e+01	2.28971190580896e-04
1.62600000000000e+01	2.27440593258296e-04
1.62700000000000e+01	2.25931631515080e-04
1.62800000000000e+01	2.24446481673486e-04
1.62900000000000e+01	2.22981431913215e-04
1.63000000000000e+01	2.21538256198099e-04
1.63100000000000e+01	2.20104552909026e-04
1.63200000000000e+01	2.18694107556908e-04
1.63300000000000e+01	2.17291040412206e-04
1.63400000000000e+01	2.15895215342636e-04
1.63500000000000e+01	2.14506388120863e-04
1.63600000000000e+01	2.13120319387551e-04
1.63700000000000e+01	2.11731336656097e-04
1.63800000000000e+01	2.10342293154741e-04
1.63900000000000e+01	2.08941366187346e-04
1.64000000000000e+01	2.07534815233564e-04
1.64100000000000e+01	2.06115020508162e-04
1.64200000000000e+01	2.04682651801774e-04
1.64300000000000e+01	2.03235948331644e-04
1.64400000000000e+01	2.01778660739931e-04
1.64500000000000e+01	2.00308447799593e-04
1.64600000000000e+01	1.98827882294266e-04
1.64700000000000e+01	1.97341034951733e-04
1.64800000000000e+01	1.95845877372748e-04
1.64900000000000e+01	1.94354534096531e-04
1.65000000000000e+01	1.92870786751212e-04
1.65100000000000e+01	1.91387647102721e-04
1.65200000000000e+01	1.89918185920513e-04
1.65300000000000e+01	1.88465499195085e-04
1.65400000000000e+01	1.87029642824804e-04
1.65500000000000e+01	1.85613344596000e-04
1.65600000000000e+01	1.84221069841585e-04
1.65700000000000e+01	1.82849419985426e-04
1.65800000000000e+01	1.81500986351780e-04
1.65900000000000e+01	1.80179782434480e-04
1.66000000000000e+01	1.78885486147568e-04
1.66100000000000e+01	1.77611915579658e-04
1.66200000000000e+01	1.76365942854829e-04
1.66300000000000e+01	1.75141852431051e-04
1.66400000000000e+01	1.73943869835440e-04
1.66500000000000e+01	1.72766561425382e-04
1.66600000000000e+01	1.71612042395289e-04
1.66700000000000e+01	1.70478991938717e-04
1.66800000000000e+01	1.69367609496886e-04
1.66900000000000e+01	1.68272119540707e-04
1.67000000000000e+01	1.67196482724688e-04
1.67100000000000e+01	1.66135864546262e-04
1.67200000000000e+01	1.65092339024898e-04
1.67300000000000e+01	1.64062172498428e-04
1.67400000000000e+01	1.63043235851815e-04
1.67500000000000e+01	1.62037357385741e-04
1.67600000000000e+01	1.61039568058028e-04
1.67700000000000e+01	1.60047309139792e-04
1.67800000000000e+01	1.59062471330036e-04
1.67900000000000e+01	1.58083244612202e-04
1.68000000000000e+01	1.57104688033542e-04
1.68100000000000e+01	1.56128718988800e-04
1.68200000000000e+01	1.55156458332016e-04
1.68300000000000e+01	1.54183247015508e-04
1.68400000000000e+01	1.53210998673556e-04
1.68500000000000e+01	1.52240496528774e-04
1.68600000000000e+01	1.51269907904102e-04
1.68700000000000e+01	1.50301055213435e-04
1.68800000000000e+01	1.49334843095407e-04
1.68900000000000e+01	1.48370832506333e-04
1.69000000000000e+01	1.47412004691419e-04
1.69100000000000e+01	1.46453677332485e-04
1.69200000000000e+01	1.45498394481724e-04
1.69300000000000e+01	1.44547966124032e-04
1.69400000000000e+01	1.43604705649499e-04
1.69500000000000e+01	1.42660899665598e-04
1.69600000000000e+01	1.41724529870006e-04
1.69700000000000e+01	1.40791578469831e-04
1.69800000000000e+01	1.39866680418235e-04
1.69900000000000e+01	1.38947901635644e-04
1.70000000000000e+01	1.38035319671830e-04
1.70100000000000e+01	1.37135059551412e-04
1.70200000000000e+01	1.36245693592694e-04
1.70300000000000e+01	1.35366767964759e-04
1.70400000000000e+01	1.34500247371374e-04
1.70500000000000e+01	1.33649617084499e-04
1.70600000000000e+01	1.32814728194891e-04
1.70700000000000e+01	1.31993854612543e-04
1.70800000000000e+01	1.31187492716392e-04
1.70900000000000e+01	1.30397524495792e-04
1.71000000000000e+01	1.29620269521454e-04
1.71100000000000e+01	1.28858399439975e-04
1.71200000000000e+01	1.28105709030192e-04
1.71300000000000e+01	1.27365795455217e-04
1.71400000000000e+01	1.26636791212308e-04
1.71500000000000e+01	1.25916396052350e-04
1.71600000000000e+01	1.25203836998309e-04
1.71700000000000e+01	1.24499867518262e-04
1.71800000000000e+01	1.23799934465070e-04
1.71900000000000e+01	1.23108539798719e-04
1.72000000000000e+01	1.22422671818671e-04
1.72100000000000e+01	1.21744809840339e-04
1.72200000000000e+01	1.21071579210013e-04
1.72300000000000e+01	1.20401857321319e-04
1.72400000000000e+01	1.19740339068977e-04
1.72500000000000e+01	1.19082411411935e-04
1.72600000000000e+01	1.18428995701283e-04
1.72700000000000e+01	1.17782652689414e-04
1.72800000000000e+01	1.17138620824932e-04
1.72900000000000e+01	1.16500105448284e-04
1.73000000000000e+01	1.15865286774913e-04
1.73100000000000e+01	1.15234301723922e-04
1.73200000000000e+01	1.14608720552144e-04
1.73300000000000e+01	1.13984724607472e-04
1.73400000000000e+01	1.13362797102880e-04
1.73500000000000e+01	1.12745938908891e-04
1.73600000000000e+01	1.12131010506814e-04
1.73700000000000e+01	1.11517886857366e-04
1.73800000000000e+01	1.10907987113923e-04
1.73900000000000e+01	1.10300090256504e-04
1.74000000000000e+01	1.09696061075002e-04
1.74100000000000e+01	1.09092080976209e-04
1.74200000000000e+01	1.08491381374454e-04
1.74300000000000e+01	1.07892745073424e-04
1.74400000000000e+01	1.07299334286881e-04
1.74500000000000e+01	1.06705854109437e-04
1.74600000000000e+01	1.06116349127427e-04
1.74700000000000e+01	1.05528685529742e-04
1.74800000000000e+01	1.04944167591881e-04
1.74900000000000e+01	1.04359799957655e-04
1.75000000000000e+01	1.03778952917874e-04
1.75100000000000e+01	1.03199971732371e-04
1.75200000000000e+01	1.02622116134728e-04
1.75300000000000e+01	1.02044377483835e-04
1.75400000000000e+01	1.01467819428668e-04
1.75500000000000e+01	1.00893219079615e-04
1.75600000000000e+01	1.00316923999110e-04
1.75700000000000e+01	9.97409226434676e-05
1.75800000000000e+01	9.91647621837542e-05
1.75900000000000e+01	9.85893080338926e-05
1.76000000000000e+01	9.80125673075659e-05
1.76100000000000e+01	9.74397340649777e-05
1.76200000000000e+01	9.68647344631472e-05
1.76300000000000e+01	9.62950316894202e-05
1.76400000000000e+01	9.57249718383477e-05
1.76500000000000e+01	9.51589855968377e-05
1.76600000000000e+01	9.45974403778178e-05
1.76700000000000e+01	9.40384957494653e-05
1.76800000000000e+01	9.34850534378782e-05
1.76900000000000e+01	9.29375496038278e-05
1.77000000000000e+01	9.23924802358153e-05
1.77100000000000e+01	9.18529690921466e-05
1.77200000000000e+01	9.13183423778551e-05
1.77300000000000e+01	9.07875641578880e-05
1.77400000000000e+01	9.02621154945601e-05
1.77500000000000e+01	8.97396494204009e-05
1.77600000000000e+01	8.92222005304358e-05
1.77700000000000e+01	8.87065553957891e-05
1.77800000000000e+01	8.81954082736414e-05
1.77900000000000e+01	8.76864051056998e-05
1.78000000000000e+01	8.71786129731575e-05
1.78100000000000e+01	8.66751262039721e-05
1.78200000000000e+01	8.61723874505931e-05
1.78300000000000e+01	8.56707943499556e-05
1.78400000000000e+01	8.51709023102823e-05
1.78500000000000e+01	8.46739923987326e-05
1.78600000000000e+01	8.41788319887181e-05
1.78700000000000e+01	8.36840681916632e-05
1.78800000000000e+01	8.31894882138041e-05
1.78900000000000e+01	8.26967147394908e-05
1.79000000000000e+01	8.22069650456024e-05
1.79100000000000e+01	8.17175323241491e-05
1.79200000000000e+01	8.12295219348128e-05
1.79300000000000e+01	8.07422496718451e-05
1.79400000000000e+01	8.02548890618795e-05
1.79500000000000e+01	7.97692094985770e-05
1.79600000000000e+01	7.92813855694396e-05
1.79700000000000e+01	7.87954890267794e-05
1.79800000000000e+01	7.83074272284044e-05
1.79900000000000e+01	7.78204887100926e-05
1.80000000000000e+01	7.73343756010849e-05
1.80100000000000e+01	7.68512639002257e-05
1.80200000000000e+01	7.63682762551167e-05
1.80300000000000e+01	7.58899175976799e-05
1.80400000000000e+01	7.54172148536486e-05
1.80500000000000e+01	7.49505664191693e-05
1.80600000000000e+01	7.44897299777598e-05
1.80700000000000e+01	7.40389026025195e-05
1.80800000000000e+01	7.35972097270407e-05
1.80900000000000e+01	7.31648891116666e-05
1.81000000000000e+01	7.27413729276619e-05
1.81100000000000e+01	7.23289544565465e-05
1.81200000000000e+01	7.19260728064662e-05
1.81300000000000e+01	7.15312028987554e-05
1.81400000000000e+01	7.11425542013072e-05
1.81500000000000e+01	7.07624137141809e-05
1.81600000000000e+01	7.03858497361298e-05
1.81700000000000e+01	7.00159775681747e-05
1.81800000000000e+01	6.96488335372012e-05
1.81900000000000e+01	6.92849530865558e-05
1.82000000000000e+01	6.89237682707260e-05
1.82100000000000e+01	6.85628631297085e-05
1.82200000000000e+01	6.82046160786872e-05
1.82300000000000e+01	6.78467566004510e-05
1.82400000000000e+01	6.74872782342998e-05
1.82500000000000e+01	6.71288625373340e-05
1.82600000000000e+01	6.67689299125620e-05
1.82700000000000e+01	6.64094436460170e-05
1.82800000000000e+01	6.60482457382487e-05
1.82900000000000e+01	6.56855777607484e-05
1.83000000000000e+01	6.53240324173987e-05
1.83100000000000e+01	6.49607411334351e-05
1.83200000000000e+01	6.45985950569189e-05
1.83300000000000e+01	6.42359677883443e-05
1.83400000000000e+01	6.38748636076809e-05
1.83500000000000e+01	6.35140798105431e-05
1.83600000000000e+01	6.31557557936367e-05
1.83700000000000e+01	6.28007128844023e-05
1.83800000000000e+01	6.24478958690645e-05
1.83900000000000e+01	6.20996297327528e-05
1.84000000000000e+01	6.17556715391541e-05
1.84100000000000e+01	6.14168211804592e-05
1.84200000000000e+01	6.10835457420630e-05
1.84300000000000e+01	6.07574245561079e-05
1.84400000000000e+01	6.04376124996559e-05
1.84500000000000e+01	6.01246874974741e-05
1.84600000000000e+01	5.98191933957961e-05
1.84700000000000e+01	5.95196091241978e-05
1.84800000000000e+01	5.92273217970687e-05
1.84900000000000e+01	5.89409137280579e-05
1.85000000000000e+01	5.86608601577222e-05
1.85100000000000e+01	5.83847813840775e-05
1.85200000000000e+01	5.81135645017430e-05
1.85300000000000e+01	5.78459146395572e-05
1.85400000000000e+01	5.75817535177963e-05
1.85500000000000e+01	5.73195721069782e-05
1.85600000000000e+01	5.70578075105604e-05
1.85700000000000e+01	5.67978344268596e-05
1.85800000000000e+01	5.65390318214962e-05
1.85900000000000e+01	5.62791842319499e-05
1.86000000000000e+01	5.60197922695693e-05
1.86100000000000e+01	5.57598389177094e-05
1.86200000000000e+01	5.55000189564588e-05
1.86300000000000e+01	5.52386241497489e-05
1.86400000000000e+01	5.49773232624164e-05
1.86500000000000e+01	5.47154707081175e-05
1.86600000000000e+01	5.44533037408813e-05
1.86700000000000e+01	5.41916505974430e-05
1.86800000000000e+01	5.39291536528563e-05
1.86900000000000e+01	5.36674855952773e-05
1.87000000000000e+01	5.34063215233933e-05
1.87100000000000e+01	5.31464277991675e-05
1.87200000000000e+01	5.28870234235468e-05
1.87300000000000e+01	5.26275928174898e-05
1.87400000000000e+01	5.23703308406644e-05
1.87500000000000e+01	5.21130966469913e-05
1.87600000000000e+01	5.18564653186818e-05
1.87700000000000e+01	5.16012632150353e-05
1.87800000000000e+01	5.13466287087743e-05
1.87900000000000e+01	5.10931275485630e-05
1.88000000000000e+01	5.08393392874547e-05
1.88100000000000e+01	5.05865803002525e-05
1.88200000000000e+01	5.03338467322698e-05
1.88300000000000e+01	5.00811408919978e-05
1.88400000000000e+01	4.98282153175285e-05
1.88500000000000e+01	4.95758155763670e-05
1.88600000000000e+01	4.93229678651053e-05
1.88700000000000e+01	4.90693665664857e-05
1.88800000000000e+01	4.88151254133730e-05
1.88900000000000e+01	4.85607589831039e-05
1.89000000000000e+01	4.83046288282364e-05
1.89100000000000e+01	4.80480651050706e-05
1.89200000000000e+01	4.77912087831871e-05
1.89300000000000e+01	4.75325504314305e-05
1.89400000000000e+01	4.72736637309443e-05
1.89500000000000e+01	4.70132970654524e-05
1.89600000000000e+01	4.67537866891240e-05
1.89700000000000e+01	4.64931734493420e-05
1.89800000000000e+01	4.62326099571498e-05
1.89900000000000e+01	4.59732867384529e-05
1.90000000000000e+01	4.57145957030242e-05
1.90100000000000e+01	4.54569955819406e-05
1.90200000000000e+01	4.52013599615224e-05
1.90300000000000e+01	4.49463493018738e-05
1.90400000000000e+01	4.46934098553375e-05
1.90500000000000e+01	4.44415641363799e-05
1.90600000000000e+01	4.41905337758608e-05
1.90700000000000e+01	4.39404980271177e-05
1.90800000000000e+01	4.36904988167501e-05
1.90900000000000e+01	4.34398377670656e-05
1.91000000000000e+01	4.31882474599935e-05
1.91100000000000e+01	4.29356548107131e-05
1.91200000000000e+01	4.26826681539102e-05
1.91300000000000e+01	4.24285597534220e-05
1.91400000000000e+01	4.21752514212202e-05
1.91500000000000e+01	4.19236954582213e-05
1.91600000000000e+01	4.16740237620387e-05
1.91700000000000e+01	4.14286873684192e-05
1.91800000000000e+01	4.11876541896654e-05
1.91900000000000e+01	4.09536843401559e-05
1.92000000000000e+01	4.07276082776577e-05
1.92100000000000e+01	4.05086750830368e-05
1.92200000000000e+01	4.02987254560912e-05
1.92300000000000e+01	4.00968751065949e-05
1.92400000000000e+01	3.99028824142563e-05
1.92500000000000e+01	3.97158349980596e-05
1.92600000000000e+01	3.95356909450802e-05
1.92700000000000e+01	3.93600809663037e-05
1.92800000000000e+01	3.91892669784515e-05
1.92900000000000e+01	3.90215326568526e-05
1.93000000000000e+01	3.88566290504111e-05
1.93100000000000e+01	3.86925354925492e-05
1.93200000000000e+01	3.85298692786860e-05
1.93300000000000e+01	3.83676004912381e-05
1.93400000000000e+01	3.82053100187482e-05
1.93500000000000e+01	3.80428504453353e-05
1.93600000000000e+01	3.78805277426325e-05
1.93700000000000e+01	3.77176665610648e-05
1.93800000000000e+01	3.75543816408463e-05
1.93900000000000e+01	3.73905763358073e-05
1.94000000000000e+01	3.72261528548492e-05
1.94100000000000e+01	3.70619236979978e-05
1.94200000000000e+01	3.68971322898982e-05
1.94300000000000e+01	3.67318736316673e-05
1.94400000000000e+01	3.65661028544796e-05
1.94500000000000e+01	3.63999105217521e-05
1.94600000000000e+01	3.62337561505845e-05
1.94700000000000e+01	3.60672829660005e-05
1.94800000000000e+01	3.59003137586283e-05
1.94900000000000e+01	3.57328671758440e-05
1.95000000000000e+01	3.55650925273938e-05
1.95100000000000e+01	3.53974383273687e-05
1.95200000000000e+01	3.52289334057199e-05
1.95300000000000e+01	3.50605206854765e-05
1.95400000000000e+01	3.48922168513135e-05
1.95500000000000e+01	3.47230042968828e-05
1.95600000000000e+01	3.45535916058451e-05
1.95700000000000e+01	3.43842926282634e-05
1.95800000000000e+01	3.42150288532703e-05
1.95900000000000e+01	3.40455032710629e-05
1.96000000000000e+01	3.38765280684624e-05
1.96100000000000e+01	3.37072255806022e-05
1.96200000000000e+01	3.35386796980311e-05
1.96300000000000e+01	3.33706034526600e-05
1.96400000000000e+01	3.32028695789454e-05
1.96500000000000e+01	3.30357817964910e-05
1.96600000000000e+01	3.28697928140430e-05
1.96700000000000e+01	3.27039573664371e-05
1.96800000000000e+01	3.25393687582599e-05
1.96900000000000e+01	3.23754262210822e-05
1.97000000000000e+01	3.22118937265452e-05
1.97100000000000e+01	3.20489785775881e-05
1.97200000000000e+01	3.18859950727125e-05
1.97300000000000e+01	3.17230011148971e-05
1.97400000000000e+01	3.15589395150529e-05
1.97500000000000e+01	3.13921115103358e-05
1.97600000000000e+01	3.12208719820529e-05
1.97700000000000e+01	3.10416958922202e-05
1.97800000000000e+01	3.08497189557018e-05
1.97900000000000e+01	3.06380382806398e-05
1.98000000000000e+01	3.03951044531226e-05
1.98100000000000e+01	3.01068646901840e-05
1.98200000000000e+01	2.97535025682089e-05
1.98300000000000e+01	2.93097506932238e-05
1.98400000000000e+01	2.87439553140384e-05
1.98500000000000e+01	2.80190795327131e-05
1.98600000000000e+01	2.70932094448684e-05
1.98700000000000e+01	2.59213210620969e-05
1.98800000000000e+01	2.44588877446318e-05
1.98900000000000e+01	2.26646978284931e-05
1.99000000000000e+01	2.05069312546913e-05
1.99100000000000e+01	1.79704239251791e-05
1.99200000000000e+01	1.50661718627414e-05
1.99300000000000e+01	1.18464230771216e-05
1.99400000000000e+01	8.42817407959866e-06
1.99500000000000e+01	5.03288870067233e-06
1.99600000000000e+01	2.05520762329419e-06
1.99700000000000e+01	1.88250853023378e-07
1.99800000000000e+01	6.59511421126941e-07
1.99900000000000e+01	5.69741604207983e-06
2.00000000000000e+01	1.95064371984185e-05
