1.00000000000000e-02	1.75655663198985e+16
2.00000000000000e-02	1.09789176119843e+15
3.00000000000000e-02	2.16882505555517e+14
4.00000000000000e-02	6.86297813907073e+13
5.00000000000000e-02	2.81143859794687e+13
6.00000000000000e-02	1.35603940833283e+13
7.00000000000000e-02	7.32094515914785e+12
8.00000000000000e-02	4.29229911012842e+12
9.00000000000000e-02	2.68031669521048e+12
1.00000000000000e-01	1.75902611145074e+12
1.10000000000000e-01	1.20180474152226e+12
1.20000000000000e-01	8.48829698661137e+11
1.30000000000000e-01	6.16494027648135e+11
1.40000000000000e-01	4.58522883719623e+11
1.50000000000000e-01	3.48088034648668e+11
1.60000000000000e-01	2.69009269306112e+11
1.70000000000000e-01	2.11182970169680e+11
1.80000000000000e-01	1.68105637718255e+11
1.90000000000000e-01	1.35484999251997e+11
2.00000000000000e-01	1.10415619859124e+11
2.10000000000000e-01	9.08934718698531e+10
2.20000000000000e-01	7.55083480149494e+10
2.30000000000000e-01	6.32498096290711e+10
2.40000000000000e-01	5.33857235669787e+10
2.50000000000000e-01	4.53754777122857e+10
2.60000000000000e-01	3.88166291609463e+10
2.70000000000000e-01	3.34033711466251e+10
2.80000000000000e-01	2.89051800359459e+10
2.90000000000000e-01	2.51408476880581e+10
3.00000000000000e-01	2.19721660204330e+10
3.10000000000000e-01	1.92890227281823e+10
3.20000000000000e-01	1.70045771746546e+10
3.30000000000000e-01	1.50500084988163e+10
3.40000000000000e-01	1.33695289593266e+10
3.50000000000000e-01	1.19184780290772e+10
3.60000000000000e-01	1.06598943012841e+10
3.70000000000000e-01	9.56416274235624e+09
3.80000000000000e-01	8.60643271028556e+09
3.90000000000000e-01	7.76633543586729e+09
4.00000000000000e-01	7.02696378532903e+09
4.10000000000000e-01	6.37413579179506e+09
4.20000000000000e-01	5.79601703737872e+09
4.30000000000000e-01	5.28244775003987e+09
4.40000000000000e-01	4.82507479362647e+09
4.50000000000000e-01	4.41650281747352e+09
4.60000000000000e-01	4.05070369576133e+09
4.70000000000000e-01	3.72243135747827e+09
4.80000000000000e-01	3.42708871724448e+09
4.90000000000000e-01	3.16079569992991e+09
5.00000000000000e-01	2.92015604395634e+09
5.10000000000000e-01	2.70227293282901e+09
5.20000000000000e-01	2.50465169261474e+09
5.30000000000000e-01	2.32499127153814e+09
5.40000000000000e-01	2.16138493353231e+09
5.50000000000000e-01	2.01218465091592e+09
5.60000000000000e-01	1.87580385761205e+09
5.70000000000000e-01	1.75099738034941e+09
5.80000000000000e-01	1.63661940469685e+09
5.90000000000000e-01	1.53157497790255e+09
6.00000000000000e-01	1.43501243613480e+09
6.10000000000000e-01	1.34608209620416e+09
6.20000000000000e-01	1.26408843855577e+09
6.30000000000000e-01	1.18839864581312e+09
6.40000000000000e-01	1.11845689276547e+09
6.50000000000000e-01	1.05369458855225e+09
6.60000000000000e-01	9.93681672670787e+08
6.70000000000000e-01	9.37982823923675e+08
6.80000000000000e-01	8.86270831943383e+08
6.90000000000000e-01	8.38189300982462e+08
7.00000000000000e-01	7.93426389391590e+08
7.10000000000000e-01	7.51719624973366e+08
7.20000000000000e-01	7.12802689978451e+08
7.30000000000000e-01	6.76486267927512e+08
7.40000000000000e-01	6.42533638115617e+08
7.50000000000000e-01	6.10782903866574e+08
7.60000000000000e-01	5.81046049679032e+08
7.70000000000000e-01	5.53189942023173e+08
7.80000000000000e-01	5.27057174156317e+08
7.90000000000000e-01	5.02535840258751e+08
8.00000000000000e-01	4.79495754930748e+08
8.10000000000000e-01	4.57831027967417e+08
8.20000000000000e-01	4.37458463000414e+08
8.30000000000000e-01	4.18270573216114e+08
8.40000000000000e-01	4.00201592147230e+08
8.50000000000000e-01	3.83157715898876e+08
8.60000000000000e-01	3.67082023081362e+08
8.70000000000000e-01	3.51901791336096e+08
8.80000000000000e-01	3.37558163201852e+08
8.90000000000000e-01	3.24007298035185e+08
9.00000000000000e-01	3.11187382935669e+08
9.10000000000000e-01	2.99052028890056e+08
9.20000000000000e-01	2.87564510095529e+08
9.30000000000000e-01	2.76684151753178e+08
9.40000000000000e-01	2.66372098129013e+08
9.50000000000000e-01	2.56589027246955e+08
9.60000000000000e-01	2.47307630045059e+08
9.70000000000000e-01	2.38499928321358e+08
9.80000000000000e-01	2.30136659452624e+08
9.90000000000000e-01	2.22190686266753e+08
1.00000000000000e+00	2.14645882722228e+08
1.01000000000000e+00	2.07470388636219e+08
1.02000000000000e+00	2.00644111562156e+08
1.03000000000000e+00	1.94159374408513e+08
1.04000000000000e+00	1.87985834245612e+08
1.05000000000000e+00	1.82112934783925e+08
1.06000000000000e+00	1.76521739452437e+08
1.07000000000000e+00	1.71203016901640e+08
1.08000000000000e+00	1.66134970557589e+08
1.09000000000000e+00	1.61302703924299e+08
1.10000000000000e+00	1.56699122577011e+08
1.11000000000000e+00	1.52304375808775e+08
1.12000000000000e+00	1.48106096961407e+08
1.13000000000000e+00	1.44092086076338e+08
1.14000000000000e+00	1.40249787106390e+08
1.15000000000000e+00	1.36565470001245e+08
1.16000000000000e+00	1.33025735049298e+08
1.17000000000000e+00	1.29622389868822e+08
1.18000000000000e+00	1.26344491188243e+08
1.19000000000000e+00	1.23185562667727e+08
1.20000000000000e+00	1.20138412718420e+08
1.21000000000000e+00	1.17198685628742e+08
1.22000000000000e+00	1.14365183577265e+08
1.23000000000000e+00	1.11640657955511e+08
1.24000000000000e+00	1.09023516425083e+08
1.25000000000000e+00	1.06524705426327e+08
1.26000000000000e+00	1.04146084310265e+08
1.27000000000000e+00	1.01904803988222e+08
1.28000000000000e+00	9.98070861910446e+07
1.29000000000000e+00	9.78732535144490e+07
1.30000000000000e+00	9.61151367102749e+07
1.31000000000000e+00	9.45528245334648e+07
1.32000000000000e+00	9.32011707542722e+07
1.33000000000000e+00	9.20765496664392e+07
1.34000000000000e+00	9.11910465964614e+07
1.35000000000000e+00	9.05567005872388e+07
1.36000000000000e+00	9.01785098524475e+07
1.37000000000000e+00	9.00588293021745e+07
1.38000000000000e+00	9.01932867810950e+07
1.39000000000000e+00	9.05714566799374e+07
1.40000000000000e+00	9.11833391003204e+07
1.41000000000000e+00	9.20090538733972e+07
1.42000000000000e+00	9.30293535327641e+07
1.43000000000000e+00	9.42224992730363e+07
1.44000000000000e+00	9.55670093734488e+07
1.45000000000000e+00	9.70393221777897e+07
1.46000000000000e+00	9.86181026803058e+07
1.47000000000000e+00	1.00277179757689e+08
1.48000000000000e+00	1.01996549512964e+08
1.49000000000000e+00	1.03746992644377e+08
1.50000000000000e+00	1.05499010137075e+08
1.51000000000000e+00	1.07217301899588e+08
1.52000000000000e+00	1.08856948956011e+08
1.53000000000000e+00	1.10370284668897e+08
1.54000000000000e+00	1.11695227245001e+08
1.55000000000000e+00	1.12763235716100e+08
1.56000000000000e+00	1.13507578115619e+08
1.57000000000000e+00	1.13852889949689e+08
1.58000000000000e+00	1.13727898238848e+08
1.59000000000000e+00	1.13067847731809e+08
1.60000000000000e+00	1.11816955133146e+08
1.61000000000000e+00	1.09938335014151e+08
1.62000000000000e+00	1.07407666238140e+08
1.63000000000000e+00	1.04224495421004e+08
1.64000000000000e+00	1.00411941222086e+08
1.65000000000000e+00	9.60271630061724e+07
1.66000000000000e+00	9.11517293121621e+07
1.67000000000000e+00	8.59034272299650e+07
1.68000000000000e+00	8.04152701189709e+07
1.69000000000000e+00	7.48333290046237e+07
1.70000000000000e+00	6.92953623712648e+07
1.71000000000000e+00	6.39321949342688e+07
1.72000000000000e+00	5.88571058117289e+07
1.73000000000000e+00	5.41733197199833e+07
1.74000000000000e+00	4.99690401740856e+07
1.75000000000000e+00	4.63042472185344e+07
1.76000000000000e+00	4.32075011851477e+07
1.77000000000000e+00	4.06669893985731e+07
1.78000000000000e+00	3.86353985530471e+07
1.79000000000000e+00	3.70315648197959e+07
1.80000000000000e+00	3.57486433803513e+07
1.81000000000000e+00	3.46691189038881e+07
1.82000000000000e+00	3.36817193611764e+07
1.83000000000000e+00	3.26991702584959e+07
1.84000000000000e+00	3.16691921063661e+07
1.85000000000000e+00	3.05780336881231e+07
1.86000000000000e+00	2.94343889601082e+07
1.87000000000000e+00	2.82631166644601e+07
1.88000000000000e+00	2.70912780792685e+07
1.89000000000000e+00	2.59453698174268e+07
1.90000000000000e+00	2.48497269642902e+07
1.91000000000000e+00	2.38230947273148e+07
1.92000000000000e+00	2.28810301549580e+07
1.93000000000000e+00	2.20320834974587e+07
1.94000000000000e+00	2.12792937946716e+07
1.95000000000000e+00	2.06195011216912e+07
1.96000000000000e+00	2.00449739757895e+07
1.97000000000000e+00	1.95443890800815e+07
1.98000000000000e+00	1.91041659821840e+07
1.99000000000000e+00	1.87103834403101e+07
2.00000000000000e+00	1.83495424785950e+07
2.01000000000000e+00	1.80094252545463e+07
2.02000000000000e+00	1.76803347003975e+07
2.03000000000000e+00	1.73544600770259e+07
2.04000000000000e+00	1.70254998624909e+07
2.05000000000000e+00	1.66887255670339e+07
2.06000000000000e+00	1.63388804912834e+07
2.07000000000000e+00	1.59689216143763e+07
2.08000000000000e+00	1.55696298252088e+07
2.09000000000000e+00	1.51277671279865e+07
2.10000000000000e+00	1.46279561746158e+07
2.11000000000000e+00	1.40547937078419e+07
2.12000000000000e+00	1.33964962761031e+07
2.13000000000000e+00	1.26498098327980e+07
2.14000000000000e+00	1.18230837022534e+07
2.15000000000000e+00	1.09350754640096e+07
2.16000000000000e+00	1.00123363276320e+07
2.17000000000000e+00	9.08193788651458e+06
2.18000000000000e+00	8.16767040048788e+06
2.19000000000000e+00	7.28625594348509e+06
2.20000000000000e+00	6.44842868602911e+06
2.21000000000000e+00	5.66035284308792e+06
2.22000000000000e+00	4.92627983911704e+06
2.23000000000000e+00	4.25088584162538e+06
2.24000000000000e+00	3.63932877604785e+06
2.25000000000000e+00	3.09693736798061e+06
2.26000000000000e+00	2.62711040123209e+06
2.27000000000000e+00	2.22994856558340e+06
2.28000000000000e+00	1.90191678373275e+06
2.29000000000000e+00	1.63649825891520e+06
2.30000000000000e+00	1.42543399691028e+06
2.31000000000000e+00	1.25997866910271e+06
2.32000000000000e+00	1.13188136326023e+06
2.33000000000000e+00	1.03387722712030e+06
2.34000000000000e+00	9.59883145036079e+05
2.35000000000000e+00	9.05091789370965e+05
2.36000000000000e+00	8.65700532287865e+05
2.37000000000000e+00	8.38823953201130e+05
2.38000000000000e+00	8.22191879757609e+05
2.39000000000000e+00	8.13949532812769e+05
2.40000000000000e+00	8.12495986322603e+05
2.41000000000000e+00	8.16470436715569e+05
2.42000000000000e+00	8.24772046894018e+05
2.43000000000000e+00	8.36554002830338e+05
2.44000000000000e+00	8.51197391258773e+05
2.45000000000000e+00	8.68258755354158e+05
2.46000000000000e+00	8.87275846452061e+05
2.47000000000000e+00	9.07785699622792e+05
2.48000000000000e+00	9.29152462348204e+05
2.49000000000000e+00	9.50705425827724e+05
2.50000000000000e+00	9.71662676935647e+05
2.51000000000000e+00	9.91278355610143e+05
2.52000000000000e+00	1.00888962862260e+06
2.53000000000000e+00	1.02398729293502e+06
2.54000000000000e+00	1.03625908980753e+06
2.55000000000000e+00	1.04566917496365e+06
2.56000000000000e+00	1.05238475423398e+06
2.57000000000000e+00	1.05671598043220e+06
2.58000000000000e+00	1.05893989755194e+06
2.59000000000000e+00	1.05917885466317e+06
2.60000000000000e+00	1.05712033250404e+06
2.61000000000000e+00	1.05200791446268e+06
2.62000000000000e+00	1.04258086059414e+06
2.63000000000000e+00	1.02735854595512e+06
2.64000000000000e+00	1.00530269234086e+06
2.65000000000000e+00	9.76362181533784e+05
2.66000000000000e+00	9.41910430256779e+05
2.67000000000000e+00	9.04353675132701e+05
2.68000000000000e+00	8.66334934775513e+05
2.69000000000000e+00	8.29905724830998e+05
2.70000000000000e+00	7.95993351024424e+05
2.71000000000000e+00	7.64393228752728e+05
2.72000000000000e+00	7.33973348034087e+05
2.73000000000000e+00	7.03175838810253e+05
2.74000000000000e+00	6.70359167791088e+05
2.75000000000000e+00	6.34226775486057e+05
2.76000000000000e+00	5.94024649113710e+05
2.77000000000000e+00	5.49663694250556e+05
2.78000000000000e+00	5.01592195379703e+05
2.79000000000000e+00	4.50727735881747e+05
2.80000000000000e+00	3.98212459319038e+05
2.81000000000000e+00	3.45319189371456e+05
2.82000000000000e+00	2.93336511670034e+05
2.83000000000000e+00	2.43469534537434e+05
2.84000000000000e+00	1.96802080692296e+05
2.85000000000000e+00	1.54256785342611e+05
2.86000000000000e+00	1.16546763332659e+05
2.87000000000000e+00	8.41767663026537e+04
2.88000000000000e+00	5.74198177935360e+04
2.89000000000000e+00	3.63265562581377e+04
2.90000000000000e+00	2.07457334439754e+04
2.91000000000000e+00	1.03508276375448e+04
2.92000000000000e+00	4.67223252911711e+03
2.93000000000000e+00	3.12722409927144e+03
2.94000000000000e+00	5.04439471562680e+03
2.95000000000000e+00	9.68740874499358e+03
2.96000000000000e+00	1.62844551028354e+04
2.97000000000000e+00	2.40661142664028e+04
2.98000000000000e+00	3.23125480366206e+04
2.99000000000000e+00	4.03949129696978e+04
3.00000000000000e+00	4.78081043087149e+04
3.01000000000000e+00	5.41813647781821e+04
3.02000000000000e+00	5.92737310016467e+04
3.03000000000000e+00	6.29625343970598e+04
3.04000000000000e+00	6.52292247396302e+04
3.05000000000000e+00	6.61440207514842e+04
3.06000000000000e+00	6.58497871080955e+04
3.07000000000000e+00	6.45466571323116e+04
3.08000000000000e+00	6.24674093615809e+04
3.09000000000000e+00	5.98508208104345e+04
3.10000000000000e+00	5.69238371186517e+04
3.11000000000000e+00	5.38793491315344e+04
3.12000000000000e+00	5.08645123951922e+04
3.13000000000000e+00	4.79757371595886e+04
3.14000000000000e+00	4.52585357255853e+04
3.15000000000000e+00	4.27138756795848e+04
3.16000000000000e+00	4.03140032052679e+04
3.17000000000000e+00	3.80137529459516e+04
3.18000000000000e+00	3.57673940250244e+04
3.19000000000000e+00	3.35428924322671e+04
3.20000000000000e+00	3.13266463050766e+04
3.21000000000000e+00	2.91267987535697e+04
3.22000000000000e+00	2.69690613621820e+04
3.23000000000000e+00	2.48924801217314e+04
3.24000000000000e+00	2.29453462595639e+04
3.25000000000000e+00	2.11822495067929e+04
3.26000000000000e+00	1.96620389926936e+04
3.27000000000000e+00	1.84451240619810e+04
3.28000000000000e+00	1.75887916239034e+04
3.29000000000000e+00	1.71433932834877e+04
3.30000000000000e+00	1.71473614631441e+04
3.31000000000000e+00	1.76237639913160e+04
3.32000000000000e+00	1.85793350182469e+04
3.33000000000000e+00	2.00036478181175e+04
3.34000000000000e+00	2.18710502443298e+04
3.35000000000000e+00	2.41416101854542e+04
3.36000000000000e+00	2.67629151774436e+04
3.37000000000000e+00	2.96719522000006e+04
3.38000000000000e+00	3.27966722864392e+04
3.39000000000000e+00	3.60601176547873e+04
3.40000000000000e+00	3.93842994302983e+04
3.41000000000000e+00	4.26926460567811e+04
3.42000000000000e+00	4.59135990681022e+04
3.43000000000000e+00	4.89795742760990e+04
3.44000000000000e+00	5.18282512146651e+04
3.45000000000000e+00	5.43979570466797e+04
3.46000000000000e+00	5.66269382252254e+04
3.47000000000000e+00	5.84543708884116e+04
3.48000000000000e+00	5.98192823152191e+04
3.49000000000000e+00	6.06665742874432e+04
3.50000000000000e+00	6.09440513370711e+04
3.51000000000000e+00	6.06116412264246e+04
3.52000000000000e+00	5.96403132512099e+04
3.53000000000000e+00	5.80125683545978e+04
3.54000000000000e+00	5.57237609291192e+04
3.55000000000000e+00	5.27813182797273e+04
3.56000000000000e+00	4.92073132128831e+04
3.57000000000000e+00	4.50428580525994e+04
3.58000000000000e+00	4.03549474385617e+04
3.59000000000000e+00	3.52415409757193e+04
3.60000000000000e+00	2.98373427803858e+04
3.61000000000000e+00	2.43120149925475e+04
3.62000000000000e+00	1.88684219929921e+04
3.63000000000000e+00	1.37385493199512e+04
3.64000000000000e+00	9.17959457584936e+03
3.65000000000000e+00	5.47277819960368e+03
3.66000000000000e+00	2.92743783813601e+03
3.67000000000000e+00	1.89102442085102e+03
3.68000000000000e+00	2.76735016923923e+03
3.69000000000000e+00	6.04171442914919e+03
3.70000000000000e+00	1.23111292251467e+04
3.71000000000000e+00	2.23157795932996e+04
3.72000000000000e+00	3.69656108985611e+04
3.73000000000000e+00	5.73643780451937e+04
3.74000000000000e+00	8.48254402988714e+04
3.75000000000000e+00	1.20870126687522e+05
3.76000000000000e+00	1.67237581385947e+05
3.77000000000000e+00	2.25881540577060e+05
3.78000000000000e+00	2.98967810513660e+05
3.79000000000000e+00	3.88857099059722e+05
3.80000000000000e+00	4.98056223635619e+05
3.81000000000000e+00	6.29178512481577e+05
3.82000000000000e+00	7.84833737246980e+05
3.83000000000000e+00	9.67535721539790e+05
3.84000000000000e+00	1.17954695137859e+06
3.85000000000000e+00	1.42276996281697e+06
3.86000000000000e+00	1.69859068926887e+06
3.87000000000000e+00	2.00769645221532e+06
3.88000000000000e+00	2.34998233420560e+06
3.89000000000000e+00	2.72440976422043e+06
3.90000000000000e+00	3.12872244761276e+06
3.91000000000000e+00	3.55925505153949e+06
3.92000000000000e+00	4.01024736496680e+06
3.93000000000000e+00	4.47313435062165e+06
3.94000000000000e+00	4.93590268946238e+06
3.95000000000000e+00	5.38226418677048e+06
3.96000000000000e+00	5.79183003816769e+06
3.97000000000000e+00	6.14124272305303e+06
3.98000000000000e+00	6.40614970544776e+06
3.99000000000000e+00	6.56475675305998e+06
4.00000000000000e+00	6.60126835861041e+06
4.01000000000000e+00	6.50878829482024e+06
4.02000000000000e+00	6.29081203902699e+06
4.03000000000000e+00	5.96114484610822e+06
4.04000000000000e+00	5.54216091995896e+06
4.05000000000000e+00	5.06186063743786e+06
4.06000000000000e+00	4.55019673200435e+06
4.07000000000000e+00	4.03603404622113e+06
4.08000000000000e+00	3.54388127391326e+06
4.09000000000000e+00	3.09246117036497e+06
4.10000000000000e+00	2.69382425017617e+06
4.11000000000000e+00	2.35365881722079e+06
4.12000000000000e+00	2.07216336763007e+06
4.13000000000000e+00	1.84519443950637e+06
4.14000000000000e+00	1.66551978381091e+06
4.15000000000000e+00	1.52399158893454e+06
4.16000000000000e+00	1.41073487488000e+06
4.17000000000000e+00	1.31617646318078e+06
4.18000000000000e+00	1.23199758458247e+06
4.19000000000000e+00	1.15168300767845e+06
4.20000000000000e+00	1.07085432363775e+06
4.21000000000000e+00	9.87197187997286e+05
4.22000000000000e+00	9.00166257645293e+05
4.23000000000000e+00	8.10523032523435e+05
4.24000000000000e+00	7.19866934448124e+05
4.25000000000000e+00	6.30193578382567e+05
4.26000000000000e+00	5.43555031430224e+05
4.27000000000000e+00	4.61805551363397e+05
4.28000000000000e+00	3.86434722021764e+05
4.29000000000000e+00	3.18477212421252e+05
4.30000000000000e+00	2.58479437676536e+05
4.31000000000000e+00	2.06548702841340e+05
4.32000000000000e+00	1.62437292184649e+05
4.33000000000000e+00	1.25652036734687e+05
4.34000000000000e+00	9.55774596257699e+04
4.35000000000000e+00	7.15673304915514e+04
4.36000000000000e+00	5.30144978280937e+04
4.37000000000000e+00	3.93890200916110e+04
4.38000000000000e+00	3.02587233522632e+04
4.39000000000000e+00	2.52753129401692e+04
4.40000000000000e+00	2.41571817003929e+04
4.41000000000000e+00	2.66577455176566e+04
4.42000000000000e+00	3.25285371640342e+04
4.43000000000000e+00	4.14814522994633e+04
4.44000000000000e+00	5.31544519967532e+04
4.45000000000000e+00	6.70879509109064e+04
4.46000000000000e+00	8.27163747562819e+04
4.47000000000000e+00	9.93791885433756e+04
4.48000000000000e+00	1.16356979755720e+05
4.49000000000000e+00	1.32918501345820e+05
4.50000000000000e+00	1.48376001933830e+05
4.51000000000000e+00	1.62143282124280e+05
4.52000000000000e+00	1.73773977300342e+05
4.53000000000000e+00	1.82987911273761e+05
4.54000000000000e+00	1.89674471323695e+05
4.55000000000000e+00	1.93868700164349e+05
4.56000000000000e+00	1.95722649873689e+05
4.57000000000000e+00	1.95464934626143e+05
4.58000000000000e+00	1.93354181360064e+05
4.59000000000000e+00	1.89651969674255e+05
4.60000000000000e+00	1.84589492164495e+05
4.61000000000000e+00	1.78357441239780e+05
4.62000000000000e+00	1.71097432543705e+05
4.63000000000000e+00	1.62909952335754e+05
4.64000000000000e+00	1.53863489587543e+05
4.65000000000000e+00	1.44016379637780e+05
4.66000000000000e+00	1.33437823233140e+05
4.67000000000000e+00	1.22226454344297e+05
4.68000000000000e+00	1.10534342163134e+05
4.69000000000000e+00	9.85845691659308e+04
4.70000000000000e+00	8.66944142289012e+04
4.71000000000000e+00	7.52961604599997e+04
4.72000000000000e+00	6.49649426588152e+04
4.73000000000000e+00	5.64421792010308e+04
4.74000000000000e+00	5.06569039680867e+04
4.75000000000000e+00	4.87206504176108e+04
4.76000000000000e+00	5.19024620900320e+04
4.77000000000000e+00	6.15721775693501e+04
4.78000000000000e+00	7.91046042474185e+04
4.79000000000000e+00	1.05760470323312e+05
4.80000000000000e+00	1.42549356279337e+05
4.81000000000000e+00	1.90096520481794e+05
4.82000000000000e+00	2.48530294772973e+05
4.83000000000000e+00	3.17424576000009e+05
4.84000000000000e+00	3.95792364682292e+05
4.85000000000000e+00	4.82164544852876e+05
4.86000000000000e+00	5.74725206401023e+05
4.87000000000000e+00	6.71462050371365e+05
4.88000000000000e+00	7.70326850636338e+05
4.89000000000000e+00	8.69348586684750e+05
4.90000000000000e+00	9.66743077617430e+05
4.91000000000000e+00	1.06088311903383e+06
4.92000000000000e+00	1.15036287667974e+06
4.93000000000000e+00	1.23393249259709e+06
4.94000000000000e+00	1.31044116947921e+06
4.95000000000000e+00	1.37885950131041e+06
4.96000000000000e+00	1.43812020581769e+06
4.97000000000000e+00	1.48721091824458e+06
4.98000000000000e+00	1.52503072596567e+06
4.99000000000000e+00	1.55043113294956e+06
5.00000000000000e+00	1.56224869282486e+06
5.01000000000000e+00	1.55933688950105e+06
5.02000000000000e+00	1.54079064401232e+06
5.03000000000000e+00	1.50603843492639e+06
5.04000000000000e+00	1.45509065291835e+06
5.05000000000000e+00	1.38866684098953e+06
5.06000000000000e+00	1.30827692992086e+06
5.07000000000000e+00	1.21617315909745e+06
5.08000000000000e+00	1.11522082221017e+06
5.09000000000000e+00	1.00866890071229e+06
5.10000000000000e+00	8.99865285666494e+05
5.11000000000000e+00	7.92026866769137e+05
5.12000000000000e+00	6.87965065639203e+05
5.13000000000000e+00	5.89969496787626e+05
5.14000000000000e+00	4.99706425533847e+05
5.15000000000000e+00	4.18213410363697e+05
5.16000000000000e+00	3.45954150187463e+05
5.17000000000000e+00	2.82943861711485e+05
5.18000000000000e+00	2.28840666729239e+05
5.19000000000000e+00	1.83069265685385e+05
5.20000000000000e+00	1.44917796125407e+05
5.21000000000000e+00	1.13594620656094e+05
5.22000000000000e+00	8.82936707912517e+04
5.23000000000000e+00	6.82148981328132e+04
5.24000000000000e+00	5.25918166985802e+04
5.25000000000000e+00	4.06958236405115e+04
5.26000000000000e+00	3.18583995815096e+04
5.27000000000000e+00	2.54705770277800e+04
5.28000000000000e+00	2.09946914740412e+04
5.29000000000000e+00	1.79669698068283e+04
5.30000000000000e+00	1.60019513920801e+04
5.31000000000000e+00	1.47892614670815e+04
5.32000000000000e+00	1.40895568047804e+04
5.33000000000000e+00	1.37266076359359e+04
5.34000000000000e+00	1.35762437192549e+04
5.35000000000000e+00	1.35556748367499e+04
5.36000000000000e+00	1.36125904980159e+04
5.37000000000000e+00	1.37158254159884e+04
5.38000000000000e+00	1.38478031256036e+04
5.39000000000000e+00	1.39995425190822e+04
5.40000000000000e+00	1.41667575026980e+04
5.41000000000000e+00	1.43467608561335e+04
5.42000000000000e+00	1.45380390067008e+04
5.43000000000000e+00	1.47388653391620e+04
5.44000000000000e+00	1.49472626808988e+04
5.45000000000000e+00	1.51609988215027e+04
5.46000000000000e+00	1.53780188554667e+04
5.47000000000000e+00	1.55961523357069e+04
5.48000000000000e+00	1.58137226777276e+04
5.49000000000000e+00	1.60299797708865e+04
5.50000000000000e+00	1.62442032396465e+04
5.51000000000000e+00	1.64572026910247e+04
5.52000000000000e+00	1.66703396944742e+04
5.53000000000000e+00	1.68860001252249e+04
5.54000000000000e+00	1.71068741191293e+04
5.55000000000000e+00	1.73352962519898e+04
5.56000000000000e+00	1.75728236911836e+04
5.57000000000000e+00	1.78192886528813e+04
5.58000000000000e+00	1.80721177800450e+04
5.59000000000000e+00	1.83264244462500e+04
5.60000000000000e+00	1.85739240112144e+04
5.61000000000000e+00	1.88043803963981e+04
5.62000000000000e+00	1.90044897758725e+04
5.63000000000000e+00	1.91603813915324e+04
5.64000000000000e+00	1.92571649533431e+04
5.65000000000000e+00	1.92817332330962e+04
5.66000000000000e+00	1.92237935460984e+04
5.67000000000000e+00	1.90784005866165e+04
5.68000000000000e+00	1.88465210596444e+04
5.69000000000000e+00	1.85360926131932e+04
5.70000000000000e+00	1.81630958395599e+04
5.71000000000000e+00	1.77498481067277e+04
5.72000000000000e+00	1.73235834633695e+04
5.73000000000000e+00	1.69141003401718e+04
5.74000000000000e+00	1.65494168230531e+04
5.75000000000000e+00	1.62538679493158e+04
5.76000000000000e+00	1.60446001279750e+04
5.77000000000000e+00	1.59303085448558e+04
5.78000000000000e+00	1.59101984056372e+04
5.79000000000000e+00	1.59744705457401e+04
5.80000000000000e+00	1.61061889745846e+04
5.81000000000000e+00	1.62830180997023e+04
5.82000000000000e+00	1.64796005972039e+04
5.83000000000000e+00	1.66711165406636e+04
5.84000000000000e+00	1.68343281331168e+04
5.85000000000000e+00	1.69516264389774e+04
5.86000000000000e+00	1.70111342401335e+04
5.87000000000000e+00	1.70087026262768e+04
5.88000000000000e+00	1.69478498893674e+04
5.89000000000000e+00	1.68378030389752e+04
5.90000000000000e+00	1.66937826960918e+04
5.91000000000000e+00	1.65327335414777e+04
5.92000000000000e+00	1.63719136191903e+04
5.93000000000000e+00	1.62258742107108e+04
5.94000000000000e+00	1.61060337496310e+04
5.95000000000000e+00	1.60192430394334e+04
5.96000000000000e+00	1.59682806943060e+04
5.97000000000000e+00	1.59531641831082e+04
5.98000000000000e+00	1.59722575266045e+04
5.99000000000000e+00	1.60231269778190e+04
6.00000000000000e+00	1.61034432160082e+04
6.01000000000000e+00	1.62120484463875e+04
6.02000000000000e+00	1.63486780941171e+04
6.03000000000000e+00	1.65133772374850e+04
6.04000000000000e+00	1.67064250127008e+04
6.05000000000000e+00	1.69273889047353e+04
6.06000000000000e+00	1.71739498093036e+04
6.07000000000000e+00	1.74423058340359e+04
6.08000000000000e+00	1.77259010174801e+04
6.09000000000000e+00	1.80169856111438e+04
6.10000000000000e+00	1.83060617736558e+04
6.11000000000000e+00	1.85839217611462e+04
6.12000000000000e+00	1.88420020915344e+04
6.13000000000000e+00	1.90736847266134e+04
6.14000000000000e+00	1.92740323553804e+04
6.15000000000000e+00	1.94415208675178e+04
6.16000000000000e+00	1.95762514192914e+04
6.17000000000000e+00	1.96801516005826e+04
6.18000000000000e+00	1.97575411921214e+04
6.19000000000000e+00	1.98123416026676e+04
6.20000000000000e+00	1.98496938475217e+04
6.21000000000000e+00	1.98733362517803e+04
6.22000000000000e+00	1.98865597546323e+04
6.23000000000000e+00	1.98906568796462e+04
6.24000000000000e+00	1.98861996929444e+04
6.25000000000000e+00	1.98723185936202e+04
6.26000000000000e+00	1.98479533585942e+04
6.27000000000000e+00	1.98121173996693e+04
6.28000000000000e+00	1.97636691840758e+04
6.29000000000000e+00	1.97027185617999e+04
6.30000000000000e+00	1.96294366555932e+04
6.31000000000000e+00	1.95442259345442e+04
6.32000000000000e+00	1.94475048756299e+04
6.33000000000000e+00	1.93404401798881e+04
6.34000000000000e+00	1.92230506779135e+04
6.35000000000000e+00	1.90969951043756e+04
6.36000000000000e+00	1.89634777392803e+04
6.37000000000000e+00	1.88236161488548e+04
6.38000000000000e+00	1.86790070256775e+04
6.39000000000000e+00	1.85312089563055e+04
6.40000000000000e+00	1.83816628217408e+04
6.41000000000000e+00	1.82319965258442e+04
6.42000000000000e+00	1.80839547153726e+04
6.43000000000000e+00	1.79396365014962e+04
6.44000000000000e+00	1.78010600947058e+04
6.45000000000000e+00	1.76701402874068e+04
6.46000000000000e+00	1.75488615249421e+04
6.47000000000000e+00	1.74386736936260e+04
6.48000000000000e+00	1.73406678295282e+04
6.49000000000000e+00	1.72556206337032e+04
6.50000000000000e+00	1.71838480102676e+04
6.51000000000000e+00	1.71256293942065e+04
6.52000000000000e+00	1.70806727287112e+04
6.53000000000000e+00	1.70487993857917e+04
6.54000000000000e+00	1.70289489936792e+04
6.55000000000000e+00	1.70202967387602e+04
6.56000000000000e+00	1.70219026431150e+04
6.57000000000000e+00	1.70325031736209e+04
6.58000000000000e+00	1.70515576021747e+04
6.59000000000000e+00	1.70786576324166e+04
6.60000000000000e+00	1.71135032540613e+04
6.61000000000000e+00	1.71552754311259e+04
6.62000000000000e+00	1.72027785108052e+04
6.63000000000000e+00	1.72532847596897e+04
6.64000000000000e+00	1.73032093790521e+04
6.65000000000000e+00	1.73476537028670e+04
6.66000000000000e+00	1.73808742189960e+04
6.67000000000000e+00	1.73961410556272e+04
6.68000000000000e+00	1.73864329481315e+04
6.69000000000000e+00	1.73440456920494e+04
6.70000000000000e+00	1.72613257149136e+04
6.71000000000000e+00	1.71308859067682e+04
6.72000000000000e+00	1.69465968229695e+04
6.73000000000000e+00	1.67047277787507e+04
6.74000000000000e+00	1.64044802919971e+04
6.75000000000000e+00	1.60494651394982e+04
6.76000000000000e+00	1.56482209131025e+04
6.77000000000000e+00	1.52149263235511e+04
6.78000000000000e+00	1.47690590821636e+04
6.79000000000000e+00	1.43353015023000e+04
6.80000000000000e+00	1.39425688202380e+04
6.81000000000000e+00	1.36223404065843e+04
6.82000000000000e+00	1.34065912731584e+04
6.83000000000000e+00	1.33259544396756e+04
6.84000000000000e+00	1.34068746144030e+04
6.85000000000000e+00	1.36696658711179e+04
6.86000000000000e+00	1.41267332156804e+04
6.87000000000000e+00	1.47810034050528e+04
6.88000000000000e+00	1.56256782836478e+04
6.89000000000000e+00	1.66431125950552e+04
6.90000000000000e+00	1.78063313584686e+04
6.91000000000000e+00	1.90790157323765e+04
6.92000000000000e+00	2.04177538782573e+04
6.93000000000000e+00	2.17737649867495e+04
6.94000000000000e+00	2.30951489672387e+04
6.95000000000000e+00	2.43296332848223e+04
6.96000000000000e+00	2.54273659148099e+04
6.97000000000000e+00	2.63428911867916e+04
6.98000000000000e+00	2.70385490502069e+04
6.99000000000000e+00	2.74858780371418e+04
7.00000000000000e+00	2.76679085268589e+04
7.01000000000000e+00	2.75800348046399e+04
7.02000000000000e+00	2.72311823993013e+04
7.03000000000000e+00	2.66428638149838e+04
7.04000000000000e+00	2.58484850253763e+04
7.05000000000000e+00	2.48907245968951e+04
7.06000000000000e+00	2.38191919869976e+04
7.07000000000000e+00	2.26869436680215e+04
7.08000000000000e+00	2.15468877470472e+04
7.09000000000000e+00	2.04485551162592e+04
7.10000000000000e+00	1.94351531823787e+04
7.11000000000000e+00	1.85410859124940e+04
7.12000000000000e+00	1.77905086270417e+04
7.13000000000000e+00	1.71968071256955e+04
7.14000000000000e+00	1.67631839198901e+04
7.15000000000000e+00	1.64839166430888e+04
7.16000000000000e+00	1.63465365128012e+04
7.17000000000000e+00	1.63340533622689e+04
7.18000000000000e+00	1.64275656160414e+04
7.19000000000000e+00	1.66074536079310e+04
7.20000000000000e+00	1.68561032736783e+04
7.21000000000000e+00	1.71571440405515e+04
7.22000000000000e+00	1.74975007728912e+04
7.23000000000000e+00	1.78661712666945e+04
7.24000000000000e+00	1.82542274402262e+04
7.25000000000000e+00	1.86545000998665e+04
7.26000000000000e+00	1.90608668765854e+04
7.27000000000000e+00	1.94679063865969e+04
7.28000000000000e+00	1.98702937363926e+04
7.29000000000000e+00	2.02632476593177e+04
7.30000000000000e+00	2.06417465266607e+04
7.31000000000000e+00	2.10005104168067e+04
7.32000000000000e+00	2.13344282155502e+04
7.33000000000000e+00	2.16393269732198e+04
7.34000000000000e+00	2.19106385560447e+04
7.35000000000000e+00	2.21450117000256e+04
7.36000000000000e+00	2.23392488568058e+04
7.37000000000000e+00	2.24909947203150e+04
7.38000000000000e+00	2.25974470015765e+04
7.39000000000000e+00	2.26560209732632e+04
7.40000000000000e+00	2.26634858880489e+04
7.41000000000000e+00	2.26154644745557e+04
7.42000000000000e+00	2.25062349049088e+04
7.43000000000000e+00	2.23292863828271e+04
7.44000000000000e+00	2.20764830615292e+04
7.45000000000000e+00	2.17386464152333e+04
7.46000000000000e+00	2.13069785652215e+04
7.47000000000000e+00	2.07731697791035e+04
7.48000000000000e+00	2.01309380661515e+04
7.49000000000000e+00	1.93772480184859e+04
7.50000000000000e+00	1.85133617582533e+04
7.51000000000000e+00	1.75455944025388e+04
7.52000000000000e+00	1.64858991777922e+04
7.53000000000000e+00	1.53519215981807e+04
7.54000000000000e+00	1.41661733167442e+04
7.55000000000000e+00	1.29551567723333e+04
7.56000000000000e+00	1.17478493943455e+04
7.57000000000000e+00	1.05733833073157e+04
7.58000000000000e+00	9.45907218834192e+03
7.59000000000000e+00	8.42859423592208e+03
7.60000000000000e+00	7.50015610327420e+03
7.61000000000000e+00	6.68552812860406e+03
7.62000000000000e+00	5.98941021305414e+03
7.63000000000000e+00	5.40984735811232e+03
7.64000000000000e+00	4.93910554815742e+03
7.65000000000000e+00	4.56481621375243e+03
7.66000000000000e+00	4.27146325348612e+03
7.67000000000000e+00	4.04204288583994e+03
7.68000000000000e+00	3.85894342391533e+03
7.69000000000000e+00	3.70538262418407e+03
7.70000000000000e+00	3.56602730685417e+03
7.71000000000000e+00	3.42750380667301e+03
7.72000000000000e+00	3.27863165185700e+03
7.73000000000000e+00	3.11042388416366e+03
7.74000000000000e+00	2.91639621296976e+03
7.75000000000000e+00	2.69202608883882e+03
7.76000000000000e+00	2.43536253346310e+03
7.77000000000000e+00	2.14682713076881e+03
7.78000000000000e+00	1.83017711134132e+03
7.79000000000000e+00	1.49358524754612e+03
7.80000000000000e+00	1.15107917175609e+03
7.81000000000000e+00	8.24807716052171e+02
7.82000000000000e+00	5.47310987986341e+02
7.83000000000000e+00	3.64127429540074e+02
7.84000000000000e+00	3.36303640896331e+02
7.85000000000000e+00	5.42458743849128e+02
7.86000000000000e+00	1.07992051466369e+03
7.87000000000000e+00	2.06424315665776e+03
7.88000000000000e+00	3.62631581742887e+03
7.89000000000000e+00	5.90574474058631e+03
7.90000000000000e+00	9.04014042508105e+03
7.91000000000000e+00	1.31495553408368e+04
7.92000000000000e+00	1.83164950789986e+04
7.93000000000000e+00	2.45631937905377e+04
7.94000000000000e+00	3.18302825748705e+04
7.95000000000000e+00	3.99617974084938e+04
7.96000000000000e+00	4.87001878887583e+04
7.97000000000000e+00	5.76980494499135e+04
7.98000000000000e+00	6.65457943119888e+04
7.99000000000000e+00	7.48167396323570e+04
8.00000000000000e+00	8.21103519773014e+04
8.01000000000000e+00	8.81012818871553e+04
8.02000000000000e+00	9.25693367620359e+04
8.03000000000000e+00	9.54132310525659e+04
8.04000000000000e+00	9.66425136706014e+04
8.05000000000000e+00	9.63649467019849e+04
8.06000000000000e+00	9.47537586210671e+04
8.07000000000000e+00	9.20253334109579e+04
8.08000000000000e+00	8.84150995822022e+04
8.09000000000000e+00	8.41595006957503e+04
8.10000000000000e+00	7.94850431433653e+04
8.11000000000000e+00	7.45991974461032e+04
8.12000000000000e+00	6.96822953278586e+04
8.13000000000000e+00	6.48850473723692e+04
8.14000000000000e+00	6.03223253408122e+04
8.15000000000000e+00	5.60750470839919e+04
8.16000000000000e+00	5.21895782586019e+04
8.17000000000000e+00	4.86841068149158e+04
8.18000000000000e+00	4.55535918996491e+04
8.19000000000000e+00	4.27757235246650e+04
8.20000000000000e+00	4.03172292831335e+04
8.21000000000000e+00	3.81419073677960e+04
8.22000000000000e+00	3.62124874441844e+04
8.23000000000000e+00	3.44949135200382e+04
8.24000000000000e+00	3.29608790507026e+04
8.25000000000000e+00	3.15871946969383e+04
8.26000000000000e+00	3.03543691035238e+04
8.27000000000000e+00	2.92480651296547e+04
8.28000000000000e+00	2.82556527270425e+04
8.29000000000000e+00	2.73666937920574e+04
8.30000000000000e+00	2.65724758742193e+04
8.31000000000000e+00	2.58642169078362e+04
8.32000000000000e+00	2.52344665183312e+04
8.33000000000000e+00	2.46756564450750e+04
8.34000000000000e+00	2.41812820650969e+04
8.35000000000000e+00	2.37443551832709e+04
8.36000000000000e+00	2.33589849016949e+04
8.37000000000000e+00	2.30192673903119e+04
8.38000000000000e+00	2.27195881864040e+04
8.39000000000000e+00	2.24551774838413e+04
8.40000000000000e+00	2.22220276446434e+04
8.41000000000000e+00	2.20160751625914e+04
8.42000000000000e+00	2.18346738373233e+04
8.43000000000000e+00	2.16754750697831e+04
8.44000000000000e+00	2.15368349738500e+04
8.45000000000000e+00	2.14173327682443e+04
8.46000000000000e+00	2.13160810955016e+04
8.47000000000000e+00	2.12318389565648e+04
8.48000000000000e+00	2.11638825206730e+04
8.49000000000000e+00	2.11113692933565e+04
8.50000000000000e+00	2.10736790387522e+04
8.51000000000000e+00	2.10505829852019e+04
8.52000000000000e+00	2.10406398187194e+04
8.53000000000000e+00	2.10428340063936e+04
8.54000000000000e+00	2.10546445312604e+04
8.55000000000000e+00	2.10730908388728e+04
8.56000000000000e+00	2.10943111947929e+04
8.57000000000000e+00	2.11138134810624e+04
8.58000000000000e+00	2.11273421660080e+04
8.59000000000000e+00	2.11308795173774e+04
8.60000000000000e+00	2.11211877169073e+04
8.61000000000000e+00	2.10959557405399e+04
8.62000000000000e+00	2.10530410731462e+04
8.63000000000000e+00	2.09918575896811e+04
8.64000000000000e+00	2.09125236780989e+04
8.65000000000000e+00	2.08157383925613e+04
8.66000000000000e+00	2.07027378744154e+04
8.67000000000000e+00	2.05750613510261e+04
8.68000000000000e+00	2.04345334329784e+04
8.69000000000000e+00	2.02827264003810e+04
8.70000000000000e+00	2.01214677304465e+04
8.71000000000000e+00	1.99520472760631e+04
8.72000000000000e+00	1.97760187412700e+04
8.73000000000000e+00	1.95938690017501e+04
8.74000000000000e+00	1.94069903541679e+04
8.75000000000000e+00	1.92157446932030e+04
8.76000000000000e+00	1.90209330258220e+04
8.77000000000000e+00	1.88227320123021e+04
8.78000000000000e+00	1.86224091401043e+04
8.79000000000000e+00	1.84206460391090e+04
8.80000000000000e+00	1.82185884866940e+04
8.81000000000000e+00	1.80180155629255e+04
8.82000000000000e+00	1.78206695895250e+04
8.83000000000000e+00	1.76281388425429e+04
8.84000000000000e+00	1.74425070374792e+04
8.85000000000000e+00	1.72652253771590e+04
8.86000000000000e+00	1.70974715629967e+04
8.87000000000000e+00	1.69405619748276e+04
8.88000000000000e+00	1.67950201972445e+04
8.89000000000000e+00	1.66616228200453e+04
8.90000000000000e+00	1.65404940826363e+04
8.91000000000000e+00	1.64321528913764e+04
8.92000000000000e+00	1.63356561516706e+04
8.93000000000000e+00	1.62515080180198e+04
8.94000000000000e+00	1.61781492189149e+04
8.95000000000000e+00	1.61154675472457e+04
8.96000000000000e+00	1.60616005344594e+04
8.97000000000000e+00	1.60153177861488e+04
8.98000000000000e+00	1.59744800862267e+04
8.99000000000000e+00	1.59373506745673e+04
9.00000000000000e+00	1.59021619568118e+04
9.01000000000000e+00	1.58676776846468e+04
9.02000000000000e+00	1.58324755644360e+04
9.03000000000000e+00	1.57960776392653e+04
9.04000000000000e+00	1.57577854692507e+04
9.05000000000000e+00	1.57167580700029e+04
9.06000000000000e+00	1.56723124026411e+04
9.07000000000000e+00	1.56232095630368e+04
9.08000000000000e+00	1.55686602500065e+04
9.09000000000000e+00	1.55082868481480e+04
9.10000000000000e+00	1.54422233430611e+04
9.11000000000000e+00	1.53705152861288e+04
9.12000000000000e+00	1.52944534761250e+04
9.13000000000000e+00	1.52149221652231e+04
9.14000000000000e+00	1.51336060505204e+04
9.15000000000000e+00	1.50517730100218e+04
9.16000000000000e+00	1.49705895307992e+04
9.17000000000000e+00	1.48915225965824e+04
9.18000000000000e+00	1.48154539577971e+04
9.19000000000000e+00	1.47431949425472e+04
9.20000000000000e+00	1.46751112845413e+04
9.21000000000000e+00	1.46116903807822e+04
9.22000000000000e+00	1.45528706897266e+04
9.23000000000000e+00	1.44985738457814e+04
9.24000000000000e+00	1.44487154380782e+04
9.25000000000000e+00	1.44029413359657e+04
9.26000000000000e+00	1.43612210012901e+04
9.27000000000000e+00	1.43238486758420e+04
9.28000000000000e+00	1.42911627084236e+04
9.29000000000000e+00	1.42643196898475e+04
9.30000000000000e+00	1.42439722831708e+04
9.31000000000000e+00	1.42315192407952e+04
9.32000000000000e+00	1.42277199350917e+04
9.33000000000000e+00	1.42331131238121e+04
9.34000000000000e+00	1.42475027539158e+04
9.35000000000000e+00	1.42700981497273e+04
9.36000000000000e+00	1.42995333066330e+04
9.37000000000000e+00	1.43331421706653e+04
9.38000000000000e+00	1.43685772286667e+04
9.39000000000000e+00	1.44031165222674e+04
9.40000000000000e+00	1.44337564145334e+04
9.41000000000000e+00	1.44582048631129e+04
9.42000000000000e+00	1.44747556925735e+04
9.43000000000000e+00	1.44822218606788e+04
9.44000000000000e+00	1.44800926560069e+04
9.45000000000000e+00	1.44685573664633e+04
9.46000000000000e+00	1.44482856699324e+04
9.47000000000000e+00	1.44205785466233e+04
9.48000000000000e+00	1.43870249416406e+04
9.49000000000000e+00	1.43491628947736e+04
9.50000000000000e+00	1.43088143496675e+04
9.51000000000000e+00	1.42675086912580e+04
9.52000000000000e+00	1.42263500000077e+04
9.53000000000000e+00	1.41856541044228e+04
9.54000000000000e+00	1.41455634296656e+04
9.55000000000000e+00	1.41054501798368e+04
9.56000000000000e+00	1.40650017634262e+04
9.57000000000000e+00	1.40245880860934e+04
9.58000000000000e+00	1.39851333457722e+04
9.59000000000000e+00	1.39483353096330e+04
9.60000000000000e+00	1.39155837971386e+04
9.61000000000000e+00	1.38880579930005e+04
9.62000000000000e+00	1.38658501069822e+04
9.63000000000000e+00	1.38485050306233e+04
9.64000000000000e+00	1.38346351778875e+04
9.65000000000000e+00	1.38227417161136e+04
9.66000000000000e+00	1.38115556197018e+04
9.67000000000000e+00	1.38005616544576e+04
9.68000000000000e+00	1.37890047721310e+04
9.69000000000000e+00	1.37767620297789e+04
9.70000000000000e+00	1.37637890505506e+04
9.71000000000000e+00	1.37500279529147e+04
9.72000000000000e+00	1.37354442667896e+04
9.73000000000000e+00	1.37199479246733e+04
9.74000000000000e+00	1.37038381919726e+04
9.75000000000000e+00	1.36868451923787e+04
9.76000000000000e+00	1.36691679222013e+04
9.77000000000000e+00	1.36504174255567e+04
9.78000000000000e+00	1.36306735151566e+04
9.79000000000000e+00	1.36100855659491e+04
9.80000000000000e+00	1.35885474152398e+04
9.81000000000000e+00	1.35660327927112e+04
9.82000000000000e+00	1.35427716130616e+04
9.83000000000000e+00	1.35188190668262e+04
9.84000000000000e+00	1.34941725628810e+04
9.85000000000000e+00	1.34688656580843e+04
9.86000000000000e+00	1.34428977888557e+04
9.87000000000000e+00	1.34168403543362e+04
9.88000000000000e+00	1.33915542798171e+04
9.89000000000000e+00	1.33708003496629e+04
9.90000000000000e+00	1.33633501287646e+04
9.91000000000000e+00	1.33883993007328e+04
9.92000000000000e+00	1.34842664581893e+04
9.93000000000000e+00	1.37177569027357e+04
9.94000000000000e+00	1.41987007303371e+04
9.95000000000000e+00	1.50993981446404e+04
9.96000000000000e+00	1.66964163219311e+04
9.97000000000000e+00	1.94621006866371e+04
9.98000000000000e+00	2.42812414961172e+04
9.99000000000000e+00	3.29932723424735e+04
1.00000000000000e+01	4.99116451775675e+04
1.00100000000000e+01	8.60333122091036e+04
1.00200000000000e+01	1.58251074468564e+05
1.00300000000000e+01	1.88505685957909e+05
1.00400000000000e+01	1.00794194048103e+05
1.00500000000000e+01	4.63261070327623e+04
1.00600000000000e+01	2.40485060405736e+04
1.00700000000000e+01	1.40390497505793e+04
1.00800000000000e+01	8.93815176266222e+03
1.00900000000000e+01	6.06387992362289e+03
1.01000000000000e+01	4.31561341468781e+03
1.01100000000000e+01	3.18759505322550e+03
1.01200000000000e+01	2.42513214702982e+03
1.01300000000000e+01	1.89010543177054e+03
1.01400000000000e+01	1.50295715213405e+03
1.01500000000000e+01	1.21550436968467e+03
1.01600000000000e+01	9.97393176120905e+02
1.01700000000000e+01	8.28745857434933e+02
1.01800000000000e+01	6.96213768020683e+02
1.01900000000000e+01	5.90564025748746e+02
1.02000000000000e+01	5.05282034314906e+02
1.02100000000000e+01	4.35654481333573e+02
1.02200000000000e+01	3.78233789284318e+02
1.02300000000000e+01	3.30447160950230e+02
1.02400000000000e+01	2.90352195032089e+02
1.02500000000000e+01	2.56458828832474e+02
1.02600000000000e+01	2.27607576593802e+02
1.02700000000000e+01	2.02896243626182e+02
1.02800000000000e+01	1.81610911451659e+02
1.02900000000000e+01	1.63178160099878e+02
1.03000000000000e+01	1.47135197631641e+02
1.03100000000000e+01	1.33109606889253e+02
1.03200000000000e+01	1.20795610761378e+02
1.03300000000000e+01	1.09940341701528e+02
1.03400000000000e+01	1.00334935217882e+02
1.03500000000000e+01	9.18048250290807e+01
1.03600000000000e+01	8.42054053525326e+01
1.03700000000000e+01	7.74112134786527e+01
1.03800000000000e+01	7.13202923789054e+01
1.03900000000000e+01	6.58430706789265e+01
1.04000000000000e+01	6.09034889509539e+01
1.04100000000000e+01	5.64377422597819e+01
1.04200000000000e+01	5.23906906144663e+01
1.04300000000000e+01	4.87133281660896e+01
1.04400000000000e+01	4.53649428460668e+01
1.04500000000000e+01	4.23105937348285e+01
1.04600000000000e+01	3.95173852953807e+01
1.04700000000000e+01	3.69591305501489e+01
1.04800000000000e+01	3.46118746377187e+01
1.04900000000000e+01	3.24544881096158e+01
1.05000000000000e+01	3.04685480157134e+01
1.05100000000000e+01	2.86375128007436e+01
1.05200000000000e+01	2.69468426288796e+01
1.05300000000000e+01	2.53836270808040e+01
1.05400000000000e+01	2.39362993736729e+01
1.05500000000000e+01	2.25946890213792e+01
1.05600000000000e+01	2.13492438450901e+01
1.05700000000000e+01	2.01917023010364e+01
1.05800000000000e+01	1.91143857900276e+01
1.05900000000000e+01	1.81105100297855e+01
1.06000000000000e+01	1.71741860502420e+01
1.06100000000000e+01	1.62996791949328e+01
1.06200000000000e+01	1.54820071617936e+01
1.06300000000000e+01	1.47167743895172e+01
1.06400000000000e+01	1.39996987542543e+01
1.06500000000000e+01	1.33271804140808e+01
1.06600000000000e+01	1.26955289920408e+01
1.06700000000000e+01	1.21019539528400e+01
1.06800000000000e+01	1.15435998106321e+01
1.06900000000000e+01	1.10177891922080e+01
1.07000000000000e+01	1.05219647323646e+01
1.07100000000000e+01	1.00544370873346e+01
1.07200000000000e+01	9.61289646963775e+00
1.07300000000000e+01	9.19578061473669e+00
1.07400000000000e+01	8.80135710850007e+00
1.07500000000000e+01	8.42808703601079e+00
1.07600000000000e+01	8.07486149708910e+00
1.07700000000000e+01	7.74019494638290e+00
1.07800000000000e+01	7.42304837291129e+00
1.07900000000000e+01	7.12231426723715e+00
1.08000000000000e+01	6.83704107955204e+00
1.08100000000000e+01	6.56634986708263e+00
1.08200000000000e+01	6.30932820818068e+00
1.08300000000000e+01	6.06515976668502e+00
1.08400000000000e+01	5.83306207704850e+00
1.08500000000000e+01	5.61229508798437e+00
1.08600000000000e+01	5.40227875080947e+00
1.08700000000000e+01	5.20230072240189e+00
1.08800000000000e+01	5.01167571769073e+00
1.08900000000000e+01	4.83001976290484e+00
1.09000000000000e+01	4.65663203692367e+00
1.09100000000000e+01	4.49108407756155e+00
1.09200000000000e+01	4.33296702270469e+00
1.09300000000000e+01	4.18171371918319e+00
1.09400000000000e+01	4.03701834559952e+00
1.09500000000000e+01	3.89850660358092e+00
1.09600000000000e+01	3.76577138047095e+00
1.09700000000000e+01	3.63854341414373e+00
1.09800000000000e+01	3.51646854245985e+00
1.09900000000000e+01	3.39930159987427e+00
1.10000000000000e+01	3.28679836624058e+00
1.10100000000000e+01	3.17876899898618e+00
1.10200000000000e+01	3.07493435544284e+00
1.10300000000000e+01	2.97520779061307e+00
1.10400000000000e+01	2.87937485862976e+00
1.10500000000000e+01	2.78725999687599e+00
1.10600000000000e+01	2.69884288656022e+00
1.10700000000000e+01	2.61391709699412e+00
1.10800000000000e+01	2.53235208879734e+00
1.10900000000000e+01	2.45411459846599e+00
1.11000000000000e+01	2.37903859746405e+00
1.11100000000000e+01	2.30702366739368e+00
1.11200000000000e+01	2.23791107289565e+00
1.11300000000000e+01	2.17160591596344e+00
1.11400000000000e+01	2.10797666900709e+00
1.11500000000000e+01	2.04688272089902e+00
1.11600000000000e+01	1.98819245698844e+00
1.11700000000000e+01	1.93179790745684e+00
1.11800000000000e+01	1.87755805796602e+00
1.11900000000000e+01	1.82535789207099e+00
1.12000000000000e+01	1.77507575293030e+00
1.12100000000000e+01	1.72660080010914e+00
1.12200000000000e+01	1.67987804001145e+00
1.12300000000000e+01	1.63478645894145e+00
1.12400000000000e+01	1.59123547684073e+00
1.12500000000000e+01	1.54917411154592e+00
1.12600000000000e+01	1.50848978399392e+00
1.12700000000000e+01	1.46917057932084e+00
1.12800000000000e+01	1.43112259775239e+00
1.12900000000000e+01	1.39431815987704e+00
1.13000000000000e+01	1.35868009404278e+00
1.13100000000000e+01	1.32419151893392e+00
1.13200000000000e+01	1.29076462475312e+00
1.13300000000000e+01	1.25839308396553e+00
1.13400000000000e+01	1.22701321210167e+00
1.13500000000000e+01	1.19660326969513e+00
1.13600000000000e+01	1.16711268306058e+00
1.13700000000000e+01	1.13849916722993e+00
1.13800000000000e+01	1.11074793957178e+00
1.13900000000000e+01	1.08379048406065e+00
1.14000000000000e+01	1.05763693187296e+00
1.14100000000000e+01	1.03223098802092e+00
1.14200000000000e+01	1.00754790173082e+00
1.14300000000000e+01	9.83577157936861e-01
1.14400000000000e+01	9.60288918279648e-01
1.14500000000000e+01	9.37665696200301e-01
1.14600000000000e+01	9.15680402809491e-01
1.14700000000000e+01	8.94310239052031e-01
1.14800000000000e+01	8.73522350597295e-01
1.14900000000000e+01	8.53311082903400e-01
1.15000000000000e+01	8.33662423943778e-01
1.15100000000000e+01	8.14547265572150e-01
1.15200000000000e+01	7.95950065902227e-01
1.15300000000000e+01	7.77860000290505e-01
1.15400000000000e+01	7.60241048766492e-01
1.15500000000000e+01	7.43117307645475e-01
1.15600000000000e+01	7.26448265184031e-01
1.15700000000000e+01	7.10237083353505e-01
1.15800000000000e+01	6.94473953168118e-01
1.15900000000000e+01	6.79165491489081e-01
1.16000000000000e+01	6.64286385882130e-01
1.16100000000000e+01	6.49849077009855e-01
1.16200000000000e+01	6.35837368146515e-01
1.16300000000000e+01	6.22247728534207e-01
1.16400000000000e+01	6.09062083181320e-01
1.16500000000000e+01	5.96263685885778e-01
1.16600000000000e+01	5.83844186272075e-01
1.16700000000000e+01	5.71787337713067e-01
1.16800000000000e+01	5.60069721139984e-01
1.16900000000000e+01	5.48664932696524e-01
1.17000000000000e+01	5.37569703196978e-01
1.17100000000000e+01	5.26748756301176e-01
1.17200000000000e+01	5.16182305803260e-01
1.17300000000000e+01	5.05867697063271e-01
1.17400000000000e+01	4.95776517980079e-01
1.17500000000000e+01	4.85904543824871e-01
1.17600000000000e+01	4.76241444765674e-01
1.17700000000000e+01	4.66770388673130e-01
1.17800000000000e+01	4.57510914959113e-01
1.17900000000000e+01	4.48439153545668e-01
1.18000000000000e+01	4.39566586641136e-01
1.18100000000000e+01	4.30886165926588e-01
1.18200000000000e+01	4.22407407169316e-01
1.18300000000000e+01	4.14132101278883e-01
1.18400000000000e+01	4.06060231919226e-01
1.18500000000000e+01	3.98186083004868e-01
1.18600000000000e+01	3.90514425464543e-01
1.18700000000000e+01	3.83044786359981e-01
1.18800000000000e+01	3.75769230488662e-01
1.18900000000000e+01	3.68680401954831e-01
1.19000000000000e+01	3.61777096169031e-01
1.19100000000000e+01	3.55052481921367e-01
1.19200000000000e+01	3.48494030899323e-01
1.19300000000000e+01	3.42101635612722e-01
1.19400000000000e+01	3.35864312427602e-01
1.19500000000000e+01	3.29771546018406e-01
1.19600000000000e+01	3.23826697723945e-01
1.19700000000000e+01	3.18007387403172e-01
1.19800000000000e+01	3.12320710344519e-01
1.19900000000000e+01	3.06750902146818e-01
1.20000000000000e+01	3.01295354405380e-01
1.20100000000000e+01	2.95947298371377e-01
1.20200000000000e+01	2.90711680942744e-01
1.20300000000000e+01	2.85575245878217e-01
1.20400000000000e+01	2.80536626198461e-01
1.20500000000000e+01	2.75596744826980e-01
1.20600000000000e+01	2.70758761391619e-01
1.20700000000000e+01	2.66018752488324e-01
1.20800000000000e+01	2.61375097004692e-01
1.20900000000000e+01	2.56832210682132e-01
1.21000000000000e+01	2.52387563900565e-01
1.21100000000000e+01	2.48046666251275e-01
1.21200000000000e+01	2.43808607342908e-01
1.21300000000000e+01	2.39667833946412e-01
1.21400000000000e+01	2.35630682700637e-01
1.21500000000000e+01	2.31695369872064e-01
1.21600000000000e+01	2.27852299722481e-01
1.21700000000000e+01	2.24105426850444e-01
1.21800000000000e+01	2.20449065043913e-01
1.21900000000000e+01	2.16878107106354e-01
1.22000000000000e+01	2.13389572245246e-01
1.22100000000000e+01	2.09976764440187e-01
1.22200000000000e+01	2.06637534889226e-01
1.22300000000000e+01	2.03367794466513e-01
1.22400000000000e+01	2.00158895823575e-01
1.22500000000000e+01	1.97010717575689e-01
1.22600000000000e+01	1.93920328751524e-01
1.22700000000000e+01	1.90879973145366e-01
1.22800000000000e+01	1.87887301601243e-01
1.22900000000000e+01	1.84939707046387e-01
1.23000000000000e+01	1.82033953348968e-01
1.23100000000000e+01	1.79166557442174e-01
1.23200000000000e+01	1.76337320687558e-01
1.23300000000000e+01	1.73543525434014e-01
1.23400000000000e+01	1.70782410768344e-01
1.23500000000000e+01	1.68055860302636e-01
1.23600000000000e+01	1.65362834716027e-01
1.23700000000000e+01	1.62701111247089e-01
1.23800000000000e+01	1.60069851500821e-01
1.23900000000000e+01	1.57476152249653e-01
1.24000000000000e+01	1.54917706100322e-01
1.24100000000000e+01	1.52396953205052e-01
1.24200000000000e+01	1.49915217028730e-01
1.24300000000000e+01	1.47474496440315e-01
1.24400000000000e+01	1.45075358600947e-01
1.24500000000000e+01	1.42715697113062e-01
1.24600000000000e+01	1.40402183126319e-01
1.24700000000000e+01	1.38127397257325e-01
1.24800000000000e+01	1.35896575620800e-01
1.24900000000000e+01	1.33707515456099e-01
1.25000000000000e+01	1.31562493353491e-01
1.25100000000000e+01	1.29457110415328e-01
1.25200000000000e+01	1.27390595597740e-01
1.25300000000000e+01	1.25365341869429e-01
1.25400000000000e+01	1.23382542363915e-01
1.25500000000000e+01	1.21436834744503e-01
1.25600000000000e+01	1.19530475185741e-01
1.25700000000000e+01	1.17663532976482e-01
1.25800000000000e+01	1.15836938199072e-01
1.25900000000000e+01	1.14047322173435e-01
1.26000000000000e+01	1.12295777313369e-01
1.26100000000000e+01	1.10579043140553e-01
1.26200000000000e+01	1.08899166655884e-01
1.26300000000000e+01	1.07254037929853e-01
1.26400000000000e+01	1.05638083787206e-01
1.26500000000000e+01	1.04057172643247e-01
1.26600000000000e+01	1.02506776710707e-01
1.26700000000000e+01	1.00984380634425e-01
1.26800000000000e+01	9.94922851104448e-02
1.26900000000000e+01	9.80297797736352e-02
1.27000000000000e+01	9.65946595946441e-02
1.27100000000000e+01	9.51871411507779e-02
1.27200000000000e+01	9.38085095514856e-02
1.27300000000000e+01	9.24562152820379e-02
1.27400000000000e+01	9.11330875079342e-02
1.27500000000000e+01	8.98382465704845e-02
1.27600000000000e+01	8.85700821960082e-02
1.27700000000000e+01	8.73277590036394e-02
1.27800000000000e+01	8.61129510004356e-02
1.27900000000000e+01	8.49240700624889e-02
1.28000000000000e+01	8.37594757702369e-02
1.28100000000000e+01	8.26177731116385e-02
1.28200000000000e+01	8.15006431666937e-02
1.28300000000000e+01	8.04058566780605e-02
1.28400000000000e+01	7.93307618671351e-02
1.28500000000000e+01	7.82791975620497e-02
1.28600000000000e+01	7.72463993018927e-02
1.28700000000000e+01	7.62332030188227e-02
1.28800000000000e+01	7.52393674818416e-02
1.28900000000000e+01	7.42636680437347e-02
1.29000000000000e+01	7.33064490874929e-02
1.29100000000000e+01	7.23664880485014e-02
1.29200000000000e+01	7.14442203769545e-02
1.29300000000000e+01	7.05384667424331e-02
1.29400000000000e+01	6.96489189149201e-02
1.29500000000000e+01	6.87751596785130e-02
1.29600000000000e+01	6.79163368362790e-02
1.29700000000000e+01	6.70726575598508e-02
1.29800000000000e+01	6.62419973339208e-02
1.29900000000000e+01	6.54266863774593e-02
1.30000000000000e+01	6.46238898685529e-02
1.30100000000000e+01	6.38357706066809e-02
1.30200000000000e+01	6.30615382253656e-02
1.30300000000000e+01	6.22989428526905e-02
1.30400000000000e+01	6.15507848934289e-02
1.30500000000000e+01	6.08136587685763e-02
1.30600000000000e+01	6.00902576212185e-02
1.30700000000000e+01	5.93766494583467e-02
1.30800000000000e+01	5.86743581895696e-02
1.30900000000000e+01	5.79831053128915e-02
1.31000000000000e+01	5.72992718409836e-02
1.31100000000000e+01	5.66266112218742e-02
1.31200000000000e+01	5.59606544369596e-02
1.31300000000000e+01	5.53019059909932e-02
1.31400000000000e+01	5.46493356763926e-02
1.31500000000000e+01	5.40041325386178e-02
1.31600000000000e+01	5.33662643519402e-02
1.31700000000000e+01	5.27343069005375e-02
1.31800000000000e+01	5.21083218143747e-02
1.31900000000000e+01	5.14903840304008e-02
1.32000000000000e+01	5.08788905014641e-02
1.32100000000000e+01	5.02752907776963e-02
1.32200000000000e+01	4.96789670136013e-02
1.32300000000000e+01	4.90897908077778e-02
1.32400000000000e+01	4.85090494716697e-02
1.32500000000000e+01	4.79357796880493e-02
1.32600000000000e+01	4.73687613615996e-02
1.32700000000000e+01	4.68091487901855e-02
1.32800000000000e+01	4.62560212561150e-02
1.32900000000000e+01	4.57091857825328e-02
1.33000000000000e+01	4.51687557030118e-02
1.33100000000000e+01	4.46342015097261e-02
1.33200000000000e+01	4.41059920736007e-02
1.33300000000000e+01	4.35836757074425e-02
1.33400000000000e+01	4.30681129666643e-02
1.33500000000000e+01	4.25592894655888e-02
1.33600000000000e+01	4.20571137967817e-02
1.33700000000000e+01	4.15619296561720e-02
1.33800000000000e+01	4.10744245545030e-02
1.33900000000000e+01	4.05944285410806e-02
1.34000000000000e+01	4.01217655085278e-02
1.34100000000000e+01	3.96566191903627e-02
1.34200000000000e+01	3.91992185572797e-02
1.34300000000000e+01	3.87489142109277e-02
1.34400000000000e+01	3.83058360275758e-02
1.34500000000000e+01	3.78699393659390e-02
1.34600000000000e+01	3.74405281069054e-02
1.34700000000000e+01	3.70174977922504e-02
1.34800000000000e+01	3.66011490338901e-02
1.34900000000000e+01	3.61903956177246e-02
1.35000000000000e+01	3.57855721688314e-02
1.35100000000000e+01	3.53858775617089e-02
1.35200000000000e+01	3.49914943011660e-02
1.35300000000000e+01	3.46020718097307e-02
1.35400000000000e+01	3.42173287438984e-02
1.35500000000000e+01	3.38366587581427e-02
1.35600000000000e+01	3.34603586231886e-02
1.35700000000000e+01	3.30875772720667e-02
1.35800000000000e+01	3.27187494539811e-02
1.35900000000000e+01	3.23527767283807e-02
1.36000000000000e+01	3.19904596468489e-02
1.36100000000000e+01	3.16309669237947e-02
1.36200000000000e+01	3.12745838252472e-02
1.36300000000000e+01	3.09208487923688e-02
1.36400000000000e+01	3.05702369447879e-02
1.36500000000000e+01	3.02227806213513e-02
1.36600000000000e+01	2.98781838596189e-02
1.36700000000000e+01	2.95368445623757e-02
1.36800000000000e+01	2.91990656132521e-02
1.36900000000000e+01	2.88649578583582e-02
1.37000000000000e+01	2.85345177069070e-02
1.37100000000000e+01	2.82082822901007e-02
1.37200000000000e+01	2.78862142388288e-02
1.37300000000000e+01	2.75692752792491e-02
1.37400000000000e+01	2.72569162338222e-02
1.37500000000000e+01	2.69500554562868e-02
1.37600000000000e+01	2.66483609690073e-02
1.37700000000000e+01	2.63520584086724e-02
1.37800000000000e+01	2.60612926037058e-02
1.37900000000000e+01	2.57757908786821e-02
1.38000000000000e+01	2.54959883416650e-02
1.38100000000000e+01	2.52210843925450e-02
1.38200000000000e+01	2.49511798754252e-02
1.38300000000000e+01	2.46858925518366e-02
1.38400000000000e+01	2.44250797942949e-02
1.38500000000000e+01	2.41686189272415e-02
1.38600000000000e+01	2.39158852220887e-02
1.38700000000000e+01	2.36667634178741e-02
1.38800000000000e+01	2.34214829644929e-02
1.38900000000000e+01	2.31791920795608e-02
1.39000000000000e+01	2.29399058746337e-02
1.39100000000000e+01	2.27037022013984e-02
1.39200000000000e+01	2.24702135377150e-02
1.39300000000000e+01	2.22392801661076e-02
1.39400000000000e+01	2.20109799022060e-02
1.39500000000000e+01	2.17852097714150e-02
1.39600000000000e+01	2.15615247161261e-02
1.39700000000000e+01	2.13401443022907e-02
1.39800000000000e+01	2.11211112811818e-02
1.39900000000000e+01	2.09041436050852e-02
1.40000000000000e+01	2.06894832036538e-02
1.40100000000000e+01	2.04769325659235e-02
1.40200000000000e+01	2.02664802023593e-02
1.40300000000000e+01	2.00582682117693e-02
1.40400000000000e+01	1.98526701217572e-02
1.40500000000000e+01	1.96493069668592e-02
1.40600000000000e+01	1.94483994724107e-02
1.40700000000000e+01	1.92501833444571e-02
1.40800000000000e+01	1.90545136823032e-02
1.40900000000000e+01	1.88614341222917e-02
1.41000000000000e+01	1.86710056849341e-02
1.41100000000000e+01	1.84831987150931e-02
1.41200000000000e+01	1.82978872100286e-02
1.41300000000000e+01	1.81150961300007e-02
1.41400000000000e+01	1.79346309585597e-02
1.41500000000000e+01	1.77561219418688e-02
1.41600000000000e+01	1.75796675850946e-02
1.41700000000000e+01	1.74048947308380e-02
1.41800000000000e+01	1.72317257734776e-02
1.41900000000000e+01	1.70600639242154e-02
1.42000000000000e+01	1.68896728327030e-02
1.42100000000000e+01	1.67205492673247e-02
1.42200000000000e+01	1.65529860439527e-02
1.42300000000000e+01	1.63866017949640e-02
1.42400000000000e+01	1.62216015245427e-02
1.42500000000000e+01	1.60582222548485e-02
1.42600000000000e+01	1.58962788472729e-02
1.42700000000000e+01	1.57360962942829e-02
1.42800000000000e+01	1.55779153790804e-02
1.42900000000000e+01	1.54214374592440e-02
1.43000000000000e+01	1.52670615689984e-02
1.43100000000000e+01	1.51146894948250e-02
1.43200000000000e+01	1.49641382381121e-02
1.43300000000000e+01	1.48156706361821e-02
1.43400000000000e+01	1.46690830692205e-02
1.43500000000000e+01	1.45245129336760e-02
1.43600000000000e+01	1.43817575001197e-02
1.43700000000000e+01	1.42405860714660e-02
1.43800000000000e+01	1.41013750516254e-02
1.43900000000000e+01	1.39638727636240e-02
1.44000000000000e+01	1.38282410959553e-02
1.44100000000000e+01	1.36941846937941e-02
1.44200000000000e+01	1.35618987319127e-02
1.44300000000000e+01	1.34312834040677e-02
1.44400000000000e+01	1.33026087625565e-02
1.44500000000000e+01	1.31754886397069e-02
1.44600000000000e+01	1.30502179048963e-02
1.44700000000000e+01	1.29266389937214e-02
1.44800000000000e+01	1.28046746552480e-02
1.44900000000000e+01	1.26844460634723e-02
1.45000000000000e+01	1.25657916065479e-02
1.45100000000000e+01	1.24488140482038e-02
1.45200000000000e+01	1.23333374960476e-02
1.45300000000000e+01	1.22193066569041e-02
1.45400000000000e+01	1.21068653387395e-02
1.45500000000000e+01	1.19957015002059e-02
1.45600000000000e+01	1.18859271655204e-02
1.45700000000000e+01	1.17775050001186e-02
1.45800000000000e+01	1.16701600802669e-02
1.45900000000000e+01	1.15642597860051e-02
1.46000000000000e+01	1.14594303473271e-02
1.46100000000000e+01	1.13555722210682e-02
1.46200000000000e+01	1.12530444905598e-02
1.46300000000000e+01	1.11513708153378e-02
1.46400000000000e+01	1.10508492062615e-02
1.46500000000000e+01	1.09514372151998e-02
1.46600000000000e+01	1.08529266566048e-02
1.46700000000000e+01	1.07554933337232e-02
1.46800000000000e+01	1.06592038409030e-02
1.46900000000000e+01	1.05639625686072e-02
1.47000000000000e+01	1.04698494899898e-02
1.47100000000000e+01	1.03767932587126e-02
1.47200000000000e+01	1.02847967018594e-02
1.47300000000000e+01	1.01939330964094e-02
1.47400000000000e+01	1.01042165456446e-02
1.47500000000000e+01	1.00155929326384e-02
1.47600000000000e+01	9.92805721659533e-03
1.47700000000000e+01	9.84156396389316e-03
1.47800000000000e+01	9.75598390015518e-03
1.47900000000000e+01	9.67141522574767e-03
1.48000000000000e+01	9.58772111441609e-03
1.48100000000000e+01	9.50477568285435e-03
1.48200000000000e+01	9.42279261084769e-03
1.48300000000000e+01	9.34139529678312e-03
1.48400000000000e+01	9.26071907624648e-03
1.48500000000000e+01	9.18075068219387e-03
1.48600000000000e+01	9.10139404080704e-03
1.48700000000000e+01	9.02262918621331e-03
1.48800000000000e+01	8.94447051354954e-03
1.48900000000000e+01	8.86680399142709e-03
1.49000000000000e+01	8.78987728678698e-03
1.49100000000000e+01	8.71343226283136e-03
1.49200000000000e+01	8.63762646685848e-03
1.49300000000000e+01	8.56240299662973e-03
1.49400000000000e+01	8.48783406841381e-03
1.49500000000000e+01	8.41385590063593e-03
1.49600000000000e+01	8.34063964721902e-03
1.49700000000000e+01	8.26810652217872e-03
1.49800000000000e+01	8.19629672686927e-03
1.49900000000000e+01	8.12528255262178e-03
1.50000000000000e+01	8.05497670608595e-03
1.50100000000000e+01	7.98554825837574e-03
1.50200000000000e+01	7.91675970488124e-03
1.50300000000000e+01	7.84882606884723e-03
1.50400000000000e+01	7.78172739936777e-03
1.50500000000000e+01	7.71535293577843e-03
1.50600000000000e+01	7.64973780894427e-03
1.50700000000000e+01	7.58481937970474e-03
1.50800000000000e+01	7.52056387736451e-03
1.50900000000000e+01	7.45703132671857e-03
1.51000000000000e+01	7.39404965167057e-03
1.51100000000000e+01	7.33168145147688e-03
1.51200000000000e+01	7.26992797329188e-03
1.51300000000000e+01	7.20860441383015e-03
1.51400000000000e+01	7.14788343805950e-03
1.51500000000000e+01	7.08758180886343e-03
1.51600000000000e+01	7.02770973356916e-03
1.51700000000000e+01	6.96832075453926e-03
1.51800000000000e+01	6.90946356595258e-03
1.51900000000000e+01	6.85103762531880e-03
1.52000000000000e+01	6.79309462302291e-03
1.52100000000000e+01	6.73566646812878e-03
1.52200000000000e+01	6.67879375760028e-03
1.52300000000000e+01	6.62242904261876e-03
1.52400000000000e+01	6.56650751312181e-03
1.52500000000000e+01	6.51110502846767e-03
1.52600000000000e+01	6.45614802956425e-03
1.52700000000000e+01	6.40159976633623e-03
1.52800000000000e+01	6.34743060899044e-03
1.52900000000000e+01	6.29347862805548e-03
1.53000000000000e+01	6.23971630231315e-03
1.53100000000000e+01	6.18600454656585e-03
1.53200000000000e+01	6.13231190258082e-03
1.53300000000000e+01	6.07859487545600e-03
1.53400000000000e+01	6.02461917161110e-03
1.53500000000000e+01	5.97041767661297e-03
1.53600000000000e+01	5.91601211378313e-03
1.53700000000000e+01	5.86122809685029e-03
1.53800000000000e+01	5.80607920717767e-03
1.53900000000000e+01	5.75065479007177e-03
1.54000000000000e+01	5.69489858615037e-03
1.54100000000000e+01	5.63896549614711e-03
1.54200000000000e+01	5.58283052248986e-03
1.54300000000000e+01	5.52669602037273e-03
1.54400000000000e+01	5.47061292958016e-03
1.54500000000000e+01	5.41477097395818e-03
1.54600000000000e+01	5.35927437382284e-03
1.54700000000000e+01	5.30443992221390e-03
1.54800000000000e+01	5.25027064892658e-03
1.54900000000000e+01	5.19706862649745e-03
1.55000000000000e+01	5.14491697852923e-03
1.55100000000000e+01	5.09406930974670e-03
1.55200000000000e+01	5.04462554409757e-03
1.55300000000000e+01	4.99669958516762e-03
1.55400000000000e+01	4.95024365775222e-03
1.55500000000000e+01	4.90541875377852e-03
1.55600000000000e+01	4.86210302930994e-03
1.55700000000000e+01	4.82024977309892e-03
1.55800000000000e+01	4.77988079197084e-03
1.55900000000000e+01	4.74076763365813e-03
1.56000000000000e+01	4.70273889626720e-03
1.56100000000000e+01	4.66581966086790e-03
1.56200000000000e+01	4.62969252101886e-03
1.56300000000000e+01	4.59435311974471e-03
1.56400000000000e+01	4.55957368883864e-03
1.56500000000000e+01	4.52522529547685e-03
1.56600000000000e+01	4.49119396857692e-03
1.56700000000000e+01	4.45739927189527e-03
1.56800000000000e+01	4.42373442009584e-03
1.56900000000000e+01	4.39015383686449e-03
1.57000000000000e+01	4.35655262335080e-03
1.57100000000000e+01	4.32288933913926e-03
1.57200000000000e+01	4.28918532242190e-03
1.57300000000000e+01	4.25539411220326e-03
1.57400000000000e+01	4.22150531050100e-03
1.57500000000000e+01	4.18758689584451e-03
1.57600000000000e+01	4.15359628274086e-03
1.57700000000000e+01	4.11957405085714e-03
1.57800000000000e+01	4.08560328902734e-03
1.57900000000000e+01	4.05179715465189e-03
1.58000000000000e+01	4.01812254225900e-03
1.58100000000000e+01	3.98470111969338e-03
1.58200000000000e+01	3.95158259043665e-03
1.58300000000000e+01	3.91890062286578e-03
1.58400000000000e+01	3.88668374275292e-03
1.58500000000000e+01	3.85498788306152e-03
1.58600000000000e+01	3.82389579772881e-03
1.58700000000000e+01	3.79338415739692e-03
1.58800000000000e+01	3.76349033717394e-03
1.58900000000000e+01	3.73428198836725e-03
1.59000000000000e+01	3.70570384039313e-03
1.59100000000000e+01	3.67775317117304e-03
1.59200000000000e+01	3.65037041158785e-03
1.59300000000000e+01	3.62353142574811e-03
1.59400000000000e+01	3.59721862299475e-03
1.59500000000000e+01	3.57131286295578e-03
1.59600000000000e+01	3.54574325286365e-03
1.59700000000000e+01	3.52056240371953e-03
1.59800000000000e+01	3.49566265609629e-03
1.59900000000000e+01	3.47094567934761e-03
1.60000000000000e+01	3.44649937185844e-03
1.60100000000000e+01	3.42218681852205e-03
1.60200000000000e+01	3.39806642507666e-03
1.60300000000000e+01	3.37408453709450e-03
1.60400000000000e+01	3.35025186758056e-03
1.60500000000000e+01	3.32655181573051e-03
1.60600000000000e+01	3.30300940104131e-03
1.60700000000000e+01	3.27957204361031e-03
1.60800000000000e+01	3.25623317192221e-03
1.60900000000000e+01	3.23305741213040e-03
1.61000000000000e+01	3.21004086972568e-03
1.61100000000000e+01	3.18713502203242e-03
1.61200000000000e+01	3.16439017687734e-03
1.61300000000000e+01	3.14176821564434e-03
1.61400000000000e+01	3.11933861324211e-03
1.61500000000000e+01	3.09708275765851e-03
1.61600000000000e+01	3.07494271333543e-03
1.61700000000000e+01	3.05301139812020e-03
1.61800000000000e+01	3.03124938121229e-03
1.61900000000000e+01	3.00973379765313e-03
1.62000000000000e+01	2.98838630250691e-03
1.62100000000000e+01	2.96733589502474e-03
1.62200000000000e+01	2.94648257104349e-03
1.62300000000000e+01	2.92591513820213e-03
1.62400000000000e+01	2.90563331508932e-03
1.62500000000000e+01	2.88565581268135e-03
1.62600000000000e+01	2.86594129627373e-03
1.62700000000000e+01	2.84652172820760e-03
1.62800000000000e+01	2.82738421712426e-03
1.62900000000000e+01	2.80852196312332e-03
1.63000000000000e+01	2.78991744609056e-03
1.63100000000000e+01	2.77148467058655e-03
1.63200000000000e+01	2.75330496984289e-03
1.63300000000000e+01	2.73523966502291e-03
1.63400000000000e+01	2.71727824711919e-03
1.63500000000000e+01	2.69941748243334e-03
1.63600000000000e+01	2.68159086293364e-03
1.63700000000000e+01	2.66374004040435e-03
1.63800000000000e+01	2.64587130245475e-03
1.63900000000000e+01	2.62787392737362e-03
1.64000000000000e+01	2.60979726782977e-03
1.64100000000000e+01	2.59156660497542e-03
1.64200000000000e+01	2.57319843573228e-03
1.64300000000000e+01	2.55466234079747e-03
1.64400000000000e+01	2.53598495794847e-03
1.64500000000000e+01	2.51713717088494e-03
1.64600000000000e+01	2.49817181557812e-03
1.64700000000000e+01	2.47914783628106e-03
1.64800000000000e+01	2.46003166775627e-03
1.64900000000000e+01	2.44095569706784e-03
1.65000000000000e+01	2.42195991808885e-03
1.65100000000000e+01	2.40301906155511e-03
1.65200000000000e+01	2.38424231933511e-03
1.65300000000000e+01	2.36566115652039e-03
1.65400000000000e+01	2.34730326189221e-03
1.65500000000000e+01	2.32921012442525e-03
1.65600000000000e+01	2.31141106066579e-03
1.65700000000000e+01	2.29388232517273e-03
1.65800000000000e+01	2.27666352818649e-03
1.65900000000000e+01	2.25977149408605e-03
1.66000000000000e+01	2.24323533284048e-03
1.66100000000000e+01	2.22696993553798e-03
1.66200000000000e+01	2.21104302991346e-03
1.66300000000000e+01	2.19540114103614e-03
1.66400000000000e+01	2.18007192974667e-03
1.66500000000000e+01	2.16502651035240e-03
1.66600000000000e+01	2.15026992224238e-03
1.66700000000000e+01	2.13577479132401e-03
1.66800000000000e+01	2.12156821554031e-03
1.66900000000000e+01	2.10757064311936e-03
1.67000000000000e+01	2.09381409386403e-03
1.67100000000000e+01	2.08025542392639e-03
1.67200000000000e+01	2.06692042711019e-03
1.67300000000000e+01	2.05374505740845e-03
1.67400000000000e+01	2.04072652611156e-03
1.67500000000000e+01	2.02785715167905e-03
1.67600000000000e+01	2.01509847264527e-03
1.67700000000000e+01	2.00242495569602e-03
1.67800000000000e+01	1.98983018453933e-03
1.67900000000000e+01	1.97732144687214e-03
1.68000000000000e+01	1.96483021785133e-03
1.68100000000000e+01	1.95235746695978e-03
1.68200000000000e+01	1.93994670259508e-03
1.68300000000000e+01	1.92753947091973e-03
1.68400000000000e+01	1.91513057006379e-03
1.68500000000000e+01	1.90275248775267e-03
1.68600000000000e+01	1.89038222180966e-03
1.68700000000000e+01	1.87802653474665e-03
1.68800000000000e+01	1.86571896500840e-03
1.68900000000000e+01	1.85342565280887e-03
1.69000000000000e+01	1.84120592953578e-03
1.69100000000000e+01	1.82900734903506e-03
1.69200000000000e+01	1.81685537263012e-03
1.69300000000000e+01	1.80475101150817e-03
1.69400000000000e+01	1.79272943352806e-03
1.69500000000000e+01	1.78073096615303e-03
1.69600000000000e+01	1.76881850916016e-03
1.69700000000000e+01	1.75695711582755e-03
1.69800000000000e+01	1.74518361841251e-03
1.69900000000000e+01	1.73350076990911e-03
1.70000000000000e+01	1.72190347205002e-03
1.70100000000000e+01	1.71044745345758e-03
1.70200000000000e+01	1.69914132845337e-03
1.70300000000000e+01	1.68797344978734e-03
1.70400000000000e+01	1.67696818048183e-03
1.70500000000000e+01	1.66615441463201e-03
1.70600000000000e+01	1.65552470376917e-03
1.70700000000000e+01	1.64510313738634e-03
1.70800000000000e+01	1.63484453994169e-03
1.70900000000000e+01	1.62478934870383e-03
1.71000000000000e+01	1.61491423535090e-03
1.71100000000000e+01	1.60522417315140e-03
1.71200000000000e+01	1.59565584925653e-03
1.71300000000000e+01	1.58623462374796e-03
1.71400000000000e+01	1.57696207211587e-03
1.71500000000000e+01	1.56780393145984e-03
1.71600000000000e+01	1.55873681448735e-03
1.71700000000000e+01	1.54977840342337e-03
1.71800000000000e+01	1.54088269786630e-03
1.71900000000000e+01	1.53210556701910e-03
1.72000000000000e+01	1.52338003884801e-03
1.72100000000000e+01	1.51474775853211e-03
1.72200000000000e+01	1.50619865145920e-03
1.72300000000000e+01	1.49768673163675e-03
1.72400000000000e+01	1.48927844711358e-03
1.72500000000000e+01	1.48090847911821e-03
1.72600000000000e+01	1.47262480758408e-03
1.72700000000000e+01	1.46439419421788e-03
1.72800000000000e+01	1.45622229858901e-03
1.72900000000000e+01	1.44810754115941e-03
1.73000000000000e+01	1.44005042519094e-03
1.73100000000000e+01	1.43204240141604e-03
1.73200000000000e+01	1.42409529717226e-03
1.73300000000000e+01	1.41617440054669e-03
1.73400000000000e+01	1.40829063378258e-03
1.73500000000000e+01	1.40045370514337e-03
1.73600000000000e+01	1.39265214841484e-03
1.73700000000000e+01	1.38487935466300e-03
1.73800000000000e+01	1.37714050964720e-03
1.73900000000000e+01	1.36942797962689e-03
1.74000000000000e+01	1.36177462491294e-03
1.74100000000000e+01	1.35412806980340e-03
1.74200000000000e+01	1.34651139865701e-03
1.74300000000000e+01	1.33893134027888e-03
1.74400000000000e+01	1.33140541899012e-03
1.74500000000000e+01	1.32388007006604e-03
1.74600000000000e+01	1.31641966156060e-03
1.74700000000000e+01	1.30898339754538e-03
1.74800000000000e+01	1.30158031813673e-03
1.74900000000000e+01	1.29418046738253e-03
1.75000000000000e+01	1.28683493047482e-03
1.75100000000000e+01	1.27951843070537e-03
1.75200000000000e+01	1.27221011942975e-03
1.75300000000000e+01	1.26490456073367e-03
1.75400000000000e+01	1.25760800549056e-03
1.75500000000000e+01	1.25034162588268e-03
1.75600000000000e+01	1.24306009643215e-03
1.75700000000000e+01	1.23579250064599e-03
1.75800000000000e+01	1.22850839140097e-03
1.75900000000000e+01	1.22124331541432e-03
1.76000000000000e+01	1.21396802841527e-03
1.76100000000000e+01	1.20673126990692e-03
1.76200000000000e+01	1.19948889076231e-03
1.76300000000000e+01	1.19228687874047e-03
1.76400000000000e+01	1.18510587371669e-03
1.76500000000000e+01	1.17796125810197e-03
1.76600000000000e+01	1.17088156255291e-03
1.76700000000000e+01	1.16383958287512e-03
1.76800000000000e+01	1.15685615098557e-03
1.76900000000000e+01	1.14995598368991e-03
1.77000000000000e+01	1.14308713518837e-03
1.77100000000000e+01	1.13629665324491e-03
1.77200000000000e+01	1.12955297472794e-03
1.77300000000000e+01	1.12286646370940e-03
1.77400000000000e+01	1.11625115962578e-03
1.77500000000000e+01	1.10966345580229e-03
1.77600000000000e+01	1.10314308932789e-03
1.77700000000000e+01	1.09665434578191e-03
1.77800000000000e+01	1.09020797193933e-03
1.77900000000000e+01	1.08381162852323e-03
1.78000000000000e+01	1.07742109916055e-03
1.78100000000000e+01	1.07107075653393e-03
1.78200000000000e+01	1.06475288042220e-03
1.78300000000000e+01	1.05844016756691e-03
1.78400000000000e+01	1.05215747343849e-03
1.78500000000000e+01	1.04589880680408e-03
1.78600000000000e+01	1.03966681444759e-03
1.78700000000000e+01	1.03344862577484e-03
1.78800000000000e+01	1.02723374560174e-03
1.78900000000000e+01	1.02104992997585e-03
1.79000000000000e+01	1.01489475641843e-03
1.79100000000000e+01	1.00874455224685e-03
1.79200000000000e+01	1.00260720855840e-03
1.79300000000000e+01	9.96497168894356e-04
1.79400000000000e+01	9.90377525108830e-04
1.79500000000000e+01	9.84274004007961e-04
1.79600000000000e+01	9.78158222972517e-04
1.79700000000000e+01	9.72057881828070e-04
1.79800000000000e+01	9.65935595413358e-04
1.79900000000000e+01	9.59835548958469e-04
1.80000000000000e+01	9.53733829601158e-04
1.80100000000000e+01	9.47677491518832e-04
1.80200000000000e+01	9.41627321372067e-04
1.80300000000000e+01	9.35635211476680e-04
1.80400000000000e+01	9.29708404456261e-04
1.80500000000000e+01	9.23860810097207e-04
1.80600000000000e+01	9.18089366803272e-04
1.80700000000000e+01	9.12445726004394e-04
1.80800000000000e+01	9.06906724763863e-04
1.80900000000000e+01	9.01487632520275e-04
1.81000000000000e+01	8.96181370360036e-04
1.81100000000000e+01	8.91003985773363e-04
1.81200000000000e+01	8.85948402958752e-04
1.81300000000000e+01	8.80995757581149e-04
1.81400000000000e+01	8.76123925952484e-04
1.81500000000000e+01	8.71349095867403e-04
1.81600000000000e+01	8.66634342835320e-04
1.81700000000000e+01	8.61997564740742e-04
1.81800000000000e+01	8.57383311019516e-04
1.81900000000000e+01	8.52825065109574e-04
1.82000000000000e+01	8.48295644154801e-04
1.82100000000000e+01	8.43770363537621e-04
1.82200000000000e+01	8.39270227905994e-04
1.82300000000000e+01	8.34782189998090e-04
1.82400000000000e+01	8.30286407729834e-04
1.82500000000000e+01	8.25784750128000e-04
1.82600000000000e+01	8.21283062513891e-04
1.82700000000000e+01	8.16776194280514e-04
1.82800000000000e+01	8.12252228565326e-04
1.82900000000000e+01	8.07717298443184e-04
1.83000000000000e+01	8.03196839745799e-04
1.83100000000000e+01	7.98647643508390e-04
1.83200000000000e+01	7.94116425982653e-04
1.83300000000000e+01	7.89586289517784e-04
1.83400000000000e+01	7.85064582135674e-04
1.83500000000000e+01	7.80561589699976e-04
1.83600000000000e+01	7.76081702309533e-04
1.83700000000000e+01	7.71638196008450e-04
1.83800000000000e+01	7.67233531018675e-04
1.83900000000000e+01	7.62877762808230e-04
1.84000000000000e+01	7.58578652653688e-04
1.84100000000000e+01	7.54345970510407e-04
1.84200000000000e+01	7.50185396581438e-04
1.84300000000000e+01	7.46105756499995e-04
1.84400000000000e+01	7.42107215535077e-04
1.84500000000000e+01	7.38196810772807e-04
1.84600000000000e+01	7.34370779354092e-04
1.84700000000000e+01	7.30631193631734e-04
1.84800000000000e+01	7.26974305828630e-04
1.84900000000000e+01	7.23390110688701e-04
1.85000000000000e+01	7.19880036317522e-04
1.85100000000000e+01	7.16432367797579e-04
1.85200000000000e+01	7.13034647804021e-04
1.85300000000000e+01	7.09686965504845e-04
1.85400000000000e+01	7.06372465872400e-04
1.85500000000000e+01	7.03088502330196e-04
1.85600000000000e+01	6.99820128217479e-04
1.85700000000000e+01	6.96567013630648e-04
1.85800000000000e+01	6.93324450431103e-04
1.85900000000000e+01	6.90079451382982e-04
1.86000000000000e+01	6.86833415278837e-04
1.86100000000000e+01	6.83583771150865e-04
1.86200000000000e+01	6.80329225277705e-04
1.86300000000000e+01	6.77065628679382e-04
1.86400000000000e+01	6.73799457952921e-04
1.86500000000000e+01	6.70529760653468e-04
1.86600000000000e+01	6.67256663308133e-04
1.86700000000000e+01	6.63986201884609e-04
1.86800000000000e+01	6.60715452222673e-04
1.86900000000000e+01	6.57448469575530e-04
1.87000000000000e+01	6.54193551594802e-04
1.87100000000000e+01	6.50945169922045e-04
1.87200000000000e+01	6.47705971791921e-04
1.87300000000000e+01	6.44478988761135e-04
1.87400000000000e+01	6.41260266746597e-04
1.87500000000000e+01	6.38057036274329e-04
1.87600000000000e+01	6.34864251555889e-04
1.87700000000000e+01	6.31680129072774e-04
1.87800000000000e+01	6.28506049618369e-04
1.87900000000000e+01	6.25342366740333e-04
1.88000000000000e+01	6.22184768095628e-04
1.88100000000000e+01	6.19033684691998e-04
1.88200000000000e+01	6.15885956866600e-04
1.88300000000000e+01	6.12739007178578e-04
1.88400000000000e+01	6.09594940475376e-04
1.88500000000000e+01	6.06451325148792e-04
1.88600000000000e+01	6.03302683818080e-04
1.88700000000000e+01	6.00147815618533e-04
1.88800000000000e+01	5.96988083679824e-04
1.88900000000000e+01	5.93820964698651e-04
1.89000000000000e+01	5.90644006716304e-04
1.89100000000000e+01	5.87455910609998e-04
1.89200000000000e+01	5.84256003812284e-04
1.89300000000000e+01	5.81048161163299e-04
1.89400000000000e+01	5.77829334621231e-04
1.89500000000000e+01	5.74603906795499e-04
1.89600000000000e+01	5.71374731725702e-04
1.89700000000000e+01	5.68143504405375e-04
1.89800000000000e+01	5.64915723051729e-04
1.89900000000000e+01	5.61695098330169e-04
1.90000000000000e+01	5.58487461008390e-04
1.90100000000000e+01	5.55293585811631e-04
1.90200000000000e+01	5.52118228669455e-04
1.90300000000000e+01	5.48961594921810e-04
1.90400000000000e+01	5.45824787237845e-04
1.90500000000000e+01	5.42701776414909e-04
1.90600000000000e+01	5.39593813640657e-04
1.90700000000000e+01	5.36490300235772e-04
1.90800000000000e+01	5.33390009100952e-04
1.90900000000000e+01	5.30284383530919e-04
1.91000000000000e+01	5.27170129940024e-04
1.91100000000000e+01	5.24044055905330e-04
1.91200000000000e+01	5.20910214320037e-04
1.91300000000000e+01	5.17770993531155e-04
1.91400000000000e+01	5.14636333480252e-04
1.91500000000000e+01	5.11517936933990e-04
1.91600000000000e+01	5.08432971155426e-04
1.91700000000000e+01	5.05393576648872e-04
1.91800000000000e+01	5.02416984878164e-04
1.91900000000000e+01	4.99521453301645e-04
1.92000000000000e+01	4.96717167853317e-04
1.92100000000000e+01	4.94010137934883e-04
1.92200000000000e+01	4.91407608314511e-04
1.92300000000000e+01	4.88904188059543e-04
1.92400000000000e+01	4.86499045396911e-04
1.92500000000000e+01	4.84181010022452e-04
1.92600000000000e+01	4.81942115934852e-04
1.92700000000000e+01	4.79766177657237e-04
1.92800000000000e+01	4.77643683957296e-04
1.92900000000000e+01	4.75563196656689e-04
1.93000000000000e+01	4.73510129705301e-04
1.93100000000000e+01	4.71474503281763e-04
1.93200000000000e+01	4.69453397621508e-04
1.93300000000000e+01	4.67437384714490e-04
1.93400000000000e+01	4.65423426382164e-04
1.93500000000000e+01	4.63409707517452e-04
1.93600000000000e+01	4.61390711453924e-04
1.93700000000000e+01	4.59369526421101e-04
1.93800000000000e+01	4.57343429723849e-04
1.93900000000000e+01	4.55313280356786e-04
1.94000000000000e+01	4.53277869107799e-04
1.94100000000000e+01	4.51238001809329e-04
1.94200000000000e+01	4.49193578315499e-04
1.94300000000000e+01	4.47145736607108e-04
1.94400000000000e+01	4.45093911529371e-04
1.94500000000000e+01	4.43039186274267e-04
1.94600000000000e+01	4.40978225896293e-04
1.94700000000000e+01	4.38915640515228e-04
1.94800000000000e+01	4.36849253992016e-04
1.94900000000000e+01	4.34779273746271e-04
1.95000000000000e+01	4.32705541014124e-04
1.95100000000000e+01	4.30628666660759e-04
1.95200000000000e+01	4.28550431923919e-04
1.95300000000000e+01	4.26468722254841e-04
1.95400000000000e+01	4.24381870825996e-04
1.95500000000000e+01	4.22292881968155e-04
1.95600000000000e+01	4.20203609982226e-04
1.95700000000000e+01	4.18111211586451e-04
1.95800000000000e+01	4.16019505156666e-04
1.95900000000000e+01	4.13926768971783e-04
1.96000000000000e+01	4.11836296951353e-04
1.96100000000000e+01	4.09748667247114e-04
1.96200000000000e+01	4.07667697428764e-04
1.96300000000000e+01	4.05592694833190e-04
1.96400000000000e+01	4.03523963086558e-04
1.96500000000000e+01	4.01463326935473e-04
1.96600000000000e+01	3.99411722570097e-04
1.96700000000000e+01	3.97370465596698e-04
1.96800000000000e+01	3.95340043904717e-04
1.96900000000000e+01	3.93317720048505e-04
1.97000000000000e+01	3.91303308596321e-04
1.97100000000000e+01	3.89298420812532e-04
1.97200000000000e+01	3.87298234877429e-04
1.97300000000000e+01	3.85299819960805e-04
1.97400000000000e+01	3.83298230616929e-04
1.97500000000000e+01	3.81285855524091e-04
1.97600000000000e+01	3.79251086232951e-04
1.97700000000000e+01	3.77174975749113e-04
1.97800000000000e+01	3.75027892372312e-04
1.97900000000000e+01	3.72772986619124e-04
1.98000000000000e+01	3.70347848812469e-04
1.98100000000000e+01	3.67674455577621e-04
1.98200000000000e+01	3.64642323490501e-04
1.98300000000000e+01	3.61112649584069e-04
1.98400000000000e+01	3.56905789087385e-04
1.98500000000000e+01	3.51813156014887e-04
1.98600000000000e+01	3.45583266076376e-04
1.98700000000000e+01	3.37935146741124e-04
1.98800000000000e+01	3.28565207945482e-04
1.98900000000000e+01	3.17146146786445e-04
1.99000000000000e+01	3.03346788719857e-04
1.99100000000000e+01	2.86833006696519e-04
1.99200000000000e+01	2.67284741340257e-04
1.99300000000000e+01	2.44407174870696e-04
1.99400000000000e+01	2.17958594520618e-04
1.99500000000000e+01	1.87807200063490e-04
1.99600000000000e+01	1.54015931219917e-04
1.99700000000000e+01	1.17050811473685e-04
1.99800000000000e+01	7.81755689407683e-05
1.99900000000000e+01	4.03003165512306e-05
2.00000000000000e+01	9.85828344519612e-06
