1.00000000000000e-02	5.50732115886522e+15
2.00000000000000e-02	3.44231105941676e+14
3.00000000000000e-02	6.80051027128609e+13
4.00000000000000e-02	2.15206654402785e+13
5.00000000000000e-02	8.81681693579026e+12
6.00000000000000e-02	4.25299984129759e+12
7.00000000000000e-02	2.29638160291135e+12
8.00000000000000e-02	1.34657819636230e+12
9.00000000000000e-02	8.40998485390928e+11
1.00000000000000e-01	5.52026211892984e+11
1.10000000000000e-01	3.77232899302145e+11
1.20000000000000e-01	2.66498768562607e+11
1.30000000000000e-01	1.93599945441126e+11
1.40000000000000e-01	1.44027622891128e+11
1.50000000000000e-01	1.09367672773332e+11
1.60000000000000e-01	8.45465698056001e+10
1.70000000000000e-01	6.63931261834112e+10
1.80000000000000e-01	5.28683389042774e+10
1.90000000000000e-01	4.26242058536568e+10
2.00000000000000e-01	3.47504869164679e+10
2.10000000000000e-01	2.86174428286906e+10
2.20000000000000e-01	2.37834219193816e+10
2.30000000000000e-01	1.99306842315520e+10
2.40000000000000e-01	1.68300384786920e+10
2.50000000000000e-01	1.43115777592595e+10
2.60000000000000e-01	1.22487755906002e+10
2.70000000000000e-01	1.05459788843807e+10
2.80000000000000e-01	9.13059789323495e+09
2.90000000000000e-01	7.94603458218378e+09
3.00000000000000e-01	6.94845803805053e+09
3.10000000000000e-01	6.10351151832361e+09
3.20000000000000e-01	5.38391535694366e+09
3.30000000000000e-01	4.76812611740030e+09
3.40000000000000e-01	4.23848313084328e+09
3.50000000000000e-01	3.78096981664085e+09
3.60000000000000e-01	3.38406608512485e+09
3.70000000000000e-01	3.03834465270890e+09
3.80000000000000e-01	2.73610437571365e+09
3.90000000000000e-01	2.47090626812124e+09
4.00000000000000e-01	2.23739532813345e+09
4.10000000000000e-01	2.03113300016296e+09
4.20000000000000e-01	1.84842846619376e+09
4.30000000000000e-01	1.68606739204139e+09
4.40000000000000e-01	1.54140687764666e+09
4.50000000000000e-01	1.41213369480586e+09
4.60000000000000e-01	1.29634726371999e+09
4.70000000000000e-01	1.19237746062136e+09
4.80000000000000e-01	1.09881734025261e+09
4.90000000000000e-01	1.01441335849243e+09
5.00000000000000e-01	9.38128780212777e+08
5.10000000000000e-01	8.69003943808189e+08
5.20000000000000e-01	8.06297199690262e+08
5.30000000000000e-01	7.49247526312955e+08
5.40000000000000e-01	6.97286166171589e+08
5.50000000000000e-01	6.49863747266421e+08
5.60000000000000e-01	6.06505740500482e+08
5.70000000000000e-01	5.66803976809026e+08
5.80000000000000e-01	5.30402359956220e+08
5.90000000000000e-01	4.96957729090301e+08
6.00000000000000e-01	4.66196939945573e+08
6.10000000000000e-01	4.37855186821708e+08
6.20000000000000e-01	4.11706317884902e+08
6.30000000000000e-01	3.87561896434190e+08
6.40000000000000e-01	3.65234333335591e+08
6.50000000000000e-01	3.44552152917629e+08
6.60000000000000e-01	3.25376281104500e+08
6.70000000000000e-01	3.07566140810025e+08
6.80000000000000e-01	2.91027605432745e+08
6.90000000000000e-01	2.75638597725672e+08
7.00000000000000e-01	2.61304507231386e+08
7.10000000000000e-01	2.47945175652096e+08
7.20000000000000e-01	2.35470519880484e+08
7.30000000000000e-01	2.23822596300592e+08
7.40000000000000e-01	2.12927202103747e+08
7.50000000000000e-01	2.02734786870165e+08
7.60000000000000e-01	1.93181899093604e+08
7.70000000000000e-01	1.84229320302827e+08
7.80000000000000e-01	1.75826577188722e+08
7.90000000000000e-01	1.67937828065056e+08
8.00000000000000e-01	1.60522679292215e+08
8.10000000000000e-01	1.53546010914264e+08
8.20000000000000e-01	1.46983282510526e+08
8.30000000000000e-01	1.40797023846992e+08
8.40000000000000e-01	1.34971196109842e+08
8.50000000000000e-01	1.29473137890897e+08
8.60000000000000e-01	1.24283194473995e+08
8.70000000000000e-01	1.19382932849732e+08
8.80000000000000e-01	1.14748302065716e+08
8.90000000000000e-01	1.10369256440040e+08
9.00000000000000e-01	1.06225576934621e+08
9.10000000000000e-01	1.02301459749256e+08
9.20000000000000e-01	9.85862891584515e+07
9.30000000000000e-01	9.50661466769985e+07
9.40000000000000e-01	9.17289770699812e+07
9.50000000000000e-01	8.85624246331933e+07
9.60000000000000e-01	8.55575200834600e+07
9.70000000000000e-01	8.27067032981773e+07
9.80000000000000e-01	7.99997206513643e+07
9.90000000000000e-01	7.74269503836865e+07
1.00000000000000e+00	7.49846874027688e+07
1.01000000000000e+00	7.26624669428698e+07
1.02000000000000e+00	7.04536768832244e+07
1.03000000000000e+00	6.83560882756136e+07
1.04000000000000e+00	6.63614947376912e+07
1.05000000000000e+00	6.44641218622437e+07
1.06000000000000e+00	6.26594875925537e+07
1.07000000000000e+00	6.09444532939365e+07
1.08000000000000e+00	5.93127861869027e+07
1.09000000000000e+00	5.77586752199940e+07
1.10000000000000e+00	5.62803380745807e+07
1.11000000000000e+00	5.48718319187416e+07
1.12000000000000e+00	5.35282175620347e+07
1.13000000000000e+00	5.22462962863121e+07
1.14000000000000e+00	5.10219353755078e+07
1.15000000000000e+00	4.98498908547523e+07
1.16000000000000e+00	4.87257923842254e+07
1.17000000000000e+00	4.76469152082577e+07
1.18000000000000e+00	4.66086197064216e+07
1.19000000000000e+00	4.56079889536730e+07
1.20000000000000e+00	4.46435573445041e+07
1.21000000000000e+00	4.37120172746525e+07
1.22000000000000e+00	4.28124717289026e+07
1.23000000000000e+00	4.19467317018578e+07
1.24000000000000e+00	4.11135980625459e+07
1.25000000000000e+00	4.03174460318319e+07
1.26000000000000e+00	3.95594503376542e+07
1.27000000000000e+00	3.88473491860144e+07
1.28000000000000e+00	3.81856278840078e+07
1.29000000000000e+00	3.75834242971334e+07
1.30000000000000e+00	3.70491774601968e+07
1.31000000000000e+00	3.65936552932906e+07
1.32000000000000e+00	3.62275969078596e+07
1.33000000000000e+00	3.59609352457571e+07
1.34000000000000e+00	3.58037003461921e+07
1.35000000000000e+00	3.57651415136388e+07
1.36000000000000e+00	3.58513960975648e+07
1.37000000000000e+00	3.60672227516365e+07
1.38000000000000e+00	3.64131286920588e+07
1.39000000000000e+00	3.68868058064217e+07
1.40000000000000e+00	3.74842930442204e+07
1.41000000000000e+00	3.81960068380297e+07
1.42000000000000e+00	3.90119580443516e+07
1.43000000000000e+00	3.99197189541024e+07
1.44000000000000e+00	4.09054737301237e+07
1.45000000000000e+00	4.19547952925486e+07
1.46000000000000e+00	4.30537801300064e+07
1.47000000000000e+00	4.41859894763764e+07
1.48000000000000e+00	4.53388909810300e+07
1.49000000000000e+00	4.64968143452645e+07
1.50000000000000e+00	4.76448960291326e+07
1.51000000000000e+00	4.87670217301264e+07
1.52000000000000e+00	4.98447053153317e+07
1.53000000000000e+00	5.08583660294881e+07
1.54000000000000e+00	5.17832267027124e+07
1.55000000000000e+00	5.25911727748057e+07
1.56000000000000e+00	5.32544225081446e+07
1.57000000000000e+00	5.37405475393347e+07
1.58000000000000e+00	5.40162711963035e+07
1.59000000000000e+00	5.40488188767286e+07
1.60000000000000e+00	5.38071574693601e+07
1.61000000000000e+00	5.32653803103866e+07
1.62000000000000e+00	5.24003947907420e+07
1.63000000000000e+00	5.11977089943764e+07
1.64000000000000e+00	4.96519370513482e+07
1.65000000000000e+00	4.77733074846576e+07
1.66000000000000e+00	4.55853776589729e+07
1.67000000000000e+00	4.31317249767702e+07
1.68000000000000e+00	4.04683782632341e+07
1.69000000000000e+00	3.76640091098479e+07
1.70000000000000e+00	3.47898684018769e+07
1.71000000000000e+00	3.19200003337281e+07
1.72000000000000e+00	2.91251968839416e+07
1.73000000000000e+00	2.64746099809745e+07
1.74000000000000e+00	2.40302144885710e+07
1.75000000000000e+00	2.18379709231738e+07
1.76000000000000e+00	1.99244097521961e+07
1.77000000000000e+00	1.82927403171894e+07
1.78000000000000e+00	1.69255631585639e+07
1.79000000000000e+00	1.57884960137670e+07
1.80000000000000e+00	1.48356276857176e+07
1.81000000000000e+00	1.40170925102913e+07
1.82000000000000e+00	1.32862146924981e+07
1.83000000000000e+00	1.26061861321731e+07
1.84000000000000e+00	1.19528022334956e+07
1.85000000000000e+00	1.13156109356538e+07
1.86000000000000e+00	1.06918331317099e+07
1.87000000000000e+00	1.00848309811739e+07
1.88000000000000e+00	9.50069532262793e+06
1.89000000000000e+00	8.94766259684395e+06
1.90000000000000e+00	8.43633589277674e+06
1.91000000000000e+00	7.97796420896123e+06
1.92000000000000e+00	7.58467879027352e+06
1.93000000000000e+00	7.26702963487151e+06
1.94000000000000e+00	7.03319130277613e+06
1.95000000000000e+00	6.88747395990623e+06
1.96000000000000e+00	6.82946668798986e+06
1.97000000000000e+00	6.85387124030908e+06
1.98000000000000e+00	6.95026403791959e+06
1.99000000000000e+00	7.10408093050144e+06
2.00000000000000e+00	7.29720563451705e+06
2.01000000000000e+00	7.50950556580195e+06
2.02000000000000e+00	7.72036777639052e+06
2.03000000000000e+00	7.91025777595249e+06
2.04000000000000e+00	8.06165811623930e+06
2.05000000000000e+00	8.16089274185473e+06
2.06000000000000e+00	8.19821011548180e+06
2.07000000000000e+00	8.16774864060092e+06
2.08000000000000e+00	8.06738545375608e+06
2.09000000000000e+00	7.89717449901913e+06
2.10000000000000e+00	7.65916644879886e+06
2.11000000000000e+00	7.35727373040180e+06
2.12000000000000e+00	6.99733691124852e+06
2.13000000000000e+00	6.58863915256143e+06
2.14000000000000e+00	6.14406782181152e+06
2.15000000000000e+00	5.67898856469466e+06
2.16000000000000e+00	5.20981881333227e+06
2.17000000000000e+00	4.75075062585344e+06
2.18000000000000e+00	4.31257144639159e+06
2.19000000000000e+00	3.90125593599581e+06
2.20000000000000e+00	3.51920168799990e+06
2.21000000000000e+00	3.16621199049479e+06
2.22000000000000e+00	2.84109235474119e+06
2.23000000000000e+00	2.54329416786681e+06
2.24000000000000e+00	2.27303028559053e+06
2.25000000000000e+00	2.03181026581543e+06
2.26000000000000e+00	1.82128035489561e+06
2.27000000000000e+00	1.64247411145429e+06
2.28000000000000e+00	1.49528647881410e+06
2.29000000000000e+00	1.37831972773164e+06
2.30000000000000e+00	1.28908414090711e+06
2.31000000000000e+00	1.22435312716190e+06
2.32000000000000e+00	1.18047282586283e+06
2.33000000000000e+00	1.15359270851085e+06
2.34000000000000e+00	1.13976773606900e+06
2.35000000000000e+00	1.13518597043679e+06
2.36000000000000e+00	1.13620700130594e+06
2.37000000000000e+00	1.13947613079203e+06
2.38000000000000e+00	1.14204620353978e+06
2.39000000000000e+00	1.14126380801342e+06
2.40000000000000e+00	1.13486351328329e+06
2.41000000000000e+00	1.12107344398761e+06
2.42000000000000e+00	1.09880669549591e+06
2.43000000000000e+00	1.06783613870710e+06
2.44000000000000e+00	1.02872167118866e+06
2.45000000000000e+00	9.82782437104421e+05
2.46000000000000e+00	9.31769412390447e+05
2.47000000000000e+00	8.77775022933046e+05
2.48000000000000e+00	8.22960797888594e+05
2.49000000000000e+00	7.69592819012326e+05
2.50000000000000e+00	7.19800103878485e+05
2.51000000000000e+00	6.75648088856568e+05
2.52000000000000e+00	6.38975433189083e+05
2.53000000000000e+00	6.11352315105044e+05
2.54000000000000e+00	5.94017528877143e+05
2.55000000000000e+00	5.87814596091818e+05
2.56000000000000e+00	5.93091415539931e+05
2.57000000000000e+00	6.09620993617761e+05
2.58000000000000e+00	6.36521872887117e+05
2.59000000000000e+00	6.72157640470005e+05
2.60000000000000e+00	7.14034521723781e+05
2.61000000000000e+00	7.58827316906728e+05
2.62000000000000e+00	8.02373652111102e+05
2.63000000000000e+00	8.40113266319406e+05
2.64000000000000e+00	8.67865455048896e+05
2.65000000000000e+00	8.82769773618866e+05
2.66000000000000e+00	8.84173138033224e+05
2.67000000000000e+00	8.73501098322748e+05
2.68000000000000e+00	8.53523530215422e+05
2.69000000000000e+00	8.27168661181577e+05
2.70000000000000e+00	7.96648113154366e+05
2.71000000000000e+00	7.63160931517517e+05
2.72000000000000e+00	7.26947095674863e+05
2.73000000000000e+00	6.87776408126577e+05
2.74000000000000e+00	6.45256247818990e+05
2.75000000000000e+00	5.99280674459883e+05
2.76000000000000e+00	5.50136970709577e+05
2.77000000000000e+00	4.98548106439242e+05
2.78000000000000e+00	4.45499076870290e+05
2.79000000000000e+00	3.92130912077483e+05
2.80000000000000e+00	3.39528080967488e+05
2.81000000000000e+00	2.88686430277334e+05
2.82000000000000e+00	2.40467436659088e+05
2.83000000000000e+00	1.95611189730371e+05
2.84000000000000e+00	1.54751752470377e+05
2.85000000000000e+00	1.18423213031393e+05
2.86000000000000e+00	8.70811842848789e+04
2.87000000000000e+00	6.10847496078881e+04
2.88000000000000e+00	4.06839990068612e+04
2.89000000000000e+00	2.59992331023768e+04
2.90000000000000e+00	1.70088741373754e+04
2.91000000000000e+00	1.35390542859908e+04
2.92000000000000e+00	1.52603467588767e+04
2.93000000000000e+00	2.16900690666205e+04
2.94000000000000e+00	3.22015459392759e+04
2.95000000000000e+00	4.60454856340862e+04
2.96000000000000e+00	6.23935697906263e+04
2.97000000000000e+00	8.03917960109191e+04
2.98000000000000e+00	9.92345016817225e+04
2.99000000000000e+00	1.18210590889642e+05
3.00000000000000e+00	1.36736607269501e+05
3.01000000000000e+00	1.54344170646852e+05
3.02000000000000e+00	1.70644573308093e+05
3.03000000000000e+00	1.85296882447970e+05
3.04000000000000e+00	1.97983077524383e+05
3.05000000000000e+00	2.08408334157389e+05
3.06000000000000e+00	2.16309763211507e+05
3.07000000000000e+00	2.21501347899453e+05
3.08000000000000e+00	2.23884961377444e+05
3.09000000000000e+00	2.23472515391267e+05
3.10000000000000e+00	2.20385847725858e+05
3.11000000000000e+00	2.14856230891188e+05
3.12000000000000e+00	2.07182115451564e+05
3.13000000000000e+00	1.97717183175407e+05
3.14000000000000e+00	1.86838953949947e+05
3.15000000000000e+00	1.74925119479805e+05
3.16000000000000e+00	1.62370055788139e+05
3.17000000000000e+00	1.49557648181266e+05
3.18000000000000e+00	1.36864581246851e+05
3.19000000000000e+00	1.24650314480317e+05
3.20000000000000e+00	1.13219024564589e+05
3.21000000000000e+00	1.02799042589317e+05
3.22000000000000e+00	9.35160118620025e+04
3.23000000000000e+00	8.54016867543913e+04
3.24000000000000e+00	7.83996936640122e+04
3.25000000000000e+00	7.23986325927151e+04
3.26000000000000e+00	6.72589293587602e+04
3.27000000000000e+00	6.28393620066216e+04
3.28000000000000e+00	5.90126349821839e+04
3.29000000000000e+00	5.56789181910762e+04
3.30000000000000e+00	5.27671741648268e+04
3.31000000000000e+00	5.02334652685985e+04
3.32000000000000e+00	4.80572445307335e+04
3.33000000000000e+00	4.62291607017248e+04
3.34000000000000e+00	4.47442025269302e+04
3.35000000000000e+00	4.35913049004705e+04
3.36000000000000e+00	4.27480117489665e+04
3.37000000000000e+00	4.21786906865390e+04
3.38000000000000e+00	4.18344340052094e+04
3.39000000000000e+00	4.16585725572034e+04
3.40000000000000e+00	4.15914505897298e+04
3.41000000000000e+00	4.15744986223983e+04
3.42000000000000e+00	4.15552890191457e+04
3.43000000000000e+00	4.14903252302092e+04
3.44000000000000e+00	4.13460317373511e+04
3.45000000000000e+00	4.10982880452544e+04
3.46000000000000e+00	4.07332338242821e+04
3.47000000000000e+00	4.02456572029509e+04
3.48000000000000e+00	3.96384006383300e+04
3.49000000000000e+00	3.89206807371523e+04
3.50000000000000e+00	3.81061238959329e+04
3.51000000000000e+00	3.72121578642458e+04
3.52000000000000e+00	3.62565715613041e+04
3.53000000000000e+00	3.52555301736166e+04
3.54000000000000e+00	3.42233960437506e+04
3.55000000000000e+00	3.31683778059262e+04
3.56000000000000e+00	3.20945275289964e+04
3.57000000000000e+00	3.10042192903536e+04
3.58000000000000e+00	2.98979012682237e+04
3.59000000000000e+00	2.87810687970305e+04
3.60000000000000e+00	2.76641329944214e+04
3.61000000000000e+00	2.65665086795291e+04
3.62000000000000e+00	2.55139368351047e+04
3.63000000000000e+00	2.45370600357431e+04
3.64000000000000e+00	2.36683808205368e+04
3.65000000000000e+00	2.29344700484245e+04
3.66000000000000e+00	2.23512960409067e+04
3.67000000000000e+00	2.19172918900035e+04
3.68000000000000e+00	2.16084575196514e+04
3.69000000000000e+00	2.13768620729744e+04
3.70000000000000e+00	2.11523503194277e+04
3.71000000000000e+00	2.08490666221748e+04
3.72000000000000e+00	2.03759157039726e+04
3.73000000000000e+00	1.96492416903149e+04
3.74000000000000e+00	1.86077408451343e+04
3.75000000000000e+00	1.72243463254124e+04
3.76000000000000e+00	1.55149324154853e+04
3.77000000000000e+00	1.35411232802496e+04
3.78000000000000e+00	1.14103330230530e+04
3.79000000000000e+00	9.27205180173192e+03
3.80000000000000e+00	7.31597456622609e+03
3.81000000000000e+00	5.77172315906070e+03
3.82000000000000e+00	4.91018495302528e+03
3.83000000000000e+00	5.04511462995304e+03
3.84000000000000e+00	6.52889729648690e+03
3.85000000000000e+00	9.73798927360276e+03
3.86000000000000e+00	1.50412537145050e+04
3.87000000000000e+00	2.27481734655065e+04
3.88000000000000e+00	3.30395974207672e+04
3.89000000000000e+00	4.58909952585278e+04
3.90000000000000e+00	6.10041906023754e+04
3.91000000000000e+00	7.77705150979836e+04
3.92000000000000e+00	9.52815906954891e+04
3.93000000000000e+00	1.12402496123537e+05
3.94000000000000e+00	1.27894790300773e+05
3.95000000000000e+00	1.40579921318654e+05
3.96000000000000e+00	1.49506897567242e+05
3.97000000000000e+00	1.54081693265794e+05
3.98000000000000e+00	1.54136607582103e+05
3.99000000000000e+00	1.49918287752130e+05
4.00000000000000e+00	1.42009962154147e+05
4.01000000000000e+00	1.31206851045798e+05
4.02000000000000e+00	1.18389522860067e+05
4.03000000000000e+00	1.04427608887476e+05
4.04000000000000e+00	9.01327211804410e+04
4.05000000000000e+00	7.62470536092926e+04
4.06000000000000e+00	6.34497144665164e+04
4.07000000000000e+00	5.23707730471861e+04
4.08000000000000e+00	4.35834907576991e+04
4.09000000000000e+00	3.75765042349495e+04
4.10000000000000e+00	3.47033040463818e+04
4.11000000000000e+00	3.51281106919659e+04
4.12000000000000e+00	3.87694933194419e+04
4.13000000000000e+00	4.52703531877927e+04
4.14000000000000e+00	5.40043739880042e+04
4.15000000000000e+00	6.41226223905689e+04
4.16000000000000e+00	7.46512997636365e+04
4.17000000000000e+00	8.46061250196551e+04
4.18000000000000e+00	9.31194234415485e+04
4.19000000000000e+00	9.95299940481139e+04
4.20000000000000e+00	1.03434798099655e+05
4.21000000000000e+00	1.04695227823245e+05
4.22000000000000e+00	1.03395392578102e+05
4.23000000000000e+00	9.97935658227212e+04
4.24000000000000e+00	9.42647090264226e+04
4.25000000000000e+00	8.72502317339336e+04
4.26000000000000e+00	7.92201322957488e+04
4.27000000000000e+00	7.06468010384058e+04
4.28000000000000e+00	6.19704805278186e+04
4.29000000000000e+00	5.35756601015602e+04
4.30000000000000e+00	4.57697558660771e+04
4.31000000000000e+00	3.87698530057879e+04
4.32000000000000e+00	3.27041967027871e+04
4.33000000000000e+00	2.76251440350903e+04
4.34000000000000e+00	2.35271324971963e+04
4.35000000000000e+00	2.03702994316996e+04
4.36000000000000e+00	1.80951888965820e+04
4.37000000000000e+00	1.66382633725727e+04
4.38000000000000e+00	1.59371689989974e+04
4.39000000000000e+00	1.59308114398896e+04
4.40000000000000e+00	1.65585357661927e+04
4.41000000000000e+00	1.77552470528885e+04
4.42000000000000e+00	1.94456459476543e+04
4.43000000000000e+00	2.15439789774685e+04
4.44000000000000e+00	2.39529399519727e+04
4.45000000000000e+00	2.65672437823539e+04
4.46000000000000e+00	2.92800920703345e+04
4.47000000000000e+00	3.19898307517179e+04
4.48000000000000e+00	3.46090158839821e+04
4.49000000000000e+00	3.70681665802492e+04
4.50000000000000e+00	3.93196854589476e+04
4.51000000000000e+00	4.13384348670711e+04
4.52000000000000e+00	4.31201245764341e+04
4.53000000000000e+00	4.46757099947711e+04
4.54000000000000e+00	4.60274577379688e+04
4.55000000000000e+00	4.72037365623386e+04
4.56000000000000e+00	4.82326445405518e+04
4.57000000000000e+00	4.91392932628728e+04
4.58000000000000e+00	4.99398506195928e+04
4.59000000000000e+00	5.06409304153521e+04
4.60000000000000e+00	5.12364923965852e+04
4.61000000000000e+00	5.17082732489572e+04
4.62000000000000e+00	5.20249799539135e+04
4.63000000000000e+00	5.21472592809410e+04
4.64000000000000e+00	5.20277620277020e+04
4.65000000000000e+00	5.16188218292470e+04
4.66000000000000e+00	5.08795404272637e+04
4.67000000000000e+00	4.97804193616478e+04
4.68000000000000e+00	4.83091396974102e+04
4.69000000000000e+00	4.64732064483897e+04
4.70000000000000e+00	4.43000474434226e+04
4.71000000000000e+00	4.18348849840790e+04
4.72000000000000e+00	3.91350689513899e+04
4.73000000000000e+00	3.62685513710071e+04
4.74000000000000e+00	3.33078201403688e+04
4.75000000000000e+00	3.03240798109312e+04
4.76000000000000e+00	2.73850606333928e+04
4.77000000000000e+00	2.45515470915020e+04
4.78000000000000e+00	2.18718806013813e+04
4.79000000000000e+00	1.93840505905633e+04
4.80000000000000e+00	1.71125784477404e+04
4.81000000000000e+00	1.50723545264068e+04
4.82000000000000e+00	1.32685782054838e+04
4.83000000000000e+00	1.17002759443704e+04
4.84000000000000e+00	1.03616880234523e+04
4.85000000000000e+00	9.24372975230622e+03
4.86000000000000e+00	8.33446835382351e+03
4.87000000000000e+00	7.61911962606660e+03
4.88000000000000e+00	7.07970975123568e+03
4.89000000000000e+00	6.69499072731683e+03
4.90000000000000e+00	6.44071894074891e+03
4.91000000000000e+00	6.28987627958623e+03
4.92000000000000e+00	6.21462765783466e+03
4.93000000000000e+00	6.18783467237218e+03
4.94000000000000e+00	6.18583715954471e+03
4.95000000000000e+00	6.19133777309554e+03
4.96000000000000e+00	6.19593979680123e+03
4.97000000000000e+00	6.20309890584155e+03
4.98000000000000e+00	6.22911672573706e+03
4.99000000000000e+00	6.30371207838658e+03
5.00000000000000e+00	6.46888190896115e+03
5.01000000000000e+00	6.77608316826824e+03
5.02000000000000e+00	7.28257390943820e+03
5.03000000000000e+00	8.04624091705396e+03
5.04000000000000e+00	9.12030363906996e+03
5.05000000000000e+00	1.05480711308323e+04
5.06000000000000e+00	1.23579996842193e+04
5.07000000000000e+00	1.45595060082914e+04
5.08000000000000e+00	1.71398226599526e+04
5.09000000000000e+00	2.00615176828832e+04
5.10000000000000e+00	2.32612652552981e+04
5.11000000000000e+00	2.66512632249981e+04
5.12000000000000e+00	3.01212790830963e+04
5.13000000000000e+00	3.35456986803630e+04
5.14000000000000e+00	3.67905170809726e+04
5.15000000000000e+00	3.97230341897062e+04
5.16000000000000e+00	4.22210324278319e+04
5.17000000000000e+00	4.41825782721168e+04
5.18000000000000e+00	4.55337310731718e+04
5.19000000000000e+00	4.62305678636868e+04
5.20000000000000e+00	4.62630502863921e+04
5.21000000000000e+00	4.56532989797724e+04
5.22000000000000e+00	4.44496774577368e+04
5.23000000000000e+00	4.27246381958368e+04
5.24000000000000e+00	4.05649668545503e+04
5.25000000000000e+00	3.80650616188862e+04
5.26000000000000e+00	3.53229741063334e+04
5.27000000000000e+00	3.24324860198705e+04
5.28000000000000e+00	2.94820635554960e+04
5.29000000000000e+00	2.65488862021599e+04
5.30000000000000e+00	2.37002007493162e+04
5.31000000000000e+00	2.09891975054521e+04
5.32000000000000e+00	1.84555587942211e+04
5.33000000000000e+00	1.61259389132620e+04
5.34000000000000e+00	1.40139375610313e+04
5.35000000000000e+00	1.21226077919131e+04
5.36000000000000e+00	1.04464843782911e+04
5.37000000000000e+00	8.97407693148118e+03
5.38000000000000e+00	7.68968306382898e+03
5.39000000000000e+00	6.57588547989365e+03
5.40000000000000e+00	5.61466138133920e+03
5.41000000000000e+00	4.78847973798518e+03
5.42000000000000e+00	4.08109855525455e+03
5.43000000000000e+00	3.47781034102216e+03
5.44000000000000e+00	2.96555486134599e+03
5.45000000000000e+00	2.53277838107090e+03
5.46000000000000e+00	2.16935582956443e+03
5.47000000000000e+00	1.86614796400112e+03
5.48000000000000e+00	1.61495928047757e+03
5.49000000000000e+00	1.40829253802285e+03
5.50000000000000e+00	1.23925484608999e+03
5.51000000000000e+00	1.10162988905147e+03
5.52000000000000e+00	9.89896035893324e+02
5.53000000000000e+00	8.99253051701840e+02
5.54000000000000e+00	8.25686025374436e+02
5.55000000000000e+00	7.65956203428346e+02
5.56000000000000e+00	7.17525353206688e+02
5.57000000000000e+00	6.78536447406250e+02
5.58000000000000e+00	6.47648439227335e+02
5.59000000000000e+00	6.23997260188285e+02
5.60000000000000e+00	6.07012452873558e+02
5.61000000000000e+00	5.96391504015547e+02
5.62000000000000e+00	5.91955128423474e+02
5.63000000000000e+00	5.93590083340599e+02
5.64000000000000e+00	6.01173121737405e+02
5.65000000000000e+00	6.14538023480276e+02
5.66000000000000e+00	6.33422785701235e+02
5.67000000000000e+00	6.57481778777261e+02
5.68000000000000e+00	6.86281276409933e+02
5.69000000000000e+00	7.19260754157034e+02
5.70000000000000e+00	7.55843038288305e+02
5.71000000000000e+00	7.95403912979802e+02
5.72000000000000e+00	8.37288349987662e+02
5.73000000000000e+00	8.80879789153028e+02
5.74000000000000e+00	9.25472958994727e+02
5.75000000000000e+00	9.70406598107184e+02
5.76000000000000e+00	1.01492494305165e+03
5.77000000000000e+00	1.05829587276532e+03
5.78000000000000e+00	1.09967582770893e+03
5.79000000000000e+00	1.13818395852596e+03
5.80000000000000e+00	1.17293493765805e+03
5.81000000000000e+00	1.20295618851664e+03
5.82000000000000e+00	1.22717013361958e+03
5.83000000000000e+00	1.24454413157239e+03
5.84000000000000e+00	1.25401416541919e+03
5.85000000000000e+00	1.25458285256494e+03
5.86000000000000e+00	1.24547297785881e+03
5.87000000000000e+00	1.22619057510079e+03
5.88000000000000e+00	1.19664289108697e+03
5.89000000000000e+00	1.15714195080304e+03
5.90000000000000e+00	1.10853344564846e+03
5.91000000000000e+00	1.05196580706815e+03
5.92000000000000e+00	9.88939709718690e+02
5.93000000000000e+00	9.21050082409492e+02
5.94000000000000e+00	8.49974150657655e+02
5.95000000000000e+00	7.77315332156238e+02
5.96000000000000e+00	7.04568000975677e+02
5.97000000000000e+00	6.33092690536097e+02
5.98000000000000e+00	5.64090351201842e+02
5.99000000000000e+00	4.98590158495646e+02
6.00000000000000e+00	4.37456746573564e+02
6.01000000000000e+00	3.81393009615738e+02
6.02000000000000e+00	3.30941291308297e+02
6.03000000000000e+00	2.86473344120597e+02
6.04000000000000e+00	2.48205523749096e+02
6.05000000000000e+00	2.16204909556843e+02
6.06000000000000e+00	1.90403008271011e+02
6.07000000000000e+00	1.70625605611687e+02
6.08000000000000e+00	1.56614900393811e+02
6.09000000000000e+00	1.48064658578148e+02
6.10000000000000e+00	1.44635102190244e+02
6.11000000000000e+00	1.45972138332233e+02
6.12000000000000e+00	1.51710185379372e+02
6.13000000000000e+00	1.61472261613583e+02
6.14000000000000e+00	1.74851439401076e+02
6.15000000000000e+00	1.91415989920373e+02
6.16000000000000e+00	2.10680716157491e+02
6.17000000000000e+00	2.32104883198894e+02
6.18000000000000e+00	2.55104656331926e+02
6.19000000000000e+00	2.79037024370092e+02
6.20000000000000e+00	3.03237294078258e+02
6.21000000000000e+00	3.27006542610711e+02
6.22000000000000e+00	3.49660961573586e+02
6.23000000000000e+00	3.70527433024040e+02
6.24000000000000e+00	3.88990214808644e+02
6.25000000000000e+00	4.04512365396176e+02
6.26000000000000e+00	4.16692767695855e+02
6.27000000000000e+00	4.25310206333794e+02
6.28000000000000e+00	4.30356120660446e+02
6.29000000000000e+00	4.32107965875774e+02
6.30000000000000e+00	4.31132212531854e+02
6.31000000000000e+00	4.28305012096941e+02
6.32000000000000e+00	4.24819391997543e+02
6.33000000000000e+00	4.22188910785122e+02
6.34000000000000e+00	4.22201306958665e+02
6.35000000000000e+00	4.26952104416954e+02
6.36000000000000e+00	4.38790495030523e+02
6.37000000000000e+00	4.60285498546884e+02
6.38000000000000e+00	4.94209368418395e+02
6.39000000000000e+00	5.43421515519050e+02
6.40000000000000e+00	6.10719855016954e+02
6.41000000000000e+00	6.98618506009347e+02
6.42000000000000e+00	8.09021705613967e+02
6.43000000000000e+00	9.42892776052006e+02
6.44000000000000e+00	1.09986860208128e+03
6.45000000000000e+00	1.27800415808593e+03
6.46000000000000e+00	1.47364730794401e+03
6.47000000000000e+00	1.68155752586640e+03
6.48000000000000e+00	1.89517895652940e+03
6.49000000000000e+00	2.10727027384823e+03
6.50000000000000e+00	2.31042183347741e+03
6.51000000000000e+00	2.49788112491451e+03
6.52000000000000e+00	2.66397079764627e+03
6.53000000000000e+00	2.80444967615589e+03
6.54000000000000e+00	2.91670799845460e+03
6.55000000000000e+00	2.99976769460679e+03
6.56000000000000e+00	3.05402029595085e+03
6.57000000000000e+00	3.08097698413245e+03
6.58000000000000e+00	3.08325845881566e+03
6.59000000000000e+00	3.06406542092697e+03
6.60000000000000e+00	3.02705204541808e+03
6.61000000000000e+00	2.97616548119209e+03
6.62000000000000e+00	2.91519184657327e+03
6.63000000000000e+00	2.84786875825791e+03
6.64000000000000e+00	2.77765107969404e+03
6.65000000000000e+00	2.70759814376658e+03
6.66000000000000e+00	2.64039839033526e+03
6.67000000000000e+00	2.57827043727958e+03
6.68000000000000e+00	2.52287893408618e+03
6.69000000000000e+00	2.47517024981155e+03
6.70000000000000e+00	2.43550798275584e+03
6.71000000000000e+00	2.40354075626823e+03
6.72000000000000e+00	2.37839450453433e+03
6.73000000000000e+00	2.35861101042618e+03
6.74000000000000e+00	2.34241704845792e+03
6.75000000000000e+00	2.32783153464827e+03
6.76000000000000e+00	2.31272288920520e+03
6.77000000000000e+00	2.29516701713777e+03
6.78000000000000e+00	2.27322683264625e+03
6.79000000000000e+00	2.24534915637529e+03
6.80000000000000e+00	2.21033417225904e+03
6.81000000000000e+00	2.16731351842897e+03
6.82000000000000e+00	2.11587085760144e+03
6.83000000000000e+00	2.05602909468685e+03
6.84000000000000e+00	1.98817201531655e+03
6.85000000000000e+00	1.91310193277690e+03
6.86000000000000e+00	1.83186788750005e+03
6.87000000000000e+00	1.74579727783160e+03
6.88000000000000e+00	1.65642185426575e+03
6.89000000000000e+00	1.56531677650863e+03
6.90000000000000e+00	1.47419309487492e+03
6.91000000000000e+00	1.38465394639747e+03
6.92000000000000e+00	1.29832831329141e+03
6.93000000000000e+00	1.21668387011500e+03
6.94000000000000e+00	1.14100092502985e+03
6.95000000000000e+00	1.07234696678963e+03
6.96000000000000e+00	1.01150621405094e+03
6.97000000000000e+00	9.58923358207869e+02
6.98000000000000e+00	9.14715226406205e+02
6.99000000000000e+00	8.78672581720278e+02
7.00000000000000e+00	8.50292696583316e+02
7.01000000000000e+00	8.28851344976172e+02
7.02000000000000e+00	8.13467217516647e+02
7.03000000000000e+00	8.03173290766731e+02
7.04000000000000e+00	7.96989373451406e+02
7.05000000000000e+00	7.93958511572298e+02
7.06000000000000e+00	7.93207742066574e+02
7.07000000000000e+00	7.93966355086729e+02
7.08000000000000e+00	7.95548885519664e+02
7.09000000000000e+00	7.97395169515164e+02
7.10000000000000e+00	7.99054708054252e+02
7.11000000000000e+00	8.00185308227260e+02
7.12000000000000e+00	8.00533575173483e+02
7.13000000000000e+00	7.99932787357991e+02
7.14000000000000e+00	7.98286856094793e+02
7.15000000000000e+00	7.95530201301038e+02
7.16000000000000e+00	7.91635155569222e+02
7.17000000000000e+00	7.86581852255401e+02
7.18000000000000e+00	7.80359146380250e+02
7.19000000000000e+00	7.72945814793785e+02
7.20000000000000e+00	7.64341181730727e+02
7.21000000000000e+00	7.54501944697122e+02
7.22000000000000e+00	7.43396949482326e+02
7.23000000000000e+00	7.30969492123103e+02
7.24000000000000e+00	7.17158364064305e+02
7.25000000000000e+00	7.01899384603053e+02
7.26000000000000e+00	6.85141707129818e+02
7.27000000000000e+00	6.66851409215080e+02
7.28000000000000e+00	6.47023856300351e+02
7.29000000000000e+00	6.25693467484993e+02
7.30000000000000e+00	6.02936758392369e+02
7.31000000000000e+00	5.78847620726806e+02
7.32000000000000e+00	5.53551569245597e+02
7.33000000000000e+00	5.27207562536257e+02
7.34000000000000e+00	4.99966551623088e+02
7.35000000000000e+00	4.71988019152552e+02
7.36000000000000e+00	4.43418971352131e+02
7.37000000000000e+00	4.14406790385295e+02
7.38000000000000e+00	3.85087408589882e+02
7.39000000000000e+00	3.55592315464470e+02
7.40000000000000e+00	3.26066258241481e+02
7.41000000000000e+00	2.96666839902805e+02
7.42000000000000e+00	2.67576124307528e+02
7.43000000000000e+00	2.39005052892302e+02
7.44000000000000e+00	2.11180911772713e+02
7.45000000000000e+00	1.84344769736230e+02
7.46000000000000e+00	1.58729367849384e+02
7.47000000000000e+00	1.34544374335256e+02
7.48000000000000e+00	1.11957286151620e+02
7.49000000000000e+00	9.10916170375380e+01
7.50000000000000e+00	7.20283382808452e+01
7.51000000000000e+00	5.48308604990121e+01
7.52000000000000e+00	3.95908740851647e+01
7.53000000000000e+00	2.64872402323370e+01
7.54000000000000e+00	1.58630860143084e+01
7.55000000000000e+00	8.30371304836433e+00
7.56000000000000e+00	4.71246147769325e+00
7.57000000000000e+00	6.36619760869365e+00
7.58000000000000e+00	1.49438845906341e+01
7.59000000000000e+00	3.25200791408450e+01
7.60000000000000e+00	6.15114952367142e+01
7.61000000000000e+00	1.04574640290542e+02
7.62000000000000e+00	1.64448517361756e+02
7.63000000000000e+00	2.43761873787270e+02
7.64000000000000e+00	3.44804206372042e+02
7.65000000000000e+00	4.69303261877078e+02
7.66000000000000e+00	6.18266356749352e+02
7.67000000000000e+00	7.91918625955567e+02
7.68000000000000e+00	9.89791272276071e+02
7.69000000000000e+00	1.21095590273876e+03
7.70000000000000e+00	1.45444657371219e+03
7.71000000000000e+00	1.71966099887520e+03
7.72000000000000e+00	2.00675518874107e+03
7.73000000000000e+00	2.31677053439611e+03
7.74000000000000e+00	2.65175693039913e+03
7.75000000000000e+00	3.01401781207927e+03
7.76000000000000e+00	3.40559523962869e+03
7.77000000000000e+00	3.82702692882393e+03
7.78000000000000e+00	4.27616334669905e+03
7.79000000000000e+00	4.74691285994974e+03
7.80000000000000e+00	5.22875500800735e+03
7.81000000000000e+00	5.70675821122345e+03
7.82000000000000e+00	6.16216139979680e+03
7.83000000000000e+00	6.57441396779575e+03
7.84000000000000e+00	6.92308144692513e+03
7.85000000000000e+00	7.19046984149841e+03
7.86000000000000e+00	7.36343145105069e+03
7.87000000000000e+00	7.43530048263776e+03
7.88000000000000e+00	7.40567558745622e+03
7.89000000000000e+00	7.28027437027448e+03
7.90000000000000e+00	7.06983426761820e+03
7.91000000000000e+00	6.78853534244891e+03
7.92000000000000e+00	6.45230419856109e+03
7.93000000000000e+00	6.07777221320878e+03
7.94000000000000e+00	5.68058983930346e+03
7.95000000000000e+00	5.27548503248646e+03
7.96000000000000e+00	4.87485739348983e+03
7.97000000000000e+00	4.48885880549426e+03
7.98000000000000e+00	4.12514645751520e+03
7.99000000000000e+00	3.78892667507938e+03
8.00000000000000e+00	3.48297059709839e+03
8.01000000000000e+00	3.20817347225981e+03
8.02000000000000e+00	2.96364579105781e+03
8.03000000000000e+00	2.74734704716952e+03
8.04000000000000e+00	2.55647416487034e+03
8.05000000000000e+00	2.38786428911522e+03
8.06000000000000e+00	2.23833954967876e+03
8.07000000000000e+00	2.10503109439532e+03
8.08000000000000e+00	1.98538940885307e+03
8.09000000000000e+00	1.87744624896048e+03
8.10000000000000e+00	1.77979935716150e+03
8.11000000000000e+00	1.69149189262006e+03
8.12000000000000e+00	1.61207995812948e+03
8.13000000000000e+00	1.54151584405980e+03
8.14000000000000e+00	1.48000312059833e+03
8.15000000000000e+00	1.42795468417174e+03
8.16000000000000e+00	1.38581759822876e+03
8.17000000000000e+00	1.35402816059821e+03
8.18000000000000e+00	1.33291775598636e+03
8.19000000000000e+00	1.32255859514521e+03
8.20000000000000e+00	1.32272899202742e+03
8.21000000000000e+00	1.33292379869260e+03
8.22000000000000e+00	1.35228846525881e+03
8.23000000000000e+00	1.37966852449756e+03
8.24000000000000e+00	1.41368425565970e+03
8.25000000000000e+00	1.45280488153443e+03
8.26000000000000e+00	1.49535696930759e+03
8.27000000000000e+00	1.53971565421397e+03
8.28000000000000e+00	1.58426431053556e+03
8.29000000000000e+00	1.62751796248570e+03
8.30000000000000e+00	1.66819338117929e+03
8.31000000000000e+00	1.70516397239803e+03
8.32000000000000e+00	1.73754573026399e+03
8.33000000000000e+00	1.76467296278630e+03
8.34000000000000e+00	1.78607055412153e+03
8.35000000000000e+00	1.80140833567262e+03
8.36000000000000e+00	1.81052757145893e+03
8.37000000000000e+00	1.81335716630285e+03
8.38000000000000e+00	1.80993661508733e+03
8.39000000000000e+00	1.80041196768707e+03
8.40000000000000e+00	1.78505820301250e+03
8.41000000000000e+00	1.76427731348634e+03
8.42000000000000e+00	1.73866856408297e+03
8.43000000000000e+00	1.70900345336780e+03
8.44000000000000e+00	1.67623583970584e+03
8.45000000000000e+00	1.64146451104724e+03
8.46000000000000e+00	1.60587917941295e+03
8.47000000000000e+00	1.57072216254905e+03
8.48000000000000e+00	1.53717389664404e+03
8.49000000000000e+00	1.50632352264495e+03
8.50000000000000e+00	1.47905462966856e+03
8.51000000000000e+00	1.45600183230244e+03
8.52000000000000e+00	1.43743420966079e+03
8.53000000000000e+00	1.42329311339423e+03
8.54000000000000e+00	1.41316979685833e+03
8.55000000000000e+00	1.40635549026828e+03
8.56000000000000e+00	1.40195040041569e+03
8.57000000000000e+00	1.39894656636578e+03
8.58000000000000e+00	1.39637311913459e+03
8.59000000000000e+00	1.39337433699993e+03
8.60000000000000e+00	1.38931451777174e+03
8.61000000000000e+00	1.38378199846599e+03
8.62000000000000e+00	1.37659605313698e+03
8.63000000000000e+00	1.36780999291537e+03
8.64000000000000e+00	1.35767373396348e+03
8.65000000000000e+00	1.34655260065032e+03
8.66000000000000e+00	1.33488008892640e+03
8.67000000000000e+00	1.32309905826428e+03
8.68000000000000e+00	1.31165204827449e+03
8.69000000000000e+00	1.30089495277280e+03
8.70000000000000e+00	1.29113500817416e+03
8.71000000000000e+00	1.28257427644577e+03
8.72000000000000e+00	1.27535574366157e+03
8.73000000000000e+00	1.26951013356573e+03
8.74000000000000e+00	1.26505205851175e+03
8.75000000000000e+00	1.26189075208669e+03
8.76000000000000e+00	1.25996026599980e+03
8.77000000000000e+00	1.25907887757118e+03
8.78000000000000e+00	1.25912758771762e+03
8.79000000000000e+00	1.25992231365273e+03
8.80000000000000e+00	1.26128766120412e+03
8.81000000000000e+00	1.26307593515014e+03
8.82000000000000e+00	1.26511063344601e+03
8.83000000000000e+00	1.26722704545050e+03
8.84000000000000e+00	1.26925833824146e+03
8.85000000000000e+00	1.27104905797822e+03
8.86000000000000e+00	1.27241128785055e+03
8.87000000000000e+00	1.27317859290989e+03
8.88000000000000e+00	1.27318197264352e+03
8.89000000000000e+00	1.27228922130099e+03
8.90000000000000e+00	1.27036276357825e+03
8.91000000000000e+00	1.26731058030905e+03
8.92000000000000e+00	1.26301721459194e+03
8.93000000000000e+00	1.25747675609580e+03
8.94000000000000e+00	1.25063433700822e+03
8.95000000000000e+00	1.24254645469870e+03
8.96000000000000e+00	1.23324594480413e+03
8.97000000000000e+00	1.22284482187744e+03
8.98000000000000e+00	1.21147164240223e+03
8.99000000000000e+00	1.19932209384007e+03
9.00000000000000e+00	1.18665639970629e+03
9.01000000000000e+00	1.17379801163532e+03
9.02000000000000e+00	1.16109882094749e+03
9.03000000000000e+00	1.14891801063150e+03
9.04000000000000e+00	1.13761903362186e+03
9.05000000000000e+00	1.12745005463181e+03
9.06000000000000e+00	1.11862239390447e+03
9.07000000000000e+00	1.11119554205791e+03
9.08000000000000e+00	1.10517265521630e+03
9.09000000000000e+00	1.10047517102203e+03
9.10000000000000e+00	1.09697998989827e+03
9.11000000000000e+00	1.09449329776627e+03
9.12000000000000e+00	1.09282777080444e+03
9.13000000000000e+00	1.09178033456293e+03
9.14000000000000e+00	1.09116934524238e+03
9.15000000000000e+00	1.09082168805163e+03
9.16000000000000e+00	1.09061213398405e+03
9.17000000000000e+00	1.09044571423669e+03
9.18000000000000e+00	1.09027299456488e+03
9.19000000000000e+00	1.09005781092927e+03
9.20000000000000e+00	1.08978028460647e+03
9.21000000000000e+00	1.08944438077514e+03
9.22000000000000e+00	1.08900937621490e+03
9.23000000000000e+00	1.08844283511139e+03
9.24000000000000e+00	1.08764971437106e+03
9.25000000000000e+00	1.08653291606508e+03
9.26000000000000e+00	1.08494695992701e+03
9.27000000000000e+00	1.08276808600958e+03
9.28000000000000e+00	1.07986923638573e+03
9.29000000000000e+00	1.07617240662454e+03
9.30000000000000e+00	1.07162866469825e+03
9.31000000000000e+00	1.06627741326748e+03
9.32000000000000e+00	1.06018514177897e+03
9.33000000000000e+00	1.05349056381157e+03
9.34000000000000e+00	1.04637356607367e+03
9.35000000000000e+00	1.03903461321270e+03
9.36000000000000e+00	1.03169336762967e+03
9.37000000000000e+00	1.02454538692839e+03
9.38000000000000e+00	1.01779008177933e+03
9.39000000000000e+00	1.01158554619958e+03
9.40000000000000e+00	1.00604962789800e+03
9.41000000000000e+00	1.00127549598006e+03
9.42000000000000e+00	9.97309601359510e+02
9.43000000000000e+00	9.94168849343247e+02
9.44000000000000e+00	9.91826764348143e+02
9.45000000000000e+00	9.90234716567611e+02
9.46000000000000e+00	9.89332083998576e+02
9.47000000000000e+00	9.89037076338411e+02
9.48000000000000e+00	9.89271406787985e+02
9.49000000000000e+00	9.89951363055311e+02
9.50000000000000e+00	9.91011139363421e+02
9.51000000000000e+00	9.92360556610617e+02
9.52000000000000e+00	9.93906113216193e+02
9.53000000000000e+00	9.95543845079022e+02
9.54000000000000e+00	9.97141006711677e+02
9.55000000000000e+00	9.98567860724079e+02
9.56000000000000e+00	9.99722475624892e+02
9.57000000000000e+00	1.00056355478958e+03
9.58000000000000e+00	1.00112960194995e+03
9.59000000000000e+00	1.00150609690421e+03
9.60000000000000e+00	1.00179773873426e+03
9.61000000000000e+00	1.00209593121209e+03
9.62000000000000e+00	1.00242082694797e+03
9.63000000000000e+00	1.00276064813445e+03
9.64000000000000e+00	1.00304137949543e+03
9.65000000000000e+00	1.00319816954371e+03
9.66000000000000e+00	1.00317903543312e+03
9.67000000000000e+00	1.00296488069094e+03
9.68000000000000e+00	1.00256441696580e+03
9.69000000000000e+00	1.00199022646981e+03
9.70000000000000e+00	1.00127067794373e+03
9.71000000000000e+00	1.00044949500220e+03
9.72000000000000e+00	9.99532139197826e+02
9.73000000000000e+00	9.98556969774736e+02
9.74000000000000e+00	9.97529659798092e+02
9.75000000000000e+00	9.96464861583567e+02
9.76000000000000e+00	9.95370912841313e+02
9.77000000000000e+00	9.94239348354605e+02
9.78000000000000e+00	9.93066175162587e+02
9.79000000000000e+00	9.91858657717388e+02
9.80000000000000e+00	9.90601727864771e+02
9.81000000000000e+00	9.89303426073026e+02
9.82000000000000e+00	9.87973157359505e+02
9.83000000000000e+00	9.86597570565767e+02
9.84000000000000e+00	9.85186414428139e+02
9.85000000000000e+00	9.83734702360030e+02
9.86000000000000e+00	9.82242340781413e+02
9.87000000000000e+00	9.80737302951163e+02
9.88000000000000e+00	9.79302581737811e+02
9.89000000000000e+00	9.78199644287798e+02
9.90000000000000e+00	9.78070894522865e+02
9.91000000000000e+00	9.80329495505747e+02
9.92000000000000e+00	9.87772758862370e+02
9.93000000000000e+00	1.00532661034482e+03
9.94000000000000e+00	1.04103001206545e+03
9.95000000000000e+00	1.10757449494754e+03
9.96000000000000e+00	1.22527705898267e+03
9.97000000000000e+00	1.42888582103703e+03
9.98000000000000e+00	1.78352446959265e+03
9.99000000000000e+00	2.42457640816497e+03
1.00000000000000e+01	3.66959634006548e+03
1.00100000000000e+01	6.32826460736251e+03
1.00200000000000e+01	1.16457686339232e+04
1.00300000000000e+01	1.38787828140099e+04
1.00400000000000e+01	7.42440691268394e+03
1.00500000000000e+01	3.41395610354269e+03
1.00600000000000e+01	1.77304580427882e+03
1.00700000000000e+01	1.03554619965546e+03
1.00800000000000e+01	6.59595770753798e+02
1.00900000000000e+01	4.47696770563778e+02
1.01000000000000e+01	3.18766657770687e+02
1.01100000000000e+01	2.35553142179973e+02
1.01200000000000e+01	1.79289547234181e+02
1.01300000000000e+01	1.39799062014305e+02
1.01400000000000e+01	1.11213406477521e+02
1.01500000000000e+01	8.99834214061742e+01
1.01600000000000e+01	7.38688604304350e+01
1.01700000000000e+01	6.14059237374479e+01
1.01800000000000e+01	5.16085878981663e+01
1.01900000000000e+01	4.37962479521017e+01
1.02000000000000e+01	3.74880308156165e+01
1.02100000000000e+01	3.23362661508727e+01
1.02200000000000e+01	2.80865414240883e+01
1.02300000000000e+01	2.45486998771675e+01
1.02400000000000e+01	2.15794394561810e+01
1.02500000000000e+01	1.90685529917513e+01
1.02600000000000e+01	1.69307709795343e+01
1.02700000000000e+01	1.50990772858829e+01
1.02800000000000e+01	1.35208169750856e+01
1.02900000000000e+01	1.21536246234558e+01
1.03000000000000e+01	1.09634253046859e+01
1.03100000000000e+01	9.92254708601801e+00
1.03200000000000e+01	9.00838980998767e+00
1.03300000000000e+01	8.20231876751188e+00
1.03400000000000e+01	7.48885198923170e+00
1.03500000000000e+01	6.85506480604096e+00
1.03600000000000e+01	6.29019299505094e+00
1.03700000000000e+01	5.78511633721594e+00
1.03800000000000e+01	5.33210448519189e+00
1.03900000000000e+01	4.92465751041844e+00
1.04000000000000e+01	4.55711329850734e+00
1.04100000000000e+01	4.22471151314695e+00
1.04200000000000e+01	3.92335429281474e+00
1.04300000000000e+01	3.64947418041649e+00
1.04400000000000e+01	3.40003366058560e+00
1.04500000000000e+01	3.17238038356655e+00
1.04600000000000e+01	2.96417592877064e+00
1.04700000000000e+01	2.77341699235227e+00
1.04800000000000e+01	2.59831810142065e+00
1.04900000000000e+01	2.43734478498717e+00
1.05000000000000e+01	2.28911144324672e+00
1.05100000000000e+01	2.15240840289557e+00
1.05200000000000e+01	2.02616401953169e+00
1.05300000000000e+01	1.90937786033773e+00
1.05400000000000e+01	1.80124056896907e+00
1.05500000000000e+01	1.70095064350041e+00
1.05600000000000e+01	1.60782837333471e+00
1.05700000000000e+01	1.52124744382413e+00
1.05800000000000e+01	1.44064912415956e+00
1.05900000000000e+01	1.36552832286852e+00
1.06000000000000e+01	1.29543103195063e+00
1.06100000000000e+01	1.22995271453107e+00
1.06200000000000e+01	1.16871099757232e+00
1.06300000000000e+01	1.11137554725813e+00
1.06400000000000e+01	1.05763178498903e+00
1.06500000000000e+01	1.00720872380662e+00
1.06600000000000e+01	9.59851236605910e-01
1.06700000000000e+01	9.15327269367791e-01
1.06800000000000e+01	8.73421372154634e-01
1.06900000000000e+01	8.33953387652465e-01
1.07000000000000e+01	7.96737932113062e-01
1.07100000000000e+01	7.61619652402197e-01
1.07200000000000e+01	7.28452071444464e-01
1.07300000000000e+01	6.97106896967332e-01
1.07400000000000e+01	6.67457586159753e-01
1.07500000000000e+01	6.39392385907785e-01
1.07600000000000e+01	6.12821019706132e-01
1.07700000000000e+01	5.87640530138605e-01
1.07800000000000e+01	5.63773369534756e-01
1.07900000000000e+01	5.41136689381949e-01
1.08000000000000e+01	5.19656997243239e-01
1.08100000000000e+01	4.99267146527637e-01
1.08200000000000e+01	4.79900947719746e-01
1.08300000000000e+01	4.61497530322909e-01
1.08400000000000e+01	4.44002620136845e-01
1.08500000000000e+01	4.27356546357626e-01
1.08600000000000e+01	4.11512796343350e-01
1.08700000000000e+01	3.96421680255559e-01
1.08800000000000e+01	3.82040364710050e-01
1.08900000000000e+01	3.68321803874010e-01
1.09000000000000e+01	3.55228145995835e-01
1.09100000000000e+01	3.42724129675390e-01
1.09200000000000e+01	3.30774791115518e-01
1.09300000000000e+01	3.19346096340607e-01
1.09400000000000e+01	3.08405230521903e-01
1.09500000000000e+01	2.97928487667401e-01
1.09600000000000e+01	2.87886669412011e-01
1.09700000000000e+01	2.78259575069341e-01
1.09800000000000e+01	2.69019203973260e-01
1.09900000000000e+01	2.60148507790307e-01
1.10000000000000e+01	2.51629122913809e-01
1.10100000000000e+01	2.43441266670902e-01
1.10200000000000e+01	2.35574023203270e-01
1.10300000000000e+01	2.28011273201797e-01
1.10400000000000e+01	2.20743466502778e-01
1.10500000000000e+01	2.13757057385020e-01
1.10600000000000e+01	2.07047117758283e-01
1.10700000000000e+01	2.00600992043299e-01
1.10800000000000e+01	1.94410558901331e-01
1.10900000000000e+01	1.88468259970633e-01
1.11000000000000e+01	1.82765222785739e-01
1.11100000000000e+01	1.77293070896878e-01
1.11200000000000e+01	1.72039875633694e-01
1.11300000000000e+01	1.66999417064739e-01
1.11400000000000e+01	1.62160963146048e-01
1.11500000000000e+01	1.57514707760220e-01
1.11600000000000e+01	1.53049174434187e-01
1.11700000000000e+01	1.48757793823316e-01
1.11800000000000e+01	1.44629849512921e-01
1.11900000000000e+01	1.40655918783040e-01
1.12000000000000e+01	1.36826128161336e-01
1.12100000000000e+01	1.33135982385932e-01
1.12200000000000e+01	1.29575637750717e-01
1.12300000000000e+01	1.26139110214485e-01
1.12400000000000e+01	1.22818893232654e-01
1.12500000000000e+01	1.19611189517612e-01
1.12600000000000e+01	1.16509064232639e-01
1.12700000000000e+01	1.13509000467813e-01
1.12800000000000e+01	1.10605923545302e-01
1.12900000000000e+01	1.07795799975934e-01
1.13000000000000e+01	1.05075268412625e-01
1.13100000000000e+01	1.02440655435615e-01
1.13200000000000e+01	9.98871427387019e-02
1.13300000000000e+01	9.74133913755616e-02
1.13400000000000e+01	9.50150505560780e-02
1.13500000000000e+01	9.26900205588091e-02
1.13600000000000e+01	9.04344716106796e-02
1.13700000000000e+01	8.82452104602127e-02
1.13800000000000e+01	8.61211711890494e-02
1.13900000000000e+01	8.40583224060309e-02
1.14000000000000e+01	8.20550875558579e-02
1.14100000000000e+01	8.01095538977728e-02
1.14200000000000e+01	7.82190699256495e-02
1.14300000000000e+01	7.63820681702989e-02
1.14400000000000e+01	7.45967099779221e-02
1.14500000000000e+01	7.28620782179817e-02
1.14600000000000e+01	7.11753620154980e-02
1.14700000000000e+01	6.95355970585219e-02
1.14800000000000e+01	6.79405411241069e-02
1.14900000000000e+01	6.63891457570272e-02
1.15000000000000e+01	6.48807145266692e-02
1.15100000000000e+01	6.34123451755589e-02
1.15200000000000e+01	6.19832244852722e-02
1.15300000000000e+01	6.05928765964410e-02
1.15400000000000e+01	5.92387692187690e-02
1.15500000000000e+01	5.79213841791397e-02
1.15600000000000e+01	5.66393387262842e-02
1.15700000000000e+01	5.53920477337615e-02
1.15800000000000e+01	5.41795938080832e-02
1.15900000000000e+01	5.30009067831736e-02
1.16000000000000e+01	5.18553708577655e-02
1.16100000000000e+01	5.07437512647765e-02
1.16200000000000e+01	4.96645404715059e-02
1.16300000000000e+01	4.86172400687752e-02
1.16400000000000e+01	4.76007464776584e-02
1.16500000000000e+01	4.66144889070479e-02
1.16600000000000e+01	4.56571195971956e-02
1.16700000000000e+01	4.47274019142469e-02
1.16800000000000e+01	4.38232985498888e-02
1.16900000000000e+01	4.29439052747664e-02
1.17000000000000e+01	4.20872072861594e-02
1.17100000000000e+01	4.12520004921421e-02
1.17200000000000e+01	4.04367260773677e-02
1.17300000000000e+01	3.96397367995805e-02
1.17400000000000e+01	3.88604916380193e-02
1.17500000000000e+01	3.80976339005006e-02
1.17600000000000e+01	3.73505915121699e-02
1.17700000000000e+01	3.66186291625104e-02
1.17800000000000e+01	3.59019615570979e-02
1.17900000000000e+01	3.52000601849063e-02
1.18000000000000e+01	3.45132804462732e-02
1.18100000000000e+01	3.38416138720005e-02
1.18200000000000e+01	3.31850977684827e-02
1.18300000000000e+01	3.25442642620504e-02
1.18400000000000e+01	3.19185878674766e-02
1.18500000000000e+01	3.13086715362772e-02
1.18600000000000e+01	3.07140487436051e-02
1.18700000000000e+01	3.01348788789416e-02
1.18800000000000e+01	2.95705558680152e-02
1.18900000000000e+01	2.90208129533687e-02
1.19000000000000e+01	2.84852677694365e-02
1.19100000000000e+01	2.79633992336596e-02
1.19200000000000e+01	2.74545170069744e-02
1.19300000000000e+01	2.69583383957526e-02
1.19400000000000e+01	2.64740129640728e-02
1.19500000000000e+01	2.60009931395429e-02
1.19600000000000e+01	2.55388737922689e-02
1.19700000000000e+01	2.50871278844613e-02
1.19800000000000e+01	2.46449621613998e-02
1.19900000000000e+01	2.42119489387323e-02
1.20000000000000e+01	2.37877713811585e-02
1.20100000000000e+01	2.33720083575681e-02
1.20200000000000e+01	2.29643077104047e-02
1.20300000000000e+01	2.25646473904015e-02
1.20400000000000e+01	2.21725220614290e-02
1.20500000000000e+01	2.17880335700288e-02
1.20600000000000e+01	2.14110638807942e-02
1.20700000000000e+01	2.10416904564431e-02
1.20800000000000e+01	2.06798865105931e-02
1.20900000000000e+01	2.03257864346400e-02
1.21000000000000e+01	1.99794109213066e-02
1.21100000000000e+01	1.96408733576048e-02
1.21200000000000e+01	1.93102296330175e-02
1.21300000000000e+01	1.89873624491171e-02
1.21400000000000e+01	1.86723509605541e-02
1.21500000000000e+01	1.83651762068670e-02
1.21600000000000e+01	1.80652797877608e-02
1.21700000000000e+01	1.77727851009339e-02
1.21800000000000e+01	1.74872498798783e-02
1.21900000000000e+01	1.72083604077390e-02
1.22000000000000e+01	1.69359029201270e-02
1.22100000000000e+01	1.66693312052391e-02
1.22200000000000e+01	1.64084963529068e-02
1.22300000000000e+01	1.61527878036389e-02
1.22400000000000e+01	1.59019907475442e-02
1.22500000000000e+01	1.56558267149288e-02
1.22600000000000e+01	1.54139765688740e-02
1.22700000000000e+01	1.51761811136309e-02
1.22800000000000e+01	1.49419053312563e-02
1.22900000000000e+01	1.47112005588457e-02
1.23000000000000e+01	1.44836487222121e-02
1.23100000000000e+01	1.42591342772334e-02
1.23200000000000e+01	1.40374848646412e-02
1.23300000000000e+01	1.38184049462528e-02
1.23400000000000e+01	1.36019980849243e-02
1.23500000000000e+01	1.33880975917009e-02
1.23600000000000e+01	1.31766284161277e-02
1.23700000000000e+01	1.29677234153008e-02
1.23800000000000e+01	1.27612322614057e-02
1.23900000000000e+01	1.25575017808137e-02
1.24000000000000e+01	1.23564314046804e-02
1.24100000000000e+01	1.21583562132918e-02
1.24200000000000e+01	1.19632460009871e-02
1.24300000000000e+01	1.17711921712918e-02
1.24400000000000e+01	1.15825209972542e-02
1.24500000000000e+01	1.13969190805822e-02
1.24600000000000e+01	1.12146675545845e-02
1.24700000000000e+01	1.10357670029896e-02
1.24800000000000e+01	1.08601745831882e-02
1.24900000000000e+01	1.06877216527416e-02
1.25000000000000e+01	1.05185973709931e-02
1.25100000000000e+01	1.03527044293278e-02
1.25200000000000e+01	1.01899137262221e-02
1.25300000000000e+01	1.00303009928330e-02
1.25400000000000e+01	9.87384198314956e-03
1.25500000000000e+01	9.72041173290354e-03
1.25600000000000e+01	9.57018744146433e-03
1.25700000000000e+01	9.42288466586721e-03
1.25800000000000e+01	9.27870391830796e-03
1.25900000000000e+01	9.13754271780393e-03
1.26000000000000e+01	8.99921023810290e-03
1.26100000000000e+01	8.86372515685430e-03
1.26200000000000e+01	8.73103606040111e-03
1.26300000000000e+01	8.60097953343568e-03
1.26400000000000e+01	8.47347411124903e-03
1.26500000000000e+01	8.34847526018999e-03
1.26600000000000e+01	8.22592915783174e-03
1.26700000000000e+01	8.10563319540307e-03
1.26800000000000e+01	7.98767734073315e-03
1.26900000000000e+01	7.87195698415156e-03
1.27000000000000e+01	7.75844146126831e-03
1.27100000000000e+01	7.64719676185984e-03
1.27200000000000e+01	7.53808827374220e-03
1.27300000000000e+01	7.43115007615014e-03
1.27400000000000e+01	7.32642511008328e-03
1.27500000000000e+01	7.22384724508361e-03
1.27600000000000e+01	7.12346902295022e-03
1.27700000000000e+01	7.02517526717368e-03
1.27800000000000e+01	6.92897203698990e-03
1.27900000000000e+01	6.83473579075639e-03
1.28000000000000e+01	6.74246369709825e-03
1.28100000000000e+01	6.65208650395040e-03
1.28200000000000e+01	6.56352915205678e-03
1.28300000000000e+01	6.47670261896749e-03
1.28400000000000e+01	6.39159223490884e-03
1.28500000000000e+01	6.30818999786154e-03
1.28600000000000e+01	6.22626942059185e-03
1.28700000000000e+01	6.14598000175957e-03
1.28800000000000e+01	6.06714603767530e-03
1.28900000000000e+01	5.98974522197448e-03
1.29000000000000e+01	5.91381239808558e-03
1.29100000000000e+01	5.83924328440534e-03
1.29200000000000e+01	5.76600300292209e-03
1.29300000000000e+01	5.69414548220596e-03
1.29400000000000e+01	5.62349955216615e-03
1.29500000000000e+01	5.55410297260096e-03
1.29600000000000e+01	5.48585657299683e-03
1.29700000000000e+01	5.41884576687199e-03
1.29800000000000e+01	5.35293437127167e-03
1.29900000000000e+01	5.28813632832535e-03
1.30000000000000e+01	5.22439717345732e-03
1.30100000000000e+01	5.16172100622787e-03
1.30200000000000e+01	5.10011671100379e-03
1.30300000000000e+01	5.03956401806030e-03
1.30400000000000e+01	4.97999718571225e-03
1.30500000000000e+01	4.92143189725943e-03
1.30600000000000e+01	4.86379970581972e-03
1.30700000000000e+01	4.80706766738977e-03
1.30800000000000e+01	4.75117086087392e-03
1.30900000000000e+01	4.69612114695477e-03
1.31000000000000e+01	4.64174414360461e-03
1.31100000000000e+01	4.58813543174326e-03
1.31200000000000e+01	4.53508319999803e-03
1.31300000000000e+01	4.48259673752392e-03
1.31400000000000e+01	4.43065393467201e-03
1.31500000000000e+01	4.37923310610905e-03
1.31600000000000e+01	4.32833358938397e-03
1.31700000000000e+01	4.27792625346043e-03
1.31800000000000e+01	4.22801538620813e-03
1.31900000000000e+01	4.17868589336558e-03
1.32000000000000e+01	4.12989153768127e-03
1.32100000000000e+01	4.08166821095341e-03
1.32200000000000e+01	4.03407613102829e-03
1.32300000000000e+01	3.98704760874616e-03
1.32400000000000e+01	3.94063638947754e-03
1.32500000000000e+01	3.89478944296140e-03
1.32600000000000e+01	3.84948976822864e-03
1.32700000000000e+01	3.80474562480628e-03
1.32800000000000e+01	3.76052883686663e-03
1.32900000000000e+01	3.71678593919049e-03
1.33000000000000e+01	3.67353821605568e-03
1.33100000000000e+01	3.63077620662050e-03
1.33200000000000e+01	3.58848665604958e-03
1.33300000000000e+01	3.54668432137030e-03
1.33400000000000e+01	3.50538888492115e-03
1.33500000000000e+01	3.46464967539513e-03
1.33600000000000e+01	3.42440994985166e-03
1.33700000000000e+01	3.38474718261885e-03
1.33800000000000e+01	3.34566908201356e-03
1.33900000000000e+01	3.30721034817465e-03
1.34000000000000e+01	3.26930933290155e-03
1.34100000000000e+01	3.23200533199280e-03
1.34200000000000e+01	3.19534040190176e-03
1.34300000000000e+01	3.15921571277885e-03
1.34400000000000e+01	3.12367190138885e-03
1.34500000000000e+01	3.08871508279118e-03
1.34600000000000e+01	3.05425673290820e-03
1.34700000000000e+01	3.02030477908988e-03
1.34800000000000e+01	2.98687786831771e-03
1.34900000000000e+01	2.95392164585270e-03
1.35000000000000e+01	2.92142031553966e-03
1.35100000000000e+01	2.88931824414040e-03
1.35200000000000e+01	2.85764271300991e-03
1.35300000000000e+01	2.82635335172871e-03
1.35400000000000e+01	2.79542467147264e-03
1.35500000000000e+01	2.76483082396609e-03
1.35600000000000e+01	2.73458148888690e-03
1.35700000000000e+01	2.70461302215981e-03
1.35800000000000e+01	2.67493560661772e-03
1.35900000000000e+01	2.64550489082328e-03
1.36000000000000e+01	2.61633597229645e-03
1.36100000000000e+01	2.58741658035309e-03
1.36200000000000e+01	2.55871504423339e-03
1.36300000000000e+01	2.53022404774201e-03
1.36400000000000e+01	2.50197713643263e-03
1.36500000000000e+01	2.47397712405662e-03
1.36600000000000e+01	2.44620517489594e-03
1.36700000000000e+01	2.41868869753024e-03
1.36800000000000e+01	2.39145779818143e-03
1.36900000000000e+01	2.36449877690688e-03
1.37000000000000e+01	2.33784718280586e-03
1.37100000000000e+01	2.31151689301995e-03
1.37200000000000e+01	2.28552264688620e-03
1.37300000000000e+01	2.25995063351475e-03
1.37400000000000e+01	2.23473644959664e-03
1.37500000000000e+01	2.20995820047395e-03
1.37600000000000e+01	2.18558672658587e-03
1.37700000000000e+01	2.16166440963895e-03
1.37800000000000e+01	2.13818666559246e-03
1.37900000000000e+01	2.11511989410758e-03
1.38000000000000e+01	2.09251176377526e-03
1.38100000000000e+01	2.07031716097235e-03
1.38200000000000e+01	2.04851271005891e-03
1.38300000000000e+01	2.02706312139748e-03
1.38400000000000e+01	2.00599250141589e-03
1.38500000000000e+01	1.98527083416427e-03
1.38600000000000e+01	1.96483622168402e-03
1.38700000000000e+01	1.94470962608473e-03
1.38800000000000e+01	1.92487561365375e-03
1.38900000000000e+01	1.90528368960751e-03
1.39000000000000e+01	1.88593095135467e-03
1.39100000000000e+01	1.86681778018878e-03
1.39200000000000e+01	1.84793061072754e-03
1.39300000000000e+01	1.82923997268490e-03
1.39400000000000e+01	1.81075856709637e-03
1.39500000000000e+01	1.79248206114885e-03
1.39600000000000e+01	1.77437385415394e-03
1.39700000000000e+01	1.75645202572491e-03
1.39800000000000e+01	1.73870259608923e-03
1.39900000000000e+01	1.72112018448384e-03
1.40000000000000e+01	1.70373809723476e-03
1.40100000000000e+01	1.68650941021546e-03
1.40200000000000e+01	1.66943740787382e-03
1.40300000000000e+01	1.65256395494424e-03
1.40400000000000e+01	1.63588244862462e-03
1.40500000000000e+01	1.61938605564424e-03
1.40600000000000e+01	1.60308924772602e-03
1.40700000000000e+01	1.58700787134874e-03
1.40800000000000e+01	1.57113727750866e-03
1.40900000000000e+01	1.55546152965127e-03
1.41000000000000e+01	1.54000189618072e-03
1.41100000000000e+01	1.52475596888062e-03
1.41200000000000e+01	1.50971339028460e-03
1.41300000000000e+01	1.49486086080863e-03
1.41400000000000e+01	1.48020142317502e-03
1.41500000000000e+01	1.46569774072591e-03
1.41600000000000e+01	1.45136474612493e-03
1.41700000000000e+01	1.43716491703735e-03
1.41800000000000e+01	1.42308705698074e-03
1.41900000000000e+01	1.40912821598856e-03
1.42000000000000e+01	1.39527219029556e-03
1.42100000000000e+01	1.38152191654845e-03
1.42200000000000e+01	1.36789512883504e-03
1.42300000000000e+01	1.35435255928909e-03
1.42400000000000e+01	1.34092545438143e-03
1.42500000000000e+01	1.32761630785082e-03
1.42600000000000e+01	1.31443467865828e-03
1.42700000000000e+01	1.30138897861085e-03
1.42800000000000e+01	1.28850380453070e-03
1.42900000000000e+01	1.27576055577454e-03
1.43000000000000e+01	1.26317587288362e-03
1.43100000000000e+01	1.25076843308501e-03
1.43200000000000e+01	1.23849656140174e-03
1.43300000000000e+01	1.22638817219553e-03
1.43400000000000e+01	1.21444375717991e-03
1.43500000000000e+01	1.20265460644581e-03
1.43600000000000e+01	1.19101405129770e-03
1.43700000000000e+01	1.17950581256085e-03
1.43800000000000e+01	1.16814575525656e-03
1.43900000000000e+01	1.15692849448774e-03
1.44000000000000e+01	1.14586465091430e-03
1.44100000000000e+01	1.13492704975043e-03
1.44200000000000e+01	1.12413067052035e-03
1.44300000000000e+01	1.11346862401575e-03
1.44400000000000e+01	1.10296603757467e-03
1.44500000000000e+01	1.09258440233032e-03
1.44600000000000e+01	1.08235480582210e-03
1.44700000000000e+01	1.07226420236971e-03
1.44800000000000e+01	1.06230620269247e-03
1.44900000000000e+01	1.05248457051328e-03
1.45000000000000e+01	1.04279232514515e-03
1.45100000000000e+01	1.03322928925127e-03
1.45200000000000e+01	1.02379839726143e-03
1.45300000000000e+01	1.01448016881255e-03
1.45400000000000e+01	1.00529276824213e-03
1.45500000000000e+01	9.96201843095080e-04
1.45600000000000e+01	9.87225293538821e-04
1.45700000000000e+01	9.78362430413067e-04
1.45800000000000e+01	9.69587986742941e-04
1.45900000000000e+01	9.60926653499244e-04
1.46000000000000e+01	9.52350964616440e-04
1.46100000000000e+01	9.43851609690086e-04
1.46200000000000e+01	9.35467619096384e-04
1.46300000000000e+01	9.27147943074705e-04
1.46400000000000e+01	9.18915209060864e-04
1.46500000000000e+01	9.10784013103003e-04
1.46600000000000e+01	9.02708982864259e-04
1.46700000000000e+01	8.94734995649483e-04
1.46800000000000e+01	8.86845357383402e-04
1.46900000000000e+01	8.79046534518460e-04
1.47000000000000e+01	8.71338552879984e-04
1.47100000000000e+01	8.63712358490500e-04
1.47200000000000e+01	8.56173605395397e-04
1.47300000000000e+01	8.48730531294613e-04
1.47400000000000e+01	8.41374823094742e-04
1.47500000000000e+01	8.34111525122900e-04
1.47600000000000e+01	8.26938093605001e-04
1.47700000000000e+01	8.19845647563174e-04
1.47800000000000e+01	8.12828601657600e-04
1.47900000000000e+01	8.05897182489344e-04
1.48000000000000e+01	7.99030900773332e-04
1.48100000000000e+01	7.92226388777984e-04
1.48200000000000e+01	7.85496533034972e-04
1.48300000000000e+01	7.78816918482883e-04
1.48400000000000e+01	7.72196809281887e-04
1.48500000000000e+01	7.65630277920559e-04
1.48600000000000e+01	7.59114195601470e-04
1.48700000000000e+01	7.52648818964366e-04
1.48800000000000e+01	7.46226756015230e-04
1.48900000000000e+01	7.39847112703398e-04
1.49000000000000e+01	7.33528618488473e-04
1.49100000000000e+01	7.27245113898900e-04
1.49200000000000e+01	7.21014420633750e-04
1.49300000000000e+01	7.14829084400978e-04
1.49400000000000e+01	7.08696033193701e-04
1.49500000000000e+01	7.02615439870082e-04
1.49600000000000e+01	6.96589833939192e-04
1.49700000000000e+01	6.90624406515154e-04
1.49800000000000e+01	6.84718871650252e-04
1.49900000000000e+01	6.78874916548038e-04
1.50000000000000e+01	6.73089664634230e-04
1.50100000000000e+01	6.67372954842779e-04
1.50200000000000e+01	6.61711024797951e-04
1.50300000000000e+01	6.56121809705025e-04
1.50400000000000e+01	6.50595995652209e-04
1.50500000000000e+01	6.45130316686713e-04
1.50600000000000e+01	6.39725256003970e-04
1.50700000000000e+01	6.34378067382589e-04
1.50800000000000e+01	6.29085926220957e-04
1.50900000000000e+01	6.23851450192830e-04
1.51000000000000e+01	6.18662681136503e-04
1.51100000000000e+01	6.13520857452429e-04
1.51200000000000e+01	6.08431749674389e-04
1.51300000000000e+01	6.03378250103311e-04
1.51400000000000e+01	5.98370893108574e-04
1.51500000000000e+01	5.93394418450230e-04
1.51600000000000e+01	5.88459042878929e-04
1.51700000000000e+01	5.83561466776865e-04
1.51800000000000e+01	5.78702713618836e-04
1.51900000000000e+01	5.73879786910667e-04
1.52000000000000e+01	5.69100066173185e-04
1.52100000000000e+01	5.64357880199700e-04
1.52200000000000e+01	5.59664956581893e-04
1.52300000000000e+01	5.55007596286122e-04
1.52400000000000e+01	5.50390093953913e-04
1.52500000000000e+01	5.45817265571590e-04
1.52600000000000e+01	5.41276384460144e-04
1.52700000000000e+01	5.36765926241173e-04
1.52800000000000e+01	5.32293455717533e-04
1.52900000000000e+01	5.27830384336751e-04
1.53000000000000e+01	5.23389331587707e-04
1.53100000000000e+01	5.18947297372275e-04
1.53200000000000e+01	5.14504540249654e-04
1.53300000000000e+01	5.10059462558098e-04
1.53400000000000e+01	5.05593766775345e-04
1.53500000000000e+01	5.01105413713367e-04
1.53600000000000e+01	4.96600983359747e-04
1.53700000000000e+01	4.92059757967190e-04
1.53800000000000e+01	4.87490272678324e-04
1.53900000000000e+01	4.82892679762522e-04
1.54000000000000e+01	4.78269535258823e-04
1.54100000000000e+01	4.73631135987987e-04
1.54200000000000e+01	4.68972176209623e-04
1.54300000000000e+01	4.64309712667088e-04
1.54400000000000e+01	4.59652489208062e-04
1.54500000000000e+01	4.55016396946253e-04
1.54600000000000e+01	4.50405825281734e-04
1.54700000000000e+01	4.45851759582251e-04
1.54800000000000e+01	4.41350174508163e-04
1.54900000000000e+01	4.36929536544915e-04
1.55000000000000e+01	4.32595091310544e-04
1.55100000000000e+01	4.28371161991797e-04
1.55200000000000e+01	4.24260848181946e-04
1.55300000000000e+01	4.20280288815138e-04
1.55400000000000e+01	4.16423093063514e-04
1.55500000000000e+01	4.12701150682844e-04
1.55600000000000e+01	4.09101973549673e-04
1.55700000000000e+01	4.05627988919907e-04
1.55800000000000e+01	4.02278735403301e-04
1.55900000000000e+01	3.99033379052594e-04
1.56000000000000e+01	3.95876425558297e-04
1.56100000000000e+01	3.92812788406585e-04
1.56200000000000e+01	3.89817978496033e-04
1.56300000000000e+01	3.86885597697629e-04
1.56400000000000e+01	3.84002509177035e-04
1.56500000000000e+01	3.81152978564295e-04
1.56600000000000e+01	3.78330100840441e-04
1.56700000000000e+01	3.75525542919106e-04
1.56800000000000e+01	3.72729262986037e-04
1.56900000000000e+01	3.69944779158217e-04
1.57000000000000e+01	3.67152245521540e-04
1.57100000000000e+01	3.64355500922773e-04
1.57200000000000e+01	3.61556310861518e-04
1.57300000000000e+01	3.58748194623481e-04
1.57400000000000e+01	3.55931776437666e-04
1.57500000000000e+01	3.53110276414940e-04
1.57600000000000e+01	3.50284651967503e-04
1.57700000000000e+01	3.47453790423213e-04
1.57800000000000e+01	3.44627185175664e-04
1.57900000000000e+01	3.41812936719731e-04
1.58000000000000e+01	3.39010687787489e-04
1.58100000000000e+01	3.36227299123472e-04
1.58200000000000e+01	3.33471338610354e-04
1.58300000000000e+01	3.30748778840908e-04
1.58400000000000e+01	3.28067327069588e-04
1.58500000000000e+01	3.25426473407497e-04
1.58600000000000e+01	3.22835171015159e-04
1.58700000000000e+01	3.20297024586793e-04
1.58800000000000e+01	3.17805451635439e-04
1.58900000000000e+01	3.15373609578984e-04
1.59000000000000e+01	3.12994955027435e-04
1.59100000000000e+01	3.10667942557549e-04
1.59200000000000e+01	3.08386659259353e-04
1.59300000000000e+01	3.06152234696402e-04
1.59400000000000e+01	3.03963171783203e-04
1.59500000000000e+01	3.01806306145659e-04
1.59600000000000e+01	2.99676578807546e-04
1.59700000000000e+01	2.97580623073897e-04
1.59800000000000e+01	2.95509324634353e-04
1.59900000000000e+01	2.93448323199713e-04
1.60000000000000e+01	2.91415002963556e-04
1.60100000000000e+01	2.89387892908427e-04
1.60200000000000e+01	2.87380908377116e-04
1.60300000000000e+01	2.85380600147350e-04
1.60400000000000e+01	2.83396748541301e-04
1.60500000000000e+01	2.81419985790645e-04
1.60600000000000e+01	2.79457447290980e-04
1.60700000000000e+01	2.77504665562056e-04
1.60800000000000e+01	2.75559033970015e-04
1.60900000000000e+01	2.73625209319202e-04
1.61000000000000e+01	2.71705724497104e-04
1.61100000000000e+01	2.69796454021470e-04
1.61200000000000e+01	2.67899653731599e-04
1.61300000000000e+01	2.66010494134179e-04
1.61400000000000e+01	2.64140082906891e-04
1.61500000000000e+01	2.62281648509832e-04
1.61600000000000e+01	2.60431920262910e-04
1.61700000000000e+01	2.58603429462074e-04
1.61800000000000e+01	2.56784665130551e-04
1.61900000000000e+01	2.54988395523531e-04
1.62000000000000e+01	2.53207176835945e-04
1.62100000000000e+01	2.51446611624346e-04
1.62200000000000e+01	2.49706995451494e-04
1.62300000000000e+01	2.47989765052517e-04
1.62400000000000e+01	2.46294928756636e-04
1.62500000000000e+01	2.44624860401306e-04
1.62600000000000e+01	2.42977905261700e-04
1.62700000000000e+01	2.41356760932968e-04
1.62800000000000e+01	2.39758512222209e-04
1.62900000000000e+01	2.38181860620736e-04
1.63000000000000e+01	2.36628613553310e-04
1.63100000000000e+01	2.35088206659904e-04
1.63200000000000e+01	2.33570067324592e-04
1.63300000000000e+01	2.32059930443996e-04
1.63400000000000e+01	2.30560125117668e-04
1.63500000000000e+01	2.29067888622510e-04
1.63600000000000e+01	2.27576162487752e-04
1.63700000000000e+01	2.26083883877099e-04
1.63800000000000e+01	2.24589133989203e-04
1.63900000000000e+01	2.23084231217323e-04
1.64000000000000e+01	2.21570948064988e-04
1.64100000000000e+01	2.20046037847705e-04
1.64200000000000e+01	2.18507807933425e-04
1.64300000000000e+01	2.16954380731482e-04
1.64400000000000e+01	2.15389684506082e-04
1.64500000000000e+01	2.13808896870296e-04
1.64600000000000e+01	2.12219512150143e-04
1.64700000000000e+01	2.10623535857613e-04
1.64800000000000e+01	2.09018804425970e-04
1.64900000000000e+01	2.07418183915680e-04
1.65000000000000e+01	2.05823457881228e-04
1.65100000000000e+01	2.04234078567420e-04
1.65200000000000e+01	2.02657084690164e-04
1.65300000000000e+01	2.01098033427079e-04
1.65400000000000e+01	1.99557056372187e-04
1.65500000000000e+01	1.98037061905111e-04
1.65600000000000e+01	1.96542740315802e-04
1.65700000000000e+01	1.95070535155392e-04
1.65800000000000e+01	1.93625349034847e-04
1.65900000000000e+01	1.92207095783164e-04
1.66000000000000e+01	1.90817653237755e-04
1.66100000000000e+01	1.89452526191143e-04
1.66200000000000e+01	1.88114756370495e-04
1.66300000000000e+01	1.86800428358534e-04
1.66400000000000e+01	1.85513978239586e-04
1.66500000000000e+01	1.84251730698954e-04
1.66600000000000e+01	1.83013861404219e-04
1.66700000000000e+01	1.81796860974810e-04
1.66800000000000e+01	1.80603060921987e-04
1.66900000000000e+01	1.79428310388000e-04
1.67000000000000e+01	1.78274733536341e-04
1.67100000000000e+01	1.77135249959845e-04
1.67200000000000e+01	1.76016058806136e-04
1.67300000000000e+01	1.74911113659376e-04
1.67400000000000e+01	1.73818208128782e-04
1.67500000000000e+01	1.72737277185552e-04
1.67600000000000e+01	1.71666995466591e-04
1.67700000000000e+01	1.70602675303341e-04
1.67800000000000e+01	1.69544348790374e-04
1.67900000000000e+01	1.68493999567584e-04
1.68000000000000e+01	1.67444430887087e-04
1.68100000000000e+01	1.66397625186448e-04
1.68200000000000e+01	1.65354838818820e-04
1.68300000000000e+01	1.64311106460455e-04
1.68400000000000e+01	1.63268407554708e-04
1.68500000000000e+01	1.62227637688155e-04
1.68600000000000e+01	1.61188687487121e-04
1.68700000000000e+01	1.60149743333344e-04
1.68800000000000e+01	1.59113682061632e-04
1.68900000000000e+01	1.58079977368697e-04
1.69000000000000e+01	1.57051864533725e-04
1.69100000000000e+01	1.56024354805040e-04
1.69200000000000e+01	1.55001943985151e-04
1.69300000000000e+01	1.53982922500267e-04
1.69400000000000e+01	1.52971550348716e-04
1.69500000000000e+01	1.51959724372672e-04
1.69600000000000e+01	1.50957580591024e-04
1.69700000000000e+01	1.49957391810391e-04
1.69800000000000e+01	1.48965795634729e-04
1.69900000000000e+01	1.47982506223782e-04
1.70000000000000e+01	1.47004158561801e-04
1.70100000000000e+01	1.46038948624284e-04
1.70200000000000e+01	1.45087100816765e-04
1.70300000000000e+01	1.44146421409161e-04
1.70400000000000e+01	1.43219001547235e-04
1.70500000000000e+01	1.42306833375557e-04
1.70600000000000e+01	1.41411439490698e-04
1.70700000000000e+01	1.40534381664849e-04
1.70800000000000e+01	1.39669473495862e-04
1.70900000000000e+01	1.38822029987967e-04
1.71000000000000e+01	1.37989858764056e-04
1.71100000000000e+01	1.37174059495537e-04
1.71200000000000e+01	1.36368077088646e-04
1.71300000000000e+01	1.35575688923132e-04
1.71400000000000e+01	1.34793363576562e-04
1.71500000000000e+01	1.34021846211252e-04
1.71600000000000e+01	1.33258662282668e-04
1.71700000000000e+01	1.32504663481721e-04
1.71800000000000e+01	1.31755003253418e-04
1.71900000000000e+01	1.31014472354476e-04
1.72000000000000e+01	1.30279815951682e-04
1.72100000000000e+01	1.29552128291440e-04
1.72200000000000e+01	1.28832548392815e-04
1.72300000000000e+01	1.28115151032444e-04
1.72400000000000e+01	1.27406524517595e-04
1.72500000000000e+01	1.26701712024030e-04
1.72600000000000e+01	1.26003300192224e-04
1.72700000000000e+01	1.25309337841817e-04
1.72800000000000e+01	1.24619433795712e-04
1.72900000000000e+01	1.23935392585902e-04
1.73000000000000e+01	1.23256809966396e-04
1.73100000000000e+01	1.22580855214320e-04
1.73200000000000e+01	1.21910643401179e-04
1.73300000000000e+01	1.21243624518303e-04
1.73400000000000e+01	1.20577374755336e-04
1.73500000000000e+01	1.19916512269629e-04
1.73600000000000e+01	1.19259190180507e-04
1.73700000000000e+01	1.18602375656791e-04
1.73800000000000e+01	1.17948986061710e-04
1.73900000000000e+01	1.17299195827998e-04
1.74000000000000e+01	1.16652125802793e-04
1.74100000000000e+01	1.16006564688449e-04
1.74200000000000e+01	1.15364476841726e-04
1.74300000000000e+01	1.14723209120059e-04
1.74400000000000e+01	1.14087495623426e-04
1.74500000000000e+01	1.13451750107922e-04
1.74600000000000e+01	1.12821657410499e-04
1.74700000000000e+01	1.12193551795962e-04
1.74800000000000e+01	1.11567404781840e-04
1.74900000000000e+01	1.10942825740876e-04
1.75000000000000e+01	1.10322019076405e-04
1.75100000000000e+01	1.09703225535672e-04
1.75200000000000e+01	1.09085616344631e-04
1.75300000000000e+01	1.08468161581970e-04
1.75400000000000e+01	1.07850614687877e-04
1.75500000000000e+01	1.07235191442948e-04
1.75600000000000e+01	1.06619333485957e-04
1.75700000000000e+01	1.06005136075190e-04
1.75800000000000e+01	1.05388125012490e-04
1.75900000000000e+01	1.04773213563853e-04
1.76000000000000e+01	1.04156966442323e-04
1.76100000000000e+01	1.03543570661442e-04
1.76200000000000e+01	1.02930530225092e-04
1.76300000000000e+01	1.02320497725561e-04
1.76400000000000e+01	1.01712718483985e-04
1.76500000000000e+01	1.01106711940188e-04
1.76600000000000e+01	1.00507992687190e-04
1.76700000000000e+01	9.99108004119397e-05
1.76800000000000e+01	9.93194475499012e-05
1.76900000000000e+01	9.87344358149139e-05
1.77000000000000e+01	9.81520422290538e-05
1.77100000000000e+01	9.75755850102671e-05
1.77200000000000e+01	9.70043103058307e-05
1.77300000000000e+01	9.64383759989450e-05
1.77400000000000e+01	9.58769078127795e-05
1.77500000000000e+01	9.53186018523006e-05
1.77600000000000e+01	9.47656563119504e-05
1.77700000000000e+01	9.42146577721985e-05
1.77800000000000e+01	9.36684311457824e-05
1.77900000000000e+01	9.31257358837097e-05
1.78000000000000e+01	9.25843104393565e-05
1.78100000000000e+01	9.20450900011340e-05
1.78200000000000e+01	9.15090825015097e-05
1.78300000000000e+01	9.09731114489177e-05
1.78400000000000e+01	9.04401373298464e-05
1.78500000000000e+01	8.99091613940528e-05
1.78600000000000e+01	8.93800747837389e-05
1.78700000000000e+01	8.88514409694930e-05
1.78800000000000e+01	8.83241712309580e-05
1.78900000000000e+01	8.77988402749505e-05
1.79000000000000e+01	8.72767061703684e-05
1.79100000000000e+01	8.67538089335580e-05
1.79200000000000e+01	8.62324199059931e-05
1.79300000000000e+01	8.57129903102530e-05
1.79400000000000e+01	8.51934546370480e-05
1.79500000000000e+01	8.46745929523662e-05
1.79600000000000e+01	8.41546144274339e-05
1.79700000000000e+01	8.36355828432557e-05
1.79800000000000e+01	8.31153684505654e-05
1.79900000000000e+01	8.25963686036293e-05
1.80000000000000e+01	8.20771637107714e-05
1.80100000000000e+01	8.15622435851608e-05
1.80200000000000e+01	8.10474777669802e-05
1.80300000000000e+01	8.05376471479926e-05
1.80400000000000e+01	8.00327604928359e-05
1.80500000000000e+01	7.95353756439182e-05
1.80600000000000e+01	7.90441805154011e-05
1.80700000000000e+01	7.85636282401961e-05
1.80800000000000e+01	7.80927590869929e-05
1.80900000000000e+01	7.76318558643094e-05
1.81000000000000e+01	7.71803153251717e-05
1.81100000000000e+01	7.67395256650981e-05
1.81200000000000e+01	7.63098927888703e-05
1.81300000000000e+01	7.58887794460433e-05
1.81400000000000e+01	7.54742854141925e-05
1.81500000000000e+01	7.50688065042492e-05
1.81600000000000e+01	7.46671701832712e-05
1.81700000000000e+01	7.42736090489198e-05
1.81800000000000e+01	7.38809551634340e-05
1.81900000000000e+01	7.34937781423843e-05
1.82000000000000e+01	7.31074901450441e-05
1.82100000000000e+01	7.27234679849565e-05
1.82200000000000e+01	7.23403115662331e-05
1.82300000000000e+01	7.19585560520955e-05
1.82400000000000e+01	7.15760899459969e-05
1.82500000000000e+01	7.11927936207272e-05
1.82600000000000e+01	7.08098462104677e-05
1.82700000000000e+01	7.04264074714928e-05
1.82800000000000e+01	7.00411726701400e-05
1.82900000000000e+01	6.96543982063775e-05
1.83000000000000e+01	6.92697681024539e-05
1.83100000000000e+01	6.88823396534241e-05
1.83200000000000e+01	6.84961453388634e-05
1.83300000000000e+01	6.81103825670861e-05
1.83400000000000e+01	6.77243834727163e-05
1.83500000000000e+01	6.73406067815667e-05
1.83600000000000e+01	6.69594225311897e-05
1.83700000000000e+01	6.65798913935855e-05
1.83800000000000e+01	6.62045773353690e-05
1.83900000000000e+01	6.58331758239702e-05
1.84000000000000e+01	6.54663609470744e-05
1.84100000000000e+01	6.51058692715070e-05
1.84200000000000e+01	6.47512986475219e-05
1.84300000000000e+01	6.44034154528809e-05
1.84400000000000e+01	6.40622385264179e-05
1.84500000000000e+01	6.37292538583619e-05
1.84600000000000e+01	6.34032598732617e-05
1.84700000000000e+01	6.30844399470350e-05
1.84800000000000e+01	6.27733385506065e-05
1.84900000000000e+01	6.24676179012644e-05
1.85000000000000e+01	6.21686229035069e-05
1.85100000000000e+01	6.18755899939934e-05
1.85200000000000e+01	6.15859855547539e-05
1.85300000000000e+01	6.13010249013258e-05
1.85400000000000e+01	6.10189006899782e-05
1.85500000000000e+01	6.07388897158324e-05
1.85600000000000e+01	6.04601995883747e-05
1.85700000000000e+01	6.01833924180591e-05
1.85800000000000e+01	5.99069770238462e-05
1.85900000000000e+01	5.96311549725685e-05
1.86000000000000e+01	5.93541400434594e-05
1.86100000000000e+01	5.90773703318436e-05
1.86200000000000e+01	5.87999060640709e-05
1.86300000000000e+01	5.85216316889076e-05
1.86400000000000e+01	5.82434427560970e-05
1.86500000000000e+01	5.79638669998394e-05
1.86600000000000e+01	5.76855931388494e-05
1.86700000000000e+01	5.74062313671097e-05
1.86800000000000e+01	5.71268189905029e-05
1.86900000000000e+01	5.68482714897755e-05
1.87000000000000e+01	5.65702682569016e-05
1.87100000000000e+01	5.62928037209129e-05
1.87200000000000e+01	5.60166652784181e-05
1.87300000000000e+01	5.57413206765707e-05
1.87400000000000e+01	5.54666615493135e-05
1.87500000000000e+01	5.51928534249363e-05
1.87600000000000e+01	5.49204733172006e-05
1.87700000000000e+01	5.46480369678192e-05
1.87800000000000e+01	5.43769914098264e-05
1.87900000000000e+01	5.41071344324133e-05
1.88000000000000e+01	5.38370066389980e-05
1.88100000000000e+01	5.35679573771936e-05
1.88200000000000e+01	5.32989459889617e-05
1.88300000000000e+01	5.30299749512088e-05
1.88400000000000e+01	5.27607822704513e-05
1.88500000000000e+01	5.24921356317963e-05
1.88600000000000e+01	5.22230259567781e-05
1.88700000000000e+01	5.19531297406666e-05
1.88800000000000e+01	5.16833099956442e-05
1.88900000000000e+01	5.14118627084460e-05
1.89000000000000e+01	5.11400599829500e-05
1.89100000000000e+01	5.08670493140059e-05
1.89200000000000e+01	5.05937197127686e-05
1.89300000000000e+01	5.03185156380145e-05
1.89400000000000e+01	5.00430610646580e-05
1.89500000000000e+01	4.97667933513410e-05
1.89600000000000e+01	4.94899623356113e-05
1.89700000000000e+01	4.92134313620211e-05
1.89800000000000e+01	4.89369591204881e-05
1.89900000000000e+01	4.86610780764924e-05
1.90000000000000e+01	4.83858789505936e-05
1.90100000000000e+01	4.81118472478630e-05
1.90200000000000e+01	4.78398874177188e-05
1.90300000000000e+01	4.75693162482207e-05
1.90400000000000e+01	4.73002323223316e-05
1.90500000000000e+01	4.70330066828265e-05
1.90600000000000e+01	4.67659655058893e-05
1.90700000000000e+01	4.64999700611720e-05
1.90800000000000e+01	4.62340262199614e-05
1.90900000000000e+01	4.59673950059981e-05
1.91000000000000e+01	4.57004655967875e-05
1.91100000000000e+01	4.54324822655579e-05
1.91200000000000e+01	4.51634041600272e-05
1.91300000000000e+01	4.48938339088287e-05
1.91400000000000e+01	4.46244391956529e-05
1.91500000000000e+01	4.43568934191274e-05
1.91600000000000e+01	4.40920261205253e-05
1.91700000000000e+01	4.38310846934311e-05
1.91800000000000e+01	4.35753739720660e-05
1.91900000000000e+01	4.33271243031569e-05
1.92000000000000e+01	4.30865738781174e-05
1.92100000000000e+01	4.28542479439363e-05
1.92200000000000e+01	4.26307788439707e-05
1.92300000000000e+01	4.24158888605579e-05
1.92400000000000e+01	4.22099515252007e-05
1.92500000000000e+01	4.20113664545326e-05
1.92600000000000e+01	4.18194457455773e-05
1.92700000000000e+01	4.16329715048416e-05
1.92800000000000e+01	4.14515573799220e-05
1.92900000000000e+01	4.12734055536366e-05
1.93000000000000e+01	4.10976178342774e-05
1.93100000000000e+01	4.09233283526296e-05
1.93200000000000e+01	4.07499225349582e-05
1.93300000000000e+01	4.05775570142617e-05
1.93400000000000e+01	4.04051733509380e-05
1.93500000000000e+01	4.02326156598187e-05
1.93600000000000e+01	4.00595850190386e-05
1.93700000000000e+01	3.98865972284014e-05
1.93800000000000e+01	3.97125649863236e-05
1.93900000000000e+01	3.95385908607702e-05
1.94000000000000e+01	3.93645654519278e-05
1.94100000000000e+01	3.91895391558195e-05
1.94200000000000e+01	3.90139276770038e-05
1.94300000000000e+01	3.88384227267816e-05
1.94400000000000e+01	3.86623816291853e-05
1.94500000000000e+01	3.84859001860922e-05
1.94600000000000e+01	3.83094477606087e-05
1.94700000000000e+01	3.81326638126487e-05
1.94800000000000e+01	3.79547803028379e-05
1.94900000000000e+01	3.77769805645117e-05
1.95000000000000e+01	3.75994161275161e-05
1.95100000000000e+01	3.74208155913200e-05
1.95200000000000e+01	3.72424863228459e-05
1.95300000000000e+01	3.70636698901430e-05
1.95400000000000e+01	3.68843906248663e-05
1.95500000000000e+01	3.67047427621518e-05
1.95600000000000e+01	3.65254527969548e-05
1.95700000000000e+01	3.63451463011561e-05
1.95800000000000e+01	3.61654466431628e-05
1.95900000000000e+01	3.59854764300344e-05
1.96000000000000e+01	3.58060785690748e-05
1.96100000000000e+01	3.56263566291766e-05
1.96200000000000e+01	3.54474251426415e-05
1.96300000000000e+01	3.52689963595357e-05
1.96400000000000e+01	3.50909357633579e-05
1.96500000000000e+01	3.49135643323213e-05
1.96600000000000e+01	3.47373453015362e-05
1.96700000000000e+01	3.45618493013571e-05
1.96800000000000e+01	3.43871207938722e-05
1.96900000000000e+01	3.42130814358626e-05
1.97000000000000e+01	3.40394966836622e-05
1.97100000000000e+01	3.38665705487658e-05
1.97200000000000e+01	3.36941363880152e-05
1.97300000000000e+01	3.35211960343841e-05
1.97400000000000e+01	3.33472065203655e-05
1.97500000000000e+01	3.31714887719470e-05
1.97600000000000e+01	3.29908174385020e-05
1.97700000000000e+01	3.28037153357293e-05
1.97800000000000e+01	3.26047469037346e-05
1.97900000000000e+01	3.23869686103764e-05
1.98000000000000e+01	3.21412878467168e-05
1.98100000000000e+01	3.18535490283599e-05
1.98200000000000e+01	3.15053150817389e-05
1.98300000000000e+01	3.10741631716732e-05
1.98400000000000e+01	3.05301728060760e-05
1.98500000000000e+01	2.98394630122831e-05
1.98600000000000e+01	2.89615906208873e-05
1.98700000000000e+01	2.78547156824597e-05
1.98800000000000e+01	2.64745585633051e-05
1.98900000000000e+01	2.47794896622431e-05
1.99000000000000e+01	2.27344113252997e-05
1.99100000000000e+01	2.03147406096465e-05
1.99200000000000e+01	1.75157309762639e-05
1.99300000000000e+01	1.43624462293433e-05
1.99400000000000e+01	1.09278798434745e-05
1.99500000000000e+01	7.36261127424534e-06
1.99600000000000e+01	3.94727802004297e-06
1.99700000000000e+01	1.18841323064913e-06
1.99800000000000e+01	7.25471802111463e-10
1.99900000000000e+01	2.06912823702272e-06
2.00000000000000e+01	1.06098113607743e-05
