1.00000000000000e-02	2.65108227314280e+15
2.00000000000000e-02	1.65723118330846e+14
3.00000000000000e-02	3.27454474380433e+13
4.00000000000000e-02	1.03653061919421e+13
5.00000000000000e-02	4.24797015928555e+12
6.00000000000000e-02	2.04998027377417e+12
7.00000000000000e-02	1.10741169269076e+12
8.00000000000000e-02	6.49742854056484e+11
9.00000000000000e-02	4.06054276323172e+11
1.00000000000000e-01	2.66723604496316e+11
1.10000000000000e-01	1.82410924489730e+11
1.20000000000000e-01	1.28976537744023e+11
1.30000000000000e-01	9.37839391484164e+10
1.40000000000000e-01	6.98412733634872e+10
1.50000000000000e-01	5.30924311254716e+10
1.60000000000000e-01	4.10909143354537e+10
1.70000000000000e-01	3.23082072387490e+10
1.80000000000000e-01	2.57605309241717e+10
1.90000000000000e-01	2.07979329733230e+10
2.00000000000000e-01	1.69807732122024e+10
2.10000000000000e-01	1.40054450544774e+10
2.20000000000000e-01	1.16584119753533e+10
2.30000000000000e-01	9.78638876705163e+09
2.40000000000000e-01	8.27849546348053e+09
2.50000000000000e-01	7.05260226399727e+09
2.60000000000000e-01	6.04766002711824e+09
2.70000000000000e-01	5.21730503132754e+09
2.80000000000000e-01	4.52641781943840e+09
2.90000000000000e-01	3.94754424632869e+09
3.00000000000000e-01	3.45959142399943e+09
3.10000000000000e-01	3.04584772017470e+09
3.20000000000000e-01	2.69309984442625e+09
3.30000000000000e-01	2.39086521427618e+09
3.40000000000000e-01	2.13060917772421e+09
3.50000000000000e-01	1.90553889835437e+09
3.60000000000000e-01	1.71002538136144e+09
3.70000000000000e-01	1.53952264976824e+09
3.80000000000000e-01	1.39025918272553e+09
3.90000000000000e-01	1.25910975040460e+09
4.00000000000000e-01	1.14349068442868e+09
4.10000000000000e-01	1.04121586776565e+09
4.20000000000000e-01	9.50481963038723e+08
4.30000000000000e-01	8.69736150281428e+08
4.40000000000000e-01	7.97689891909302e+08
4.50000000000000e-01	7.33214219654863e+08
4.60000000000000e-01	6.75372140005538e+08
4.70000000000000e-01	6.23358302695312e+08
4.80000000000000e-01	5.76477648383106e+08
4.90000000000000e-01	5.34114059671752e+08
5.00000000000000e-01	4.95758149066246e+08
5.10000000000000e-01	4.60952756992902e+08
5.20000000000000e-01	4.29322460472402e+08
5.30000000000000e-01	4.00499319178525e+08
5.40000000000000e-01	3.74200998559040e+08
5.50000000000000e-01	3.50163293217561e+08
5.60000000000000e-01	3.28141659143872e+08
5.70000000000000e-01	3.07943132100623e+08
5.80000000000000e-01	2.89392462966318e+08
5.90000000000000e-01	2.72316725998889e+08
6.00000000000000e-01	2.56582036798524e+08
6.10000000000000e-01	2.42058187956334e+08
6.20000000000000e-01	2.28639038269259e+08
6.30000000000000e-01	2.16221106381974e+08
6.40000000000000e-01	2.04716803462027e+08
6.50000000000000e-01	1.94040997213318e+08
6.60000000000000e-01	1.84124518805395e+08
6.70000000000000e-01	1.74899783255703e+08
6.80000000000000e-01	1.66315900410622e+08
6.90000000000000e-01	1.58315593396714e+08
7.00000000000000e-01	1.50848943383588e+08
7.10000000000000e-01	1.43877551744069e+08
7.20000000000000e-01	1.37356462818469e+08
7.30000000000000e-01	1.31255419462370e+08
7.40000000000000e-01	1.25539208477451e+08
7.50000000000000e-01	1.20183276280672e+08
7.60000000000000e-01	1.15154461827495e+08
7.70000000000000e-01	1.10434036050337e+08
7.80000000000000e-01	1.05995696883769e+08
7.90000000000000e-01	1.01820165250791e+08
8.00000000000000e-01	9.78919038069049e+07
8.10000000000000e-01	9.41890303467617e+07
8.20000000000000e-01	9.07003663102367e+07
8.30000000000000e-01	8.74081190322064e+07
8.40000000000000e-01	8.43028646959179e+07
8.50000000000000e-01	8.13682711481988e+07
8.60000000000000e-01	7.85953820557001e+07
8.70000000000000e-01	7.59729400383255e+07
8.80000000000000e-01	7.34922837420691e+07
8.90000000000000e-01	7.11446696369728e+07
9.00000000000000e-01	6.89225357425275e+07
9.10000000000000e-01	6.68161571147203e+07
9.20000000000000e-01	6.48217171812666e+07
9.30000000000000e-01	6.29305606235320e+07
9.40000000000000e-01	6.11383467641880e+07
9.50000000000000e-01	5.94373525317772e+07
9.60000000000000e-01	5.78239123231223e+07
9.70000000000000e-01	5.62943986864418e+07
9.80000000000000e-01	5.48429650948977e+07
9.90000000000000e-01	5.34666209997848e+07
1.00000000000000e+00	5.21623527254662e+07
1.01000000000000e+00	5.09240903209578e+07
1.02000000000000e+00	4.97502278507918e+07
1.03000000000000e+00	4.86395219486072e+07
1.04000000000000e+00	4.75864303179967e+07
1.05000000000000e+00	4.65895156756538e+07
1.06000000000000e+00	4.56457815478066e+07
1.07000000000000e+00	4.47536707813779e+07
1.08000000000000e+00	4.39089208960923e+07
1.09000000000000e+00	4.31078043746568e+07
1.10000000000000e+00	4.23487074416338e+07
1.11000000000000e+00	4.16274563113138e+07
1.12000000000000e+00	4.09404803131494e+07
1.13000000000000e+00	4.02846163671395e+07
1.14000000000000e+00	3.96556254244198e+07
1.15000000000000e+00	3.90512135909922e+07
1.16000000000000e+00	3.84669288606000e+07
1.17000000000000e+00	3.79010312070831e+07
1.18000000000000e+00	3.73515363648377e+07
1.19000000000000e+00	3.68172225417796e+07
1.20000000000000e+00	3.62984688803483e+07
1.21000000000000e+00	3.57951237975134e+07
1.22000000000000e+00	3.53092413839958e+07
1.23000000000000e+00	3.48450013881767e+07
1.24000000000000e+00	3.44050090263208e+07
1.25000000000000e+00	3.39970864322091e+07
1.26000000000000e+00	3.36258089513593e+07
1.27000000000000e+00	3.33022973426768e+07
1.28000000000000e+00	3.30338475994910e+07
1.29000000000000e+00	3.28336235072617e+07
1.30000000000000e+00	3.27129796629357e+07
1.31000000000000e+00	3.26859073595857e+07
1.32000000000000e+00	3.27655743702884e+07
1.33000000000000e+00	3.29647862492202e+07
1.34000000000000e+00	3.32956709994131e+07
1.35000000000000e+00	3.37694968240026e+07
1.36000000000000e+00	3.43936611089912e+07
1.37000000000000e+00	3.51742142653150e+07
1.38000000000000e+00	3.61125397802179e+07
1.39000000000000e+00	3.72072793614361e+07
1.40000000000000e+00	3.84549636271252e+07
1.41000000000000e+00	3.98479163238516e+07
1.42000000000000e+00	4.13772313537392e+07
1.43000000000000e+00	4.30320933891421e+07
1.44000000000000e+00	4.48016692385999e+07
1.45000000000000e+00	4.66734211675630e+07
1.46000000000000e+00	4.86365267514746e+07
1.47000000000000e+00	5.06759032935832e+07
1.48000000000000e+00	5.27793439701722e+07
1.49000000000000e+00	5.49290237731815e+07
1.50000000000000e+00	5.71046818137515e+07
1.51000000000000e+00	5.92801824417086e+07
1.52000000000000e+00	6.14225207012538e+07
1.53000000000000e+00	6.34925839002690e+07
1.54000000000000e+00	6.54412109873525e+07
1.55000000000000e+00	6.72114965248475e+07
1.56000000000000e+00	6.87436726971051e+07
1.57000000000000e+00	6.99717875175233e+07
1.58000000000000e+00	7.08294723713163e+07
1.59000000000000e+00	7.12538439660024e+07
1.60000000000000e+00	7.11884856637358e+07
1.61000000000000e+00	7.05905817413965e+07
1.62000000000000e+00	6.94297672682944e+07
1.63000000000000e+00	6.76977080540770e+07
1.64000000000000e+00	6.54078380255590e+07
1.65000000000000e+00	6.26058877608153e+07
1.66000000000000e+00	5.93614168472091e+07
1.67000000000000e+00	5.57761500367044e+07
1.68000000000000e+00	5.19659976086568e+07
1.69000000000000e+00	4.80565800989350e+07
1.70000000000000e+00	4.41665681953931e+07
1.71000000000000e+00	4.04043241641917e+07
1.72000000000000e+00	3.68597151416341e+07
1.73000000000000e+00	3.36076281768933e+07
1.74000000000000e+00	3.07054352853015e+07
1.75000000000000e+00	2.81862118280729e+07
1.76000000000000e+00	2.60585101213387e+07
1.77000000000000e+00	2.43042821293028e+07
1.78000000000000e+00	2.28834624638537e+07
1.79000000000000e+00	2.17373700782469e+07
1.80000000000000e+00	2.07949416634361e+07
1.81000000000000e+00	1.99825307506868e+07
1.82000000000000e+00	1.92343050076324e+07
1.83000000000000e+00	1.85022872215186e+07
1.84000000000000e+00	1.77616837167266e+07
1.85000000000000e+00	1.70117015586521e+07
1.86000000000000e+00	1.62647672388478e+07
1.87000000000000e+00	1.55418991750186e+07
1.88000000000000e+00	1.48645056422208e+07
1.89000000000000e+00	1.42519634898158e+07
1.90000000000000e+00	1.37209273384533e+07
1.91000000000000e+00	1.32834610070880e+07
1.92000000000000e+00	1.29483707743452e+07
1.93000000000000e+00	1.27191934352673e+07
1.94000000000000e+00	1.25953413389869e+07
1.95000000000000e+00	1.25719934941137e+07
1.96000000000000e+00	1.26405571887722e+07
1.97000000000000e+00	1.27897742579332e+07
1.98000000000000e+00	1.30065174777963e+07
1.99000000000000e+00	1.32768847172921e+07
2.00000000000000e+00	1.35866198227564e+07
2.01000000000000e+00	1.39215819438627e+07
2.02000000000000e+00	1.42685940476365e+07
2.03000000000000e+00	1.46149549009887e+07
2.04000000000000e+00	1.49476645547832e+07
2.05000000000000e+00	1.52541229326203e+07
2.06000000000000e+00	1.55206031781359e+07
2.07000000000000e+00	1.57313882296718e+07
2.08000000000000e+00	1.58688445453100e+07
2.09000000000000e+00	1.59123189124559e+07
2.10000000000000e+00	1.58396930002809e+07
2.11000000000000e+00	1.56305237855438e+07
2.12000000000000e+00	1.52695601365311e+07
2.13000000000000e+00	1.47528030886518e+07
2.14000000000000e+00	1.40912777717188e+07
2.15000000000000e+00	1.33096069951665e+07
2.16000000000000e+00	1.24430508098950e+07
2.17000000000000e+00	1.15282824812517e+07
2.18000000000000e+00	1.05982352816348e+07
2.19000000000000e+00	9.67655750977568e+06
2.20000000000000e+00	8.77861855510026e+06
2.21000000000000e+00	7.91315764201106e+06
2.22000000000000e+00	7.08580324142256e+06
2.23000000000000e+00	6.30304016020828e+06
2.24000000000000e+00	5.57277369181745e+06
2.25000000000000e+00	4.90497026421615e+06
2.26000000000000e+00	4.30869518657339e+06
2.27000000000000e+00	3.78971621222905e+06
2.28000000000000e+00	3.34925585789875e+06
2.29000000000000e+00	2.98388753236767e+06
2.30000000000000e+00	2.68658716507532e+06
2.31000000000000e+00	2.44830428188019e+06
2.32000000000000e+00	2.25932523977460e+06
2.33000000000000e+00	2.11032070537195e+06
2.34000000000000e+00	1.99286221899295e+06
2.35000000000000e+00	1.90006950690091e+06
2.36000000000000e+00	1.82640768798709e+06
2.37000000000000e+00	1.76771444167904e+06
2.38000000000000e+00	1.72084176345290e+06
2.39000000000000e+00	1.68317545846417e+06
2.40000000000000e+00	1.65253387936002e+06
2.41000000000000e+00	1.62712439703175e+06
2.42000000000000e+00	1.60585730715122e+06
2.43000000000000e+00	1.58853266491349e+06
2.44000000000000e+00	1.57588207606944e+06
2.45000000000000e+00	1.56960825268635e+06
2.46000000000000e+00	1.57200789820434e+06
2.47000000000000e+00	1.58583374667668e+06
2.48000000000000e+00	1.61381388287109e+06
2.49000000000000e+00	1.65854595729472e+06
2.50000000000000e+00	1.72194620165633e+06
2.51000000000000e+00	1.80507608909836e+06
2.52000000000000e+00	1.90774751187456e+06
2.53000000000000e+00	2.02827027594129e+06
2.54000000000000e+00	2.16340577590157e+06
2.55000000000000e+00	2.30852466532242e+06
2.56000000000000e+00	2.45780285590119e+06
2.57000000000000e+00	2.60460121880477e+06
2.58000000000000e+00	2.74184408561890e+06
2.59000000000000e+00	2.86238658150603e+06
2.60000000000000e+00	2.95892855048676e+06
2.61000000000000e+00	3.02457351009563e+06
2.62000000000000e+00	3.05303007917126e+06
2.63000000000000e+00	3.03969228650187e+06
2.64000000000000e+00	2.98354157008600e+06
2.65000000000000e+00	2.88858198909625e+06
2.66000000000000e+00	2.76431687701883e+06
2.67000000000000e+00	2.62359995318026e+06
2.68000000000000e+00	2.47937966367127e+06
2.69000000000000e+00	2.34172409430607e+06
2.70000000000000e+00	2.21637158318975e+06
2.71000000000000e+00	2.10499403174990e+06
2.72000000000000e+00	2.00613744171417e+06
2.73000000000000e+00	1.91674435015988e+06
2.74000000000000e+00	1.83316954415952e+06
2.75000000000000e+00	1.75216593801295e+06
2.76000000000000e+00	1.67124997446102e+06
2.77000000000000e+00	1.58893968214725e+06
2.78000000000000e+00	1.50453926922790e+06
2.79000000000000e+00	1.41791255318211e+06
2.80000000000000e+00	1.32919834523533e+06
2.81000000000000e+00	1.23871798157896e+06
2.82000000000000e+00	1.14690656183126e+06
2.83000000000000e+00	1.05431515916089e+06
2.84000000000000e+00	9.61652609376169e+05
2.85000000000000e+00	8.69817219360294e+05
2.86000000000000e+00	7.79873467770797e+05
2.87000000000000e+00	6.93028870438436e+05
2.88000000000000e+00	6.10583755202014e+05
2.89000000000000e+00	5.33779526568573e+05
2.90000000000000e+00	4.63754302788893e+05
2.91000000000000e+00	4.01447914971708e+05
2.92000000000000e+00	3.47532627883446e+05
2.93000000000000e+00	3.02405511193312e+05
2.94000000000000e+00	2.66174409665458e+05
2.95000000000000e+00	2.38635084845298e+05
2.96000000000000e+00	2.19313091493930e+05
2.97000000000000e+00	2.07437544443413e+05
2.98000000000000e+00	2.02049811981206e+05
2.99000000000000e+00	2.02036329909347e+05
3.00000000000000e+00	2.06221334865379e+05
3.01000000000000e+00	2.13443151114445e+05
3.02000000000000e+00	2.22596415976980e+05
3.03000000000000e+00	2.32677796720962e+05
3.04000000000000e+00	2.42807225457753e+05
3.05000000000000e+00	2.52259913546731e+05
3.06000000000000e+00	2.60472731118030e+05
3.07000000000000e+00	2.67077802714591e+05
3.08000000000000e+00	2.71883825059086e+05
3.09000000000000e+00	2.74873015867504e+05
3.10000000000000e+00	2.76169341235130e+05
3.11000000000000e+00	2.75996858724036e+05
3.12000000000000e+00	2.74640359586708e+05
3.13000000000000e+00	2.72401286999484e+05
3.14000000000000e+00	2.69553975743456e+05
3.15000000000000e+00	2.66313884811552e+05
3.16000000000000e+00	2.62859740713940e+05
3.17000000000000e+00	2.59304601743692e+05
3.18000000000000e+00	2.55738619089871e+05
3.19000000000000e+00	2.52230799689474e+05
3.20000000000000e+00	2.48829778076752e+05
3.21000000000000e+00	2.45556924405671e+05
3.22000000000000e+00	2.42379619931874e+05
3.23000000000000e+00	2.39191131279045e+05
3.24000000000000e+00	2.35816080752501e+05
3.25000000000000e+00	2.32029989874433e+05
3.26000000000000e+00	2.27592481669576e+05
3.27000000000000e+00	2.22290847054658e+05
3.28000000000000e+00	2.15973266882249e+05
3.29000000000000e+00	2.08573964215813e+05
3.30000000000000e+00	2.00125197713359e+05
3.31000000000000e+00	1.90745147033433e+05
3.32000000000000e+00	1.80634802843053e+05
3.33000000000000e+00	1.70031084173792e+05
3.34000000000000e+00	1.59186042914730e+05
3.35000000000000e+00	1.48332494455196e+05
3.36000000000000e+00	1.37662919834024e+05
3.37000000000000e+00	1.27328253441217e+05
3.38000000000000e+00	1.17434795698795e+05
3.39000000000000e+00	1.08058767828679e+05
3.40000000000000e+00	9.92521695353128e+04
3.41000000000000e+00	9.10446376709046e+04
3.42000000000000e+00	8.34467350905166e+04
3.43000000000000e+00	7.64537428764415e+04
3.44000000000000e+00	7.00446359229396e+04
3.45000000000000e+00	6.41847382354068e+04
3.46000000000000e+00	5.88331164148354e+04
3.47000000000000e+00	5.39448518002096e+04
3.48000000000000e+00	4.94741722157766e+04
3.49000000000000e+00	4.53745093096967e+04
3.50000000000000e+00	4.16025217423245e+04
3.51000000000000e+00	3.81124241374717e+04
3.52000000000000e+00	3.48600668400673e+04
3.53000000000000e+00	3.17969344992219e+04
3.54000000000000e+00	2.88712379403073e+04
3.55000000000000e+00	2.60289299712730e+04
3.56000000000000e+00	2.32188442210200e+04
3.57000000000000e+00	2.03983099919860e+04
3.58000000000000e+00	1.75443124102315e+04
3.59000000000000e+00	1.46685067458896e+04
3.60000000000000e+00	1.18336402748094e+04
3.61000000000000e+00	9.17163678719039e+03
3.62000000000000e+00	6.90305783016159e+03
3.63000000000000e+00	5.35485105229707e+03
3.64000000000000e+00	4.97326932523796e+03
3.65000000000000e+00	6.32797866810073e+03
3.66000000000000e+00	1.01027551212793e+04
3.67000000000000e+00	1.70673857578795e+04
3.68000000000000e+00	2.80269094638048e+04
3.69000000000000e+00	4.37461965450666e+04
3.70000000000000e+00	6.48492547654427e+04
3.71000000000000e+00	9.16995703674164e+04
3.72000000000000e+00	1.24277155287924e+05
3.73000000000000e+00	1.62081770432361e+05
3.74000000000000e+00	2.04082039460916e+05
3.75000000000000e+00	2.48756544472335e+05
3.76000000000000e+00	2.94213814209416e+05
3.77000000000000e+00	3.38378021814390e+05
3.78000000000000e+00	3.79210448506926e+05
3.79000000000000e+00	4.14912900047962e+05
3.80000000000000e+00	4.44063369123215e+05
3.81000000000000e+00	4.65708551081828e+05
3.82000000000000e+00	4.79391592055387e+05
3.83000000000000e+00	4.85103270619973e+05
3.84000000000000e+00	4.83216566776575e+05
3.85000000000000e+00	4.74406905421464e+05
3.86000000000000e+00	4.59556948968558e+05
3.87000000000000e+00	4.39671256234927e+05
3.88000000000000e+00	4.15818569055616e+05
3.89000000000000e+00	3.89083676185054e+05
3.90000000000000e+00	3.60514333423303e+05
3.91000000000000e+00	3.31091044425531e+05
3.92000000000000e+00	3.01692877385732e+05
3.93000000000000e+00	2.73065937602277e+05
3.94000000000000e+00	2.45815352620240e+05
3.95000000000000e+00	2.20389203267293e+05
3.96000000000000e+00	1.97084425158188e+05
3.97000000000000e+00	1.76063167833047e+05
3.98000000000000e+00	1.57361126986501e+05
3.99000000000000e+00	1.40909817419841e+05
4.00000000000000e+00	1.26556069713008e+05
4.01000000000000e+00	1.14082159207742e+05
4.02000000000000e+00	1.03226947368598e+05
4.03000000000000e+00	9.36999622517761e+04
4.04000000000000e+00	8.52085018991552e+04
4.05000000000000e+00	7.74758831452174e+04
4.06000000000000e+00	7.02540728454955e+04
4.07000000000000e+00	6.33434149781085e+04
4.08000000000000e+00	5.65971235572576e+04
4.09000000000000e+00	4.99323685784210e+04
4.10000000000000e+00	4.33279913551383e+04
4.11000000000000e+00	3.68247166488603e+04
4.12000000000000e+00	3.05133791716484e+04
4.13000000000000e+00	2.45312155273538e+04
4.14000000000000e+00	1.90453156990304e+04
4.15000000000000e+00	1.42413997994744e+04
4.16000000000000e+00	1.03145680140759e+04
4.17000000000000e+00	7.46702557372741e+03
4.18000000000000e+00	5.92179159125827e+03
4.19000000000000e+00	5.95414501415261e+03
4.20000000000000e+00	7.93745714828906e+03
4.21000000000000e+00	1.24329900175354e+04
4.22000000000000e+00	2.02539029922426e+04
4.23000000000000e+00	3.25615363547508e+04
4.24000000000000e+00	5.09369540532254e+04
4.25000000000000e+00	7.74277053152945e+04
4.26000000000000e+00	1.14544846372759e+05
4.27000000000000e+00	1.65201032549605e+05
4.28000000000000e+00	2.32562007460185e+05
4.29000000000000e+00	3.19795657381741e+05
4.30000000000000e+00	4.29715065184440e+05
4.31000000000000e+00	5.64291816009184e+05
4.32000000000000e+00	7.24087812547177e+05
4.33000000000000e+00	9.07676629941767e+05
4.34000000000000e+00	1.11118553660364e+06
4.35000000000000e+00	1.32815946529183e+06
4.36000000000000e+00	1.54982660094954e+06
4.37000000000000e+00	1.76589445904586e+06
4.38000000000000e+00	1.96590277276672e+06
4.39000000000000e+00	2.14052242852198e+06
4.40000000000000e+00	2.28282952358472e+06
4.41000000000000e+00	2.38904846858064e+06
4.42000000000000e+00	2.45837267285515e+06
4.43000000000000e+00	2.49211601032219e+06
4.44000000000000e+00	2.49262328656767e+06
4.45000000000000e+00	2.46185739301504e+06
4.46000000000000e+00	2.40069238608812e+06
4.47000000000000e+00	2.30907070492531e+06
4.48000000000000e+00	2.18684644880168e+06
4.49000000000000e+00	2.03498231102341e+06
4.50000000000000e+00	1.85672693643944e+06
4.51000000000000e+00	1.65817283030598e+06
4.52000000000000e+00	1.44774721702009e+06
4.53000000000000e+00	1.23518046369445e+06
4.54000000000000e+00	1.03005831706036e+06
4.55000000000000e+00	8.40332856244425e+05
4.56000000000000e+00	6.71606975969948e+05
4.57000000000000e+00	5.26734784201943e+05
4.58000000000000e+00	4.06138501416036e+05
4.59000000000000e+00	3.08380944382483e+05
4.60000000000000e+00	2.30875391628871e+05
4.61000000000000e+00	1.70529756747097e+05
4.62000000000000e+00	1.24226818206964e+05
4.63000000000000e+00	8.91220822999303e+04
4.64000000000000e+00	6.27811831290504e+04
4.65000000000000e+00	4.32138620286521e+04
4.66000000000000e+00	2.88426193931799e+04
4.67000000000000e+00	1.84425865854106e+04
4.68000000000000e+00	1.10819783338842e+04
4.69000000000000e+00	6.06229035353117e+03
4.70000000000000e+00	2.86897164013092e+03
4.71000000000000e+00	1.12625695628728e+03
4.72000000000000e+00	5.57676754844406e+02
4.73000000000000e+00	9.50364305715926e+02
4.74000000000000e+00	2.12410559572226e+03
4.75000000000000e+00	3.90653371346625e+03
4.76000000000000e+00	6.11613086200339e+03
4.77000000000000e+00	8.55431368779276e+03
4.78000000000000e+00	1.10072284619664e+04
4.79000000000000e+00	1.32567826900347e+04
4.80000000000000e+00	1.50993068428096e+04
4.81000000000000e+00	1.63715113414378e+04
4.82000000000000e+00	1.69816738774048e+04
4.83000000000000e+00	1.69243418677274e+04
4.84000000000000e+00	1.63146196060054e+04
4.85000000000000e+00	1.53868894080805e+04
4.86000000000000e+00	1.44835722407721e+04
4.87000000000000e+00	1.40225141167420e+04
4.88000000000000e+00	1.44481552728087e+04
4.89000000000000e+00	1.61727530103075e+04
4.90000000000000e+00	1.95185806512150e+04
4.91000000000000e+00	2.46695722965425e+04
4.92000000000000e+00	3.16453941553106e+04
4.93000000000000e+00	4.02973174070671e+04
4.94000000000000e+00	5.03275175868610e+04
4.95000000000000e+00	6.13272574362490e+04
4.96000000000000e+00	7.28237831593592e+04
4.97000000000000e+00	8.43289699469733e+04
4.98000000000000e+00	9.53841354782479e+04
4.99000000000000e+00	1.05590921763992e+05
5.00000000000000e+00	1.14646104031779e+05
5.01000000000000e+00	1.22347875643634e+05
5.02000000000000e+00	1.28614916257010e+05
5.03000000000000e+00	1.33482865285722e+05
5.04000000000000e+00	1.37092521996138e+05
5.05000000000000e+00	1.39666430937218e+05
5.06000000000000e+00	1.41480753602065e+05
5.07000000000000e+00	1.42825763871755e+05
5.08000000000000e+00	1.43970218563739e+05
5.09000000000000e+00	1.45139194649078e+05
5.10000000000000e+00	1.46487496820082e+05
5.11000000000000e+00	1.48107967637058e+05
5.12000000000000e+00	1.50025584438781e+05
5.13000000000000e+00	1.52218083811200e+05
5.14000000000000e+00	1.54633808112395e+05
5.15000000000000e+00	1.57196278171592e+05
5.16000000000000e+00	1.59822992394888e+05
5.17000000000000e+00	1.62430554562364e+05
5.18000000000000e+00	1.64934688850296e+05
5.19000000000000e+00	1.67253672822278e+05
5.20000000000000e+00	1.69309669916358e+05
5.21000000000000e+00	1.71024649341054e+05
5.22000000000000e+00	1.72332831914343e+05
5.23000000000000e+00	1.73179364860014e+05
5.24000000000000e+00	1.73527679988685e+05
5.25000000000000e+00	1.73360493107195e+05
5.26000000000000e+00	1.72694013114818e+05
5.27000000000000e+00	1.71567725832999e+05
5.28000000000000e+00	1.70061232989482e+05
5.29000000000000e+00	1.68267873070260e+05
5.30000000000000e+00	1.66315267746049e+05
5.31000000000000e+00	1.64334577038635e+05
5.32000000000000e+00	1.62463200631052e+05
5.33000000000000e+00	1.60836819722017e+05
5.34000000000000e+00	1.59568672074698e+05
5.35000000000000e+00	1.58765065316764e+05
5.36000000000000e+00	1.58503301550551e+05
5.37000000000000e+00	1.58848991804442e+05
5.38000000000000e+00	1.59841557389708e+05
5.39000000000000e+00	1.61509604503233e+05
5.40000000000000e+00	1.63861517258426e+05
5.41000000000000e+00	1.66888319677694e+05
5.42000000000000e+00	1.70571058820155e+05
5.43000000000000e+00	1.74876601607484e+05
5.44000000000000e+00	1.79759231352759e+05
5.45000000000000e+00	1.85165542264953e+05
5.46000000000000e+00	1.91044780735650e+05
5.47000000000000e+00	1.97339898978484e+05
5.48000000000000e+00	2.04004021034354e+05
5.49000000000000e+00	2.11005746180610e+05
5.50000000000000e+00	2.18320087738822e+05
5.51000000000000e+00	2.25945118053766e+05
5.52000000000000e+00	2.33901361940802e+05
5.53000000000000e+00	2.42227905612224e+05
5.54000000000000e+00	2.50979377094787e+05
5.55000000000000e+00	2.60221178682556e+05
5.56000000000000e+00	2.70016350470780e+05
5.57000000000000e+00	2.80421400193207e+05
5.58000000000000e+00	2.91464174161130e+05
5.59000000000000e+00	3.03161070867741e+05
5.60000000000000e+00	3.15481601896277e+05
5.61000000000000e+00	3.28388848862314e+05
5.62000000000000e+00	3.41788250649634e+05
5.63000000000000e+00	3.55575117918349e+05
5.64000000000000e+00	3.69609174425398e+05
5.65000000000000e+00	3.83734954261170e+05
5.66000000000000e+00	3.97782514700800e+05
5.67000000000000e+00	4.11603657231001e+05
5.68000000000000e+00	4.25055702863207e+05
5.69000000000000e+00	4.38038723944106e+05
5.70000000000000e+00	4.50516492507466e+05
5.71000000000000e+00	4.62515616752137e+05
5.72000000000000e+00	4.74147172513249e+05
5.73000000000000e+00	4.85602496566229e+05
5.74000000000000e+00	4.97121203199473e+05
5.75000000000000e+00	5.08998543036858e+05
5.76000000000000e+00	5.21553361217837e+05
5.77000000000000e+00	5.35106459804583e+05
5.78000000000000e+00	5.49960945537845e+05
5.79000000000000e+00	5.66385376644193e+05
5.80000000000000e+00	5.84614492129295e+05
5.81000000000000e+00	6.04809634357220e+05
5.82000000000000e+00	6.27066506939975e+05
5.83000000000000e+00	6.51414431162917e+05
5.84000000000000e+00	6.77795505418583e+05
5.85000000000000e+00	7.06110570502704e+05
5.86000000000000e+00	7.36206088368371e+05
5.87000000000000e+00	7.67917230416023e+05
5.88000000000000e+00	8.01093345221689e+05
5.89000000000000e+00	8.35594110426457e+05
5.90000000000000e+00	8.71381026624105e+05
5.91000000000000e+00	9.08457751154509e+05
5.92000000000000e+00	9.46901050968443e+05
5.93000000000000e+00	9.86837002661042e+05
5.94000000000000e+00	1.02847178048654e+06
5.95000000000000e+00	1.07202191453256e+06
5.96000000000000e+00	1.11775732623987e+06
5.97000000000000e+00	1.16600023297181e+06
5.98000000000000e+00	1.21712648314648e+06
5.99000000000000e+00	1.27153777780322e+06
6.00000000000000e+00	1.32968037683950e+06
6.01000000000000e+00	1.39204854098911e+06
6.02000000000000e+00	1.45922502352700e+06
6.03000000000000e+00	1.53179804774725e+06
6.04000000000000e+00	1.61047270963011e+06
6.05000000000000e+00	1.69603309594315e+06
6.06000000000000e+00	1.78932003133746e+06
6.07000000000000e+00	1.89128475410817e+06
6.08000000000000e+00	2.00290237768359e+06
6.09000000000000e+00	2.12526608233521e+06
6.10000000000000e+00	2.25952868836959e+06
6.11000000000000e+00	2.40701255501928e+06
6.12000000000000e+00	2.56924684580342e+06
6.13000000000000e+00	2.74805589316911e+06
6.14000000000000e+00	2.94558164637979e+06
6.15000000000000e+00	3.16461071100614e+06
6.16000000000000e+00	3.40849124550844e+06
6.17000000000000e+00	3.68144691070953e+06
6.18000000000000e+00	3.98899724104695e+06
6.19000000000000e+00	4.33801283031859e+06
6.20000000000000e+00	4.73751837658769e+06
6.21000000000000e+00	5.19875034455001e+06
6.22000000000000e+00	5.73615259259906e+06
6.23000000000000e+00	6.36769894985181e+06
6.24000000000000e+00	7.11588753278065e+06
6.25000000000000e+00	8.00823349144959e+06
6.26000000000000e+00	9.07827370225845e+06
6.27000000000000e+00	1.03662597378894e+07
6.28000000000000e+00	1.19189201274012e+07
6.29000000000000e+00	1.37893757300332e+07
6.30000000000000e+00	1.60360277091263e+07
6.31000000000000e+00	1.87193658667444e+07
6.32000000000000e+00	2.19003521360043e+07
6.33000000000000e+00	2.56354606917041e+07
6.34000000000000e+00	2.99719831282545e+07
6.35000000000000e+00	3.49460364810709e+07
6.36000000000000e+00	4.05751022833768e+07
6.37000000000000e+00	4.68532195123053e+07
6.38000000000000e+00	5.37457850199072e+07
6.39000000000000e+00	6.11789488649538e+07
6.40000000000000e+00	6.90303227699718e+07
6.41000000000000e+00	7.71227253950360e+07
6.42000000000000e+00	8.52165311481147e+07
6.43000000000000e+00	9.30163053058118e+07
6.44000000000000e+00	1.00180843867239e+08
6.45000000000000e+00	1.06351807621412e+08
6.46000000000000e+00	1.11186531204252e+08
6.47000000000000e+00	1.14398655146222e+08
6.48000000000000e+00	1.15794440682166e+08
6.49000000000000e+00	1.15300206573347e+08
6.50000000000000e+00	1.12968864467873e+08
6.51000000000000e+00	1.08973628555630e+08
6.52000000000000e+00	1.03582185863088e+08
6.53000000000000e+00	9.71172265362895e+07
6.54000000000000e+00	8.99191584494538e+07
6.55000000000000e+00	8.23143079069629e+07
6.56000000000000e+00	7.45913082328721e+07
6.57000000000000e+00	6.69857677626370e+07
6.58000000000000e+00	5.96807544743866e+07
6.59000000000000e+00	5.28073161902590e+07
6.60000000000000e+00	4.64524245039679e+07
6.61000000000000e+00	4.06643010194788e+07
6.62000000000000e+00	3.54635126322974e+07
6.63000000000000e+00	3.08452660070240e+07
6.64000000000000e+00	2.67893083791809e+07
6.65000000000000e+00	2.32619461183144e+07
6.66000000000000e+00	2.02220568097743e+07
6.67000000000000e+00	1.76225996386189e+07
6.68000000000000e+00	1.54143908961988e+07
6.69000000000000e+00	1.35476977510648e+07
6.70000000000000e+00	1.19745427070645e+07
6.71000000000000e+00	1.06501334284606e+07
6.72000000000000e+00	9.53426150183126e+06
6.73000000000000e+00	8.59150538294098e+06
6.74000000000000e+00	7.79145479424889e+06
6.75000000000000e+00	7.10852618937093e+06
6.76000000000000e+00	6.52163402219946e+06
6.77000000000000e+00	6.01357007664780e+06
6.78000000000000e+00	5.57032049461217e+06
6.79000000000000e+00	5.18070382587323e+06
6.80000000000000e+00	4.83570033544874e+06
6.81000000000000e+00	4.52814432122676e+06
6.82000000000000e+00	4.25222582971534e+06
6.83000000000000e+00	4.00328544287908e+06
6.84000000000000e+00	3.77754216037963e+06
6.85000000000000e+00	3.57183861773344e+06
6.86000000000000e+00	3.38358601208042e+06
6.87000000000000e+00	3.21065982865068e+06
6.88000000000000e+00	3.05120907948826e+06
6.89000000000000e+00	2.90363384332969e+06
6.90000000000000e+00	2.76657150553957e+06
6.91000000000000e+00	2.63881190126687e+06
6.92000000000000e+00	2.51936346035105e+06
6.93000000000000e+00	2.40739860356994e+06
6.94000000000000e+00	2.30228386184877e+06
6.95000000000000e+00	2.20350294666726e+06
6.96000000000000e+00	2.11073413419618e+06
6.97000000000000e+00	2.02371431152005e+06
6.98000000000000e+00	1.94225648261664e+06
6.99000000000000e+00	1.86622741035151e+06
7.00000000000000e+00	1.79549846917729e+06
7.01000000000000e+00	1.72993287348600e+06
7.02000000000000e+00	1.66937256612804e+06
7.03000000000000e+00	1.61363602561296e+06
7.04000000000000e+00	1.56247212184263e+06
7.05000000000000e+00	1.51557854255199e+06
7.06000000000000e+00	1.47258431303760e+06
7.07000000000000e+00	1.43307858537728e+06
7.08000000000000e+00	1.39657689505527e+06
7.09000000000000e+00	1.36259113026529e+06
7.10000000000000e+00	1.33066867355912e+06
7.11000000000000e+00	1.30037177407649e+06
7.12000000000000e+00	1.27131728162251e+06
7.13000000000000e+00	1.24320555087441e+06
7.14000000000000e+00	1.21579002372318e+06
7.15000000000000e+00	1.18887699461393e+06
7.16000000000000e+00	1.16233199293160e+06
7.17000000000000e+00	1.13606773534227e+06
7.18000000000000e+00	1.11007012477711e+06
7.19000000000000e+00	1.08433563422591e+06
7.20000000000000e+00	1.05895969027179e+06
7.21000000000000e+00	1.03403076318939e+06
7.22000000000000e+00	1.00967479941839e+06
7.23000000000000e+00	9.86011038792162e+05
7.24000000000000e+00	9.63142304991343e+05
7.25000000000000e+00	9.41146911254172e+05
7.26000000000000e+00	9.20073801089744e+05
7.27000000000000e+00	8.99940062716908e+05
7.28000000000000e+00	8.80728412769724e+05
7.29000000000000e+00	8.62389654894969e+05
7.30000000000000e+00	8.44875545589776e+05
7.31000000000000e+00	8.28119040091333e+05
7.32000000000000e+00	8.12033616005314e+05
7.33000000000000e+00	7.96578426032347e+05
7.34000000000000e+00	7.81696249049684e+05
7.35000000000000e+00	7.67350274885671e+05
7.36000000000000e+00	7.53505741530412e+05
7.37000000000000e+00	7.40150878695197e+05
7.38000000000000e+00	7.27270004221702e+05
7.39000000000000e+00	7.14843182662369e+05
7.40000000000000e+00	7.02842395335234e+05
7.41000000000000e+00	6.91213169020800e+05
7.42000000000000e+00	6.79913098913079e+05
7.43000000000000e+00	6.68889606431181e+05
7.44000000000000e+00	6.58056551315579e+05
7.45000000000000e+00	6.47360456677356e+05
7.46000000000000e+00	6.36720555916407e+05
7.47000000000000e+00	6.26072845680501e+05
7.48000000000000e+00	6.15375843471972e+05
7.49000000000000e+00	6.04588099441917e+05
7.50000000000000e+00	5.93685814091420e+05
7.51000000000000e+00	5.82665695980280e+05
7.52000000000000e+00	5.71544592285972e+05
7.53000000000000e+00	5.60346524020528e+05
7.54000000000000e+00	5.49123839638570e+05
7.55000000000000e+00	5.37920466220186e+05
7.56000000000000e+00	5.26813057842615e+05
7.57000000000000e+00	5.15860658714306e+05
7.58000000000000e+00	5.05143522937928e+05
7.59000000000000e+00	4.94727649886463e+05
7.60000000000000e+00	4.84681840973795e+05
7.61000000000000e+00	4.75059495383672e+05
7.62000000000000e+00	4.65889505368234e+05
7.63000000000000e+00	4.57187044102487e+05
7.64000000000000e+00	4.48930556437284e+05
7.65000000000000e+00	4.41076337574735e+05
7.66000000000000e+00	4.33570496257912e+05
7.67000000000000e+00	4.26352199674063e+05
7.68000000000000e+00	4.19360358380405e+05
7.69000000000000e+00	4.12535563439281e+05
7.70000000000000e+00	4.05860179301046e+05
7.71000000000000e+00	3.99322519889144e+05
7.72000000000000e+00	3.92936148251682e+05
7.73000000000000e+00	3.86725752742256e+05
7.74000000000000e+00	3.80742331993168e+05
7.75000000000000e+00	3.75023532284864e+05
7.76000000000000e+00	3.69616909384220e+05
7.77000000000000e+00	3.64534737676695e+05
7.78000000000000e+00	3.59755771918226e+05
7.79000000000000e+00	3.55243935359770e+05
7.80000000000000e+00	3.50917328770015e+05
7.81000000000000e+00	3.46693997390561e+05
7.82000000000000e+00	3.42490370559309e+05
7.83000000000000e+00	3.38223376425067e+05
7.84000000000000e+00	3.33826285503616e+05
7.85000000000000e+00	3.29267574989219e+05
7.86000000000000e+00	3.24515737162144e+05
7.87000000000000e+00	3.19571391437576e+05
7.88000000000000e+00	3.14461328625203e+05
7.89000000000000e+00	3.09217821013127e+05
7.90000000000000e+00	3.03889668513562e+05
7.91000000000000e+00	2.98534149664542e+05
7.92000000000000e+00	2.93202826987021e+05
7.93000000000000e+00	2.87956002528014e+05
7.94000000000000e+00	2.82819887275884e+05
7.95000000000000e+00	2.77844748147518e+05
7.96000000000000e+00	2.73036828073917e+05
7.97000000000000e+00	2.68413718725289e+05
7.98000000000000e+00	2.63968976397075e+05
7.99000000000000e+00	2.59702909904991e+05
8.00000000000000e+00	2.55618028283485e+05
8.01000000000000e+00	2.51709124780847e+05
8.02000000000000e+00	2.47977052037664e+05
8.03000000000000e+00	2.44416710497300e+05
8.04000000000000e+00	2.41029182015774e+05
8.05000000000000e+00	2.37798574808255e+05
8.06000000000000e+00	2.34713542660061e+05
8.07000000000000e+00	2.31766720095716e+05
8.08000000000000e+00	2.28940036335175e+05
8.09000000000000e+00	2.26215496492964e+05
8.10000000000000e+00	2.23589210365770e+05
8.11000000000000e+00	2.21048036682181e+05
8.12000000000000e+00	2.18584971239868e+05
8.13000000000000e+00	2.16203103705044e+05
8.14000000000000e+00	2.13890696421919e+05
8.15000000000000e+00	2.11655208942603e+05
8.16000000000000e+00	2.09487355510656e+05
8.17000000000000e+00	2.07388224226014e+05
8.18000000000000e+00	2.05348293493684e+05
8.19000000000000e+00	2.03361955485101e+05
8.20000000000000e+00	2.01420595002571e+05
8.21000000000000e+00	1.99520321651098e+05
8.22000000000000e+00	1.97654310462171e+05
8.23000000000000e+00	1.95813112688654e+05
8.24000000000000e+00	1.94002996263520e+05
8.25000000000000e+00	1.92228138136817e+05
8.26000000000000e+00	1.90489457792777e+05
8.27000000000000e+00	1.88795820296722e+05
8.28000000000000e+00	1.87148740990606e+05
8.29000000000000e+00	1.85549516435005e+05
8.30000000000000e+00	1.84003919556701e+05
8.31000000000000e+00	1.82510548905376e+05
8.32000000000000e+00	1.81074209532349e+05
8.33000000000000e+00	1.79699157141305e+05
8.34000000000000e+00	1.78390609334132e+05
8.35000000000000e+00	1.77150517096390e+05
8.36000000000000e+00	1.75980847477396e+05
8.37000000000000e+00	1.74880630750079e+05
8.38000000000000e+00	1.73844050736377e+05
8.39000000000000e+00	1.72862929771545e+05
8.40000000000000e+00	1.71928207408876e+05
8.41000000000000e+00	1.71026248378281e+05
8.42000000000000e+00	1.70145959411972e+05
8.43000000000000e+00	1.69275598089202e+05
8.44000000000000e+00	1.68405062397937e+05
8.45000000000000e+00	1.67523285735648e+05
8.46000000000000e+00	1.66619752739242e+05
8.47000000000000e+00	1.65683669232822e+05
8.48000000000000e+00	1.64704190124409e+05
8.49000000000000e+00	1.63674017449895e+05
8.50000000000000e+00	1.62587902303154e+05
8.51000000000000e+00	1.61446479754133e+05
8.52000000000000e+00	1.60248436220949e+05
8.53000000000000e+00	1.58996265273148e+05
8.54000000000000e+00	1.57693258932531e+05
8.55000000000000e+00	1.56339546629801e+05
8.56000000000000e+00	1.54938183600242e+05
8.57000000000000e+00	1.53490049431479e+05
8.58000000000000e+00	1.52001776906514e+05
8.59000000000000e+00	1.50480507007582e+05
8.60000000000000e+00	1.48939840829973e+05
8.61000000000000e+00	1.47392205364851e+05
8.62000000000000e+00	1.45850514754765e+05
8.63000000000000e+00	1.44328819877206e+05
8.64000000000000e+00	1.42839946116120e+05
8.65000000000000e+00	1.41394125508217e+05
8.66000000000000e+00	1.39999471553440e+05
8.67000000000000e+00	1.38658867604819e+05
8.68000000000000e+00	1.37377005813674e+05
8.69000000000000e+00	1.36152727062482e+05
8.70000000000000e+00	1.34986110545207e+05
8.71000000000000e+00	1.33872062948729e+05
8.72000000000000e+00	1.32808606636670e+05
8.73000000000000e+00	1.31787569247774e+05
8.74000000000000e+00	1.30804513873238e+05
8.75000000000000e+00	1.29850104375625e+05
8.76000000000000e+00	1.28920313052925e+05
8.77000000000000e+00	1.28003729657218e+05
8.78000000000000e+00	1.27098085007787e+05
8.79000000000000e+00	1.26196812896716e+05
8.80000000000000e+00	1.25296928152054e+05
8.81000000000000e+00	1.24400817539868e+05
8.82000000000000e+00	1.23508845965767e+05
8.83000000000000e+00	1.22624446213526e+05
8.84000000000000e+00	1.21750382560170e+05
8.85000000000000e+00	1.20890783709282e+05
8.86000000000000e+00	1.20044677759620e+05
8.87000000000000e+00	1.19213323799354e+05
8.88000000000000e+00	1.18394901939180e+05
8.89000000000000e+00	1.17589262285968e+05
8.90000000000000e+00	1.16793630947310e+05
8.91000000000000e+00	1.16007990255117e+05
8.92000000000000e+00	1.15227691137613e+05
8.93000000000000e+00	1.14455623354475e+05
8.94000000000000e+00	1.13687671951904e+05
8.95000000000000e+00	1.12926718727362e+05
8.96000000000000e+00	1.12170650134382e+05
8.97000000000000e+00	1.11419397417738e+05
8.98000000000000e+00	1.10670563918384e+05
8.99000000000000e+00	1.09924630086189e+05
9.00000000000000e+00	1.09182105673281e+05
9.01000000000000e+00	1.08448012408681e+05
9.02000000000000e+00	1.07727422574598e+05
9.03000000000000e+00	1.07025789071805e+05
9.04000000000000e+00	1.06351303817228e+05
9.05000000000000e+00	1.05704001409123e+05
9.06000000000000e+00	1.05085650784599e+05
9.07000000000000e+00	1.04489866622472e+05
9.08000000000000e+00	1.03911109493101e+05
9.09000000000000e+00	1.03342350437331e+05
9.10000000000000e+00	1.02777627217083e+05
9.11000000000000e+00	1.02210010438547e+05
9.12000000000000e+00	1.01635223166888e+05
9.13000000000000e+00	1.01049297894878e+05
9.14000000000000e+00	1.00450327223113e+05
9.15000000000000e+00	9.98356636558387e+04
9.16000000000000e+00	9.92058670315956e+04
9.17000000000000e+00	9.85610018257065e+04
9.18000000000000e+00	9.79050106130188e+04
9.19000000000000e+00	9.72403898175897e+04
9.20000000000000e+00	9.65713880125386e+04
9.21000000000000e+00	9.59040101344625e+04
9.22000000000000e+00	9.52417734184872e+04
9.23000000000000e+00	9.45898482130278e+04
9.24000000000000e+00	9.39501200251869e+04
9.25000000000000e+00	9.33233732885512e+04
9.26000000000000e+00	9.27091379670921e+04
9.27000000000000e+00	9.21061125539819e+04
9.28000000000000e+00	9.15121746083846e+04
9.29000000000000e+00	9.09257896569937e+04
9.30000000000000e+00	9.03451056476317e+04
9.31000000000000e+00	8.97702509451193e+04
9.32000000000000e+00	8.92005437635866e+04
9.33000000000000e+00	8.86371283464369e+04
9.34000000000000e+00	8.80809624607437e+04
9.35000000000000e+00	8.75326556498244e+04
9.36000000000000e+00	8.69939091592929e+04
9.37000000000000e+00	8.64650298012480e+04
9.38000000000000e+00	8.59470751724259e+04
9.39000000000000e+00	8.54405710721981e+04
9.40000000000000e+00	8.49454003820899e+04
9.41000000000000e+00	8.44623196601985e+04
9.42000000000000e+00	8.39907766656655e+04
9.43000000000000e+00	8.35306012490482e+04
9.44000000000000e+00	8.30809086670532e+04
9.45000000000000e+00	8.26397825097410e+04
9.46000000000000e+00	8.22060046928032e+04
9.47000000000000e+00	8.17781317464994e+04
9.48000000000000e+00	8.13555175665964e+04
9.49000000000000e+00	8.09380895275311e+04
9.50000000000000e+00	8.05271829679334e+04
9.51000000000000e+00	8.01230755075032e+04
9.52000000000000e+00	7.97252115842094e+04
9.53000000000000e+00	7.93332066880887e+04
9.54000000000000e+00	7.89439034625768e+04
9.55000000000000e+00	7.85536394607042e+04
9.56000000000000e+00	7.81605229648643e+04
9.57000000000000e+00	7.77671889520719e+04
9.58000000000000e+00	7.73798449274099e+04
9.59000000000000e+00	7.70078735016475e+04
9.60000000000000e+00	7.66603307114309e+04
9.61000000000000e+00	7.63440002325030e+04
9.62000000000000e+00	7.60587138471828e+04
9.63000000000000e+00	7.58011952575365e+04
9.64000000000000e+00	7.55632003610459e+04
9.65000000000000e+00	7.53362501487505e+04
9.66000000000000e+00	7.51134932109235e+04
9.67000000000000e+00	7.48891123636275e+04
9.68000000000000e+00	7.46615134857066e+04
9.69000000000000e+00	7.44284018004885e+04
9.70000000000000e+00	7.41892612562693e+04
9.71000000000000e+00	7.39452685248683e+04
9.72000000000000e+00	7.36952402123001e+04
9.73000000000000e+00	7.34404969839354e+04
9.74000000000000e+00	7.31809203984078e+04
9.75000000000000e+00	7.29168669005401e+04
9.76000000000000e+00	7.26484017834948e+04
9.77000000000000e+00	7.23752558805790e+04
9.78000000000000e+00	7.20971789962412e+04
9.79000000000000e+00	7.18146935558418e+04
9.80000000000000e+00	7.15272826834483e+04
9.81000000000000e+00	7.12358850286219e+04
9.82000000000000e+00	7.09411229473137e+04
9.83000000000000e+00	7.06429181419970e+04
9.84000000000000e+00	7.03420075783871e+04
9.85000000000000e+00	7.00382864053593e+04
9.86000000000000e+00	6.97320963041584e+04
9.87000000000000e+00	6.94257157320330e+04
9.88000000000000e+00	6.91247078400268e+04
9.89000000000000e+00	6.88477036014100e+04
9.90000000000000e+00	6.86402157948029e+04
9.91000000000000e+00	6.86001860772430e+04
9.92000000000000e+00	6.89211438328988e+04
9.93000000000000e+00	6.99431981842261e+04
9.94000000000000e+00	7.22173427590978e+04
9.95000000000000e+00	7.66114978440701e+04
9.96000000000000e+00	8.45078256272501e+04
9.97000000000000e+00	9.82663315232864e+04
9.98000000000000e+00	1.22300964991629e+05
9.99000000000000e+00	1.65780357228035e+05
1.00000000000000e+01	2.50184852882295e+05
1.00100000000000e+01	4.30207041567916e+05
1.00200000000000e+01	7.89427389379126e+05
1.00300000000000e+01	9.38101184809561e+05
1.00400000000000e+01	5.00401837465480e+05
1.00500000000000e+01	2.29444260045756e+05
1.00600000000000e+01	1.18823954405302e+05
1.00700000000000e+01	6.92027752225683e+04
1.00800000000000e+01	4.39546366715835e+04
1.00900000000000e+01	2.97501384464284e+04
1.01000000000000e+01	2.11231703469552e+04
1.01100000000000e+01	1.55655196396770e+04
1.01200000000000e+01	1.18146638344036e+04
1.01300000000000e+01	9.18679098464388e+03
1.01400000000000e+01	7.28811757477321e+03
1.01500000000000e+01	5.88064479672217e+03
1.01600000000000e+01	4.81428243152050e+03
1.01700000000000e+01	3.99109583607696e+03
1.01800000000000e+01	3.34517488326176e+03
1.01900000000000e+01	2.83108488492962e+03
1.02000000000000e+01	2.41676141583644e+03
1.02100000000000e+01	2.07900786440328e+03
1.02200000000000e+01	1.80092404807053e+03
1.02300000000000e+01	1.56985875526059e+03
1.02400000000000e+01	1.37628877896277e+03
1.02500000000000e+01	1.21291536686579e+03
1.02600000000000e+01	1.07407136170792e+03
1.02700000000000e+01	9.55337087633977e+02
1.02800000000000e+01	8.53224814751132e+02
1.02900000000000e+01	7.64936261014183e+02
1.03000000000000e+01	6.88219476848614e+02
1.03100000000000e+01	6.21251682384237e+02
1.03200000000000e+01	5.62545691289532e+02
1.03300000000000e+01	5.10881520304092e+02
1.03400000000000e+01	4.65237668445154e+02
1.03500000000000e+01	4.24767551377849e+02
1.03600000000000e+01	3.88765025854215e+02
1.03700000000000e+01	3.56632686434951e+02
1.03800000000000e+01	3.27867836526436e+02
1.03900000000000e+01	3.02042454309766e+02
1.04000000000000e+01	2.78792355547323e+02
1.04100000000000e+01	2.57803007928186e+02
1.04200000000000e+01	2.38810500156780e+02
1.04300000000000e+01	2.21581991692026e+02
1.04400000000000e+01	2.05921123143353e+02
1.04500000000000e+01	1.91653835680146e+02
1.04600000000000e+01	1.78630739866471e+02
1.04700000000000e+01	1.66720321165346e+02
1.04800000000000e+01	1.55808935158424e+02
1.04900000000000e+01	1.45796423190116e+02
1.05000000000000e+01	1.36593646984535e+02
1.05100000000000e+01	1.28122447202493e+02
1.05200000000000e+01	1.20313294733783e+02
1.05300000000000e+01	1.13103793294362e+02
1.05400000000000e+01	1.06438939079094e+02
1.05500000000000e+01	1.00270226320542e+02
1.05600000000000e+01	9.45529505142333e+01
1.05700000000000e+01	8.92467020002520e+01
1.05800000000000e+01	8.43162384200138e+01
1.05900000000000e+01	7.97293534982257e+01
1.06000000000000e+01	7.54571255433987e+01
1.06100000000000e+01	7.14734677628271e+01
1.06200000000000e+01	6.77543953450176e+01
1.06300000000000e+01	6.42790995737125e+01
1.06400000000000e+01	6.10275030517556e+01
1.06500000000000e+01	5.79819045146944e+01
1.06600000000000e+01	5.51271646889208e+01
1.06700000000000e+01	5.24479653658642e+01
1.06800000000000e+01	4.99310109727465e+01
1.06900000000000e+01	4.75650253604144e+01
1.07000000000000e+01	4.53377768272580e+01
1.07100000000000e+01	4.32400545650074e+01
1.07200000000000e+01	4.12628359308188e+01
1.07300000000000e+01	3.93974054454406e+01
1.07400000000000e+01	3.76362381134237e+01
1.07500000000000e+01	3.59721592103851e+01
1.07600000000000e+01	3.43996583305101e+01
1.07700000000000e+01	3.29121294527111e+01
1.07800000000000e+01	3.15046709790153e+01
1.07900000000000e+01	3.01721290424082e+01
1.08000000000000e+01	2.89100488332712e+01
1.08100000000000e+01	2.77141353663624e+01
1.08200000000000e+01	2.65801952123769e+01
1.08300000000000e+01	2.55046172702913e+01
1.08400000000000e+01	2.44839361440992e+01
1.08500000000000e+01	2.35144273468543e+01
1.08600000000000e+01	2.25932413740605e+01
1.08700000000000e+01	2.17174403670733e+01
1.08800000000000e+01	2.08841800183882e+01
1.08900000000000e+01	2.00908147133514e+01
1.09000000000000e+01	1.93348915075196e+01
1.09100000000000e+01	1.86142859739654e+01
1.09200000000000e+01	1.79268739795848e+01
1.09300000000000e+01	1.72704890750570e+01
1.09400000000000e+01	1.66433559949005e+01
1.09500000000000e+01	1.60438977869028e+01
1.09600000000000e+01	1.54704962894918e+01
1.09700000000000e+01	1.49216006727422e+01
1.09800000000000e+01	1.43958292542520e+01
1.09900000000000e+01	1.38920503533521e+01
1.10000000000000e+01	1.34090567583273e+01
1.10100000000000e+01	1.29457955675977e+01
1.10200000000000e+01	1.25014599119305e+01
1.10300000000000e+01	1.20751755202517e+01
1.10400000000000e+01	1.16661505872950e+01
1.10500000000000e+01	1.12738112273655e+01
1.10600000000000e+01	1.08976043360854e+01
1.10700000000000e+01	1.05367695327695e+01
1.10800000000000e+01	1.01908395222745e+01
1.10900000000000e+01	9.85939267652603e+00
1.11000000000000e+01	9.54169535891548e+00
1.11100000000000e+01	9.23740564067365e+00
1.11200000000000e+01	8.94569403559196e+00
1.11300000000000e+01	8.66624073284559e+00
1.11400000000000e+01	8.39839735231896e+00
1.11500000000000e+01	8.14154583742027e+00
1.11600000000000e+01	7.89510800496270e+00
1.11700000000000e+01	7.65855056137597e+00
1.11800000000000e+01	7.43137223392610e+00
1.11900000000000e+01	7.21296752637638e+00
1.12000000000000e+01	7.00291341300923e+00
1.12100000000000e+01	6.80072706700901e+00
1.12200000000000e+01	6.60601244977975e+00
1.12300000000000e+01	6.41835314487249e+00
1.12400000000000e+01	6.23731501657658e+00
1.12500000000000e+01	6.06275397626422e+00
1.12600000000000e+01	5.89419381274781e+00
1.12700000000000e+01	5.73139480682134e+00
1.12800000000000e+01	5.57420669783403e+00
1.12900000000000e+01	5.42225605912994e+00
1.13000000000000e+01	5.27537391860681e+00
1.13100000000000e+01	5.13335899044809e+00
1.13200000000000e+01	4.99599357165398e+00
1.13300000000000e+01	4.86312136030203e+00
1.13400000000000e+01	4.73451103594601e+00
1.13500000000000e+01	4.61002444832745e+00
1.13600000000000e+01	4.48948157170863e+00
1.13700000000000e+01	4.37266873558330e+00
1.13800000000000e+01	4.25954406827191e+00
1.13900000000000e+01	4.14985615981357e+00
1.14000000000000e+01	4.04353843328175e+00
1.14100000000000e+01	3.94041870917810e+00
1.14200000000000e+01	3.84041660223179e+00
1.14300000000000e+01	3.74339190587566e+00
1.14400000000000e+01	3.64927438568939e+00
1.14500000000000e+01	3.55795699620977e+00
1.14600000000000e+01	3.46932509330759e+00
1.14700000000000e+01	3.38330622886901e+00
1.14800000000000e+01	3.29978689000728e+00
1.14900000000000e+01	3.21868498051931e+00
1.15000000000000e+01	3.13993748061716e+00
1.15100000000000e+01	3.06342493725419e+00
1.15200000000000e+01	2.98910219065291e+00
1.15300000000000e+01	2.91687363693412e+00
1.15400000000000e+01	2.84668231952474e+00
1.15500000000000e+01	2.77850240819005e+00
1.15600000000000e+01	2.71225710747227e+00
1.15700000000000e+01	2.64790828157033e+00
1.15800000000000e+01	2.58542999293323e+00
1.15900000000000e+01	2.52480162609056e+00
1.16000000000000e+01	2.46597714447943e+00
1.16100000000000e+01	2.40895688336354e+00
1.16200000000000e+01	2.35367338617869e+00
1.16300000000000e+01	2.30010638447545e+00
1.16400000000000e+01	2.24816442125828e+00
1.16500000000000e+01	2.19784763727915e+00
1.16600000000000e+01	2.14904940578240e+00
1.16700000000000e+01	2.10173785733990e+00
1.16800000000000e+01	2.05578746638001e+00
1.16900000000000e+01	2.01114323573390e+00
1.17000000000000e+01	1.96772624559473e+00
1.17100000000000e+01	1.92544754113515e+00
1.17200000000000e+01	1.88425955918943e+00
1.17300000000000e+01	1.84405979320839e+00
1.17400000000000e+01	1.80481298740607e+00
1.17500000000000e+01	1.76645701985462e+00
1.17600000000000e+01	1.72897946136734e+00
1.17700000000000e+01	1.69231367759945e+00
1.17800000000000e+01	1.65647524089663e+00
1.17900000000000e+01	1.62145319686273e+00
1.18000000000000e+01	1.58723311505003e+00
1.18100000000000e+01	1.55381116844059e+00
1.18200000000000e+01	1.52120656298744e+00
1.18300000000000e+01	1.48942245632966e+00
1.18400000000000e+01	1.45845549680259e+00
1.18500000000000e+01	1.42829246084709e+00
1.18600000000000e+01	1.39892469886280e+00
1.18700000000000e+01	1.37035931709496e+00
1.18800000000000e+01	1.34256475894064e+00
1.18900000000000e+01	1.31552146802939e+00
1.19000000000000e+01	1.28921205912194e+00
1.19100000000000e+01	1.26359870510982e+00
1.19200000000000e+01	1.23865427967011e+00
1.19300000000000e+01	1.21436620903577e+00
1.19400000000000e+01	1.19069296121723e+00
1.19500000000000e+01	1.16760360524388e+00
1.19600000000000e+01	1.14507067407578e+00
1.19700000000000e+01	1.12307780435123e+00
1.19800000000000e+01	1.10158371427181e+00
1.19900000000000e+01	1.08056693864559e+00
1.20000000000000e+01	1.06000803578031e+00
1.20100000000000e+01	1.03988924317531e+00
1.20200000000000e+01	1.02020162130749e+00
1.20300000000000e+01	1.00091290079384e+00
1.20400000000000e+01	9.82033765777736e-01
1.20500000000000e+01	9.63549412391655e-01
1.20600000000000e+01	9.45452852945381e-01
1.20700000000000e+01	9.27745841174860e-01
1.20800000000000e+01	9.10436076327058e-01
1.20900000000000e+01	8.93506355095752e-01
1.21000000000000e+01	8.76976929601793e-01
1.21100000000000e+01	8.60835365616499e-01
1.21200000000000e+01	8.45092625697013e-01
1.21300000000000e+01	8.29741623344287e-01
1.21400000000000e+01	8.14774197317538e-01
1.21500000000000e+01	8.00197597837811e-01
1.21600000000000e+01	7.85976222045933e-01
1.21700000000000e+01	7.72123340946464e-01
1.21800000000000e+01	7.58611171005348e-01
1.21900000000000e+01	7.45433563527686e-01
1.22000000000000e+01	7.32566507369521e-01
1.22100000000000e+01	7.20004677871128e-01
1.22200000000000e+01	7.07714349657214e-01
1.22300000000000e+01	6.95687331665460e-01
1.22400000000000e+01	6.83911048196314e-01
1.22500000000000e+01	6.72366166082146e-01
1.22600000000000e+01	6.61036002361588e-01
1.22700000000000e+01	6.49916706434528e-01
1.22800000000000e+01	6.38976434444187e-01
1.22900000000000e+01	6.28228332783334e-01
1.23000000000000e+01	6.17644014098050e-01
1.23100000000000e+01	6.07215979705170e-01
1.23200000000000e+01	5.96943837888929e-01
1.23300000000000e+01	5.86806864862375e-01
1.23400000000000e+01	5.76816263444200e-01
1.23500000000000e+01	5.66957054681995e-01
1.23600000000000e+01	5.57230855883368e-01
1.23700000000000e+01	5.47644429916190e-01
1.23800000000000e+01	5.38183857766644e-01
1.23900000000000e+01	5.28868326797384e-01
1.24000000000000e+01	5.19689728566161e-01
1.24100000000000e+01	5.10664752628270e-01
1.24200000000000e+01	5.01783555913775e-01
1.24300000000000e+01	4.93062039758271e-01
1.24400000000000e+01	4.84500676231514e-01
1.24500000000000e+01	4.76100940656518e-01
1.24600000000000e+01	4.67858734479006e-01
1.24700000000000e+01	4.59773664480743e-01
1.24800000000000e+01	4.51855034442350e-01
1.24900000000000e+01	4.44090609250862e-01
1.25000000000000e+01	4.36483307112210e-01
1.25100000000000e+01	4.29030032023073e-01
1.25200000000000e+01	4.21727487726603e-01
1.25300000000000e+01	4.14571481213103e-01
1.25400000000000e+01	4.07573685881202e-01
1.25500000000000e+01	4.00715092101234e-01
1.25600000000000e+01	3.94006487952824e-01
1.25700000000000e+01	3.87436681534666e-01
1.25800000000000e+01	3.81012269024831e-01
1.25900000000000e+01	3.74728494147380e-01
1.26000000000000e+01	3.68581675684170e-01
1.26100000000000e+01	3.62563671040364e-01
1.26200000000000e+01	3.56677844593937e-01
1.26300000000000e+01	3.50916937560283e-01
1.26400000000000e+01	3.45271420500064e-01
1.26500000000000e+01	3.39744747811473e-01
1.26600000000000e+01	3.34334198009817e-01
1.26700000000000e+01	3.29027717913645e-01
1.26800000000000e+01	3.23829791573869e-01
1.26900000000000e+01	3.18737824982008e-01
1.27000000000000e+01	3.13746926075443e-01
1.27100000000000e+01	3.08860563556907e-01
1.27200000000000e+01	3.04073752479436e-01
1.27300000000000e+01	2.99386634737713e-01
1.27400000000000e+01	2.94799465895168e-01
1.27500000000000e+01	2.90312223766949e-01
1.27600000000000e+01	2.85924717042581e-01
1.27700000000000e+01	2.81630896389697e-01
1.27800000000000e+01	2.77433549763453e-01
1.27900000000000e+01	2.73324491036782e-01
1.28000000000000e+01	2.69306100930505e-01
1.28100000000000e+01	2.65370727934485e-01
1.28200000000000e+01	2.61521319616288e-01
1.28300000000000e+01	2.57750507717447e-01
1.28400000000000e+01	2.54056441024634e-01
1.28500000000000e+01	2.50436898751738e-01
1.28600000000000e+01	2.46888562817245e-01
1.28700000000000e+01	2.43411202387035e-01
1.28800000000000e+01	2.40001808388502e-01
1.28900000000000e+01	2.36658269060748e-01
1.29000000000000e+01	2.33379509091765e-01
1.29100000000000e+01	2.30163389951669e-01
1.29200000000000e+01	2.27009183847489e-01
1.29300000000000e+01	2.23914856926008e-01
1.29400000000000e+01	2.20875020035805e-01
1.29500000000000e+01	2.17894770544239e-01
1.29600000000000e+01	2.14967027262036e-01
1.29700000000000e+01	2.12091812157655e-01
1.29800000000000e+01	2.09266800394625e-01
1.29900000000000e+01	2.06495138005647e-01
1.30000000000000e+01	2.03769465027364e-01
1.30100000000000e+01	2.01092560320616e-01
1.30200000000000e+01	1.98464039195104e-01
1.30300000000000e+01	1.95882136960263e-01
1.30400000000000e+01	1.93344154513707e-01
1.30500000000000e+01	1.90852647932640e-01
1.30600000000000e+01	1.88402695827413e-01
1.30700000000000e+01	1.85994935441461e-01
1.30800000000000e+01	1.83622628706865e-01
1.30900000000000e+01	1.81288937311292e-01
1.31000000000000e+01	1.78989452826822e-01
1.31100000000000e+01	1.76723274949960e-01
1.31200000000000e+01	1.74483390122968e-01
1.31300000000000e+01	1.72271264262318e-01
1.31400000000000e+01	1.70085476525803e-01
1.31500000000000e+01	1.67924384720715e-01
1.31600000000000e+01	1.65787890561533e-01
1.31700000000000e+01	1.63674806727207e-01
1.31800000000000e+01	1.61587043202780e-01
1.31900000000000e+01	1.59525917962738e-01
1.32000000000000e+01	1.57489588218338e-01
1.32100000000000e+01	1.55481105011152e-01
1.32200000000000e+01	1.53499813992595e-01
1.32300000000000e+01	1.51545214605579e-01
1.32400000000000e+01	1.49618186434211e-01
1.32500000000000e+01	1.47718319084432e-01
1.32600000000000e+01	1.45840481582901e-01
1.32700000000000e+01	1.43990324598430e-01
1.32800000000000e+01	1.42162985522442e-01
1.32900000000000e+01	1.40360004092424e-01
1.33000000000000e+01	1.38577861696877e-01
1.33100000000000e+01	1.36818375502734e-01
1.33200000000000e+01	1.35081317996667e-01
1.33300000000000e+01	1.33365252987026e-01
1.33400000000000e+01	1.31674290129289e-01
1.33500000000000e+01	1.30005253891023e-01
1.33600000000000e+01	1.28360850463391e-01
1.33700000000000e+01	1.26740543194396e-01
1.33800000000000e+01	1.25146368481247e-01
1.33900000000000e+01	1.23577745310759e-01
1.34000000000000e+01	1.22034075805327e-01
1.34100000000000e+01	1.20515857560998e-01
1.34200000000000e+01	1.19025128670367e-01
1.34300000000000e+01	1.17558421230663e-01
1.34400000000000e+01	1.16114934323346e-01
1.34500000000000e+01	1.14696758545067e-01
1.34600000000000e+01	1.13300815125019e-01
1.34700000000000e+01	1.11927830339371e-01
1.34800000000000e+01	1.10575747877577e-01
1.34900000000000e+01	1.09243044674838e-01
1.35000000000000e+01	1.07931971679072e-01
1.35100000000000e+01	1.06637011605587e-01
1.35200000000000e+01	1.05361696240270e-01
1.35300000000000e+01	1.04103190208330e-01
1.35400000000000e+01	1.02860017291318e-01
1.35500000000000e+01	1.01632164575263e-01
1.35600000000000e+01	1.00419450561350e-01
1.35700000000000e+01	9.92194964374958e-02
1.35800000000000e+01	9.80333619860844e-02
1.35900000000000e+01	9.68579308671921e-02
1.36000000000000e+01	9.56963330722735e-02
1.36100000000000e+01	9.45443071008141e-02
1.36200000000000e+01	9.34032561806259e-02
1.36300000000000e+01	9.22721756107626e-02
1.36400000000000e+01	9.11533834049030e-02
1.36500000000000e+01	9.00446891120750e-02
1.36600000000000e+01	8.89465114914255e-02
1.36700000000000e+01	8.78609061669188e-02
1.36800000000000e+01	8.67867404202744e-02
1.36900000000000e+01	8.57252260027724e-02
1.37000000000000e+01	8.46773795792624e-02
1.37100000000000e+01	8.36428191561697e-02
1.37200000000000e+01	8.26224629059940e-02
1.37300000000000e+01	8.16197915447669e-02
1.37400000000000e+01	8.06316095736654e-02
1.37500000000000e+01	7.96611022960159e-02
1.37600000000000e+01	7.87087595147368e-02
1.37700000000000e+01	7.77728603814853e-02
1.37800000000000e+01	7.68547954645150e-02
1.37900000000000e+01	7.59538852191066e-02
1.38000000000000e+01	7.50712020716142e-02
1.38100000000000e+01	7.42054569400880e-02
1.38200000000000e+01	7.33550025236410e-02
1.38300000000000e+01	7.25194703847564e-02
1.38400000000000e+01	7.16985648926499e-02
1.38500000000000e+01	7.08908207747884e-02
1.38600000000000e+01	7.00963600822770e-02
1.38700000000000e+01	6.93138926970744e-02
1.38800000000000e+01	6.85439068127418e-02
1.38900000000000e+01	6.77831549459857e-02
1.39000000000000e+01	6.70332694761413e-02
1.39100000000000e+01	6.62930011025583e-02
1.39200000000000e+01	6.55616857818956e-02
1.39300000000000e+01	6.48401209198806e-02
1.39400000000000e+01	6.41265181181322e-02
1.39500000000000e+01	6.34215532177611e-02
1.39600000000000e+01	6.27239078303607e-02
1.39700000000000e+01	6.20333835309382e-02
1.39800000000000e+01	6.13515841469837e-02
1.39900000000000e+01	6.06769857850356e-02
1.40000000000000e+01	6.00094760215552e-02
1.40100000000000e+01	5.93499218221868e-02
1.40200000000000e+01	5.86968254027633e-02
1.40300000000000e+01	5.80515029685319e-02
1.40400000000000e+01	5.74146194658082e-02
1.40500000000000e+01	5.67854505607381e-02
1.40600000000000e+01	5.61637299657760e-02
1.40700000000000e+01	5.55514991204303e-02
1.40800000000000e+01	5.49470746414003e-02
1.40900000000000e+01	5.43510593682954e-02
1.41000000000000e+01	5.37637328153587e-02
1.41100000000000e+01	5.31849867333309e-02
1.41200000000000e+01	5.26144362424329e-02
1.41300000000000e+01	5.20513061102695e-02
1.41400000000000e+01	5.14966741307548e-02
1.41500000000000e+01	5.09478155682373e-02
1.41600000000000e+01	5.04059363882191e-02
1.41700000000000e+01	4.98697149530595e-02
1.41800000000000e+01	4.93384692871446e-02
1.41900000000000e+01	4.88130335143977e-02
1.42000000000000e+01	4.82914875988091e-02
1.42100000000000e+01	4.77745949397483e-02
1.42200000000000e+01	4.72629547170449e-02
1.42300000000000e+01	4.67555756773679e-02
1.42400000000000e+01	4.62524974557024e-02
1.42500000000000e+01	4.57548156556791e-02
1.42600000000000e+01	4.52620966919495e-02
1.42700000000000e+01	4.47753560519474e-02
1.42800000000000e+01	4.42950510824314e-02
1.42900000000000e+01	4.38199130093445e-02
1.43000000000000e+01	4.33514749270046e-02
1.43100000000000e+01	4.28896455888197e-02
1.43200000000000e+01	4.24336853519910e-02
1.43300000000000e+01	4.19845246254842e-02
1.43400000000000e+01	4.15408826109463e-02
1.43500000000000e+01	4.11037277441738e-02
1.43600000000000e+01	4.06718943960652e-02
1.43700000000000e+01	4.02459664982799e-02
1.43800000000000e+01	3.98256544143814e-02
1.43900000000000e+01	3.94109976804881e-02
1.44000000000000e+01	3.90023421746020e-02
1.44100000000000e+01	3.85981962612762e-02
1.44200000000000e+01	3.82004800749385e-02
1.44300000000000e+01	3.78075228902824e-02
1.44400000000000e+01	3.74201764663942e-02
1.44500000000000e+01	3.70385075330887e-02
1.44600000000000e+01	3.66621703978421e-02
1.44700000000000e+01	3.62912447177395e-02
1.44800000000000e+01	3.59249802927118e-02
1.44900000000000e+01	3.55643175272127e-02
1.45000000000000e+01	3.52087016138357e-02
1.45100000000000e+01	3.48584070844314e-02
1.45200000000000e+01	3.45129280725115e-02
1.45300000000000e+01	3.41716822329650e-02
1.45400000000000e+01	3.38354810500166e-02
1.45500000000000e+01	3.35029495517059e-02
1.45600000000000e+01	3.31748875561270e-02
1.45700000000000e+01	3.28512596902070e-02
1.45800000000000e+01	3.25312061021429e-02
1.45900000000000e+01	3.22153445441160e-02
1.46000000000000e+01	3.19029459237084e-02
1.46100000000000e+01	3.15939593067575e-02
1.46200000000000e+01	3.12886741725151e-02
1.46300000000000e+01	3.09863822825334e-02
1.46400000000000e+01	3.06878246403240e-02
1.46500000000000e+01	3.03924959029374e-02
1.46600000000000e+01	3.01001174165380e-02
1.46700000000000e+01	2.98113922636001e-02
1.46800000000000e+01	2.95258285233203e-02
1.46900000000000e+01	2.92438218427528e-02
1.47000000000000e+01	2.89653632890610e-02
1.47100000000000e+01	2.86899593210599e-02
1.47200000000000e+01	2.84179743211828e-02
1.47300000000000e+01	2.81496721039932e-02
1.47400000000000e+01	2.78845880617123e-02
1.47500000000000e+01	2.76230616644695e-02
1.47600000000000e+01	2.73649990995646e-02
1.47700000000000e+01	2.71099219727323e-02
1.47800000000000e+01	2.68578148834730e-02
1.47900000000000e+01	2.66090072535894e-02
1.48000000000000e+01	2.63626424716834e-02
1.48100000000000e+01	2.61187761947780e-02
1.48200000000000e+01	2.58776565743702e-02
1.48300000000000e+01	2.56386434702674e-02
1.48400000000000e+01	2.54020353982775e-02
1.48500000000000e+01	2.51674649146586e-02
1.48600000000000e+01	2.49349908823857e-02
1.48700000000000e+01	2.47042329599519e-02
1.48800000000000e+01	2.44759280374669e-02
1.48900000000000e+01	2.42486811485921e-02
1.49000000000000e+01	2.40242392677871e-02
1.49100000000000e+01	2.38012008817483e-02
1.49200000000000e+01	2.35799366163010e-02
1.49300000000000e+01	2.33607795342294e-02
1.49400000000000e+01	2.31437378738409e-02
1.49500000000000e+01	2.29288111368048e-02
1.49600000000000e+01	2.27159224403011e-02
1.49700000000000e+01	2.25050355516454e-02
1.49800000000000e+01	2.22964944905324e-02
1.49900000000000e+01	2.20905467524953e-02
1.50000000000000e+01	2.18865431539516e-02
1.50100000000000e+01	2.16853448896878e-02
1.50200000000000e+01	2.14862988085515e-02
1.50300000000000e+01	2.12896419271743e-02
1.50400000000000e+01	2.10956004257750e-02
1.50500000000000e+01	2.09035334736767e-02
1.50600000000000e+01	2.07139777463127e-02
1.50700000000000e+01	2.05263175612085e-02
1.50800000000000e+01	2.03407892495676e-02
1.50900000000000e+01	2.01576556753362e-02
1.51000000000000e+01	1.99760157982456e-02
1.51100000000000e+01	1.97960928579352e-02
1.51200000000000e+01	1.96185245132539e-02
1.51300000000000e+01	1.94418026417048e-02
1.51400000000000e+01	1.92673903885082e-02
1.51500000000000e+01	1.90941602315015e-02
1.51600000000000e+01	1.89220901654027e-02
1.51700000000000e+01	1.87517322533154e-02
1.51800000000000e+01	1.85831107310910e-02
1.51900000000000e+01	1.84156491001711e-02
1.52000000000000e+01	1.82495862484103e-02
1.52100000000000e+01	1.80855035632169e-02
1.52200000000000e+01	1.79227113092331e-02
1.52300000000000e+01	1.77618214341569e-02
1.52400000000000e+01	1.76019217743862e-02
1.52500000000000e+01	1.74440388241602e-02
1.52600000000000e+01	1.72873444664134e-02
1.52700000000000e+01	1.71317885828742e-02
1.52800000000000e+01	1.69775745804600e-02
1.52900000000000e+01	1.68239845497648e-02
1.53000000000000e+01	1.66712242827733e-02
1.53100000000000e+01	1.65188728875947e-02
1.53200000000000e+01	1.63666594785269e-02
1.53300000000000e+01	1.62143808606598e-02
1.53400000000000e+01	1.60617294597802e-02
1.53500000000000e+01	1.59087903272784e-02
1.53600000000000e+01	1.57553535342479e-02
1.53700000000000e+01	1.56011784222085e-02
1.53800000000000e+01	1.54461243858291e-02
1.53900000000000e+01	1.52903478655919e-02
1.54000000000000e+01	1.51340441900392e-02
1.54100000000000e+01	1.49775383732086e-02
1.54200000000000e+01	1.48205512404221e-02
1.54300000000000e+01	1.46638728236416e-02
1.54400000000000e+01	1.45073869815021e-02
1.54500000000000e+01	1.43518441239945e-02
1.54600000000000e+01	1.41972726144281e-02
1.54700000000000e+01	1.40445125365290e-02
1.54800000000000e+01	1.38938101667109e-02
1.54900000000000e+01	1.37459194062566e-02
1.55000000000000e+01	1.36008953369901e-02
1.55100000000000e+01	1.34595995102565e-02
1.55200000000000e+01	1.33220194829313e-02
1.55300000000000e+01	1.31885276618060e-02
1.55400000000000e+01	1.30591458247337e-02
1.55500000000000e+01	1.29343629315395e-02
1.55600000000000e+01	1.28135522747696e-02
1.55700000000000e+01	1.26966594012544e-02
1.55800000000000e+01	1.25838851171828e-02
1.55900000000000e+01	1.24746909012862e-02
1.56000000000000e+01	1.23683660460767e-02
1.56100000000000e+01	1.22649391563468e-02
1.56200000000000e+01	1.21638569411989e-02
1.56300000000000e+01	1.20648207979348e-02
1.56400000000000e+01	1.19675110599188e-02
1.56500000000000e+01	1.18713409316746e-02
1.56600000000000e+01	1.17761857930097e-02
1.56700000000000e+01	1.16816921485876e-02
1.56800000000000e+01	1.15875470732143e-02
1.56900000000000e+01	1.14938362951538e-02
1.57000000000000e+01	1.14002825946588e-02
1.57100000000000e+01	1.13065739972904e-02
1.57200000000000e+01	1.12127681517526e-02
1.57300000000000e+01	1.11189761042534e-02
1.57400000000000e+01	1.10249069916111e-02
1.57500000000000e+01	1.09309684254679e-02
1.57600000000000e+01	1.08368839117554e-02
1.57700000000000e+01	1.07429223960665e-02
1.57800000000000e+01	1.06490754590388e-02
1.57900000000000e+01	1.05558917740453e-02
1.58000000000000e+01	1.04628730060680e-02
1.58100000000000e+01	1.03709037230111e-02
1.58200000000000e+01	1.02797633473656e-02
1.58300000000000e+01	1.01897396210477e-02
1.58400000000000e+01	1.01011499909570e-02
1.58500000000000e+01	1.00138939863001e-02
1.58600000000000e+01	9.92824500315513e-03
1.58700000000000e+01	9.84429183660374e-03
1.58800000000000e+01	9.76212699914043e-03
1.58900000000000e+01	9.68177265703050e-03
1.59000000000000e+01	9.60302715925054e-03
1.59100000000000e+01	9.52611438194207e-03
1.59200000000000e+01	9.45067330230708e-03
1.59300000000000e+01	9.37664067861715e-03
1.59400000000000e+01	9.30414199045863e-03
1.59500000000000e+01	9.23286535078924e-03
1.59600000000000e+01	9.16231218404166e-03
1.59700000000000e+01	9.09309967836284e-03
1.59800000000000e+01	9.02444076868763e-03
1.59900000000000e+01	8.95641811403524e-03
1.60000000000000e+01	8.88928252504502e-03
1.60100000000000e+01	8.82232209551588e-03
1.60200000000000e+01	8.75618185556655e-03
1.60300000000000e+01	8.69023022999575e-03
1.60400000000000e+01	8.62482173470353e-03
1.60500000000000e+01	8.55993711605960e-03
1.60600000000000e+01	8.49545264171769e-03
1.60700000000000e+01	8.43123370868030e-03
1.60800000000000e+01	8.36744730136844e-03
1.60900000000000e+01	8.30407482669027e-03
1.61000000000000e+01	8.24110682433433e-03
1.61100000000000e+01	8.17857429266041e-03
1.61200000000000e+01	8.11647478496956e-03
1.61300000000000e+01	8.05481470257428e-03
1.61400000000000e+01	7.99369131634541e-03
1.61500000000000e+01	7.93298382087807e-03
1.61600000000000e+01	7.87274323621133e-03
1.61700000000000e+01	7.81303149389410e-03
1.61800000000000e+01	7.75389656817212e-03
1.61900000000000e+01	7.69540943146435e-03
1.62000000000000e+01	7.63734614795414e-03
1.62100000000000e+01	7.58018253490285e-03
1.62200000000000e+01	7.52353880120569e-03
1.62300000000000e+01	7.46761847877348e-03
1.62400000000000e+01	7.41256411804519e-03
1.62500000000000e+01	7.35830120846970e-03
1.62600000000000e+01	7.30484290902187e-03
1.62700000000000e+01	7.25212744804402e-03
1.62800000000000e+01	7.20014427308452e-03
1.62900000000000e+01	7.14899264767240e-03
1.63000000000000e+01	7.09850925777258e-03
1.63100000000000e+01	7.04859076654164e-03
1.63200000000000e+01	6.99930502740795e-03
1.63300000000000e+01	6.95029968332418e-03
1.63400000000000e+01	6.90157010658838e-03
1.63500000000000e+01	6.85324290287594e-03
1.63600000000000e+01	6.80510453619774e-03
1.63700000000000e+01	6.75678192865379e-03
1.63800000000000e+01	6.70855870304393e-03
1.63900000000000e+01	6.66013157121854e-03
1.64000000000000e+01	6.61136275045198e-03
1.64100000000000e+01	6.56234745499055e-03
1.64200000000000e+01	6.51310554075721e-03
1.64300000000000e+01	6.46345091739686e-03
1.64400000000000e+01	6.41343168583875e-03
1.64500000000000e+01	6.36297562023634e-03
1.64600000000000e+01	6.31236386856606e-03
1.64700000000000e+01	6.26166119594277e-03
1.64800000000000e+01	6.21074029212192e-03
1.64900000000000e+01	6.15997824383246e-03
1.65000000000000e+01	6.10945816528024e-03
1.65100000000000e+01	6.05912114040813e-03
1.65200000000000e+01	6.00924214037888e-03
1.65300000000000e+01	5.95990691733733e-03
1.65400000000000e+01	5.91118436187147e-03
1.65500000000000e+01	5.86317102806013e-03
1.65600000000000e+01	5.81592799369717e-03
1.65700000000000e+01	5.76941335998719e-03
1.65800000000000e+01	5.72371883654029e-03
1.65900000000000e+01	5.67890400448881e-03
1.66000000000000e+01	5.63499934687959e-03
1.66100000000000e+01	5.59183136325681e-03
1.66200000000000e+01	5.54953946050654e-03
1.66300000000000e+01	5.50801773062043e-03
1.66400000000000e+01	5.46732305508589e-03
1.66500000000000e+01	5.42734656765242e-03
1.66600000000000e+01	5.38816421670662e-03
1.66700000000000e+01	5.34965995191229e-03
1.66800000000000e+01	5.31190095670172e-03
1.66900000000000e+01	5.27470462746845e-03
1.67000000000000e+01	5.23814395689218e-03
1.67100000000000e+01	5.20211653807194e-03
1.67200000000000e+01	5.16668608466457e-03
1.67300000000000e+01	5.13167486724996e-03
1.67400000000000e+01	5.09708617084431e-03
1.67500000000000e+01	5.06290641763863e-03
1.67600000000000e+01	5.02902851676024e-03
1.67700000000000e+01	4.99540328693241e-03
1.67800000000000e+01	4.96199949813154e-03
1.67900000000000e+01	4.92882911019023e-03
1.68000000000000e+01	4.89574774774760e-03
1.68100000000000e+01	4.86274723102898e-03
1.68200000000000e+01	4.82991962616522e-03
1.68300000000000e+01	4.79711938771249e-03
1.68400000000000e+01	4.76434954948543e-03
1.68500000000000e+01	4.73169075119843e-03
1.68600000000000e+01	4.69908556887631e-03
1.68700000000000e+01	4.66653502411912e-03
1.68800000000000e+01	4.63413233396573e-03
1.68900000000000e+01	4.60178908251238e-03
1.69000000000000e+01	4.56967195899145e-03
1.69100000000000e+01	4.53762538675490e-03
1.69200000000000e+01	4.50571808977547e-03
1.69300000000000e+01	4.47397159012161e-03
1.69400000000000e+01	4.44243855929867e-03
1.69500000000000e+01	4.41100503877277e-03
1.69600000000000e+01	4.37980217265027e-03
1.69700000000000e+01	4.34874868508413e-03
1.69800000000000e+01	4.31795417343627e-03
1.69900000000000e+01	4.28740108072111e-03
1.70000000000000e+01	4.25708191217075e-03
1.70100000000000e+01	4.22715244872101e-03
1.70200000000000e+01	4.19760077466947e-03
1.70300000000000e+01	4.16843026205436e-03
1.70400000000000e+01	4.13968237059100e-03
1.70500000000000e+01	4.11142283712027e-03
1.70600000000000e+01	4.08364682104460e-03
1.70700000000000e+01	4.05639916172782e-03
1.70800000000000e+01	4.02959566948540e-03
1.70900000000000e+01	4.00329390416178e-03
1.71000000000000e+01	3.97747719102541e-03
1.71100000000000e+01	3.95212103320603e-03
1.71200000000000e+01	3.92709148214444e-03
1.71300000000000e+01	3.90245905386043e-03
1.71400000000000e+01	3.87819646656219e-03
1.71500000000000e+01	3.85423262133567e-03
1.71600000000000e+01	3.83051339102139e-03
1.71700000000000e+01	3.80709990613077e-03
1.71800000000000e+01	3.78384392197904e-03
1.71900000000000e+01	3.76089095213087e-03
1.72000000000000e+01	3.73810244080866e-03
1.72100000000000e+01	3.71554591690110e-03
1.72200000000000e+01	3.69322596687368e-03
1.72300000000000e+01	3.67100020164961e-03
1.72400000000000e+01	3.64906520831709e-03
1.72500000000000e+01	3.62722689129013e-03
1.72600000000000e+01	3.60561896795277e-03
1.72700000000000e+01	3.58416889368667e-03
1.72800000000000e+01	3.56287314760272e-03
1.72900000000000e+01	3.54173227215082e-03
1.73000000000000e+01	3.52074287064558e-03
1.73100000000000e+01	3.49990866028186e-03
1.73200000000000e+01	3.47923353778156e-03
1.73300000000000e+01	3.45863703751475e-03
1.73400000000000e+01	3.43814136940067e-03
1.73500000000000e+01	3.41778667123414e-03
1.73600000000000e+01	3.39753599307928e-03
1.73700000000000e+01	3.37736971217458e-03
1.73800000000000e+01	3.35728844522611e-03
1.73900000000000e+01	3.33730506355729e-03
1.74000000000000e+01	3.31747560501803e-03
1.74100000000000e+01	3.29767665790480e-03
1.74200000000000e+01	3.27797190919896e-03
1.74300000000000e+01	3.25836588342879e-03
1.74400000000000e+01	3.23890534302511e-03
1.74500000000000e+01	3.21947143582153e-03
1.74600000000000e+01	3.20020072234442e-03
1.74700000000000e+01	3.18101366512742e-03
1.74800000000000e+01	3.16190921837699e-03
1.74900000000000e+01	3.14284464701746e-03
1.75000000000000e+01	3.12391389222500e-03
1.75100000000000e+01	3.10507406104890e-03
1.75200000000000e+01	3.08626322774549e-03
1.75300000000000e+01	3.06748333541552e-03
1.75400000000000e+01	3.04873434579228e-03
1.75500000000000e+01	3.03007153585608e-03
1.75600000000000e+01	3.01138501952853e-03
1.75700000000000e+01	2.99274136662769e-03
1.75800000000000e+01	2.97408856664825e-03
1.75900000000000e+01	2.95548391124524e-03
1.76000000000000e+01	2.93686749082509e-03
1.76100000000000e+01	2.91836405837943e-03
1.76200000000000e+01	2.89986667381366e-03
1.76300000000000e+01	2.88147958658053e-03
1.76400000000000e+01	2.86314540712436e-03
1.76500000000000e+01	2.84492902564500e-03
1.76600000000000e+01	2.82687146760513e-03
1.76700000000000e+01	2.80891741683057e-03
1.76800000000000e+01	2.79112365944262e-03
1.76900000000000e+01	2.77353931770408e-03
1.77000000000000e+01	2.75604624867046e-03
1.77100000000000e+01	2.73875049053085e-03
1.77200000000000e+01	2.72159602125057e-03
1.77300000000000e+01	2.70458090141864e-03
1.77400000000000e+01	2.68774892423051e-03
1.77500000000000e+01	2.67100134755283e-03
1.77600000000000e+01	2.65442724844325e-03
1.77700000000000e+01	2.63793071588847e-03
1.77800000000000e+01	2.62156352823527e-03
1.77900000000000e+01	2.60531800621461e-03
1.78000000000000e+01	2.58909759817931e-03
1.78100000000000e+01	2.57300070346512e-03
1.78200000000000e+01	2.55698308164393e-03
1.78300000000000e+01	2.54098878291201e-03
1.78400000000000e+01	2.52506794748217e-03
1.78500000000000e+01	2.50923124053264e-03
1.78600000000000e+01	2.49346925110470e-03
1.78700000000000e+01	2.47774773932822e-03
1.78800000000000e+01	2.46205414795409e-03
1.78900000000000e+01	2.44643632411136e-03
1.79000000000000e+01	2.43089772528007e-03
1.79100000000000e+01	2.41539074142267e-03
1.79200000000000e+01	2.39992177305065e-03
1.79300000000000e+01	2.38452859635341e-03
1.79400000000000e+01	2.36912284750291e-03
1.79500000000000e+01	2.35376289422642e-03
1.79600000000000e+01	2.33838718498882e-03
1.79700000000000e+01	2.32306448373432e-03
1.79800000000000e+01	2.30769963385206e-03
1.79900000000000e+01	2.29238943623488e-03
1.80000000000000e+01	2.27709995533845e-03
1.80100000000000e+01	2.26191469541055e-03
1.80200000000000e+01	2.24675999411689e-03
1.80300000000000e+01	2.23176253434898e-03
1.80400000000000e+01	2.21692776968852e-03
1.80500000000000e+01	2.20228624628186e-03
1.80600000000000e+01	2.18783602743398e-03
1.80700000000000e+01	2.17370541170567e-03
1.80800000000000e+01	2.15983344498653e-03
1.80900000000000e+01	2.14625623452103e-03
1.81000000000000e+01	2.13295665249535e-03
1.81100000000000e+01	2.11997261762630e-03
1.81200000000000e+01	2.10729230484956e-03
1.81300000000000e+01	2.09485994494314e-03
1.81400000000000e+01	2.08263329208784e-03
1.81500000000000e+01	2.07064009096152e-03
1.81600000000000e+01	2.05880288533746e-03
1.81700000000000e+01	2.04715079222384e-03
1.81800000000000e+01	2.03556800081472e-03
1.81900000000000e+01	2.02412589462432e-03
1.82000000000000e+01	2.01275195999589e-03
1.82100000000000e+01	2.00140337646971e-03
1.82200000000000e+01	1.99012201235011e-03
1.82300000000000e+01	1.97887414755539e-03
1.82400000000000e+01	1.96761818922310e-03
1.82500000000000e+01	1.95635583205180e-03
1.82600000000000e+01	1.94509823529054e-03
1.82700000000000e+01	1.93383857987770e-03
1.82800000000000e+01	1.92255089960484e-03
1.82900000000000e+01	1.91123226603901e-03
1.83000000000000e+01	1.89996788056358e-03
1.83100000000000e+01	1.88863810912645e-03
1.83200000000000e+01	1.87736320840532e-03
1.83300000000000e+01	1.86609087975688e-03
1.83400000000000e+01	1.85484854097059e-03
1.83500000000000e+01	1.84366263062111e-03
1.83600000000000e+01	1.83253388060481e-03
1.83700000000000e+01	1.82149583207805e-03
1.83800000000000e+01	1.81055929450983e-03
1.83900000000000e+01	1.79975003365235e-03
1.84000000000000e+01	1.78907683748105e-03
1.84100000000000e+01	1.77856732272287e-03
1.84200000000000e+01	1.76823935281493e-03
1.84300000000000e+01	1.75810429015969e-03
1.84400000000000e+01	1.74816699069720e-03
1.84500000000000e+01	1.73844384681656e-03
1.84600000000000e+01	1.72892580575612e-03
1.84700000000000e+01	1.71962208670308e-03
1.84800000000000e+01	1.71051010093004e-03
1.84900000000000e+01	1.70158660233943e-03
1.85000000000000e+01	1.69283645895637e-03
1.85100000000000e+01	1.68423888487712e-03
1.85200000000000e+01	1.67576683218492e-03
1.85300000000000e+01	1.66741565604112e-03
1.85400000000000e+01	1.65915037906212e-03
1.85500000000000e+01	1.65095561567960e-03
1.85600000000000e+01	1.64280968988431e-03
1.85700000000000e+01	1.63470503305400e-03
1.85800000000000e+01	1.62662390827185e-03
1.85900000000000e+01	1.61854915214526e-03
1.86000000000000e+01	1.61047305342478e-03
1.86100000000000e+01	1.60239821456579e-03
1.86200000000000e+01	1.59431299781448e-03
1.86300000000000e+01	1.58621851576859e-03
1.86400000000000e+01	1.57811687538920e-03
1.86500000000000e+01	1.57001239029168e-03
1.86600000000000e+01	1.56190758595531e-03
1.86700000000000e+01	1.55381211038414e-03
1.86800000000000e+01	1.54572356177186e-03
1.86900000000000e+01	1.53764918300552e-03
1.87000000000000e+01	1.52960201912067e-03
1.87100000000000e+01	1.52158181701493e-03
1.87200000000000e+01	1.51358426278918e-03
1.87300000000000e+01	1.50562055563893e-03
1.87400000000000e+01	1.49769173934571e-03
1.87500000000000e+01	1.48978993865042e-03
1.87600000000000e+01	1.48192183211744e-03
1.87700000000000e+01	1.47408127400046e-03
1.87800000000000e+01	1.46627332658214e-03
1.87900000000000e+01	1.45848063973882e-03
1.88000000000000e+01	1.45071740278315e-03
1.88100000000000e+01	1.44297445443168e-03
1.88200000000000e+01	1.43524046018744e-03
1.88300000000000e+01	1.42751938003979e-03
1.88400000000000e+01	1.41980016065284e-03
1.88500000000000e+01	1.41209099772101e-03
1.88600000000000e+01	1.40437723840609e-03
1.88700000000000e+01	1.39665402653158e-03
1.88800000000000e+01	1.38892068491233e-03
1.88900000000000e+01	1.38117905730794e-03
1.89000000000000e+01	1.37341576328225e-03
1.89100000000000e+01	1.36562784046862e-03
1.89200000000000e+01	1.35782711425310e-03
1.89300000000000e+01	1.35000346126982e-03
1.89400000000000e+01	1.34216510590043e-03
1.89500000000000e+01	1.33431273886179e-03
1.89600000000000e+01	1.32646046277090e-03
1.89700000000000e+01	1.31860476394651e-03
1.89800000000000e+01	1.31075844344663e-03
1.89900000000000e+01	1.30293937641188e-03
1.90000000000000e+01	1.29514988261864e-03
1.90100000000000e+01	1.28740284279552e-03
1.90200000000000e+01	1.27970005996285e-03
1.90300000000000e+01	1.27204560553966e-03
1.90400000000000e+01	1.26444198669749e-03
1.90500000000000e+01	1.25687704681160e-03
1.90600000000000e+01	1.24934638380125e-03
1.90700000000000e+01	1.24183270009362e-03
1.90800000000000e+01	1.23433127924975e-03
1.90900000000000e+01	1.22682230650815e-03
1.91000000000000e+01	1.21929468959154e-03
1.91100000000000e+01	1.21174980740200e-03
1.91200000000000e+01	1.20418650582065e-03
1.91300000000000e+01	1.19661736343647e-03
1.91400000000000e+01	1.18906354443840e-03
1.91500000000000e+01	1.18154867489677e-03
1.91600000000000e+01	1.17411577507620e-03
1.91700000000000e+01	1.16679788998254e-03
1.91800000000000e+01	1.15962622018991e-03
1.91900000000000e+01	1.15264613658596e-03
1.92000000000000e+01	1.14587767802172e-03
1.92100000000000e+01	1.13933786160484e-03
1.92200000000000e+01	1.13304320592428e-03
1.92300000000000e+01	1.12698277589467e-03
1.92400000000000e+01	1.12115276394790e-03
1.92500000000000e+01	1.11552401704077e-03
1.92600000000000e+01	1.11008128181119e-03
1.92700000000000e+01	1.10478879919190e-03
1.92800000000000e+01	1.09962287856919e-03
1.92900000000000e+01	1.09455225458591e-03
1.93000000000000e+01	1.08954979663005e-03
1.93100000000000e+01	1.08459247200397e-03
1.93200000000000e+01	1.07966709158552e-03
1.93300000000000e+01	1.07476153486016e-03
1.93400000000000e+01	1.06986086222814e-03
1.93500000000000e+01	1.06496404711515e-03
1.93600000000000e+01	1.06006001225755e-03
1.93700000000000e+01	1.05514953043426e-03
1.93800000000000e+01	1.05023267545887e-03
1.93900000000000e+01	1.04530673168397e-03
1.94000000000000e+01	1.04037509632468e-03
1.94100000000000e+01	1.03543504174351e-03
1.94200000000000e+01	1.03049088001655e-03
1.94300000000000e+01	1.02553607353603e-03
1.94400000000000e+01	1.02057846991178e-03
1.94500000000000e+01	1.01561146999509e-03
1.94600000000000e+01	1.01063805067734e-03
1.94700000000000e+01	1.00566419309899e-03
1.94800000000000e+01	1.00068192407857e-03
1.94900000000000e+01	9.95694720200715e-04
1.95000000000000e+01	9.90703733084200e-04
1.95100000000000e+01	9.85705878996939e-04
1.95200000000000e+01	9.80708200474948e-04
1.95300000000000e+01	9.75705852408377e-04
1.95400000000000e+01	9.70696511001539e-04
1.95500000000000e+01	9.65682638200463e-04
1.95600000000000e+01	9.60671391715459e-04
1.95700000000000e+01	9.55653385276137e-04
1.95800000000000e+01	9.50644573917580e-04
1.95900000000000e+01	9.45633789019112e-04
1.96000000000000e+01	9.40628580705496e-04
1.96100000000000e+01	9.35637399711967e-04
1.96200000000000e+01	9.30657552469687e-04
1.96300000000000e+01	9.25698817606588e-04
1.96400000000000e+01	9.20754793958165e-04
1.96500000000000e+01	9.15836648170661e-04
1.96600000000000e+01	9.10939477914958e-04
1.96700000000000e+01	9.06066292937097e-04
1.96800000000000e+01	9.01220962464011e-04
1.96900000000000e+01	8.96401353060780e-04
1.97000000000000e+01	8.91607017138988e-04
1.97100000000000e+01	8.86834682239686e-04
1.97200000000000e+01	8.82088369311950e-04
1.97300000000000e+01	8.77363966361467e-04
1.97400000000000e+01	8.72666233042107e-04
1.97500000000000e+01	8.68001695101944e-04
1.97600000000000e+01	8.63380818523602e-04
1.97700000000000e+01	8.58823534078761e-04
1.97800000000000e+01	8.54359118985916e-04
1.97900000000000e+01	8.50040378920301e-04
1.98000000000000e+01	8.45939981428282e-04
1.98100000000000e+01	8.42160149560260e-04
1.98200000000000e+01	8.38846349507638e-04
1.98300000000000e+01	8.36192775221012e-04
1.98400000000000e+01	8.34431976035674e-04
1.98500000000000e+01	8.33877797371302e-04
1.98600000000000e+01	8.34890146944278e-04
1.98700000000000e+01	8.37906720791259e-04
1.98800000000000e+01	8.43441377866754e-04
1.98900000000000e+01	8.52096011588528e-04
1.99000000000000e+01	8.64584978328866e-04
1.99100000000000e+01	8.81758485916725e-04
1.99200000000000e+01	9.04675598206336e-04
1.99300000000000e+01	9.34671901643310e-04
1.99400000000000e+01	9.73498482870262e-04
1.99500000000000e+01	1.02352592483064e-03
1.99600000000000e+01	1.08806916656720e-03
1.99700000000000e+01	1.17192972866828e-03
1.99800000000000e+01	1.28227591370367e-03
1.99900000000000e+01	1.43036731249648e-03
2.00000000000000e+01	1.63460880902599e-03
