1.00000000000000e-02	5.65765042272871e+15
2.00000000000000e-02	3.53638145618952e+14
3.00000000000000e-02	6.98655535414368e+13
4.00000000000000e-02	2.21107548807158e+13
5.00000000000000e-02	9.05925225995431e+12
6.00000000000000e-02	4.37041005578260e+12
7.00000000000000e-02	2.36002422940078e+12
8.00000000000000e-02	1.38408598021727e+12
9.00000000000000e-02	8.64540128406834e+11
1.00000000000000e-01	5.67581997226038e+11
1.10000000000000e-01	3.87926649371215e+11
1.20000000000000e-01	2.74106801819198e+11
1.30000000000000e-01	1.99171758984571e+11
1.40000000000000e-01	1.48208303204993e+11
1.50000000000000e-01	1.12570912950410e+11
1.60000000000000e-01	8.70461986959401e+10
1.70000000000000e-01	6.83753763013843e+10
1.80000000000000e-01	5.44629449445891e+10
1.90000000000000e-01	4.39241854955423e+10
2.00000000000000e-01	3.58225274546668e+10
2.10000000000000e-01	2.95107388118091e+10
2.20000000000000e-01	2.45348489280117e+10
2.30000000000000e-01	2.05685620876663e+10
2.40000000000000e-01	1.73758176363647e+10
2.50000000000000e-01	1.47819510636215e+10
2.60000000000000e-01	1.26570853177330e+10
2.70000000000000e-01	1.09026046465140e+10
2.80000000000000e-01	9.44402925884964e+09
2.90000000000000e-01	8.22270642299133e+09
3.00000000000000e-01	7.19413000838127e+09
3.10000000000000e-01	6.32276831773237e+09
3.20000000000000e-01	5.58044150087280e+09
3.30000000000000e-01	4.94499536703560e+09
3.40000000000000e-01	4.39826573608282e+09
3.50000000000000e-01	3.92595815080983e+09
3.60000000000000e-01	3.51601427102038e+09
3.70000000000000e-01	3.15885529189182e+09
3.80000000000000e-01	2.84654176227523e+09
3.90000000000000e-01	2.57239576136078e+09
4.00000000000000e-01	2.33094517812785e+09
4.10000000000000e-01	2.11761225268278e+09
4.20000000000000e-01	1.92853133760764e+09
4.30000000000000e-01	1.76048508254400e+09
4.40000000000000e-01	1.61068988371593e+09
4.50000000000000e-01	1.47678774820354e+09
4.60000000000000e-01	1.35681722561533e+09
4.70000000000000e-01	1.24905503513938e+09
4.80000000000000e-01	1.15204892422431e+09
4.90000000000000e-01	1.06448860448982e+09
5.00000000000000e-01	9.85322667325250e+08
5.10000000000000e-01	9.13560238334337e+08
5.20000000000000e-01	8.48435806437568e+08
5.30000000000000e-01	7.89162618806062e+08
5.40000000000000e-01	7.35153773202254e+08
5.50000000000000e-01	6.85852051292191e+08
5.60000000000000e-01	6.40745585932056e+08
5.70000000000000e-01	5.99432939399598e+08
5.80000000000000e-01	5.61536468146811e+08
5.90000000000000e-01	5.26701049275576e+08
6.00000000000000e-01	4.94644946784618e+08
6.10000000000000e-01	4.65101117768235e+08
6.20000000000000e-01	4.37834881189895e+08
6.30000000000000e-01	4.12638444562085e+08
6.40000000000000e-01	3.89336182755464e+08
6.50000000000000e-01	3.67737990143880e+08
6.60000000000000e-01	3.47700541220813e+08
6.70000000000000e-01	3.29092304993595e+08
6.80000000000000e-01	3.11792346405551e+08
6.90000000000000e-01	2.95696690876053e+08
7.00000000000000e-01	2.80697669059773e+08
7.10000000000000e-01	2.66704617660877e+08
7.20000000000000e-01	2.53639067518522e+08
7.30000000000000e-01	2.41433416559910e+08
7.40000000000000e-01	2.30013290124459e+08
7.50000000000000e-01	2.19321215427480e+08
7.60000000000000e-01	2.09299894450308e+08
7.70000000000000e-01	1.99902725831955e+08
7.80000000000000e-01	1.91079685059193e+08
7.90000000000000e-01	1.82793398233009e+08
8.00000000000000e-01	1.74999221208971e+08
8.10000000000000e-01	1.67665157211454e+08
8.20000000000000e-01	1.60763286482112e+08
8.30000000000000e-01	1.54256275917428e+08
8.40000000000000e-01	1.48125466164221e+08
8.50000000000000e-01	1.42336385694084e+08
8.60000000000000e-01	1.36874029001615e+08
8.70000000000000e-01	1.31711726292884e+08
8.80000000000000e-01	1.26830939146736e+08
8.90000000000000e-01	1.22217812821546e+08
9.00000000000000e-01	1.17850940629883e+08
9.10000000000000e-01	1.13715121077744e+08
9.20000000000000e-01	1.09799136066508e+08
9.30000000000000e-01	1.06089510593459e+08
9.40000000000000e-01	1.02573285571249e+08
9.50000000000000e-01	9.92359570794200e+07
9.60000000000000e-01	9.60715298334116e+07
9.70000000000000e-01	9.30684040935955e+07
9.80000000000000e-01	9.02178663467329e+07
9.90000000000000e-01	8.75114762402103e+07
1.00000000000000e+00	8.49441795096029e+07
1.01000000000000e+00	8.25043830192519e+07
1.02000000000000e+00	8.01867700318502e+07
1.03000000000000e+00	7.79888311893730e+07
1.04000000000000e+00	7.58996619349270e+07
1.05000000000000e+00	7.39163427668267e+07
1.06000000000000e+00	7.20321068374504e+07
1.07000000000000e+00	7.02443603565019e+07
1.08000000000000e+00	6.85438246524238e+07
1.09000000000000e+00	6.69264400699856e+07
1.10000000000000e+00	6.53868932076307e+07
1.11000000000000e+00	6.39188518890955e+07
1.12000000000000e+00	6.25159266989069e+07
1.13000000000000e+00	6.11738255271191e+07
1.14000000000000e+00	5.98854798059470e+07
1.15000000000000e+00	5.86458633991327e+07
1.16000000000000e+00	5.74490866509332e+07
1.17000000000000e+00	5.62924493955150e+07
1.18000000000000e+00	5.51720099822748e+07
1.19000000000000e+00	5.40851842944701e+07
1.20000000000000e+00	5.30323817435601e+07
1.21000000000000e+00	5.20121600735198e+07
1.22000000000000e+00	5.10269432761538e+07
1.23000000000000e+00	5.00813956909050e+07
1.24000000000000e+00	4.91780598272132e+07
1.25000000000000e+00	4.83255404423399e+07
1.26000000000000e+00	4.75298408099677e+07
1.27000000000000e+00	4.68029419073884e+07
1.28000000000000e+00	4.61540303782555e+07
1.29000000000000e+00	4.55975424529347e+07
1.30000000000000e+00	4.51464181561036e+07
1.31000000000000e+00	4.48162275625634e+07
1.32000000000000e+00	4.46210851036879e+07
1.33000000000000e+00	4.45755313882372e+07
1.34000000000000e+00	4.46916771715321e+07
1.35000000000000e+00	4.49806306045246e+07
1.36000000000000e+00	4.54493606886264e+07
1.37000000000000e+00	4.61016975858828e+07
1.38000000000000e+00	4.69372059900669e+07
1.39000000000000e+00	4.79514297349247e+07
1.40000000000000e+00	4.91374354087100e+07
1.41000000000000e+00	5.04830177973682e+07
1.42000000000000e+00	5.19752189326442e+07
1.43000000000000e+00	5.35999721217701e+07
1.44000000000000e+00	5.53417927861309e+07
1.45000000000000e+00	5.71850813374139e+07
1.46000000000000e+00	5.91154339029908e+07
1.47000000000000e+00	6.11148550863819e+07
1.48000000000000e+00	6.31691441448936e+07
1.49000000000000e+00	6.52577074996859e+07
1.50000000000000e+00	6.73584785514188e+07
1.51000000000000e+00	6.94428186783488e+07
1.52000000000000e+00	7.14751580809126e+07
1.53000000000000e+00	7.34142166219918e+07
1.54000000000000e+00	7.52069418545771e+07
1.55000000000000e+00	7.67937075652138e+07
1.56000000000000e+00	7.81125775565152e+07
1.57000000000000e+00	7.90954177162850e+07
1.58000000000000e+00	7.96751508762883e+07
1.59000000000000e+00	7.97894129656772e+07
1.60000000000000e+00	7.93838669170552e+07
1.61000000000000e+00	7.84203553047767e+07
1.62000000000000e+00	7.68732748040648e+07
1.63000000000000e+00	7.47410820805818e+07
1.64000000000000e+00	7.20444232244507e+07
1.65000000000000e+00	6.88368348579548e+07
1.66000000000000e+00	6.51955581496491e+07
1.67000000000000e+00	6.12291778547791e+07
1.68000000000000e+00	5.70589521912871e+07
1.69000000000000e+00	5.28146369223280e+07
1.70000000000000e+00	4.86162314426584e+07
1.71000000000000e+00	4.45719258299112e+07
1.72000000000000e+00	4.07707170931728e+07
1.73000000000000e+00	3.72864655250427e+07
1.74000000000000e+00	3.41757202365077e+07
1.75000000000000e+00	3.14709270999648e+07
1.76000000000000e+00	2.91794539148746e+07
1.77000000000000e+00	2.72806831798284e+07
1.78000000000000e+00	2.57300035122898e+07
1.79000000000000e+00	2.44623826568497e+07
1.80000000000000e+00	2.33986904327550e+07
1.81000000000000e+00	2.24569628204719e+07
1.82000000000000e+00	2.15645798900066e+07
1.83000000000000e+00	2.06697463337322e+07
1.84000000000000e+00	1.97476212846993e+07
1.85000000000000e+00	1.88009593925477e+07
1.86000000000000e+00	1.78475858619495e+07
1.87000000000000e+00	1.69146071247427e+07
1.88000000000000e+00	1.60291683681424e+07
1.89000000000000e+00	1.52158340966225e+07
1.90000000000000e+00	1.44954708681243e+07
1.91000000000000e+00	1.38832376430615e+07
1.92000000000000e+00	1.33900471717414e+07
1.93000000000000e+00	1.30205403697064e+07
1.94000000000000e+00	1.27737382931819e+07
1.95000000000000e+00	1.26434908420665e+07
1.96000000000000e+00	1.26186839011079e+07
1.97000000000000e+00	1.26845770910996e+07
1.98000000000000e+00	1.28237898559656e+07
1.99000000000000e+00	1.30177684803156e+07
2.00000000000000e+00	1.32475450240557e+07
2.01000000000000e+00	1.34949532947577e+07
2.02000000000000e+00	1.37432256182089e+07
2.03000000000000e+00	1.39773838189842e+07
2.04000000000000e+00	1.41837891429553e+07
2.05000000000000e+00	1.43504545701467e+07
2.06000000000000e+00	1.44659043847689e+07
2.07000000000000e+00	1.45183090627891e+07
2.08000000000000e+00	1.44951425971732e+07
2.09000000000000e+00	1.43820692901106e+07
2.10000000000000e+00	1.41641258540841e+07
2.11000000000000e+00	1.38282403485274e+07
2.12000000000000e+00	1.33659630905519e+07
2.13000000000000e+00	1.27786666409617e+07
2.14000000000000e+00	1.20797606570987e+07
2.15000000000000e+00	1.12935338966405e+07
2.16000000000000e+00	1.04518023285481e+07
2.17000000000000e+00	9.58629455214136e+06
2.18000000000000e+00	8.72441160684355e+06
2.19000000000000e+00	7.88499731123817e+06
2.20000000000000e+00	7.07968906220942e+06
2.21000000000000e+00	6.31441870954929e+06
2.22000000000000e+00	5.59272518773246e+06
2.23000000000000e+00	4.91867715024785e+06
2.24000000000000e+00	4.29747968297269e+06
2.25000000000000e+00	3.73573465143838e+06
2.26000000000000e+00	3.23900722601358e+06
2.27000000000000e+00	2.81016438389795e+06
2.28000000000000e+00	2.44840505659826e+06
2.29000000000000e+00	2.14949278432065e+06
2.30000000000000e+00	1.90668927461622e+06
2.31000000000000e+00	1.71210742918666e+06
2.32000000000000e+00	1.55779657259443e+06
2.33000000000000e+00	1.43645770619195e+06
2.34000000000000e+00	1.34182307085484e+06
2.35000000000000e+00	1.26896473812370e+06
2.36000000000000e+00	1.21402319928056e+06
2.37000000000000e+00	1.17406646616640e+06
2.38000000000000e+00	1.14678926526784e+06
2.39000000000000e+00	1.13012774387100e+06
2.40000000000000e+00	1.12218184636100e+06
2.41000000000000e+00	1.12119278058433e+06
2.42000000000000e+00	1.12576949441132e+06
2.43000000000000e+00	1.13501114667447e+06
2.44000000000000e+00	1.14850825624389e+06
2.45000000000000e+00	1.16645241619177e+06
2.46000000000000e+00	1.18927984038123e+06
2.47000000000000e+00	1.21772682440661e+06
2.48000000000000e+00	1.25246526466251e+06
2.49000000000000e+00	1.29417592735662e+06
2.50000000000000e+00	1.34329310237220e+06
2.51000000000000e+00	1.40001015949688e+06
2.52000000000000e+00	1.46415036041057e+06
2.53000000000000e+00	1.53514303451089e+06
2.54000000000000e+00	1.61200555233530e+06
2.55000000000000e+00	1.69341842783209e+06
2.56000000000000e+00	1.77774883087280e+06
2.57000000000000e+00	1.86305476671858e+06
2.58000000000000e+00	1.94703478341940e+06
2.59000000000000e+00	2.02704841340867e+06
2.60000000000000e+00	2.09970269949938e+06
2.61000000000000e+00	2.16105370384093e+06
2.62000000000000e+00	2.20647013842485e+06
2.63000000000000e+00	2.23140173079479e+06
2.64000000000000e+00	2.23279930486933e+06
2.65000000000000e+00	2.21051334222347e+06
2.66000000000000e+00	2.16829632181138e+06
2.67000000000000e+00	2.11289898317243e+06
2.68000000000000e+00	2.05215858218361e+06
2.69000000000000e+00	1.99265658974102e+06
2.70000000000000e+00	1.93836429406836e+06
2.71000000000000e+00	1.89040617196561e+06
2.72000000000000e+00	1.84743992436510e+06
2.73000000000000e+00	1.80669643197696e+06
2.74000000000000e+00	1.76479889763883e+06
2.75000000000000e+00	1.71867431845924e+06
2.76000000000000e+00	1.66606422918875e+06
2.77000000000000e+00	1.60585374029716e+06
2.78000000000000e+00	1.53787419458927e+06
2.79000000000000e+00	1.46279644029355e+06
2.80000000000000e+00	1.38170745398808e+06
2.81000000000000e+00	1.29593124571110e+06
2.82000000000000e+00	1.20691588249616e+06
2.83000000000000e+00	1.11607277316787e+06
2.84000000000000e+00	1.02477129855549e+06
2.85000000000000e+00	9.34286070830496e+05
2.86000000000000e+00	8.45757308042394e+05
2.87000000000000e+00	7.60202427379121e+05
2.88000000000000e+00	6.78443581836412e+05
2.89000000000000e+00	6.01114284850567e+05
2.90000000000000e+00	5.28660205132902e+05
2.91000000000000e+00	4.61365046611335e+05
2.92000000000000e+00	3.99393255203434e+05
2.93000000000000e+00	3.42886005931071e+05
2.94000000000000e+00	2.92006260280438e+05
2.95000000000000e+00	2.46941866892446e+05
2.96000000000000e+00	2.07922565309876e+05
2.97000000000000e+00	1.75120595161162e+05
2.98000000000000e+00	1.48610562359167e+05
2.99000000000000e+00	1.28261056746318e+05
3.00000000000000e+00	1.13732414114255e+05
3.01000000000000e+00	1.04464147097847e+05
3.02000000000000e+00	9.97244256527038e+04
3.03000000000000e+00	9.86714140820466e+04
3.04000000000000e+00	1.00413823439887e+05
3.05000000000000e+00	1.04082815322490e+05
3.06000000000000e+00	1.08878683699817e+05
3.07000000000000e+00	1.14133593792974e+05
3.08000000000000e+00	1.19333939284186e+05
3.09000000000000e+00	1.24133353393727e+05
3.10000000000000e+00	1.28341701147377e+05
3.11000000000000e+00	1.31906935119039e+05
3.12000000000000e+00	1.34873749374415e+05
3.13000000000000e+00	1.37340610807627e+05
3.14000000000000e+00	1.39413563851644e+05
3.15000000000000e+00	1.41180496964037e+05
3.16000000000000e+00	1.42691014569065e+05
3.17000000000000e+00	1.43942339137945e+05
3.18000000000000e+00	1.44897494794946e+05
3.19000000000000e+00	1.45503467759575e+05
3.20000000000000e+00	1.45690134455811e+05
3.21000000000000e+00	1.45392435511576e+05
3.22000000000000e+00	1.44537065726640e+05
3.23000000000000e+00	1.43045107947334e+05
3.24000000000000e+00	1.40826874262931e+05
3.25000000000000e+00	1.37800365822965e+05
3.26000000000000e+00	1.33911104702656e+05
3.27000000000000e+00	1.29145529902408e+05
3.28000000000000e+00	1.23552231473873e+05
3.29000000000000e+00	1.17248346827764e+05
3.30000000000000e+00	1.10411230207534e+05
3.31000000000000e+00	1.03273289194347e+05
3.32000000000000e+00	9.61045518468551e+04
3.33000000000000e+00	8.91890926728424e+04
3.34000000000000e+00	8.28093240666471e+04
3.35000000000000e+00	7.72369678447794e+04
3.36000000000000e+00	7.27198498246246e+04
3.37000000000000e+00	6.94848733902901e+04
3.38000000000000e+00	6.77400964780652e+04
3.39000000000000e+00	6.76683771318860e+04
3.40000000000000e+00	6.94261402943939e+04
3.41000000000000e+00	7.31247871146766e+04
3.42000000000000e+00	7.88212918443236e+04
3.43000000000000e+00	8.65043911899826e+04
3.44000000000000e+00	9.60779256128177e+04
3.45000000000000e+00	1.07361994152496e+05
3.46000000000000e+00	1.20092611407722e+05
3.47000000000000e+00	1.33942557060300e+05
3.48000000000000e+00	1.48538317357765e+05
3.49000000000000e+00	1.63502919425781e+05
3.50000000000000e+00	1.78480398226057e+05
3.51000000000000e+00	1.93178377470498e+05
3.52000000000000e+00	2.07390269302508e+05
3.53000000000000e+00	2.20997043835936e+05
3.54000000000000e+00	2.33975218712123e+05
3.55000000000000e+00	2.46362639180886e+05
3.56000000000000e+00	2.58243696313876e+05
3.57000000000000e+00	2.69735756324807e+05
3.58000000000000e+00	2.80975475142865e+05
3.59000000000000e+00	2.92137816752909e+05
3.60000000000000e+00	3.03441976284637e+05
3.61000000000000e+00	3.15173857518579e+05
3.62000000000000e+00	3.27699208204957e+05
3.63000000000000e+00	3.41487727068016e+05
3.64000000000000e+00	3.57131357414509e+05
3.65000000000000e+00	3.75347631811470e+05
3.66000000000000e+00	3.97004510911178e+05
3.67000000000000e+00	4.23116902985335e+05
3.68000000000000e+00	4.54846780054938e+05
3.69000000000000e+00	4.93464879376097e+05
3.70000000000000e+00	5.40297114713653e+05
3.71000000000000e+00	5.96645754298434e+05
3.72000000000000e+00	6.63687715719994e+05
3.73000000000000e+00	7.42350037252326e+05
3.74000000000000e+00	8.33221392385567e+05
3.75000000000000e+00	9.36486669320495e+05
3.76000000000000e+00	1.05187288066060e+06
3.77000000000000e+00	1.17859141952700e+06
3.78000000000000e+00	1.31529905192929e+06
3.79000000000000e+00	1.45989529926999e+06
3.80000000000000e+00	1.60927999437038e+06
3.81000000000000e+00	1.75906831898551e+06
3.82000000000000e+00	1.90334575992490e+06
3.83000000000000e+00	2.03465558629233e+06
3.84000000000000e+00	2.14433378391108e+06
3.85000000000000e+00	2.22339084761574e+06
3.86000000000000e+00	2.26373954171384e+06
3.87000000000000e+00	2.25956917590221e+06
3.88000000000000e+00	2.20861643930781e+06
3.89000000000000e+00	2.11285783979288e+06
3.90000000000000e+00	1.97831894945030e+06
3.91000000000000e+00	1.81412549420807e+06
3.92000000000000e+00	1.63106124729517e+06
3.93000000000000e+00	1.43994002620498e+06
3.94000000000000e+00	1.25028179065315e+06
3.95000000000000e+00	1.06947793992564e+06
3.96000000000000e+00	9.02556797644476e+05
3.97000000000000e+00	7.52382718492823e+05
3.98000000000000e+00	6.20088518164398e+05
3.99000000000000e+00	5.05590579173725e+05
4.00000000000000e+00	4.08022548266382e+05
4.01000000000000e+00	3.26073382844151e+05
4.02000000000000e+00	2.58188817786848e+05
4.03000000000000e+00	2.02723701249691e+05
4.04000000000000e+00	1.58037149129392e+05
4.05000000000000e+00	1.22556241190236e+05
4.06000000000000e+00	9.48055869694868e+04
4.07000000000000e+00	7.34239784196516e+04
4.08000000000000e+00	5.71821800591931e+04
4.09000000000000e+00	4.49841109756953e+04
4.10000000000000e+00	3.58797496529917e+04
4.11000000000000e+00	2.90660936204561e+04
4.12000000000000e+00	2.38907427876808e+04
4.13000000000000e+00	1.98479637043215e+04
4.14000000000000e+00	1.65667883263598e+04
4.15000000000000e+00	1.37938204857944e+04
4.16000000000000e+00	1.13719998321109e+04
4.17000000000000e+00	9.21761429290510e+03
4.18000000000000e+00	7.29848791125723e+03
4.19000000000000e+00	5.61466690558168e+03
4.20000000000000e+00	4.18436816661555e+03
4.21000000000000e+00	3.03217296986944e+03
4.22000000000000e+00	2.18150231045472e+03
4.23000000000000e+00	1.64966161761861e+03
4.24000000000000e+00	1.44528259991490e+03
4.25000000000000e+00	1.56710143095879e+03
4.26000000000000e+00	2.00407005313238e+03
4.27000000000000e+00	2.73655216527240e+03
4.28000000000000e+00	3.73824949435912e+03
4.29000000000000e+00	4.97822996698644e+03
4.30000000000000e+00	6.42241932019897e+03
4.31000000000000e+00	8.03394267319719e+03
4.32000000000000e+00	9.77217096877769e+03
4.33000000000000e+00	1.15906177155687e+04
4.34000000000000e+00	1.34345548796728e+04
4.35000000000000e+00	1.52408284442855e+04
4.36000000000000e+00	1.69377888313601e+04
4.37000000000000e+00	1.84507801655194e+04
4.38000000000000e+00	1.97074853956615e+04
4.39000000000000e+00	2.06465507635929e+04
4.40000000000000e+00	2.12252084708194e+04
4.41000000000000e+00	2.14243029888227e+04
4.42000000000000e+00	2.12513719885824e+04
4.43000000000000e+00	2.07371274474398e+04
4.44000000000000e+00	1.99325299233669e+04
4.45000000000000e+00	1.88997823722064e+04
4.46000000000000e+00	1.77044764822191e+04
4.47000000000000e+00	1.64091576570943e+04
4.48000000000000e+00	1.50678291601662e+04
4.49000000000000e+00	1.37234685158302e+04
4.50000000000000e+00	1.24084097668963e+04
4.51000000000000e+00	1.11447954545364e+04
4.52000000000000e+00	9.94778607255363e+03
4.53000000000000e+00	8.82699501071325e+03
4.54000000000000e+00	7.78789376366072e+03
4.55000000000000e+00	6.83422416253794e+03
4.56000000000000e+00	5.96737657587495e+03
4.57000000000000e+00	5.18792038856595e+03
4.58000000000000e+00	4.49542914086701e+03
4.59000000000000e+00	3.88903503918955e+03
4.60000000000000e+00	3.36764874676044e+03
4.61000000000000e+00	2.93035901207976e+03
4.62000000000000e+00	2.57684103741304e+03
4.63000000000000e+00	2.30796563262988e+03
4.64000000000000e+00	2.12628013424054e+03
4.65000000000000e+00	2.03663257440817e+03
4.66000000000000e+00	2.04685330954131e+03
4.67000000000000e+00	2.16834896680587e+03
4.68000000000000e+00	2.41682511601412e+03
4.69000000000000e+00	2.81267404071390e+03
4.70000000000000e+00	3.38127741365855e+03
4.71000000000000e+00	4.15227614868754e+03
4.72000000000000e+00	5.15769214205120e+03
4.73000000000000e+00	6.42809932649856e+03
4.74000000000000e+00	7.98699412322815e+03
4.75000000000000e+00	9.84307565940780e+03
4.76000000000000e+00	1.19826860906577e+04
4.77000000000000e+00	1.43639226036864e+04
4.78000000000000e+00	1.69142584157853e+04
4.79000000000000e+00	1.95356476439255e+04
4.80000000000000e+00	2.21148808123802e+04
4.81000000000000e+00	2.45378211010005e+04
4.82000000000000e+00	2.67061020387845e+04
4.83000000000000e+00	2.85480463400957e+04
4.84000000000000e+00	3.00251717861349e+04
4.85000000000000e+00	3.11287352344465e+04
4.86000000000000e+00	3.18715044996650e+04
4.87000000000000e+00	3.22747547900322e+04
4.88000000000000e+00	3.23595614945282e+04
4.89000000000000e+00	3.21423598644876e+04
4.90000000000000e+00	3.16370305945069e+04
4.91000000000000e+00	3.08610380734279e+04
4.92000000000000e+00	2.98416099898732e+04
4.93000000000000e+00	2.86201325939886e+04
4.94000000000000e+00	2.72521682684078e+04
4.95000000000000e+00	2.58026190601320e+04
4.96000000000000e+00	2.43358454933170e+04
4.97000000000000e+00	2.29094885456209e+04
4.98000000000000e+00	2.15645915611200e+04
4.99000000000000e+00	2.03228421610375e+04
5.00000000000000e+00	1.91855692323022e+04
5.01000000000000e+00	1.81354970769380e+04
5.02000000000000e+00	1.71426193263433e+04
5.03000000000000e+00	1.61694239537607e+04
5.04000000000000e+00	1.51783523442221e+04
5.05000000000000e+00	1.41376637173487e+04
5.06000000000000e+00	1.30269657768958e+04
5.07000000000000e+00	1.18400876619311e+04
5.08000000000000e+00	1.05862824908042e+04
5.09000000000000e+00	9.28833929770455e+03
5.10000000000000e+00	7.97881510240542e+03
5.11000000000000e+00	6.69565475163612e+03
5.12000000000000e+00	5.47595218181417e+03
5.13000000000000e+00	4.35279820315293e+03
5.14000000000000e+00	3.35151205336013e+03
5.15000000000000e+00	2.48805899047078e+03
5.16000000000000e+00	1.76971361657845e+03
5.17000000000000e+00	1.19604904696377e+03
5.18000000000000e+00	7.60744574164217e+02
5.19000000000000e+00	4.53538025001193e+02
5.20000000000000e+00	2.61928697544436e+02
5.21000000000000e+00	1.72461012166262e+02
5.22000000000000e+00	1.71672275497749e+02
5.23000000000000e+00	2.46666289707145e+02
5.24000000000000e+00	3.85400029180258e+02
5.25000000000000e+00	5.76724382571311e+02
5.26000000000000e+00	8.10339326537235e+02
5.27000000000000e+00	1.07658308956065e+03
5.28000000000000e+00	1.36636422028274e+03
5.29000000000000e+00	1.67095666157418e+03
5.30000000000000e+00	1.98215107926099e+03
5.31000000000000e+00	2.29225169132876e+03
5.32000000000000e+00	2.59421450140707e+03
5.33000000000000e+00	2.88194800363677e+03
5.34000000000000e+00	3.15009650835444e+03
5.35000000000000e+00	3.39428211834993e+03
5.36000000000000e+00	3.61074744113204e+03
5.37000000000000e+00	3.79645363138741e+03
5.38000000000000e+00	3.94858069852091e+03
5.39000000000000e+00	4.06467045214764e+03
5.40000000000000e+00	4.14240297847123e+03
5.41000000000000e+00	4.17966381532155e+03
5.42000000000000e+00	4.17469749463931e+03
5.43000000000000e+00	4.12644484430679e+03
5.44000000000000e+00	4.03480128427797e+03
5.45000000000000e+00	3.90091392168537e+03
5.46000000000000e+00	3.72763235591654e+03
5.47000000000000e+00	3.51927023581209e+03
5.48000000000000e+00	3.28165875228051e+03
5.49000000000000e+00	3.02177357298580e+03
5.50000000000000e+00	2.74710648415253e+03
5.51000000000000e+00	2.46535390330719e+03
5.52000000000000e+00	2.18372289614096e+03
5.53000000000000e+00	1.90861268800741e+03
5.54000000000000e+00	1.64530769685931e+03
5.55000000000000e+00	1.39788913387249e+03
5.56000000000000e+00	1.16923737032478e+03
5.57000000000000e+00	9.61236937931339e+02
5.58000000000000e+00	7.74938068988211e+02
5.59000000000000e+00	6.10770290696251e+02
5.60000000000000e+00	4.68647111975960e+02
5.61000000000000e+00	3.48155662976331e+02
5.62000000000000e+00	2.48523370652141e+02
5.63000000000000e+00	1.68705599473049e+02
5.64000000000000e+00	1.07359930715760e+02
5.65000000000000e+00	6.28750722335705e+01
5.66000000000000e+00	3.33779838419550e+01
5.67000000000000e+00	1.67729835698862e+01
5.68000000000000e+00	1.07917249110241e+01
5.69000000000000e+00	1.30700755751937e+01
5.70000000000000e+00	2.12410561267936e+01
5.71000000000000e+00	3.30371979426826e+01
5.72000000000000e+00	4.63936346616121e+01
5.73000000000000e+00	5.95401205220911e+01
5.74000000000000e+00	7.10636906840091e+01
5.75000000000000e+00	7.99486454208308e+01
5.76000000000000e+00	8.55879534023894e+01
5.77000000000000e+00	8.77762144829486e+01
5.78000000000000e+00	8.66920847770496e+01
5.79000000000000e+00	8.28910330292242e+01
5.80000000000000e+00	7.73040540495805e+01
5.81000000000000e+00	7.12432405022011e+01
5.82000000000000e+00	6.64158912252341e+01
5.83000000000000e+00	6.49303511422930e+01
5.84000000000000e+00	6.92613376777109e+01
5.85000000000000e+00	8.21724260790721e+01
5.86000000000000e+00	1.06551880339892e+02
5.87000000000000e+00	1.45185427925061e+02
5.88000000000000e+00	2.00464158175063e+02
5.89000000000000e+00	2.74074051119873e+02
5.90000000000000e+00	3.66741994655052e+02
5.91000000000000e+00	4.78029409951597e+02
5.92000000000000e+00	6.06260884040392e+02
5.93000000000000e+00	7.48501594175433e+02
5.94000000000000e+00	9.00766135679287e+02
5.95000000000000e+00	1.05804047740429e+03
5.96000000000000e+00	1.21465172110885e+03
5.97000000000000e+00	1.36449632671793e+03
5.98000000000000e+00	1.50153722949272e+03
5.99000000000000e+00	1.62025935632345e+03
6.00000000000000e+00	1.71638538454527e+03
6.01000000000000e+00	1.78747923771288e+03
6.02000000000000e+00	1.83344904274729e+03
6.03000000000000e+00	1.85661173888485e+03
6.04000000000000e+00	1.86155782371640e+03
6.05000000000000e+00	1.85437943543013e+03
6.06000000000000e+00	1.84174203852881e+03
6.07000000000000e+00	1.82979812042487e+03
6.08000000000000e+00	1.82323321478025e+03
6.09000000000000e+00	1.82472590600865e+03
6.10000000000000e+00	1.83446797888416e+03
6.11000000000000e+00	1.85027623490695e+03
6.12000000000000e+00	1.86800121775838e+03
6.13000000000000e+00	1.88198834440040e+03
6.14000000000000e+00	1.88591066958280e+03
6.15000000000000e+00	1.87362930971343e+03
6.16000000000000e+00	1.83996544362211e+03
6.17000000000000e+00	1.78138519527502e+03
6.18000000000000e+00	1.69662831537995e+03
6.19000000000000e+00	1.58669849450846e+03
6.20000000000000e+00	1.45489909835346e+03
6.21000000000000e+00	1.30622990169296e+03
6.22000000000000e+00	1.14705499715105e+03
6.23000000000000e+00	9.84273782323832e+02
6.24000000000000e+00	8.24887985581005e+02
6.25000000000000e+00	6.75549443276884e+02
6.26000000000000e+00	5.42201634745946e+02
6.27000000000000e+00	4.29814799679474e+02
6.28000000000000e+00	3.42213949336892e+02
6.29000000000000e+00	2.81981388936252e+02
6.30000000000000e+00	2.50362513213204e+02
6.31000000000000e+00	2.47234790280445e+02
6.32000000000000e+00	2.71109547893133e+02
6.33000000000000e+00	3.19203838766585e+02
6.34000000000000e+00	3.87576634959124e+02
6.35000000000000e+00	4.71439902195610e+02
6.36000000000000e+00	5.65585280079285e+02
6.37000000000000e+00	6.64945834845044e+02
6.38000000000000e+00	7.65256282616607e+02
6.39000000000000e+00	8.63596409221270e+02
6.40000000000000e+00	9.58736220514072e+02
6.41000000000000e+00	1.05119077356589e+03
6.42000000000000e+00	1.14285837123276e+03
6.43000000000000e+00	1.23638308639548e+03
6.44000000000000e+00	1.33421369657596e+03
6.45000000000000e+00	1.43777603717714e+03
6.46000000000000e+00	1.54651194115612e+03
6.47000000000000e+00	1.65750341324384e+03
6.48000000000000e+00	1.76520285938494e+03
6.49000000000000e+00	1.86181144928974e+03
6.50000000000000e+00	1.93815985519260e+03
6.51000000000000e+00	1.98503623688143e+03
6.52000000000000e+00	1.99473669711480e+03
6.53000000000000e+00	1.96245855866961e+03
6.54000000000000e+00	1.88729568845380e+03
6.55000000000000e+00	1.77255080750338e+03
6.56000000000000e+00	1.62526504447684e+03
6.57000000000000e+00	1.45492838675249e+03
6.58000000000000e+00	1.27228348165306e+03
6.59000000000000e+00	1.08776617025599e+03
6.60000000000000e+00	9.10513252131580e+02
6.61000000000000e+00	7.47695286195516e+02
6.62000000000000e+00	6.04342360538938e+02
6.63000000000000e+00	4.83438053008265e+02
6.64000000000000e+00	3.86192028210578e+02
6.65000000000000e+00	3.12339735561691e+02
6.66000000000000e+00	2.60445123539173e+02
6.67000000000000e+00	2.28164610460666e+02
6.68000000000000e+00	2.12504964251116e+02
6.69000000000000e+00	2.10047758440340e+02
6.70000000000000e+00	2.17173458039461e+02
6.71000000000000e+00	2.30246293980513e+02
6.72000000000000e+00	2.45755286400378e+02
6.73000000000000e+00	2.60471236631828e+02
6.74000000000000e+00	2.71560145515877e+02
6.75000000000000e+00	2.76711187125890e+02
6.76000000000000e+00	2.74264777123513e+02
6.77000000000000e+00	2.63333930361125e+02
6.78000000000000e+00	2.43876095928821e+02
6.79000000000000e+00	2.16738125422848e+02
6.80000000000000e+00	1.83588462104790e+02
6.81000000000000e+00	1.46778988616897e+02
6.82000000000000e+00	1.09105351559355e+02
6.83000000000000e+00	7.35471880522346e+01
6.84000000000000e+00	4.30036197970888e+01
6.85000000000000e+00	2.00812246771635e+01
6.86000000000000e+00	6.96697180454428e+00
6.87000000000000e+00	5.37504256047806e+00
6.88000000000000e+00	1.65354302295895e+01
6.89000000000000e+00	4.11817139552151e+01
6.90000000000000e+00	7.95047954692546e+01
6.91000000000000e+00	1.31054069959174e+02
6.92000000000000e+00	1.94617655552362e+02
6.93000000000000e+00	2.68115215436147e+02
6.94000000000000e+00	3.48571373243084e+02
6.95000000000000e+00	4.32202805760694e+02
6.96000000000000e+00	5.14673011623031e+02
6.97000000000000e+00	5.91447306453730e+02
6.98000000000000e+00	6.58287638519947e+02
6.99000000000000e+00	7.11731978900812e+02
7.00000000000000e+00	7.49532314866265e+02
7.01000000000000e+00	7.70926204202377e+02
7.02000000000000e+00	7.76725261577953e+02
7.03000000000000e+00	7.69141092494775e+02
7.04000000000000e+00	7.51457268159534e+02
7.05000000000000e+00	7.27559148358123e+02
7.06000000000000e+00	7.01460351487635e+02
7.07000000000000e+00	6.76870036751595e+02
7.08000000000000e+00	6.56837575586283e+02
7.09000000000000e+00	6.43564127621378e+02
7.10000000000000e+00	6.38272049953418e+02
7.11000000000000e+00	6.41189389835599e+02
7.12000000000000e+00	6.51595199155601e+02
7.13000000000000e+00	6.67956146137144e+02
7.14000000000000e+00	6.88121531321182e+02
7.15000000000000e+00	7.09583736922981e+02
7.16000000000000e+00	7.29781199467636e+02
7.17000000000000e+00	7.46367820365199e+02
7.18000000000000e+00	7.57493137686348e+02
7.19000000000000e+00	7.61927918249739e+02
7.20000000000000e+00	7.59159965513466e+02
7.21000000000000e+00	7.49305024443888e+02
7.22000000000000e+00	7.33025098228331e+02
7.23000000000000e+00	7.11349689388777e+02
7.24000000000000e+00	6.85512518303868e+02
7.25000000000000e+00	6.56816672079076e+02
7.26000000000000e+00	6.26514959131506e+02
7.27000000000000e+00	5.95737553630369e+02
7.28000000000000e+00	5.65447089151955e+02
7.29000000000000e+00	5.36413097918675e+02
7.30000000000000e+00	5.09202084776653e+02
7.31000000000000e+00	4.84145151854923e+02
7.32000000000000e+00	4.61367347554827e+02
7.33000000000000e+00	4.40796642768546e+02
7.34000000000000e+00	4.22183568908315e+02
7.35000000000000e+00	4.05129668300281e+02
7.36000000000000e+00	3.89115491766409e+02
7.37000000000000e+00	3.73549552949844e+02
7.38000000000000e+00	3.57795002599245e+02
7.39000000000000e+00	3.41223275962983e+02
7.40000000000000e+00	3.23282022878165e+02
7.41000000000000e+00	3.03568026644950e+02
7.42000000000000e+00	2.81911362888477e+02
7.43000000000000e+00	2.58430813105275e+02
7.44000000000000e+00	2.33545887409073e+02
7.45000000000000e+00	2.07936585451986e+02
7.46000000000000e+00	1.82440859485444e+02
7.47000000000000e+00	1.57930625985155e+02
7.48000000000000e+00	1.35180939975739e+02
7.49000000000000e+00	1.14773811920326e+02
7.50000000000000e+00	9.70548411671928e+01
7.51000000000000e+00	8.21401923015284e+01
7.52000000000000e+00	6.99588275309436e+01
7.53000000000000e+00	6.03054973547886e+01
7.54000000000000e+00	5.28979183500430e+01
7.55000000000000e+00	4.74232755086796e+01
7.56000000000000e+00	4.35715733425566e+01
7.57000000000000e+00	4.10606756280985e+01
7.58000000000000e+00	3.96575924907339e+01
7.59000000000000e+00	3.91892205615966e+01
7.60000000000000e+00	3.95405357272995e+01
7.61000000000000e+00	4.06494888496505e+01
7.62000000000000e+00	4.24837931148824e+01
7.63000000000000e+00	4.50111896201948e+01
7.64000000000000e+00	4.81707091384031e+01
7.65000000000000e+00	5.18401448008526e+01
7.66000000000000e+00	5.58208214081212e+01
7.67000000000000e+00	5.98366453278494e+01
7.68000000000000e+00	6.35575867426109e+01
7.69000000000000e+00	6.66386304691641e+01
7.70000000000000e+00	6.87779488746704e+01
7.71000000000000e+00	6.97704115284526e+01
7.72000000000000e+00	6.95551916863725e+01
7.73000000000000e+00	6.82379381654548e+01
7.74000000000000e+00	6.60962545217564e+01
7.75000000000000e+00	6.35622819588251e+01
7.76000000000000e+00	6.11918897300056e+01
7.77000000000000e+00	5.96192462242058e+01
7.78000000000000e+00	5.94923630332958e+01
7.79000000000000e+00	6.14031027297506e+01
7.80000000000000e+00	6.57973046026589e+01
7.81000000000000e+00	7.28979469668110e+01
7.82000000000000e+00	8.26406792792106e+01
7.83000000000000e+00	9.46581214251740e+01
7.84000000000000e+00	1.08316356327456e+02
7.85000000000000e+00	1.22799446036141e+02
7.86000000000000e+00	1.37221593089406e+02
7.87000000000000e+00	1.50743398613924e+02
7.88000000000000e+00	1.62668117806521e+02
7.89000000000000e+00	1.72488501695983e+02
7.90000000000000e+00	1.79913664407120e+02
7.91000000000000e+00	1.84839998331809e+02
7.92000000000000e+00	1.87324072364449e+02
7.93000000000000e+00	1.87528638478043e+02
7.94000000000000e+00	1.85676932011511e+02
7.95000000000000e+00	1.82014148598628e+02
7.96000000000000e+00	1.76773772421012e+02
7.97000000000000e+00	1.70154853727928e+02
7.98000000000000e+00	1.62311532889734e+02
7.99000000000000e+00	1.53368706517621e+02
8.00000000000000e+00	1.43416246698851e+02
8.01000000000000e+00	1.32546786864960e+02
8.02000000000000e+00	1.20869515130881e+02
8.03000000000000e+00	1.08538065797655e+02
8.04000000000000e+00	9.57621160484648e+01
8.05000000000000e+00	8.28250796660527e+01
8.06000000000000e+00	7.00731386082947e+01
8.07000000000000e+00	5.79043366298272e+01
8.08000000000000e+00	4.67358195400013e+01
8.09000000000000e+00	3.69661705808547e+01
8.10000000000000e+00	2.89352075864408e+01
8.11000000000000e+00	2.28881566243365e+01
8.12000000000000e+00	1.89547107462925e+01
8.13000000000000e+00	1.71420685177960e+01
8.14000000000000e+00	1.73470464684387e+01
8.15000000000000e+00	1.93820563206708e+01
8.16000000000000e+00	2.30064175279111e+01
8.17000000000000e+00	2.79613632981908e+01
8.18000000000000e+00	3.39950087635246e+01
8.19000000000000e+00	4.08819572460504e+01
8.20000000000000e+00	4.84274619815189e+01
8.21000000000000e+00	5.64650593513158e+01
8.22000000000000e+00	6.48426408297355e+01
8.23000000000000e+00	7.34078871956478e+01
8.24000000000000e+00	8.19931970173885e+01
8.25000000000000e+00	9.04095802122782e+01
8.26000000000000e+00	9.84387648555201e+01
8.27000000000000e+00	1.05848421261002e+02
8.28000000000000e+00	1.12404413027979e+02
8.29000000000000e+00	1.17890810952756e+02
8.30000000000000e+00	1.22141081761011e+02
8.31000000000000e+00	1.25054409233775e+02
8.32000000000000e+00	1.26617100657092e+02
8.33000000000000e+00	1.26913932898092e+02
8.34000000000000e+00	1.26125768129813e+02
8.35000000000000e+00	1.24520856771899e+02
8.36000000000000e+00	1.22437325247329e+02
8.37000000000000e+00	1.20255084395945e+02
8.38000000000000e+00	1.18363615656017e+02
8.39000000000000e+00	1.17123185146867e+02
8.40000000000000e+00	1.16831935905782e+02
8.41000000000000e+00	1.17697103835799e+02
8.42000000000000e+00	1.19816197202539e+02
8.43000000000000e+00	1.23171896879148e+02
8.44000000000000e+00	1.27637808125172e+02
8.45000000000000e+00	1.32995166922630e+02
8.46000000000000e+00	1.38962128384346e+02
8.47000000000000e+00	1.45222220588735e+02
8.48000000000000e+00	1.51447384822508e+02
8.49000000000000e+00	1.57337304282830e+02
8.50000000000000e+00	1.62626452121284e+02
8.51000000000000e+00	1.67099508354298e+02
8.52000000000000e+00	1.70590674433710e+02
8.53000000000000e+00	1.72980098571286e+02
8.54000000000000e+00	1.74182251617608e+02
8.55000000000000e+00	1.74137740950483e+02
8.56000000000000e+00	1.72806927076276e+02
8.57000000000000e+00	1.70170607349305e+02
8.58000000000000e+00	1.66230248375982e+02
8.59000000000000e+00	1.61024024703539e+02
8.60000000000000e+00	1.54635213664331e+02
8.61000000000000e+00	1.47197377912879e+02
8.62000000000000e+00	1.38903455663573e+02
8.63000000000000e+00	1.30008280224069e+02
8.64000000000000e+00	1.20812918545500e+02
8.65000000000000e+00	1.11649514302280e+02
8.66000000000000e+00	1.02850105762479e+02
8.67000000000000e+00	9.47166229637475e+01
8.68000000000000e+00	8.74931958077932e+01
8.69000000000000e+00	8.13404149590882e+01
8.70000000000000e+00	7.63277114105194e+01
8.71000000000000e+00	7.24335608956083e+01
8.72000000000000e+00	6.95606037673372e+01
8.73000000000000e+00	6.75550792914725e+01
8.74000000000000e+00	6.62418612455073e+01
8.75000000000000e+00	6.54435331081433e+01
8.76000000000000e+00	6.50039006833913e+01
8.77000000000000e+00	6.48044797123936e+01
8.78000000000000e+00	6.47698086106671e+01
8.79000000000000e+00	6.48684368564047e+01
8.80000000000000e+00	6.51047855555966e+01
8.81000000000000e+00	6.55117972785839e+01
8.82000000000000e+00	6.61376046856815e+01
8.83000000000000e+00	6.70294713951743e+01
8.84000000000000e+00	6.82254885309634e+01
8.85000000000000e+00	6.97443825103873e+01
8.86000000000000e+00	7.15796255142219e+01
8.87000000000000e+00	7.36945733849583e+01
8.88000000000000e+00	7.60274682681551e+01
8.89000000000000e+00	7.84943883446670e+01
8.90000000000000e+00	8.09939697625210e+01
8.91000000000000e+00	8.34206303456838e+01
8.92000000000000e+00	8.56694817920264e+01
8.93000000000000e+00	8.76506221316805e+01
8.94000000000000e+00	8.92906705902966e+01
8.95000000000000e+00	9.05459368515412e+01
8.96000000000000e+00	9.14007922209898e+01
8.97000000000000e+00	9.18725910504018e+01
8.98000000000000e+00	9.20062732266473e+01
8.99000000000000e+00	9.18749325835072e+01
9.00000000000000e+00	9.15738964907218e+01
9.01000000000000e+00	9.12105979957295e+01
9.02000000000000e+00	9.08971582071439e+01
9.03000000000000e+00	9.07397734483406e+01
9.04000000000000e+00	9.08287847030545e+01
9.05000000000000e+00	9.12275854792867e+01
9.06000000000000e+00	9.19739425216905e+01
9.07000000000000e+00	9.30682136368629e+01
9.08000000000000e+00	9.44871900780170e+01
9.09000000000000e+00	9.61779590100335e+01
9.10000000000000e+00	9.80715767309553e+01
9.11000000000000e+00	1.00087457263284e+02
9.12000000000000e+00	1.02139368554973e+02
9.13000000000000e+00	1.04146306121049e+02
9.14000000000000e+00	1.06035384261032e+02
9.15000000000000e+00	1.07744411083693e+02
9.16000000000000e+00	1.09227265401142e+02
9.17000000000000e+00	1.10453440733659e+02
9.18000000000000e+00	1.11405127971501e+02
9.19000000000000e+00	1.12076663963226e+02
9.20000000000000e+00	1.12473567714690e+02
9.21000000000000e+00	1.12607574475931e+02
9.22000000000000e+00	1.12492531758893e+02
9.23000000000000e+00	1.12147404661649e+02
9.24000000000000e+00	1.11593871996034e+02
9.25000000000000e+00	1.10854566581300e+02
9.26000000000000e+00	1.09957816240734e+02
9.27000000000000e+00	1.08935131751698e+02
9.28000000000000e+00	1.07824785326459e+02
9.29000000000000e+00	1.06674024623907e+02
9.30000000000000e+00	1.05529985767414e+02
9.31000000000000e+00	1.04446731736568e+02
9.32000000000000e+00	1.03471486885540e+02
9.33000000000000e+00	1.02649611551971e+02
9.34000000000000e+00	1.02015730484078e+02
9.35000000000000e+00	1.01592537221918e+02
9.36000000000000e+00	1.01386133453704e+02
9.37000000000000e+00	1.01392140799521e+02
9.38000000000000e+00	1.01590619573992e+02
9.39000000000000e+00	1.01954478297623e+02
9.40000000000000e+00	1.02445383935776e+02
9.41000000000000e+00	1.03027284741404e+02
9.42000000000000e+00	1.03663856689996e+02
9.43000000000000e+00	1.04320903476143e+02
9.44000000000000e+00	1.04972656380255e+02
9.45000000000000e+00	1.05596251089010e+02
9.46000000000000e+00	1.06179500374098e+02
9.47000000000000e+00	1.06714865142502e+02
9.48000000000000e+00	1.07202562332473e+02
9.49000000000000e+00	1.07643741447784e+02
9.50000000000000e+00	1.08044945471730e+02
9.51000000000000e+00	1.08410554090171e+02
9.52000000000000e+00	1.08744698409353e+02
9.53000000000000e+00	1.09047023574673e+02
9.54000000000000e+00	1.09314873778067e+02
9.55000000000000e+00	1.09543299011557e+02
9.56000000000000e+00	1.09729685988251e+02
9.57000000000000e+00	1.09875411446439e+02
9.58000000000000e+00	1.09993015015558e+02
9.59000000000000e+00	1.10099113990824e+02
9.60000000000000e+00	1.10212560864564e+02
9.61000000000000e+00	1.10348544305856e+02
9.62000000000000e+00	1.10516144934722e+02
9.63000000000000e+00	1.10719131752593e+02
9.64000000000000e+00	1.10953741691584e+02
9.65000000000000e+00	1.11215307780762e+02
9.66000000000000e+00	1.11498592020526e+02
9.67000000000000e+00	1.11801155135339e+02
9.68000000000000e+00	1.12117951185724e+02
9.69000000000000e+00	1.12449487361749e+02
9.70000000000000e+00	1.12790679094601e+02
9.71000000000000e+00	1.13142113092601e+02
9.72000000000000e+00	1.13498772954745e+02
9.73000000000000e+00	1.13858447201078e+02
9.74000000000000e+00	1.14216392407079e+02
9.75000000000000e+00	1.14571280285263e+02
9.76000000000000e+00	1.14918556438389e+02
9.77000000000000e+00	1.15257081113785e+02
9.78000000000000e+00	1.15582460751980e+02
9.79000000000000e+00	1.15894511161566e+02
9.80000000000000e+00	1.16192134958444e+02
9.81000000000000e+00	1.16473551654842e+02
9.82000000000000e+00	1.16743082642590e+02
9.83000000000000e+00	1.16997325638883e+02
9.84000000000000e+00	1.17238545527806e+02
9.85000000000000e+00	1.17466886443524e+02
9.86000000000000e+00	1.17682201060345e+02
9.87000000000000e+00	1.17888164711936e+02
9.88000000000000e+00	1.18095982745348e+02
9.89000000000000e+00	1.18339042544634e+02
9.90000000000000e+00	1.18693034793515e+02
9.91000000000000e+00	1.19334051921055e+02
9.92000000000000e+00	1.20605314450902e+02
9.93000000000000e+00	1.23115233170238e+02
9.94000000000000e+00	1.27864201441516e+02
9.95000000000000e+00	1.36433961592624e+02
9.96000000000000e+00	1.51366685374386e+02
9.97000000000000e+00	1.77022024895209e+02
9.98000000000000e+00	2.21579654011546e+02
9.99000000000000e+00	3.02062338631169e+02
1.00000000000000e+01	4.58433146187342e+02
1.00100000000000e+01	7.92746956796169e+02
1.00200000000000e+01	1.46284744672603e+03
1.00300000000000e+01	1.74806112822021e+03
1.00400000000000e+01	9.37633998889762e+02
1.00500000000000e+01	4.32299151954309e+02
1.00600000000000e+01	2.25111655679809e+02
1.00700000000000e+01	1.31822403006758e+02
1.00800000000000e+01	8.41833716984727e+01
1.00900000000000e+01	5.72869875601215e+01
1.01000000000000e+01	4.08936028342751e+01
1.01100000000000e+01	3.02955160942403e+01
1.01200000000000e+01	2.31173575920720e+01
1.01300000000000e+01	1.80705383550460e+01
1.01400000000000e+01	1.44111662303551e+01
1.01500000000000e+01	1.16887018126851e+01
1.01600000000000e+01	9.61885259562074e+00
1.01700000000000e+01	8.01530188821786e+00
1.01800000000000e+01	6.75254657980047e+00
1.01900000000000e+01	5.74398020917677e+00
1.02000000000000e+01	4.92822292057803e+00
1.02100000000000e+01	4.26092224255399e+00
1.02200000000000e+01	3.70950617184493e+00
1.02300000000000e+01	3.24972382760049e+00
1.02400000000000e+01	2.86317280879698e+00
1.02500000000000e+01	2.53575575340158e+00
1.02600000000000e+01	2.25653888966436e+00
1.02700000000000e+01	2.01690603301456e+00
1.02800000000000e+01	1.81008217387852e+00
1.02900000000000e+01	1.63063620592423e+00
1.03000000000000e+01	1.47415883116708e+00
1.03100000000000e+01	1.33709933039606e+00
1.03200000000000e+01	1.21652468662981e+00
1.03300000000000e+01	1.11004638942773e+00
1.03400000000000e+01	1.01563891257609e+00
1.03500000000000e+01	9.31643020076210e-01
1.03600000000000e+01	8.56671879024447e-01
1.03700000000000e+01	7.89519116606220e-01
1.03800000000000e+01	7.29196711899397e-01
1.03900000000000e+01	6.74858983290062e-01
1.04000000000000e+01	6.25770435970389e-01
1.04100000000000e+01	5.81300775695655e-01
1.04200000000000e+01	5.40918978323527e-01
1.04300000000000e+01	5.04163208747701e-01
1.04400000000000e+01	4.70638420923463e-01
1.04500000000000e+01	4.39995245514733e-01
1.04600000000000e+01	4.11924245950676e-01
1.04700000000000e+01	3.86161861400611e-01
1.04800000000000e+01	3.62484460417877e-01
1.04900000000000e+01	3.40681770378910e-01
1.05000000000000e+01	3.20574379570907e-01
1.05100000000000e+01	3.02001021429233e-01
1.05200000000000e+01	2.84823103931840e-01
1.05300000000000e+01	2.68910747232179e-01
1.05400000000000e+01	2.54153872909083e-01
1.05500000000000e+01	2.40446873802447e-01
1.05600000000000e+01	2.27704383433466e-01
1.05700000000000e+01	2.15834363917156e-01
1.05800000000000e+01	2.04771632701686e-01
1.05900000000000e+01	1.94444104132168e-01
1.06000000000000e+01	1.84796030262508e-01
1.06100000000000e+01	1.75768359439495e-01
1.06200000000000e+01	1.67311899805163e-01
1.06300000000000e+01	1.59385106942853e-01
1.06400000000000e+01	1.51943462745309e-01
1.06500000000000e+01	1.44953054314980e-01
1.06600000000000e+01	1.38376906051696e-01
1.06700000000000e+01	1.32184116023004e-01
1.06800000000000e+01	1.26349471291248e-01
1.06900000000000e+01	1.20846104050710e-01
1.07000000000000e+01	1.15648214408090e-01
1.07100000000000e+01	1.10736437284893e-01
1.07200000000000e+01	1.06091528098293e-01
1.07300000000000e+01	1.01695284053798e-01
1.07400000000000e+01	9.75315505758696e-02
1.07500000000000e+01	9.35847865329417e-02
1.07600000000000e+01	8.98418941560731e-02
1.07700000000000e+01	8.62910756481760e-02
1.07800000000000e+01	8.29198763504609e-02
1.07900000000000e+01	7.97191060806598e-02
1.08000000000000e+01	7.66772557409529e-02
1.08100000000000e+01	7.37855426465175e-02
1.08200000000000e+01	7.10356793753340e-02
1.08300000000000e+01	6.84193717525120e-02
1.08400000000000e+01	6.59286355578482e-02
1.08500000000000e+01	6.35551312480069e-02
1.08600000000000e+01	6.12938050414469e-02
1.08700000000000e+01	5.91373233504360e-02
1.08800000000000e+01	5.70785941057518e-02
1.08900000000000e+01	5.51130501738919e-02
1.09000000000000e+01	5.32347698555857e-02
1.09100000000000e+01	5.14380330106331e-02
1.09200000000000e+01	4.97192887896511e-02
1.09300000000000e+01	4.80725932084434e-02
1.09400000000000e+01	4.64942244199292e-02
1.09500000000000e+01	4.49814881497710e-02
1.09600000000000e+01	4.35289686884550e-02
1.09700000000000e+01	4.21344916273275e-02
1.09800000000000e+01	4.07948070256962e-02
1.09900000000000e+01	3.95063883460358e-02
1.10000000000000e+01	3.82676965791069e-02
1.10100000000000e+01	3.70753767814006e-02
1.10200000000000e+01	3.59279401704619e-02
1.10300000000000e+01	3.48241039103331e-02
1.10400000000000e+01	3.37612404814194e-02
1.10500000000000e+01	3.27384184275673e-02
1.10600000000000e+01	3.17551425482513e-02
1.10700000000000e+01	3.08088718605830e-02
1.10800000000000e+01	2.98994656748456e-02
1.10900000000000e+01	2.90251792077371e-02
1.11000000000000e+01	2.81854025416988e-02
1.11100000000000e+01	2.73784360891161e-02
1.11200000000000e+01	2.66032784782772e-02
1.11300000000000e+01	2.58586352380065e-02
1.11400000000000e+01	2.51428028621356e-02
1.11500000000000e+01	2.44549071719570e-02
1.11600000000000e+01	2.37932120646911e-02
1.11700000000000e+01	2.31565758820867e-02
1.11800000000000e+01	2.25434509736352e-02
1.11900000000000e+01	2.19525905673726e-02
1.12000000000000e+01	2.13826582285780e-02
1.12100000000000e+01	2.08327257875658e-02
1.12200000000000e+01	2.03016603181934e-02
1.12300000000000e+01	1.97884023550634e-02
1.12400000000000e+01	1.92922002007072e-02
1.12500000000000e+01	1.88120389250033e-02
1.12600000000000e+01	1.83473809081545e-02
1.12700000000000e+01	1.78971798420846e-02
1.12800000000000e+01	1.74613419029034e-02
1.12900000000000e+01	1.70388819944999e-02
1.13000000000000e+01	1.66292067227860e-02
1.13100000000000e+01	1.62321373254457e-02
1.13200000000000e+01	1.58471166777525e-02
1.13300000000000e+01	1.54734914883988e-02
1.13400000000000e+01	1.51107506697789e-02
1.13500000000000e+01	1.47586885846558e-02
1.13600000000000e+01	1.44169261795519e-02
1.13700000000000e+01	1.40846245529614e-02
1.13800000000000e+01	1.37620212732738e-02
1.13900000000000e+01	1.34483283275517e-02
1.14000000000000e+01	1.31433323620095e-02
1.14100000000000e+01	1.28467646920194e-02
1.14200000000000e+01	1.25581713991642e-02
1.14300000000000e+01	1.22774668301780e-02
1.14400000000000e+01	1.20044780807093e-02
1.14500000000000e+01	1.17387150916555e-02
1.14600000000000e+01	1.14801874799921e-02
1.14700000000000e+01	1.12284937428846e-02
1.14800000000000e+01	1.09834195767158e-02
1.14900000000000e+01	1.07447638316328e-02
1.15000000000000e+01	1.05123860906641e-02
1.15100000000000e+01	1.02859540543032e-02
1.15200000000000e+01	1.00654362216777e-02
1.15300000000000e+01	9.85046214777850e-03
1.15400000000000e+01	9.64100954346215e-03
1.15500000000000e+01	9.43699524926451e-03
1.15600000000000e+01	9.23821674936212e-03
1.15700000000000e+01	9.04460062097088e-03
1.15800000000000e+01	8.85629864552095e-03
1.15900000000000e+01	8.67292170769351e-03
1.16000000000000e+01	8.49466624055081e-03
1.16100000000000e+01	8.32146998653176e-03
1.16200000000000e+01	8.15315247425225e-03
1.16300000000000e+01	7.98969451827232e-03
1.16400000000000e+01	7.83088947415629e-03
1.16500000000000e+01	7.67676404890530e-03
1.16600000000000e+01	7.52690849737555e-03
1.16700000000000e+01	7.38133838308667e-03
1.16800000000000e+01	7.23967120681643e-03
1.16900000000000e+01	7.10169390859705e-03
1.17000000000000e+01	6.96716582970504e-03
1.17100000000000e+01	6.83595364864926e-03
1.17200000000000e+01	6.70762741402098e-03
1.17300000000000e+01	6.58214340141714e-03
1.17400000000000e+01	6.45925910889029e-03
1.17500000000000e+01	6.33883135835818e-03
1.17600000000000e+01	6.22082309755542e-03
1.17700000000000e+01	6.10495276365418e-03
1.17800000000000e+01	5.99146503948762e-03
1.17900000000000e+01	5.88016341650146e-03
1.18000000000000e+01	5.77111675013207e-03
1.18100000000000e+01	5.66433314967589e-03
1.18200000000000e+01	5.55985919464160e-03
1.18300000000000e+01	5.45780538328139e-03
1.18400000000000e+01	5.35810751697080e-03
1.18500000000000e+01	5.26078512896696e-03
1.18600000000000e+01	5.16582856339341e-03
1.18700000000000e+01	5.07324404592216e-03
1.18800000000000e+01	4.98293869568069e-03
1.18900000000000e+01	4.89497093585687e-03
1.19000000000000e+01	4.80918727136544e-03
1.19100000000000e+01	4.72550815184286e-03
1.19200000000000e+01	4.64385123462440e-03
1.19300000000000e+01	4.56421217770142e-03
1.19400000000000e+01	4.48638966308795e-03
1.19500000000000e+01	4.41026221465337e-03
1.19600000000000e+01	4.33586473247689e-03
1.19700000000000e+01	4.26311143522120e-03
1.19800000000000e+01	4.19177883019825e-03
1.19900000000000e+01	4.12191597689709e-03
1.20000000000000e+01	4.05336812960183e-03
1.20100000000000e+01	3.98611580750734e-03
1.20200000000000e+01	3.92010315135807e-03
1.20300000000000e+01	3.85528605857800e-03
1.20400000000000e+01	3.79170268994362e-03
1.20500000000000e+01	3.72925410371268e-03
1.20600000000000e+01	3.66798957551243e-03
1.20700000000000e+01	3.60786245104395e-03
1.20800000000000e+01	3.54896479876857e-03
1.20900000000000e+01	3.49120284990363e-03
1.21000000000000e+01	3.43470369895761e-03
1.21100000000000e+01	3.37944091000312e-03
1.21200000000000e+01	3.32545539273201e-03
1.21300000000000e+01	3.27263719797956e-03
1.21400000000000e+01	3.22111657662723e-03
1.21500000000000e+01	3.17082857428777e-03
1.21600000000000e+01	3.12169966616717e-03
1.21700000000000e+01	3.07373659170163e-03
1.21800000000000e+01	3.02691009693954e-03
1.21900000000000e+01	2.98116100820838e-03
1.22000000000000e+01	2.93640254375952e-03
1.22100000000000e+01	2.89259596873460e-03
1.22200000000000e+01	2.84966673140141e-03
1.22300000000000e+01	2.80760314638600e-03
1.22400000000000e+01	2.76629544252284e-03
1.22500000000000e+01	2.72569820642302e-03
1.22600000000000e+01	2.68577483441974e-03
1.22700000000000e+01	2.64650439771304e-03
1.22800000000000e+01	2.60777278411295e-03
1.22900000000000e+01	2.56955374141139e-03
1.23000000000000e+01	2.53187174770137e-03
1.23100000000000e+01	2.49461284971073e-03
1.23200000000000e+01	2.45780610172670e-03
1.23300000000000e+01	2.42134491272972e-03
1.23400000000000e+01	2.38530490828152e-03
1.23500000000000e+01	2.34967166501326e-03
1.23600000000000e+01	2.31436465714691e-03
1.23700000000000e+01	2.27946235843692e-03
1.23800000000000e+01	2.24491985626723e-03
1.23900000000000e+01	2.21079949078946e-03
1.24000000000000e+01	2.17707161422600e-03
1.24100000000000e+01	2.14384174037787e-03
1.24200000000000e+01	2.11106082016919e-03
1.24300000000000e+01	2.07875982749501e-03
1.24400000000000e+01	2.04698530991815e-03
1.24500000000000e+01	2.01573853978484e-03
1.24600000000000e+01	1.98498602152825e-03
1.24700000000000e+01	1.95478882091302e-03
1.24800000000000e+01	1.92512378356660e-03
1.24900000000000e+01	1.89599058110781e-03
1.25000000000000e+01	1.86739551761613e-03
1.25100000000000e+01	1.83928417686579e-03
1.25200000000000e+01	1.81170179027956e-03
1.25300000000000e+01	1.78465100942328e-03
1.25400000000000e+01	1.75809816233551e-03
1.25500000000000e+01	1.73205289675460e-03
1.25600000000000e+01	1.70652218435088e-03
1.25700000000000e+01	1.68147838106217e-03
1.25800000000000e+01	1.65696208028196e-03
1.25900000000000e+01	1.63290697425916e-03
1.26000000000000e+01	1.60935030832134e-03
1.26100000000000e+01	1.58625146538068e-03
1.26200000000000e+01	1.56363636037544e-03
1.26300000000000e+01	1.54142972713719e-03
1.26400000000000e+01	1.51965515243144e-03
1.26500000000000e+01	1.49829228694145e-03
1.26600000000000e+01	1.47733262706338e-03
1.26700000000000e+01	1.45676290967390e-03
1.26800000000000e+01	1.43656857729001e-03
1.26900000000000e+01	1.41674133941075e-03
1.27000000000000e+01	1.39727671385334e-03
1.27100000000000e+01	1.37817872862298e-03
1.27200000000000e+01	1.35946270130054e-03
1.27300000000000e+01	1.34109691176631e-03
1.27400000000000e+01	1.32309899789413e-03
1.27500000000000e+01	1.30545801383252e-03
1.27600000000000e+01	1.28819575140052e-03
1.27700000000000e+01	1.27128076189649e-03
1.27800000000000e+01	1.25471508677590e-03
1.27900000000000e+01	1.23847727909140e-03
1.28000000000000e+01	1.22256771276047e-03
1.28100000000000e+01	1.20698535945888e-03
1.28200000000000e+01	1.19171435388220e-03
1.28300000000000e+01	1.17672361615242e-03
1.28400000000000e+01	1.16203711365604e-03
1.28500000000000e+01	1.14761051071219e-03
1.28600000000000e+01	1.13345424856556e-03
1.28700000000000e+01	1.11956324970392e-03
1.28800000000000e+01	1.10593094818943e-03
1.28900000000000e+01	1.09252667805990e-03
1.29000000000000e+01	1.07936984430966e-03
1.29100000000000e+01	1.06644665725873e-03
1.29200000000000e+01	1.05374411880287e-03
1.29300000000000e+01	1.04128200712897e-03
1.29400000000000e+01	1.02902011588019e-03
1.29500000000000e+01	1.01697273556979e-03
1.29600000000000e+01	1.00510857397645e-03
1.29700000000000e+01	9.93450706761521e-04
1.29800000000000e+01	9.81983532798626e-04
1.29900000000000e+01	9.70707655954413e-04
1.30000000000000e+01	9.59600432498427e-04
1.30100000000000e+01	9.48676131804637e-04
1.30200000000000e+01	9.37938795846576e-04
1.30300000000000e+01	9.27376549692446e-04
1.30400000000000e+01	9.16977771428087e-04
1.30500000000000e+01	9.06745807734500e-04
1.30600000000000e+01	8.96682732810683e-04
1.30700000000000e+01	8.86754293626662e-04
1.30800000000000e+01	8.76977257287588e-04
1.30900000000000e+01	8.67347859918532e-04
1.31000000000000e+01	8.57818434092070e-04
1.31100000000000e+01	8.48422678356626e-04
1.31200000000000e+01	8.39113891667850e-04
1.31300000000000e+01	8.29899810622308e-04
1.31400000000000e+01	8.20765147890099e-04
1.31500000000000e+01	8.11724979676918e-04
1.31600000000000e+01	8.02753273385999e-04
1.31700000000000e+01	7.93883618940715e-04
1.31800000000000e+01	7.85078371689430e-04
1.31900000000000e+01	7.76366482640985e-04
1.32000000000000e+01	7.67752057353336e-04
1.32100000000000e+01	7.59229404324181e-04
1.32200000000000e+01	7.50804778760857e-04
1.32300000000000e+01	7.42488469231984e-04
1.32400000000000e+01	7.34261280870871e-04
1.32500000000000e+01	7.26137594191455e-04
1.32600000000000e+01	7.18097435347968e-04
1.32700000000000e+01	7.10164344640922e-04
1.32800000000000e+01	7.02300028023320e-04
1.32900000000000e+01	6.94527753274105e-04
1.33000000000000e+01	6.86835178747815e-04
1.33100000000000e+01	6.79227106457355e-04
1.33200000000000e+01	6.71688618547336e-04
1.33300000000000e+01	6.64235291122828e-04
1.33400000000000e+01	6.56869426363851e-04
1.33500000000000e+01	6.49591134872349e-04
1.33600000000000e+01	6.42399348065938e-04
1.33700000000000e+01	6.35310126399545e-04
1.33800000000000e+01	6.28323629081153e-04
1.33900000000000e+01	6.21437610917809e-04
1.34000000000000e+01	6.14649722146353e-04
1.34100000000000e+01	6.07973202620972e-04
1.34200000000000e+01	6.01401631616824e-04
1.34300000000000e+01	5.94925391139418e-04
1.34400000000000e+01	5.88548019170043e-04
1.34500000000000e+01	5.82276424569212e-04
1.34600000000000e+01	5.76083138371445e-04
1.34700000000000e+01	5.69984960738612e-04
1.34800000000000e+01	5.63975945727882e-04
1.34900000000000e+01	5.58051351706606e-04
1.35000000000000e+01	5.52197796508987e-04
1.35100000000000e+01	5.46419487556416e-04
1.35200000000000e+01	5.40712440244011e-04
1.35300000000000e+01	5.35069219640927e-04
1.35400000000000e+01	5.29498001437179e-04
1.35500000000000e+01	5.23977179539797e-04
1.35600000000000e+01	5.18512687169859e-04
1.35700000000000e+01	5.13092630320975e-04
1.35800000000000e+01	5.07722848996290e-04
1.35900000000000e+01	5.02396075942281e-04
1.36000000000000e+01	4.97114109442653e-04
1.36100000000000e+01	4.91867377299127e-04
1.36200000000000e+01	4.86657331302088e-04
1.36300000000000e+01	4.81487246000105e-04
1.36400000000000e+01	4.76347153411397e-04
1.36500000000000e+01	4.71254072460066e-04
1.36600000000000e+01	4.66204329409175e-04
1.36700000000000e+01	4.61187262969925e-04
1.36800000000000e+01	4.56224641235773e-04
1.36900000000000e+01	4.51309415828958e-04
1.37000000000000e+01	4.46441723750073e-04
1.37100000000000e+01	4.41631117446710e-04
1.37200000000000e+01	4.36884722391109e-04
1.37300000000000e+01	4.32200794607249e-04
1.37400000000000e+01	4.27588744016997e-04
1.37500000000000e+01	4.23052871522890e-04
1.37600000000000e+01	4.18598207248181e-04
1.37700000000000e+01	4.14219293429516e-04
1.37800000000000e+01	4.09911529357309e-04
1.37900000000000e+01	4.05686049517900e-04
1.38000000000000e+01	4.01548842604480e-04
1.38100000000000e+01	3.97474360969601e-04
1.38200000000000e+01	3.93478306526657e-04
1.38300000000000e+01	3.89547000058462e-04
1.38400000000000e+01	3.85679242718570e-04
1.38500000000000e+01	3.81879121726473e-04
1.38600000000000e+01	3.78124353152873e-04
1.38700000000000e+01	3.74426586812000e-04
1.38800000000000e+01	3.70782097018949e-04
1.38900000000000e+01	3.67178380510380e-04
1.39000000000000e+01	3.63621407314660e-04
1.39100000000000e+01	3.60107645120065e-04
1.39200000000000e+01	3.56628992448502e-04
1.39300000000000e+01	3.53185433660882e-04
1.39400000000000e+01	3.49776739098362e-04
1.39500000000000e+01	3.46408323417197e-04
1.39600000000000e+01	3.43060882090278e-04
1.39700000000000e+01	3.39750242845427e-04
1.39800000000000e+01	3.36476282927334e-04
1.39900000000000e+01	3.33223354756116e-04
1.40000000000000e+01	3.30007341123334e-04
1.40100000000000e+01	3.26818469838315e-04
1.40200000000000e+01	3.23657406088287e-04
1.40300000000000e+01	3.20527244260763e-04
1.40400000000000e+01	3.17431882096282e-04
1.40500000000000e+01	3.14373187624513e-04
1.40600000000000e+01	3.11348331360987e-04
1.40700000000000e+01	3.08360494116445e-04
1.40800000000000e+01	3.05414378978009e-04
1.40900000000000e+01	3.02498345344213e-04
1.41000000000000e+01	2.99625142748643e-04
1.41100000000000e+01	2.96788904235152e-04
1.41200000000000e+01	2.93987714916694e-04
1.41300000000000e+01	2.91226690477020e-04
1.41400000000000e+01	2.88493550646661e-04
1.41500000000000e+01	2.85791624461378e-04
1.41600000000000e+01	2.83118631517174e-04
1.41700000000000e+01	2.80472445787154e-04
1.41800000000000e+01	2.77842939562922e-04
1.41900000000000e+01	2.75237512673170e-04
1.42000000000000e+01	2.72647964888004e-04
1.42100000000000e+01	2.70074940334324e-04
1.42200000000000e+01	2.67521977663206e-04
1.42300000000000e+01	2.64988480438528e-04
1.42400000000000e+01	2.62468679745192e-04
1.42500000000000e+01	2.59974935037243e-04
1.42600000000000e+01	2.57500080752892e-04
1.42700000000000e+01	2.55054756679469e-04
1.42800000000000e+01	2.52632301870269e-04
1.42900000000000e+01	2.50238515262350e-04
1.43000000000000e+01	2.47874068518140e-04
1.43100000000000e+01	2.45538628393650e-04
1.43200000000000e+01	2.43232653016759e-04
1.43300000000000e+01	2.40952591591394e-04
1.43400000000000e+01	2.38703624276817e-04
1.43500000000000e+01	2.36483557765981e-04
1.43600000000000e+01	2.34289173726338e-04
1.43700000000000e+01	2.32121674562728e-04
1.43800000000000e+01	2.29977461930979e-04
1.43900000000000e+01	2.27862240823217e-04
1.44000000000000e+01	2.25773844474181e-04
1.44100000000000e+01	2.23706990248121e-04
1.44200000000000e+01	2.21670708161479e-04
1.44300000000000e+01	2.19657604748386e-04
1.44400000000000e+01	2.17668611003073e-04
1.44500000000000e+01	2.15706228350999e-04
1.44600000000000e+01	2.13774731011743e-04
1.44700000000000e+01	2.11863515171105e-04
1.44800000000000e+01	2.09979419553365e-04
1.44900000000000e+01	2.08120973224829e-04
1.45000000000000e+01	2.06285082475295e-04
1.45100000000000e+01	2.04473501960768e-04
1.45200000000000e+01	2.02683409920063e-04
1.45300000000000e+01	2.00918273227255e-04
1.45400000000000e+01	1.99176142601695e-04
1.45500000000000e+01	1.97451947745238e-04
1.45600000000000e+01	1.95747590836916e-04
1.45700000000000e+01	1.94066702232662e-04
1.45800000000000e+01	1.92396877963306e-04
1.45900000000000e+01	1.90752090568639e-04
1.46000000000000e+01	1.89121580310581e-04
1.46100000000000e+01	1.87508753954532e-04
1.46200000000000e+01	1.85910963755815e-04
1.46300000000000e+01	1.84328492069924e-04
1.46400000000000e+01	1.82762247764919e-04
1.46500000000000e+01	1.81212030295986e-04
1.46600000000000e+01	1.79673540644244e-04
1.46700000000000e+01	1.78151075777118e-04
1.46800000000000e+01	1.76647869604915e-04
1.46900000000000e+01	1.75160237537807e-04
1.47000000000000e+01	1.73688233117460e-04
1.47100000000000e+01	1.72231593750277e-04
1.47200000000000e+01	1.70789976698888e-04
1.47300000000000e+01	1.69368372195013e-04
1.47400000000000e+01	1.67963285114690e-04
1.47500000000000e+01	1.66574284483417e-04
1.47600000000000e+01	1.65200908834483e-04
1.47700000000000e+01	1.63842862882707e-04
1.47800000000000e+01	1.62500804747576e-04
1.47900000000000e+01	1.61173591656848e-04
1.48000000000000e+01	1.59858573374098e-04
1.48100000000000e+01	1.58553691180695e-04
1.48200000000000e+01	1.57262949232915e-04
1.48300000000000e+01	1.55983169392768e-04
1.48400000000000e+01	1.54710070463073e-04
1.48500000000000e+01	1.53449989323610e-04
1.48600000000000e+01	1.52197882714673e-04
1.48700000000000e+01	1.50956827876472e-04
1.48800000000000e+01	1.49720704573475e-04
1.48900000000000e+01	1.48493978645856e-04
1.49000000000000e+01	1.47277453080660e-04
1.49100000000000e+01	1.46067213669242e-04
1.49200000000000e+01	1.44865551275821e-04
1.49300000000000e+01	1.43675154245652e-04
1.49400000000000e+01	1.42490391932103e-04
1.49500000000000e+01	1.41317046673388e-04
1.49600000000000e+01	1.40154053874965e-04
1.49700000000000e+01	1.39001774059006e-04
1.49800000000000e+01	1.37859896622300e-04
1.49900000000000e+01	1.36730573178347e-04
1.50000000000000e+01	1.35611446347219e-04
1.50100000000000e+01	1.34506285950192e-04
1.50200000000000e+01	1.33410565553686e-04
1.50300000000000e+01	1.32328197194877e-04
1.50400000000000e+01	1.31258518935358e-04
1.50500000000000e+01	1.30199423752481e-04
1.50600000000000e+01	1.29152736419966e-04
1.50700000000000e+01	1.28116208262334e-04
1.50800000000000e+01	1.27089812254526e-04
1.50900000000000e+01	1.26074733066742e-04
1.51000000000000e+01	1.25067412502314e-04
1.51100000000000e+01	1.24069768238797e-04
1.51200000000000e+01	1.23081578454652e-04
1.51300000000000e+01	1.22099152357012e-04
1.51400000000000e+01	1.21126006745916e-04
1.51500000000000e+01	1.20159048230991e-04
1.51600000000000e+01	1.19198140579974e-04
1.51700000000000e+01	1.18244840054262e-04
1.51800000000000e+01	1.17299108292103e-04
1.51900000000000e+01	1.16359499743435e-04
1.52000000000000e+01	1.15427765614210e-04
1.52100000000000e+01	1.14503123629689e-04
1.52200000000000e+01	1.13587606275986e-04
1.52300000000000e+01	1.12679030209940e-04
1.52400000000000e+01	1.11777687944508e-04
1.52500000000000e+01	1.10884110842831e-04
1.52600000000000e+01	1.09996991935195e-04
1.52700000000000e+01	1.09115789507991e-04
1.52800000000000e+01	1.08240461690383e-04
1.52900000000000e+01	1.07367802348031e-04
1.53000000000000e+01	1.06497572695449e-04
1.53100000000000e+01	1.05626893268567e-04
1.53200000000000e+01	1.04756247445708e-04
1.53300000000000e+01	1.03883878777172e-04
1.53400000000000e+01	1.03006288720888e-04
1.53500000000000e+01	1.02124033564933e-04
1.53600000000000e+01	1.01237267144528e-04
1.53700000000000e+01	1.00342938887192e-04
1.53800000000000e+01	9.94418263355639e-05
1.53900000000000e+01	9.85349024199433e-05
1.54000000000000e+01	9.76217415869524e-05
1.54100000000000e+01	9.67042474726764e-05
1.54200000000000e+01	9.57824661027887e-05
1.54300000000000e+01	9.48598659800596e-05
1.54400000000000e+01	9.39371226071797e-05
1.54500000000000e+01	9.30176984425829e-05
1.54600000000000e+01	9.21033896525077e-05
1.54700000000000e+01	9.11996502314619e-05
1.54800000000000e+01	9.03063544264165e-05
1.54900000000000e+01	8.94286600961851e-05
1.55000000000000e+01	8.85685209165793e-05
1.55100000000000e+01	8.77298878391327e-05
1.55200000000000e+01	8.69144571721799e-05
1.55300000000000e+01	8.61247120304198e-05
1.55400000000000e+01	8.53593753158227e-05
1.55500000000000e+01	8.46215564374721e-05
1.55600000000000e+01	8.39088932050448e-05
1.55700000000000e+01	8.32210865146083e-05
1.55800000000000e+01	8.25578946922161e-05
1.55900000000000e+01	8.19160506519398e-05
1.56000000000000e+01	8.12923831457957e-05
1.56100000000000e+01	8.06869455291768e-05
1.56200000000000e+01	8.00950794677061e-05
1.56300000000000e+01	7.95157496940875e-05
1.56400000000000e+01	7.89460029807190e-05
1.56500000000000e+01	7.83830467897824e-05
1.56600000000000e+01	7.78248648320224e-05
1.56700000000000e+01	7.72703476880583e-05
1.56800000000000e+01	7.67175946448008e-05
1.56900000000000e+01	7.61658177079236e-05
1.57000000000000e+01	7.56130330022457e-05
1.57100000000000e+01	7.50586876314983e-05
1.57200000000000e+01	7.45031509957424e-05
1.57300000000000e+01	7.39458284013450e-05
1.57400000000000e+01	7.33859482481436e-05
1.57500000000000e+01	7.28249086979408e-05
1.57600000000000e+01	7.22624984974791e-05
1.57700000000000e+01	7.16987340819511e-05
1.57800000000000e+01	7.11353312156316e-05
1.57900000000000e+01	7.05743624772454e-05
1.58000000000000e+01	7.00152041685772e-05
1.58100000000000e+01	6.94598265125000e-05
1.58200000000000e+01	6.89096109369325e-05
1.58300000000000e+01	6.83660343313039e-05
1.58400000000000e+01	6.78304622546351e-05
1.58500000000000e+01	6.73030309082267e-05
1.58600000000000e+01	6.67860436666969e-05
1.58700000000000e+01	6.62786087714820e-05
1.58800000000000e+01	6.57815407780103e-05
1.58900000000000e+01	6.52960821588414e-05
1.59000000000000e+01	6.48210412351494e-05
1.59100000000000e+01	6.43567671422205e-05
1.59200000000000e+01	6.39018943444626e-05
1.59300000000000e+01	6.34561564032592e-05
1.59400000000000e+01	6.30191148462289e-05
1.59500000000000e+01	6.25888352823317e-05
1.59600000000000e+01	6.21641283440060e-05
1.59700000000000e+01	6.17458778668565e-05
1.59800000000000e+01	6.13322028187851e-05
1.59900000000000e+01	6.09212456616625e-05
1.60000000000000e+01	6.05148735312495e-05
1.60100000000000e+01	6.01103681635053e-05
1.60200000000000e+01	5.97088960591475e-05
1.60300000000000e+01	5.93095180560840e-05
1.60400000000000e+01	5.89122918388363e-05
1.60500000000000e+01	5.85171069903091e-05
1.60600000000000e+01	5.81243628133662e-05
1.60700000000000e+01	5.77331369912046e-05
1.60800000000000e+01	5.73433587992679e-05
1.60900000000000e+01	5.69561257457390e-05
1.61000000000000e+01	5.65712434200636e-05
1.61100000000000e+01	5.61879903546518e-05
1.61200000000000e+01	5.58074257847080e-05
1.61300000000000e+01	5.54282863928511e-05
1.61400000000000e+01	5.50526901861621e-05
1.61500000000000e+01	5.46795531746070e-05
1.61600000000000e+01	5.43081924723454e-05
1.61700000000000e+01	5.39403348894415e-05
1.61800000000000e+01	5.35749153335789e-05
1.61900000000000e+01	5.32137139979169e-05
1.62000000000000e+01	5.28551851577394e-05
1.62100000000000e+01	5.25014933192077e-05
1.62200000000000e+01	5.21511576824213e-05
1.62300000000000e+01	5.18054723136125e-05
1.62400000000000e+01	5.14644398941285e-05
1.62500000000000e+01	5.11286763200769e-05
1.62600000000000e+01	5.07972952362864e-05
1.62700000000000e+01	5.04707511091391e-05
1.62800000000000e+01	5.01490954157987e-05
1.62900000000000e+01	4.98319396060336e-05
1.63000000000000e+01	4.95192496379611e-05
1.63100000000000e+01	4.92092330478877e-05
1.63200000000000e+01	4.89033397077521e-05
1.63300000000000e+01	4.85992261818264e-05
1.63400000000000e+01	4.82968591089312e-05
1.63500000000000e+01	4.79960682411714e-05
1.63600000000000e+01	4.76953732153290e-05
1.63700000000000e+01	4.73941499156182e-05
1.63800000000000e+01	4.70925078507748e-05
1.63900000000000e+01	4.67882157350461e-05
1.64000000000000e+01	4.64821523189111e-05
1.64100000000000e+01	4.61732419080469e-05
1.64200000000000e+01	4.58615202541351e-05
1.64300000000000e+01	4.55466967300514e-05
1.64400000000000e+01	4.52289907433453e-05
1.64500000000000e+01	4.49079891926320e-05
1.64600000000000e+01	4.45846679555963e-05
1.64700000000000e+01	4.42599363236705e-05
1.64800000000000e+01	4.39334407350353e-05
1.64900000000000e+01	4.36074034441849e-05
1.65000000000000e+01	4.32824717911481e-05
1.65100000000000e+01	4.29583680514945e-05
1.65200000000000e+01	4.26367382461701e-05
1.65300000000000e+01	4.23184908648014e-05
1.65400000000000e+01	4.20041227690437e-05
1.65500000000000e+01	4.16941445311830e-05
1.65600000000000e+01	4.13890881403346e-05
1.65700000000000e+01	4.10887669240912e-05
1.65800000000000e+01	4.07936636504827e-05
1.65900000000000e+01	4.05043159911731e-05
1.66000000000000e+01	4.02210226604294e-05
1.66100000000000e+01	3.99424913523920e-05
1.66200000000000e+01	3.96696196692719e-05
1.66300000000000e+01	3.94018716318497e-05
1.66400000000000e+01	3.91394607896674e-05
1.66500000000000e+01	3.88818111406653e-05
1.66600000000000e+01	3.86293979876937e-05
1.66700000000000e+01	3.83813871416028e-05
1.66800000000000e+01	3.81382721376803e-05
1.66900000000000e+01	3.78988455696585e-05
1.67000000000000e+01	3.76634702906434e-05
1.67100000000000e+01	3.74314985817299e-05
1.67200000000000e+01	3.72034890455264e-05
1.67300000000000e+01	3.69780788821523e-05
1.67400000000000e+01	3.67552222934844e-05
1.67500000000000e+01	3.65349952368451e-05
1.67600000000000e+01	3.63167057070364e-05
1.67700000000000e+01	3.60995971235805e-05
1.67800000000000e+01	3.58838535252117e-05
1.67900000000000e+01	3.56694882704547e-05
1.68000000000000e+01	3.54552091748376e-05
1.68100000000000e+01	3.52412093888141e-05
1.68200000000000e+01	3.50281570752465e-05
1.68300000000000e+01	3.48149116491468e-05
1.68400000000000e+01	3.46014961016539e-05
1.68500000000000e+01	3.43884975137017e-05
1.68600000000000e+01	3.41755853963018e-05
1.68700000000000e+01	3.39626828178370e-05
1.68800000000000e+01	3.37504824075157e-05
1.68900000000000e+01	3.35384014777017e-05
1.69000000000000e+01	3.33275141867104e-05
1.69100000000000e+01	3.31167608332140e-05
1.69200000000000e+01	3.29067975822147e-05
1.69300000000000e+01	3.26975603655029e-05
1.69400000000000e+01	3.24896591157513e-05
1.69500000000000e+01	3.22820418551688e-05
1.69600000000000e+01	3.20757411215684e-05
1.69700000000000e+01	3.18702339771733e-05
1.69800000000000e+01	3.16662692442463e-05
1.69900000000000e+01	3.14637110128834e-05
1.70000000000000e+01	3.12626549165030e-05
1.70100000000000e+01	3.10639563589058e-05
1.70200000000000e+01	3.08678262536561e-05
1.70300000000000e+01	3.06741603698949e-05
1.70400000000000e+01	3.04832482067621e-05
1.70500000000000e+01	3.02956690278887e-05
1.70600000000000e+01	3.01113938908314e-05
1.70700000000000e+01	2.99306082479700e-05
1.70800000000000e+01	2.97528514337072e-05
1.70900000000000e+01	2.95784795138974e-05
1.71000000000000e+01	2.94073772401297e-05
1.71100000000000e+01	2.92395099236588e-05
1.71200000000000e+01	2.90737532454251e-05
1.71300000000000e+01	2.89105713730526e-05
1.71400000000000e+01	2.87499696154740e-05
1.71500000000000e+01	2.85913514989445e-05
1.71600000000000e+01	2.84341937027375e-05
1.71700000000000e+01	2.82790178080193e-05
1.71800000000000e+01	2.81248616047468e-05
1.71900000000000e+01	2.79726744401543e-05
1.72000000000000e+01	2.78214300667073e-05
1.72100000000000e+01	2.76716959387455e-05
1.72200000000000e+01	2.75234577845295e-05
1.72300000000000e+01	2.73757090148643e-05
1.72400000000000e+01	2.72298568978803e-05
1.72500000000000e+01	2.70845175079588e-05
1.72600000000000e+01	2.69406402598329e-05
1.72700000000000e+01	2.67977371888882e-05
1.72800000000000e+01	2.66557241444465e-05
1.72900000000000e+01	2.65147366053800e-05
1.73000000000000e+01	2.63745534990734e-05
1.73100000000000e+01	2.62353430681446e-05
1.73200000000000e+01	2.60970683322708e-05
1.73300000000000e+01	2.59592547429438e-05
1.73400000000000e+01	2.58218756240555e-05
1.73500000000000e+01	2.56854282521869e-05
1.73600000000000e+01	2.55494526805136e-05
1.73700000000000e+01	2.54139196460440e-05
1.73800000000000e+01	2.52789012500753e-05
1.73900000000000e+01	2.51443711978916e-05
1.74000000000000e+01	2.50107539086817e-05
1.74100000000000e+01	2.48771780586161e-05
1.74200000000000e+01	2.47440679942387e-05
1.74300000000000e+01	2.46115247701222e-05
1.74400000000000e+01	2.44798944855049e-05
1.74500000000000e+01	2.43482802318432e-05
1.74600000000000e+01	2.42176040908380e-05
1.74700000000000e+01	2.40873784898854e-05
1.74800000000000e+01	2.39576601740572e-05
1.74900000000000e+01	2.38280069212766e-05
1.75000000000000e+01	2.36991874459043e-05
1.75100000000000e+01	2.35708232472919e-05
1.75200000000000e+01	2.34424458070267e-05
1.75300000000000e+01	2.33141873353269e-05
1.75400000000000e+01	2.31859311065944e-05
1.75500000000000e+01	2.30581525788264e-05
1.75600000000000e+01	2.29300161575229e-05
1.75700000000000e+01	2.28019752981616e-05
1.75800000000000e+01	2.26736955175086e-05
1.75900000000000e+01	2.25455452969791e-05
1.76000000000000e+01	2.24171893197416e-05
1.76100000000000e+01	2.22894669334966e-05
1.76200000000000e+01	2.21616227730725e-05
1.76300000000000e+01	2.20343870192288e-05
1.76400000000000e+01	2.19074411549800e-05
1.76500000000000e+01	2.17811126053124e-05
1.76600000000000e+01	2.16558872026715e-05
1.76700000000000e+01	2.15312839407819e-05
1.76800000000000e+01	2.14076889281696e-05
1.76900000000000e+01	2.12855397602665e-05
1.77000000000000e+01	2.11639176836240e-05
1.77100000000000e+01	2.10436529556198e-05
1.77200000000000e+01	2.09242604398888e-05
1.77300000000000e+01	2.08057775080242e-05
1.77400000000000e+01	2.06885431340708e-05
1.77500000000000e+01	2.05717499943320e-05
1.77600000000000e+01	2.04561354163372e-05
1.77700000000000e+01	2.03410178442144e-05
1.77800000000000e+01	2.02266929681245e-05
1.77900000000000e+01	2.01130971862042e-05
1.78000000000000e+01	1.99995968893932e-05
1.78100000000000e+01	1.98868494912560e-05
1.78200000000000e+01	1.97746173835798e-05
1.78300000000000e+01	1.96623596461597e-05
1.78400000000000e+01	1.95505194599466e-05
1.78500000000000e+01	1.94391868719221e-05
1.78600000000000e+01	1.93282835580063e-05
1.78700000000000e+01	1.92174981670962e-05
1.78800000000000e+01	1.91067281304977e-05
1.78900000000000e+01	1.89964514004794e-05
1.79000000000000e+01	1.88866951212742e-05
1.79100000000000e+01	1.87769852309396e-05
1.79200000000000e+01	1.86673788367194e-05
1.79300000000000e+01	1.85582682928865e-05
1.79400000000000e+01	1.84488630033350e-05
1.79500000000000e+01	1.83396755012099e-05
1.79600000000000e+01	1.82302654158813e-05
1.79700000000000e+01	1.81210789029170e-05
1.79800000000000e+01	1.80114191545859e-05
1.79900000000000e+01	1.79020416075553e-05
1.80000000000000e+01	1.77926377871527e-05
1.80100000000000e+01	1.76839492398600e-05
1.80200000000000e+01	1.75753625778375e-05
1.80300000000000e+01	1.74678149006939e-05
1.80400000000000e+01	1.73614062764069e-05
1.80500000000000e+01	1.72563669638510e-05
1.80600000000000e+01	1.71527384069969e-05
1.80700000000000e+01	1.70514381139151e-05
1.80800000000000e+01	1.69519870396848e-05
1.80900000000000e+01	1.68547682158164e-05
1.81000000000000e+01	1.67596028305960e-05
1.81100000000000e+01	1.66667926709480e-05
1.81200000000000e+01	1.65762542049404e-05
1.81300000000000e+01	1.64875418355817e-05
1.81400000000000e+01	1.64002901325536e-05
1.81500000000000e+01	1.63148033496317e-05
1.81600000000000e+01	1.62304375806592e-05
1.81700000000000e+01	1.61473732589546e-05
1.81800000000000e+01	1.60647911452456e-05
1.81900000000000e+01	1.59831639292869e-05
1.82000000000000e+01	1.59020121218033e-05
1.82100000000000e+01	1.58209069842765e-05
1.82200000000000e+01	1.57402708476812e-05
1.82300000000000e+01	1.56597523153645e-05
1.82400000000000e+01	1.55791026624725e-05
1.82500000000000e+01	1.54982951381175e-05
1.82600000000000e+01	1.54173342807363e-05
1.82700000000000e+01	1.53363342662376e-05
1.82800000000000e+01	1.52549656661930e-05
1.82900000000000e+01	1.51732834957835e-05
1.83000000000000e+01	1.50918859760529e-05
1.83100000000000e+01	1.50099444262858e-05
1.83200000000000e+01	1.49282496965502e-05
1.83300000000000e+01	1.48464689771934e-05
1.83400000000000e+01	1.47648588642369e-05
1.83500000000000e+01	1.46835537632244e-05
1.83600000000000e+01	1.46026366046586e-05
1.83700000000000e+01	1.45223419089265e-05
1.83800000000000e+01	1.44427480484350e-05
1.83900000000000e+01	1.43640291554902e-05
1.84000000000000e+01	1.42863321116917e-05
1.84100000000000e+01	1.42098833014376e-05
1.84200000000000e+01	1.41347074360070e-05
1.84300000000000e+01	1.40610135599423e-05
1.84400000000000e+01	1.39888469124206e-05
1.84500000000000e+01	1.39182590917460e-05
1.84600000000000e+01	1.38492215121831e-05
1.84700000000000e+01	1.37818149345455e-05
1.84800000000000e+01	1.37158886029264e-05
1.84900000000000e+01	1.36513507623542e-05
1.85000000000000e+01	1.35881587173934e-05
1.85100000000000e+01	1.35260674449597e-05
1.85200000000000e+01	1.34649374626753e-05
1.85300000000000e+01	1.34047012396686e-05
1.85400000000000e+01	1.33450707765456e-05
1.85500000000000e+01	1.32859275071425e-05
1.85600000000000e+01	1.32271370928544e-05
1.85700000000000e+01	1.31685605912849e-05
1.85800000000000e+01	1.31100950093011e-05
1.85900000000000e+01	1.30516023025449e-05
1.86000000000000e+01	1.29930938932473e-05
1.86100000000000e+01	1.29344436228515e-05
1.86200000000000e+01	1.28756658756363e-05
1.86300000000000e+01	1.28167348174111e-05
1.86400000000000e+01	1.27576674459938e-05
1.86500000000000e+01	1.26984986434905e-05
1.86600000000000e+01	1.26393208630912e-05
1.86700000000000e+01	1.25800681022294e-05
1.86800000000000e+01	1.25208271766471e-05
1.86900000000000e+01	1.24616228730394e-05
1.87000000000000e+01	1.24025238975112e-05
1.87100000000000e+01	1.23436034080429e-05
1.87200000000000e+01	1.22848227152605e-05
1.87300000000000e+01	1.22262395136319e-05
1.87400000000000e+01	1.21678296423924e-05
1.87500000000000e+01	1.21095923937094e-05
1.87600000000000e+01	1.20515564724743e-05
1.87700000000000e+01	1.19937015346093e-05
1.87800000000000e+01	1.19359673097101e-05
1.87900000000000e+01	1.18783835532173e-05
1.88000000000000e+01	1.18208958676492e-05
1.88100000000000e+01	1.17635346948008e-05
1.88200000000000e+01	1.17061684029497e-05
1.88300000000000e+01	1.16488330116898e-05
1.88400000000000e+01	1.15915058786879e-05
1.88500000000000e+01	1.15341191317577e-05
1.88600000000000e+01	1.14766525804146e-05
1.88700000000000e+01	1.14190346090519e-05
1.88800000000000e+01	1.13612911625577e-05
1.88900000000000e+01	1.13033742305772e-05
1.89000000000000e+01	1.12452371223783e-05
1.89100000000000e+01	1.11868206830251e-05
1.89200000000000e+01	1.11282282062687e-05
1.89300000000000e+01	1.10694042383175e-05
1.89400000000000e+01	1.10103510447676e-05
1.89500000000000e+01	1.09511390957560e-05
1.89600000000000e+01	1.08918564456406e-05
1.89700000000000e+01	1.08324680254024e-05
1.89800000000000e+01	1.07731125422075e-05
1.89900000000000e+01	1.07139067401504e-05
1.90000000000000e+01	1.06548701549867e-05
1.90100000000000e+01	1.05961092819593e-05
1.90200000000000e+01	1.05376693056045e-05
1.90300000000000e+01	1.04795544511712e-05
1.90400000000000e+01	1.04217860797265e-05
1.90500000000000e+01	1.03642617029603e-05
1.90600000000000e+01	1.03069807470354e-05
1.90700000000000e+01	1.02497656039818e-05
1.90800000000000e+01	1.01925806307702e-05
1.90900000000000e+01	1.01352624114553e-05
1.91000000000000e+01	1.00777480137524e-05
1.91100000000000e+01	1.00200198221859e-05
1.91200000000000e+01	9.96206823798032e-06
1.91300000000000e+01	9.90402560861860e-06
1.91400000000000e+01	9.84600775178556e-06
1.91500000000000e+01	9.78830081784762e-06
1.91600000000000e+01	9.73117190284003e-06
1.91700000000000e+01	9.67495755689268e-06
1.91800000000000e+01	9.61988456010686e-06
1.91900000000000e+01	9.56633402169579e-06
1.92000000000000e+01	9.51450205967218e-06
1.92100000000000e+01	9.46447496241759e-06
1.92200000000000e+01	9.41645277660589e-06
1.92300000000000e+01	9.37034448650234e-06
1.92400000000000e+01	9.32606427470762e-06
1.92500000000000e+01	9.28342897583203e-06
1.92600000000000e+01	9.24231626321247e-06
1.92700000000000e+01	9.20239831121831e-06
1.92800000000000e+01	9.16345286627692e-06
1.92900000000000e+01	9.12527928536093e-06
1.93000000000000e+01	9.08764963695299e-06
1.93100000000000e+01	9.05034341220842e-06
1.93200000000000e+01	9.01328246754403e-06
1.93300000000000e+01	8.97630824588361e-06
1.93400000000000e+01	8.93935135316827e-06
1.93500000000000e+01	8.90237699912034e-06
1.93600000000000e+01	8.86531871858705e-06
1.93700000000000e+01	8.82812840353137e-06
1.93800000000000e+01	8.79088944045071e-06
1.93900000000000e+01	8.75352219527503e-06
1.94000000000000e+01	8.71603181708061e-06
1.94100000000000e+01	8.67847265603984e-06
1.94200000000000e+01	8.64080369500888e-06
1.94300000000000e+01	8.60304683908658e-06
1.94400000000000e+01	8.56516350872656e-06
1.94500000000000e+01	8.52723012286444e-06
1.94600000000000e+01	8.48916535839085e-06
1.94700000000000e+01	8.45104723929768e-06
1.94800000000000e+01	8.41283390405920e-06
1.94900000000000e+01	8.37452937179099e-06
1.95000000000000e+01	8.33616828616784e-06
1.95100000000000e+01	8.29769745617294e-06
1.95200000000000e+01	8.25917848596736e-06
1.95300000000000e+01	8.22057066877819e-06
1.95400000000000e+01	8.18187903544751e-06
1.95500000000000e+01	8.14312412455493e-06
1.95600000000000e+01	8.10431520280173e-06
1.95700000000000e+01	8.06545067505631e-06
1.95800000000000e+01	8.02658785139041e-06
1.95900000000000e+01	7.98768326622942e-06
1.96000000000000e+01	7.94880055506235e-06
1.96100000000000e+01	7.90998714155156e-06
1.96200000000000e+01	7.87121843500928e-06
1.96300000000000e+01	7.83257953017707e-06
1.96400000000000e+01	7.79406598283136e-06
1.96500000000000e+01	7.75567162348096e-06
1.96600000000000e+01	7.71745598073334e-06
1.96700000000000e+01	7.67941892375709e-06
1.96800000000000e+01	7.64154474716560e-06
1.96900000000000e+01	7.60384129510051e-06
1.97000000000000e+01	7.56612341847603e-06
1.97100000000000e+01	7.52851997404554e-06
1.97200000000000e+01	7.49088748224108e-06
1.97300000000000e+01	7.45296668594369e-06
1.97400000000000e+01	7.41445186062676e-06
1.97500000000000e+01	7.37480620417358e-06
1.97600000000000e+01	7.33316111634216e-06
1.97700000000000e+01	7.28809500072344e-06
1.97800000000000e+01	7.23750045413816e-06
1.97900000000000e+01	7.17819868564488e-06
1.98000000000000e+01	7.10563863144780e-06
1.98100000000000e+01	7.01356746598665e-06
1.98200000000000e+01	6.89360144611913e-06
1.98300000000000e+01	6.73514094509958e-06
1.98400000000000e+01	6.52525762970162e-06
1.98500000000000e+01	6.24931628911324e-06
1.98600000000000e+01	5.89169694840625e-06
1.98700000000000e+01	5.43743372840049e-06
1.98800000000000e+01	4.87470764848353e-06
1.98900000000000e+01	4.19820327521468e-06
1.99000000000000e+01	3.41383775793306e-06
1.99100000000000e+01	2.54537201692557e-06
1.99200000000000e+01	1.64391285738684e-06
1.99300000000000e+01	8.02134089311997e-07
1.99400000000000e+01	1.76922837994276e-07
1.99500000000000e+01	2.63723226212858e-08
1.99600000000000e+01	7.73273455666386e-07
1.99700000000000e+01	3.11790847368960e-06
1.99800000000000e+01	8.24700334989372e-06
1.99900000000000e+01	1.82405249474713e-05
2.00000000000000e+01	3.69082224399513e-05
