1.00000000000000e-02	4.79697942496542e+15
2.00000000000000e-02	2.99845505882423e+14
3.00000000000000e-02	5.92386035062129e+13
4.00000000000000e-02	1.87479074915227e+13
5.00000000000000e-02	7.68164033551236e+12
6.00000000000000e-02	3.70589199134934e+12
7.00000000000000e-02	2.00124487229847e+12
8.00000000000000e-02	1.17372102421064e+12
9.00000000000000e-02	7.33176668067732e+11
1.00000000000000e-01	4.81353203307243e+11
1.10000000000000e-01	3.29014905761562e+11
1.20000000000000e-01	2.32490907394012e+11
1.30000000000000e-01	1.68942503031578e+11
1.40000000000000e-01	1.25722465947721e+11
1.50000000000000e-01	9.54975593473648e+10
1.60000000000000e-01	7.38505977523461e+10
1.70000000000000e-01	5.80147695682206e+10
1.80000000000000e-01	4.62146139485451e+10
1.90000000000000e-01	3.72750641169560e+10
2.00000000000000e-01	3.04021634993547e+10
2.10000000000000e-01	2.50480320020119e+10
2.20000000000000e-01	2.08270052759717e+10
2.30000000000000e-01	1.74620145576853e+10
2.40000000000000e-01	1.47529783672245e+10
2.50000000000000e-01	1.25520559133081e+10
2.60000000000000e-01	1.07490489080854e+10
2.70000000000000e-01	9.26028529233185e+09
2.80000000000000e-01	8.02230739356262e+09
2.90000000000000e-01	6.98591897625680e+09
3.00000000000000e-01	6.11285236291548e+09
3.10000000000000e-01	5.37322216718871e+09
3.20000000000000e-01	4.74310139677165e+09
3.30000000000000e-01	4.20362132655759e+09
3.40000000000000e-01	3.73944694292636e+09
3.50000000000000e-01	3.33839613553489e+09
3.60000000000000e-01	2.99029085374901e+09
3.70000000000000e-01	2.68700189122112e+09
3.80000000000000e-01	2.42174968640907e+09
3.90000000000000e-01	2.18890895391194e+09
4.00000000000000e-01	1.98379870178628e+09
4.10000000000000e-01	1.80257307296800e+09
4.20000000000000e-01	1.64194527578426e+09
4.30000000000000e-01	1.49913615475227e+09
4.40000000000000e-01	1.37185826613455e+09
4.50000000000000e-01	1.25806139097688e+09
4.60000000000000e-01	1.15610461827578e+09
4.70000000000000e-01	1.06450376400653e+09
4.80000000000000e-01	9.82029970770936e+08
4.90000000000000e-01	9.07586336968710e+08
5.00000000000000e-01	8.40267104563839e+08
5.10000000000000e-01	7.79242897610972e+08
5.20000000000000e-01	7.23852710873215e+08
5.30000000000000e-01	6.73439410254210e+08
5.40000000000000e-01	6.27494215312413e+08
5.50000000000000e-01	5.85544876084638e+08
5.60000000000000e-01	5.47166126312389e+08
5.70000000000000e-01	5.12000332150930e+08
5.80000000000000e-01	4.79751242101000e+08
5.90000000000000e-01	4.50100902516827e+08
6.00000000000000e-01	4.22810604534644e+08
6.10000000000000e-01	3.97648172167750e+08
6.20000000000000e-01	3.74432808522642e+08
6.30000000000000e-01	3.52975516302610e+08
6.40000000000000e-01	3.33122676362129e+08
6.50000000000000e-01	3.14723076538559e+08
6.60000000000000e-01	2.97654275093756e+08
6.70000000000000e-01	2.81791980800859e+08
6.80000000000000e-01	2.67050283024293e+08
6.90000000000000e-01	2.53332789857113e+08
7.00000000000000e-01	2.40544084309583e+08
7.10000000000000e-01	2.28614617154408e+08
7.20000000000000e-01	2.17471184471493e+08
7.30000000000000e-01	2.07062777314836e+08
7.40000000000000e-01	1.97317324684067e+08
7.50000000000000e-01	1.88197477884696e+08
7.60000000000000e-01	1.79643730383815e+08
7.70000000000000e-01	1.71624497582306e+08
7.80000000000000e-01	1.64092205477236e+08
7.90000000000000e-01	1.57015551573708e+08
8.00000000000000e-01	1.50360865416137e+08
8.10000000000000e-01	1.44098822008000e+08
8.20000000000000e-01	1.38201858822635e+08
8.30000000000000e-01	1.32642157657346e+08
8.40000000000000e-01	1.27402299546598e+08
8.50000000000000e-01	1.22454669905100e+08
8.60000000000000e-01	1.17783446871586e+08
8.70000000000000e-01	1.13370690984112e+08
8.80000000000000e-01	1.09194594266247e+08
8.90000000000000e-01	1.05248186171359e+08
9.00000000000000e-01	1.01511676814835e+08
9.10000000000000e-01	9.79722416022441e+07
9.20000000000000e-01	9.46193020583447e+07
9.30000000000000e-01	9.14416062852153e+07
9.40000000000000e-01	8.84294538835933e+07
9.50000000000000e-01	8.55693141081060e+07
9.60000000000000e-01	8.28554624638079e+07
9.70000000000000e-01	8.02801281193212e+07
9.80000000000000e-01	7.78349803687605e+07
9.90000000000000e-01	7.55111775075237e+07
1.00000000000000e+00	7.33056274995357e+07
1.01000000000000e+00	7.12086150127358e+07
1.02000000000000e+00	6.92158075911247e+07
1.03000000000000e+00	6.73237063402430e+07
1.04000000000000e+00	6.55247172038882e+07
1.05000000000000e+00	6.38150970885817e+07
1.06000000000000e+00	6.21907067920540e+07
1.07000000000000e+00	6.06487290232727e+07
1.08000000000000e+00	5.91819129867352e+07
1.09000000000000e+00	5.77868517366683e+07
1.10000000000000e+00	5.64613505596594e+07
1.11000000000000e+00	5.51991303274952e+07
1.12000000000000e+00	5.39955666606100e+07
1.13000000000000e+00	5.28477659805575e+07
1.14000000000000e+00	5.17496517005326e+07
1.15000000000000e+00	5.06980503915183e+07
1.16000000000000e+00	4.96872877364106e+07
1.17000000000000e+00	4.87150493091682e+07
1.18000000000000e+00	4.77760461258671e+07
1.19000000000000e+00	4.68677747899950e+07
1.20000000000000e+00	4.59887026143184e+07
1.21000000000000e+00	4.51363262177316e+07
1.22000000000000e+00	4.43105143581043e+07
1.23000000000000e+00	4.35138429153156e+07
1.24000000000000e+00	4.27465288788077e+07
1.25000000000000e+00	4.20140109139444e+07
1.26000000000000e+00	4.13198666312258e+07
1.27000000000000e+00	4.06735125781800e+07
1.28000000000000e+00	4.00812054948559e+07
1.29000000000000e+00	3.95546828692671e+07
1.30000000000000e+00	3.91043777675802e+07
1.31000000000000e+00	3.87437739666769e+07
1.32000000000000e+00	3.84848451027642e+07
1.33000000000000e+00	3.83397067122589e+07
1.34000000000000e+00	3.83195522716110e+07
1.35000000000000e+00	3.84345087550712e+07
1.36000000000000e+00	3.86911788616963e+07
1.37000000000000e+00	3.90942343485187e+07
1.38000000000000e+00	3.96433875239383e+07
1.39000000000000e+00	4.03355417673656e+07
1.40000000000000e+00	4.11663119490819e+07
1.41000000000000e+00	4.21250993800106e+07
1.42000000000000e+00	4.32017877985204e+07
1.43000000000000e+00	4.43841788845991e+07
1.44000000000000e+00	4.56604301056696e+07
1.45000000000000e+00	4.70166490297083e+07
1.46000000000000e+00	4.84421408215148e+07
1.47000000000000e+00	4.99231452133360e+07
1.48000000000000e+00	5.14491300653433e+07
1.49000000000000e+00	5.30062447616526e+07
1.50000000000000e+00	5.45796539235704e+07
1.51000000000000e+00	5.61508411915691e+07
1.52000000000000e+00	5.76967640260145e+07
1.53000000000000e+00	5.91896053882293e+07
1.54000000000000e+00	6.05930099963069e+07
1.55000000000000e+00	6.18639126514193e+07
1.56000000000000e+00	6.29573877350974e+07
1.57000000000000e+00	6.38208221873390e+07
1.58000000000000e+00	6.44006254882951e+07
1.59000000000000e+00	6.46432193231185e+07
1.60000000000000e+00	6.44986224003074e+07
1.61000000000000e+00	6.39254037754642e+07
1.62000000000000e+00	6.28891011384171e+07
1.63000000000000e+00	6.13710601485988e+07
1.64000000000000e+00	5.93695814792657e+07
1.65000000000000e+00	5.69089275026055e+07
1.66000000000000e+00	5.40353764798309e+07
1.67000000000000e+00	5.08257403748825e+07
1.68000000000000e+00	4.73752360817301e+07
1.69000000000000e+00	4.37941817633972e+07
1.70000000000000e+00	4.01935311575547e+07
1.71000000000000e+00	3.66821560794273e+07
1.72000000000000e+00	3.33564124700062e+07
1.73000000000000e+00	3.03020984748459e+07
1.74000000000000e+00	2.75878524591452e+07
1.75000000000000e+00	2.52583872764884e+07
1.76000000000000e+00	2.33328459102102e+07
1.77000000000000e+00	2.18030172294223e+07
1.78000000000000e+00	2.06384667844655e+07
1.79000000000000e+00	1.97894737711861e+07
1.80000000000000e+00	1.91927808815668e+07
1.81000000000000e+00	1.87785706519484e+07
1.82000000000000e+00	1.84793056598115e+07
1.83000000000000e+00	1.82386470316279e+07
1.84000000000000e+00	1.80181863930218e+07
1.85000000000000e+00	1.78013776321860e+07
1.86000000000000e+00	1.75860920482962e+07
1.87000000000000e+00	1.73820063950903e+07
1.88000000000000e+00	1.72031723773482e+07
1.89000000000000e+00	1.70653098225288e+07
1.90000000000000e+00	1.69836541136714e+07
1.91000000000000e+00	1.69695312099386e+07
1.92000000000000e+00	1.70306222237150e+07
1.93000000000000e+00	1.71674847924388e+07
1.94000000000000e+00	1.73736289436637e+07
1.95000000000000e+00	1.76353655488283e+07
1.96000000000000e+00	1.79328628337055e+07
1.97000000000000e+00	1.82419768020767e+07
1.98000000000000e+00	1.85368300326094e+07
1.99000000000000e+00	1.87925567577440e+07
2.00000000000000e+00	1.89871461584382e+07
2.01000000000000e+00	1.91037341301250e+07
2.02000000000000e+00	1.91322282779313e+07
2.03000000000000e+00	1.90689122417206e+07
2.04000000000000e+00	1.89159467470733e+07
2.05000000000000e+00	1.86806464404839e+07
2.06000000000000e+00	1.83727755556166e+07
2.07000000000000e+00	1.80011593602372e+07
2.08000000000000e+00	1.75723578411852e+07
2.09000000000000e+00	1.70872241147570e+07
2.10000000000000e+00	1.65413717855103e+07
2.11000000000000e+00	1.59269544464264e+07
2.12000000000000e+00	1.52360445164400e+07
2.13000000000000e+00	1.44660547381417e+07
2.14000000000000e+00	1.36238702637571e+07
2.15000000000000e+00	1.27253640927108e+07
2.16000000000000e+00	1.17940154381340e+07
2.17000000000000e+00	1.08539531278906e+07
2.18000000000000e+00	9.92639611273958e+06
2.19000000000000e+00	9.02547243209551e+06
2.20000000000000e+00	8.15960419367873e+06
2.21000000000000e+00	7.33293826267278e+06
2.22000000000000e+00	6.54839992745106e+06
2.23000000000000e+00	5.81074546113138e+06
2.24000000000000e+00	5.12685431545728e+06
2.25000000000000e+00	4.50568788872674e+06
2.26000000000000e+00	3.95531073964611e+06
2.27000000000000e+00	3.48064558030087e+06
2.28000000000000e+00	3.08220448877359e+06
2.29000000000000e+00	2.75611963557657e+06
2.30000000000000e+00	2.49508672920434e+06
2.31000000000000e+00	2.28978716165749e+06
2.32000000000000e+00	2.12999917737457e+06
2.33000000000000e+00	2.00547268984738e+06
2.34000000000000e+00	1.90633548063040e+06
2.35000000000000e+00	1.82378535021491e+06
2.36000000000000e+00	1.75013143312855e+06
2.37000000000000e+00	1.67919628387884e+06
2.38000000000000e+00	1.60634502955798e+06
2.39000000000000e+00	1.52839649701747e+06
2.40000000000000e+00	1.44355306917866e+06
2.41000000000000e+00	1.35149280693512e+06
2.42000000000000e+00	1.25334765359084e+06
2.43000000000000e+00	1.15166327973235e+06
2.44000000000000e+00	1.05004367812544e+06
2.45000000000000e+00	9.52957507354400e+05
2.46000000000000e+00	8.65119301569734e+05
2.47000000000000e+00	7.91349619653808e+05
2.48000000000000e+00	7.36148033824148e+05
2.49000000000000e+00	7.03510811475995e+05
2.50000000000000e+00	6.96556187968791e+05
2.51000000000000e+00	7.17279057405462e+05
2.52000000000000e+00	7.66191677422558e+05
2.53000000000000e+00	8.42160131950763e+05
2.54000000000000e+00	9.42238757177278e+05
2.55000000000000e+00	1.06183570149004e+06
2.56000000000000e+00	1.19493216395779e+06
2.57000000000000e+00	1.33453128240876e+06
2.58000000000000e+00	1.47305470984956e+06
2.59000000000000e+00	1.60284696621451e+06
2.60000000000000e+00	1.71632778941557e+06
2.61000000000000e+00	1.80643249426800e+06
2.62000000000000e+00	1.86684819512332e+06
2.63000000000000e+00	1.89285433722262e+06
2.64000000000000e+00	1.88261406186697e+06
2.65000000000000e+00	1.83826300626874e+06
2.66000000000000e+00	1.76625937266249e+06
2.67000000000000e+00	1.67586572367282e+06
2.68000000000000e+00	1.57677661112430e+06
2.69000000000000e+00	1.47685973632349e+06
2.70000000000000e+00	1.38108076168367e+06
2.71000000000000e+00	1.29160073556449e+06
2.72000000000000e+00	1.20846574559855e+06
2.73000000000000e+00	1.13072179708622e+06
2.74000000000000e+00	1.05708230312423e+06
2.75000000000000e+00	9.86525678575618e+05
2.76000000000000e+00	9.18531638720952e+05
2.77000000000000e+00	8.53075778140895e+05
2.78000000000000e+00	7.90436181706039e+05
2.79000000000000e+00	7.31015307843306e+05
2.80000000000000e+00	6.75184594395307e+05
2.81000000000000e+00	6.23209087094322e+05
2.82000000000000e+00	5.75255832050292e+05
2.83000000000000e+00	5.31381984740954e+05
2.84000000000000e+00	4.91615113834477e+05
2.85000000000000e+00	4.55923504278574e+05
2.86000000000000e+00	4.24237730420287e+05
2.87000000000000e+00	3.96461416307455e+05
2.88000000000000e+00	3.72426659117996e+05
2.89000000000000e+00	3.51890944650120e+05
2.90000000000000e+00	3.34539717155385e+05
2.91000000000000e+00	3.19982080858245e+05
2.92000000000000e+00	3.07762344852751e+05
2.93000000000000e+00	2.97414429020510e+05
2.94000000000000e+00	2.88505244222825e+05
2.95000000000000e+00	2.80667856859090e+05
2.96000000000000e+00	2.73664565363461e+05
2.97000000000000e+00	2.67385177338136e+05
2.98000000000000e+00	2.61869559144388e+05
2.99000000000000e+00	2.57245093222703e+05
3.00000000000000e+00	2.53697327274001e+05
3.01000000000000e+00	2.51400199343262e+05
3.02000000000000e+00	2.50467531397024e+05
3.03000000000000e+00	2.50939282358823e+05
3.04000000000000e+00	2.52765814119472e+05
3.05000000000000e+00	2.55817267071291e+05
3.06000000000000e+00	2.59894428428047e+05
3.07000000000000e+00	2.64765825124105e+05
3.08000000000000e+00	2.70175882034669e+05
3.09000000000000e+00	2.75855391810393e+05
3.10000000000000e+00	2.81557484708031e+05
3.11000000000000e+00	2.87053268876268e+05
3.12000000000000e+00	2.92128206299998e+05
3.13000000000000e+00	2.96585419302779e+05
3.14000000000000e+00	3.00235094210015e+05
3.15000000000000e+00	3.02879150791543e+05
3.16000000000000e+00	3.04350313698839e+05
3.17000000000000e+00	3.04522974770671e+05
3.18000000000000e+00	3.03339448243190e+05
3.19000000000000e+00	3.00852444618838e+05
3.20000000000000e+00	2.97194438323031e+05
3.21000000000000e+00	2.92561673220660e+05
3.22000000000000e+00	2.87137779170676e+05
3.23000000000000e+00	2.81059960955209e+05
3.24000000000000e+00	2.74385948109266e+05
3.25000000000000e+00	2.67102636558227e+05
3.26000000000000e+00	2.59149101317032e+05
3.27000000000000e+00	2.50481714352505e+05
3.28000000000000e+00	2.41079383161905e+05
3.29000000000000e+00	2.30994122339686e+05
3.30000000000000e+00	2.20345150149478e+05
3.31000000000000e+00	2.09314309804591e+05
3.32000000000000e+00	1.98138296633726e+05
3.33000000000000e+00	1.87063054665082e+05
3.34000000000000e+00	1.76323643074544e+05
3.35000000000000e+00	1.66105261461533e+05
3.36000000000000e+00	1.56533413730452e+05
3.37000000000000e+00	1.47673369154393e+05
3.38000000000000e+00	1.39533778071431e+05
3.39000000000000e+00	1.32083327146176e+05
3.40000000000000e+00	1.25273251168476e+05
3.41000000000000e+00	1.19044223675628e+05
3.42000000000000e+00	1.13333285028975e+05
3.43000000000000e+00	1.08086437822087e+05
3.44000000000000e+00	1.03256630145231e+05
3.45000000000000e+00	9.88044572774723e+04
3.46000000000000e+00	9.47026298818733e+04
3.47000000000000e+00	9.09325179084127e+04
3.48000000000000e+00	8.74900887961534e+04
3.49000000000000e+00	8.43749534455559e+04
3.50000000000000e+00	8.15976204243384e+04
3.51000000000000e+00	7.91749008643330e+04
3.52000000000000e+00	7.71256691048923e+04
3.53000000000000e+00	7.54709507954399e+04
3.54000000000000e+00	7.42314153547093e+04
3.55000000000000e+00	7.34216198243213e+04
3.56000000000000e+00	7.30545405000991e+04
3.57000000000000e+00	7.31377493025237e+04
3.58000000000000e+00	7.36772188847863e+04
3.59000000000000e+00	7.46783356744401e+04
3.60000000000000e+00	7.61489616712699e+04
3.61000000000000e+00	7.80944181571007e+04
3.62000000000000e+00	8.05146260906703e+04
3.63000000000000e+00	8.34011195771200e+04
3.64000000000000e+00	8.67298957060416e+04
3.65000000000000e+00	9.04585358180586e+04
3.66000000000000e+00	9.45256517844645e+04
3.67000000000000e+00	9.88513793480607e+04
3.68000000000000e+00	1.03345323926562e+05
3.69000000000000e+00	1.07908415128043e+05
3.70000000000000e+00	1.12438969276031e+05
3.71000000000000e+00	1.16843600261093e+05
3.72000000000000e+00	1.21042963204472e+05
3.73000000000000e+00	1.24977852507857e+05
3.74000000000000e+00	1.28618129849189e+05
3.75000000000000e+00	1.31970933948571e+05
3.76000000000000e+00	1.35078933280697e+05
3.77000000000000e+00	1.38010266384713e+05
3.78000000000000e+00	1.40851682196232e+05
3.79000000000000e+00	1.43690360667623e+05
3.80000000000000e+00	1.46598930267990e+05
3.81000000000000e+00	1.49630504808273e+05
3.82000000000000e+00	1.52815515932237e+05
3.83000000000000e+00	1.56165572514526e+05
3.84000000000000e+00	1.59682172935567e+05
3.85000000000000e+00	1.63370788569097e+05
3.86000000000000e+00	1.67258720000064e+05
3.87000000000000e+00	1.71401250759826e+05
3.88000000000000e+00	1.75903186352191e+05
3.89000000000000e+00	1.80925482698245e+05
3.90000000000000e+00	1.86693947393642e+05
3.91000000000000e+00	1.93494273988578e+05
3.92000000000000e+00	2.01664048124997e+05
3.93000000000000e+00	2.11572173823134e+05
3.94000000000000e+00	2.23599307303417e+05
3.95000000000000e+00	2.38092135891584e+05
3.96000000000000e+00	2.55333594956218e+05
3.97000000000000e+00	2.75501645490743e+05
3.98000000000000e+00	2.98639058057542e+05
3.99000000000000e+00	3.24625776767566e+05
4.00000000000000e+00	3.53174011687111e+05
4.01000000000000e+00	3.83814494661778e+05
4.02000000000000e+00	4.15890671073241e+05
4.03000000000000e+00	4.48526605186951e+05
4.04000000000000e+00	4.80631635590137e+05
4.05000000000000e+00	5.10887772088199e+05
4.06000000000000e+00	5.37765447320167e+05
4.07000000000000e+00	5.59588004270992e+05
4.08000000000000e+00	5.74638695349549e+05
4.09000000000000e+00	5.81313186060929e+05
4.10000000000000e+00	5.78309725132744e+05
4.11000000000000e+00	5.64823848013385e+05
4.12000000000000e+00	5.40739802542814e+05
4.13000000000000e+00	5.06725358241138e+05
4.14000000000000e+00	4.64251022052545e+05
4.15000000000000e+00	4.15459127008621e+05
4.16000000000000e+00	3.62930257543582e+05
4.17000000000000e+00	3.09371180177335e+05
4.18000000000000e+00	2.57296873850017e+05
4.19000000000000e+00	2.08774543099825e+05
4.20000000000000e+00	1.65267920062357e+05
4.21000000000000e+00	1.27602896333850e+05
4.22000000000000e+00	9.60285884200118e+04
4.23000000000000e+00	7.03475578728651e+04
4.24000000000000e+00	5.00563717411557e+04
4.25000000000000e+00	3.44768185286995e+04
4.26000000000000e+00	2.28674206037410e+04
4.27000000000000e+00	1.44935660272965e+04
4.28000000000000e+00	8.67832779112926e+03
4.29000000000000e+00	4.82793498946381e+03
4.30000000000000e+00	2.44557791386814e+03
4.31000000000000e+00	1.13451238472215e+03
4.32000000000000e+00	5.93668730604445e+02
4.33000000000000e+00	6.07904349887206e+02
4.34000000000000e+00	1.03434792858145e+03
4.35000000000000e+00	1.78673965109093e+03
4.36000000000000e+00	2.81925021094583e+03
4.37000000000000e+00	4.11094417444268e+03
4.38000000000000e+00	5.65204161519613e+03
4.39000000000000e+00	7.43212399867151e+03
4.40000000000000e+00	9.43146536136638e+03
4.41000000000000e+00	1.16149616134456e+04
4.42000000000000e+00	1.39298428768132e+04
4.43000000000000e+00	1.63058237593386e+04
4.44000000000000e+00	1.86594513175955e+04
4.45000000000000e+00	2.09003903364739e+04
4.46000000000000e+00	2.29381986668307e+04
4.47000000000000e+00	2.46911267855273e+04
4.48000000000000e+00	2.60935496843239e+04
4.49000000000000e+00	2.71017961894947e+04
4.50000000000000e+00	2.76974446122317e+04
4.51000000000000e+00	2.78908160795666e+04
4.52000000000000e+00	2.77213763295312e+04
4.53000000000000e+00	2.72552907951802e+04
4.54000000000000e+00	2.65839572059674e+04
4.55000000000000e+00	2.58189555377850e+04
4.56000000000000e+00	2.50898095380420e+04
4.57000000000000e+00	2.45414327100315e+04
4.58000000000000e+00	2.43332307702282e+04
4.59000000000000e+00	2.46431150000857e+04
4.60000000000000e+00	2.56718972620753e+04
4.61000000000000e+00	2.76522799444002e+04
4.62000000000000e+00	3.08597645580509e+04
4.63000000000000e+00	3.56252743736957e+04
4.64000000000000e+00	4.23451849311362e+04
4.65000000000000e+00	5.14907702199668e+04
4.66000000000000e+00	6.36143659380567e+04
4.67000000000000e+00	7.93448389382061e+04
4.68000000000000e+00	9.93818862151083e+04
4.69000000000000e+00	1.24472858472631e+05
4.70000000000000e+00	1.55382973875578e+05
4.71000000000000e+00	1.92832965065494e+05
4.72000000000000e+00	2.37411969094868e+05
4.73000000000000e+00	2.89451966876475e+05
4.74000000000000e+00	3.48867677675860e+05
4.75000000000000e+00	4.14957615984177e+05
4.76000000000000e+00	4.86237963085738e+05
4.77000000000000e+00	5.60333032036275e+05
4.78000000000000e+00	6.33980974684502e+05
4.79000000000000e+00	7.03250786210301e+05
4.80000000000000e+00	7.63892571689518e+05
4.81000000000000e+00	8.11883224847082e+05
4.82000000000000e+00	8.43981411517806e+05
4.83000000000000e+00	8.58195351953764e+05
4.84000000000000e+00	8.54068558660392e+05
4.85000000000000e+00	8.32685057347064e+05
4.86000000000000e+00	7.96416324514356e+05
4.87000000000000e+00	7.48459514609857e+05
4.88000000000000e+00	6.92352004342111e+05
4.89000000000000e+00	6.31516553402703e+05
4.90000000000000e+00	5.68981994605520e+05
4.91000000000000e+00	5.07174030674659e+05
4.92000000000000e+00	4.47948792300547e+05
4.93000000000000e+00	3.92600523958123e+05
4.94000000000000e+00	3.41972821830970e+05
4.95000000000000e+00	2.96537824385666e+05
4.96000000000000e+00	2.56465763091284e+05
4.97000000000000e+00	2.21710689883398e+05
4.98000000000000e+00	1.92036259257488e+05
4.99000000000000e+00	1.67081721788748e+05
5.00000000000000e+00	1.46392897054547e+05
5.01000000000000e+00	1.29463903752035e+05
5.02000000000000e+00	1.15774388685028e+05
5.03000000000000e+00	1.04808176451565e+05
5.04000000000000e+00	9.60821419810145e+04
5.05000000000000e+00	8.91517037288943e+04
5.06000000000000e+00	8.36265746329063e+04
5.07000000000000e+00	7.91695197202877e+04
5.08000000000000e+00	7.54972623912049e+04
5.09000000000000e+00	7.23770358573645e+04
5.10000000000000e+00	6.96244239059770e+04
5.11000000000000e+00	6.70947866593997e+04
5.12000000000000e+00	6.46780706027840e+04
5.13000000000000e+00	6.22964260642723e+04
5.14000000000000e+00	5.98948463551808e+04
5.15000000000000e+00	5.74366325642984e+04
5.16000000000000e+00	5.48952284630273e+04
5.17000000000000e+00	5.22609201187506e+04
5.18000000000000e+00	4.95259039652380e+04
5.19000000000000e+00	4.66927909235344e+04
5.20000000000000e+00	4.37698258887137e+04
5.21000000000000e+00	4.07737037025227e+04
5.22000000000000e+00	3.77280326967438e+04
5.23000000000000e+00	3.46664500312015e+04
5.24000000000000e+00	3.16297435899699e+04
5.25000000000000e+00	2.86645316828903e+04
5.26000000000000e+00	2.58223715922365e+04
5.27000000000000e+00	2.31539811865059e+04
5.28000000000000e+00	2.07070592402785e+04
5.29000000000000e+00	1.85200427581463e+04
5.30000000000000e+00	1.66205779851900e+04
5.31000000000000e+00	1.50213509105165e+04
5.32000000000000e+00	1.37206619739525e+04
5.33000000000000e+00	1.27036611175466e+04
5.34000000000000e+00	1.19442757250457e+04
5.35000000000000e+00	1.14097181256326e+04
5.36000000000000e+00	1.10638265651421e+04
5.37000000000000e+00	1.08700937067313e+04
5.38000000000000e+00	1.07940126637354e+04
5.39000000000000e+00	1.08045801743038e+04
5.40000000000000e+00	1.08749037973915e+04
5.41000000000000e+00	1.09819247744929e+04
5.42000000000000e+00	1.11066973094423e+04
5.43000000000000e+00	1.12339054549390e+04
5.44000000000000e+00	1.13517003429131e+04
5.45000000000000e+00	1.14516453402546e+04
5.46000000000000e+00	1.15288787958323e+04
5.47000000000000e+00	1.15816085678446e+04
5.48000000000000e+00	1.16112600838542e+04
5.49000000000000e+00	1.16218628219688e+04
5.50000000000000e+00	1.16187458147668e+04
5.51000000000000e+00	1.16083362486706e+04
5.52000000000000e+00	1.15963986092930e+04
5.53000000000000e+00	1.15873052737173e+04
5.54000000000000e+00	1.15829503958046e+04
5.55000000000000e+00	1.15821272927249e+04
5.56000000000000e+00	1.15805081385376e+04
5.57000000000000e+00	1.15709796326173e+04
5.58000000000000e+00	1.15445105081443e+04
5.59000000000000e+00	1.14915236915810e+04
5.60000000000000e+00	1.14023719696851e+04
5.61000000000000e+00	1.12696739450869e+04
5.62000000000000e+00	1.10876694819544e+04
5.63000000000000e+00	1.08540968883169e+04
5.64000000000000e+00	1.05689946981746e+04
5.65000000000000e+00	1.02356460706425e+04
5.66000000000000e+00	9.85957938495747e+03
5.67000000000000e+00	9.44862804815857e+03
5.68000000000000e+00	9.01175882472937e+03
5.69000000000000e+00	8.55896768643310e+03
5.70000000000000e+00	8.10062730142297e+03
5.71000000000000e+00	7.64672199631045e+03
5.72000000000000e+00	7.20626879352288e+03
5.73000000000000e+00	6.78687952765439e+03
5.74000000000000e+00	6.39363881725110e+03
5.75000000000000e+00	6.02923762919493e+03
5.76000000000000e+00	5.69372053006888e+03
5.77000000000000e+00	5.38472923366364e+03
5.78000000000000e+00	5.09792780540881e+03
5.79000000000000e+00	4.82776318088379e+03
5.80000000000000e+00	4.56842543168019e+03
5.81000000000000e+00	4.31443996708270e+03
5.82000000000000e+00	4.06157797632858e+03
5.83000000000000e+00	3.80751451380158e+03
5.84000000000000e+00	3.55195622709426e+03
5.85000000000000e+00	3.29708887079382e+03
5.86000000000000e+00	3.04720282132310e+03
5.87000000000000e+00	2.80848608996701e+03
5.88000000000000e+00	2.58827168926896e+03
5.89000000000000e+00	2.39425085355577e+03
5.90000000000000e+00	2.23385423130654e+03
5.91000000000000e+00	2.11306439588416e+03
5.92000000000000e+00	2.03606140633651e+03
5.93000000000000e+00	2.00448803607920e+03
5.94000000000000e+00	2.01753577118326e+03
5.95000000000000e+00	2.07181537599514e+03
5.96000000000000e+00	2.16167953718721e+03
5.97000000000000e+00	2.27977957612328e+03
5.98000000000000e+00	2.41762915825681e+03
5.99000000000000e+00	2.56618345834002e+03
6.00000000000000e+00	2.71645552687585e+03
6.01000000000000e+00	2.86027797218219e+03
6.02000000000000e+00	2.99058482504207e+03
6.03000000000000e+00	3.10169237869309e+03
6.04000000000000e+00	3.18969718522712e+03
6.05000000000000e+00	3.25226214361011e+03
6.06000000000000e+00	3.28858213862890e+03
6.07000000000000e+00	3.29905413323602e+03
6.08000000000000e+00	3.28494187387068e+03
6.09000000000000e+00	3.24827758628467e+03
6.10000000000000e+00	3.19132927853570e+03
6.11000000000000e+00	3.11660111315390e+03
6.12000000000000e+00	3.02650359299804e+03
6.13000000000000e+00	2.92332892506188e+03
6.14000000000000e+00	2.80905447980365e+03
6.15000000000000e+00	2.68566317612808e+03
6.16000000000000e+00	2.55506182602450e+03
6.17000000000000e+00	2.41941721358091e+03
6.18000000000000e+00	2.28193857630895e+03
6.19000000000000e+00	2.14695504931624e+03
6.20000000000000e+00	2.02101139919430e+03
6.21000000000000e+00	1.91320076854694e+03
6.22000000000000e+00	1.83582784546611e+03
6.23000000000000e+00	1.80473991831879e+03
6.24000000000000e+00	1.83918840669197e+03
6.25000000000000e+00	1.96131587283862e+03
6.26000000000000e+00	2.19476978259617e+03
6.27000000000000e+00	2.56259566541977e+03
6.28000000000000e+00	3.08407859222739e+03
6.29000000000000e+00	3.77118120209815e+03
6.30000000000000e+00	4.62456247125528e+03
6.31000000000000e+00	5.63004871314333e+03
6.32000000000000e+00	6.75695203373953e+03
6.33000000000000e+00	7.95855636555946e+03
6.34000000000000e+00	9.17503791192496e+03
6.35000000000000e+00	1.03402529093935e+04
6.36000000000000e+00	1.13888344051305e+04
6.37000000000000e+00	1.22637759541965e+04
6.38000000000000e+00	1.29231510646910e+04
6.39000000000000e+00	1.33430500316484e+04
6.40000000000000e+00	1.35179211520463e+04
6.41000000000000e+00	1.34592575809602e+04
6.42000000000000e+00	1.31912804765749e+04
6.43000000000000e+00	1.27470750511984e+04
6.44000000000000e+00	1.21643410402083e+04
6.45000000000000e+00	1.14821967928772e+04
6.46000000000000e+00	1.07380987127181e+04
6.47000000000000e+00	9.96644496224355e+03
6.48000000000000e+00	9.19703433553731e+03
6.49000000000000e+00	8.45420806107627e+03
6.50000000000000e+00	7.75655111064689e+03
6.51000000000000e+00	7.11708716885728e+03
6.52000000000000e+00	6.54345684991208e+03
6.53000000000000e+00	6.03846210412349e+03
6.54000000000000e+00	5.60095864868070e+03
6.55000000000000e+00	5.22684825437603e+03
6.56000000000000e+00	4.91013561305329e+03
6.57000000000000e+00	4.64348286256904e+03
6.58000000000000e+00	4.41934437326373e+03
6.59000000000000e+00	4.23040646945113e+03
6.60000000000000e+00	4.06990876736511e+03
6.61000000000000e+00	3.93206504999931e+03
6.62000000000000e+00	3.81203853280753e+03
6.63000000000000e+00	3.70601513776680e+03
6.64000000000000e+00	3.61127568764868e+03
6.65000000000000e+00	3.52614963307783e+03
6.66000000000000e+00	3.44983313354324e+03
6.67000000000000e+00	3.38246429321455e+03
6.68000000000000e+00	3.32487801196984e+03
6.69000000000000e+00	3.27847596247519e+03
6.70000000000000e+00	3.24509834558921e+03
6.71000000000000e+00	3.22703849019120e+03
6.72000000000000e+00	3.22657877232356e+03
6.73000000000000e+00	3.24630104100034e+03
6.74000000000000e+00	3.28844997925234e+03
6.75000000000000e+00	3.35499001073304e+03
6.76000000000000e+00	3.44712603082602e+03
6.77000000000000e+00	3.56508267397218e+03
6.78000000000000e+00	3.70776258401680e+03
6.79000000000000e+00	3.87248073650586e+03
6.80000000000000e+00	4.05479694015373e+03
6.81000000000000e+00	4.24884407521706e+03
6.82000000000000e+00	4.44727619125267e+03
6.83000000000000e+00	4.64184747932384e+03
6.84000000000000e+00	4.82412087942257e+03
6.85000000000000e+00	4.98590223255629e+03
6.86000000000000e+00	5.11992328446552e+03
6.87000000000000e+00	5.22053239686208e+03
6.88000000000000e+00	5.28402275766907e+03
6.89000000000000e+00	5.30875927373634e+03
6.90000000000000e+00	5.29522220119475e+03
6.91000000000000e+00	5.24601681043380e+03
6.92000000000000e+00	5.16539915319249e+03
6.93000000000000e+00	5.05902148400481e+03
6.94000000000000e+00	4.93302456752457e+03
6.95000000000000e+00	4.79356149859569e+03
6.96000000000000e+00	4.64601560129161e+03
6.97000000000000e+00	4.49423875959709e+03
6.98000000000000e+00	4.34033806829949e+03
6.99000000000000e+00	4.18453530194610e+03
7.00000000000000e+00	4.02537966140718e+03
7.01000000000000e+00	3.86010742484323e+03
7.02000000000000e+00	3.68549586464498e+03
7.03000000000000e+00	3.49825007492448e+03
7.04000000000000e+00	3.29602234087393e+03
7.05000000000000e+00	3.07772521406003e+03
7.06000000000000e+00	2.84414343994588e+03
7.07000000000000e+00	2.59802798899884e+03
7.08000000000000e+00	2.34400984890144e+03
7.09000000000000e+00	2.08815801620751e+03
7.10000000000000e+00	1.83730323665420e+03
7.11000000000000e+00	1.59829466830307e+03
7.12000000000000e+00	1.37704067333771e+03
7.13000000000000e+00	1.17811514411701e+03
7.14000000000000e+00	1.00424835625225e+03
7.15000000000000e+00	8.56409372097067e+02
7.16000000000000e+00	7.34036059237170e+02
7.17000000000000e+00	6.35452254755342e+02
7.18000000000000e+00	5.58327776183738e+02
7.19000000000000e+00	5.00080836581406e+02
7.20000000000000e+00	4.58224090987004e+02
7.21000000000000e+00	4.30522785313498e+02
7.22000000000000e+00	4.15116966108853e+02
7.23000000000000e+00	4.10531029464037e+02
7.24000000000000e+00	4.15622968422516e+02
7.25000000000000e+00	4.29519378801213e+02
7.26000000000000e+00	4.51535914509437e+02
7.27000000000000e+00	4.81114309870593e+02
7.28000000000000e+00	5.17775670681754e+02
7.29000000000000e+00	5.61115102335000e+02
7.30000000000000e+00	6.10867245391888e+02
7.31000000000000e+00	6.66989311562611e+02
7.32000000000000e+00	7.29897607936825e+02
7.33000000000000e+00	8.00743359297957e+02
7.34000000000000e+00	8.81792964438727e+02
7.35000000000000e+00	9.76893251103414e+02
7.36000000000000e+00	1.09200637636194e+03
7.37000000000000e+00	1.23578538162812e+03
7.38000000000000e+00	1.42006970440863e+03
7.39000000000000e+00	1.66032639077559e+03
7.40000000000000e+00	1.97587723343466e+03
7.41000000000000e+00	2.38988345497107e+03
7.42000000000000e+00	2.92895216537127e+03
7.43000000000000e+00	3.62262111682929e+03
7.44000000000000e+00	4.50196047780942e+03
7.45000000000000e+00	5.59811546521189e+03
7.46000000000000e+00	6.93984549701565e+03
7.47000000000000e+00	8.54991366060202e+03
7.48000000000000e+00	1.04406219218659e+04
7.49000000000000e+00	1.26080265022358e+04
7.50000000000000e+00	1.50253682218470e+04
7.51000000000000e+00	1.76380446723040e+04
7.52000000000000e+00	2.03605649946549e+04
7.53000000000000e+00	2.30785703913565e+04
7.54000000000000e+00	2.56565999338049e+04
7.55000000000000e+00	2.79520267200985e+04
7.56000000000000e+00	2.98317475477288e+04
7.57000000000000e+00	3.11898518735644e+04
7.58000000000000e+00	3.19611110113086e+04
7.59000000000000e+00	3.21288689908567e+04
7.60000000000000e+00	3.17213599073734e+04
7.61000000000000e+00	3.08059606767140e+04
7.62000000000000e+00	2.94737849145424e+04
7.63000000000000e+00	2.78269405830078e+04
7.64000000000000e+00	2.59661845897144e+04
7.65000000000000e+00	2.39832266040143e+04
7.66000000000000e+00	2.19560672450065e+04
7.67000000000000e+00	1.99492091124716e+04
7.68000000000000e+00	1.80129078873668e+04
7.69000000000000e+00	1.61850887316038e+04
7.70000000000000e+00	1.44936268086747e+04
7.71000000000000e+00	1.29562385747610e+04
7.72000000000000e+00	1.15823772759463e+04
7.73000000000000e+00	1.03740793191018e+04
7.74000000000000e+00	9.32746301516721e+03
7.75000000000000e+00	8.43382714084744e+03
7.76000000000000e+00	7.68119086590049e+03
7.77000000000000e+00	7.05561267351290e+03
7.78000000000000e+00	6.54222271562073e+03
7.79000000000000e+00	6.12596696782976e+03
7.80000000000000e+00	5.79276092718826e+03
7.81000000000000e+00	5.52964374472707e+03
7.82000000000000e+00	5.32475273857731e+03
7.83000000000000e+00	5.16779270728909e+03
7.84000000000000e+00	5.04943517534407e+03
7.85000000000000e+00	4.96165722965671e+03
7.86000000000000e+00	4.89683660338828e+03
7.87000000000000e+00	4.84835591088242e+03
7.88000000000000e+00	4.80979151894797e+03
7.89000000000000e+00	4.77518719440181e+03
7.90000000000000e+00	4.73900558475077e+03
7.91000000000000e+00	4.69611917462974e+03
7.92000000000000e+00	4.64190257388959e+03
7.93000000000000e+00	4.57214219613228e+03
7.94000000000000e+00	4.48338275192394e+03
7.95000000000000e+00	4.37298055946340e+03
7.96000000000000e+00	4.23911770531355e+03
7.97000000000000e+00	4.08082278858163e+03
7.98000000000000e+00	3.89821051466507e+03
7.99000000000000e+00	3.69260617849306e+03
8.00000000000000e+00	3.46621401559470e+03
8.01000000000000e+00	3.22226395255442e+03
8.02000000000000e+00	2.96490890726359e+03
8.03000000000000e+00	2.69881475206381e+03
8.04000000000000e+00	2.42916387363756e+03
8.05000000000000e+00	2.16125797631375e+03
8.06000000000000e+00	1.90037574310171e+03
8.07000000000000e+00	1.65152027379497e+03
8.08000000000000e+00	1.41916421865601e+03
8.09000000000000e+00	1.20704525678207e+03
8.10000000000000e+00	1.01800172610604e+03
8.11000000000000e+00	8.53854472824885e+02
8.12000000000000e+00	7.15354562226261e+02
8.13000000000000e+00	6.02230314763035e+02
8.14000000000000e+00	5.13276455637643e+02
8.15000000000000e+00	4.46530546640844e+02
8.16000000000000e+00	3.99452018162111e+02
8.17000000000000e+00	3.69141657554117e+02
8.18000000000000e+00	3.52545787610876e+02
8.19000000000000e+00	3.46607848162691e+02
8.20000000000000e+00	3.48435379259330e+02
8.21000000000000e+00	3.55416681814390e+02
8.22000000000000e+00	3.65279380801778e+02
8.23000000000000e+00	3.76143681765862e+02
8.24000000000000e+00	3.86536594315191e+02
8.25000000000000e+00	3.95376482807116e+02
8.26000000000000e+00	4.01918830066680e+02
8.27000000000000e+00	4.05732634331612e+02
8.28000000000000e+00	4.06611619895162e+02
8.29000000000000e+00	4.04536663499517e+02
8.30000000000000e+00	3.99628250411989e+02
8.31000000000000e+00	3.92077044081217e+02
8.32000000000000e+00	3.82141458912541e+02
8.33000000000000e+00	3.70098974891039e+02
8.34000000000000e+00	3.56232657079439e+02
8.35000000000000e+00	3.40815112441035e+02
8.36000000000000e+00	3.24105097928013e+02
8.37000000000000e+00	3.06346789463809e+02
8.38000000000000e+00	2.87772813254347e+02
8.39000000000000e+00	2.68619127061814e+02
8.40000000000000e+00	2.49143547251474e+02
8.41000000000000e+00	2.29651670154704e+02
8.42000000000000e+00	2.10530013992361e+02
8.43000000000000e+00	1.92294325320213e+02
8.44000000000000e+00	1.75638979209792e+02
8.45000000000000e+00	1.61485820241951e+02
8.46000000000000e+00	1.51039516916639e+02
8.47000000000000e+00	1.45822660623248e+02
8.48000000000000e+00	1.47673937732184e+02
8.49000000000000e+00	1.58716216566545e+02
8.50000000000000e+00	1.81243544495156e+02
8.51000000000000e+00	2.17553054623814e+02
8.52000000000000e+00	2.69688461321395e+02
8.53000000000000e+00	3.39145545422617e+02
8.54000000000000e+00	4.26535405441617e+02
8.55000000000000e+00	5.31289978477264e+02
8.56000000000000e+00	6.51447734758218e+02
8.57000000000000e+00	7.83592602552706e+02
8.58000000000000e+00	9.23012686837813e+02
8.59000000000000e+00	1.06401893761647e+03
8.60000000000000e+00	1.20048425524437e+03
8.61000000000000e+00	1.32638920767717e+03
8.62000000000000e+00	1.43637407666932e+03
8.63000000000000e+00	1.52621627600567e+03
8.64000000000000e+00	1.59310703644439e+03
8.65000000000000e+00	1.63573402297906e+03
8.66000000000000e+00	1.65423201868997e+03
8.67000000000000e+00	1.64997888302405e+03
8.68000000000000e+00	1.62538611521564e+03
8.69000000000000e+00	1.58358163589101e+03
8.70000000000000e+00	1.52817243695666e+03
8.71000000000000e+00	1.46291599360902e+03
8.72000000000000e+00	1.39157167419570e+03
8.73000000000000e+00	1.31757971374283e+03
8.74000000000000e+00	1.24399949390724e+03
8.75000000000000e+00	1.17328636251175e+03
8.76000000000000e+00	1.10731445417915e+03
8.77000000000000e+00	1.04726366294857e+03
8.78000000000000e+00	9.93801797194851e+02
8.79000000000000e+00	9.47048507464391e+02
8.80000000000000e+00	9.06757198015528e+02
8.81000000000000e+00	8.72414065016525e+02
8.82000000000000e+00	8.43332866024322e+02
8.83000000000000e+00	8.18756197409346e+02
8.84000000000000e+00	7.97899786648740e+02
8.85000000000000e+00	7.80041789147889e+02
8.86000000000000e+00	7.64491554631938e+02
8.87000000000000e+00	7.50656594769326e+02
8.88000000000000e+00	7.38021696206363e+02
8.89000000000000e+00	7.26185495328453e+02
8.90000000000000e+00	7.14814581218398e+02
8.91000000000000e+00	7.03683284044894e+02
8.92000000000000e+00	6.92615046439402e+02
8.93000000000000e+00	6.81551484793731e+02
8.94000000000000e+00	6.70455783865388e+02
8.95000000000000e+00	6.59370514792148e+02
8.96000000000000e+00	6.48345137005254e+02
8.97000000000000e+00	6.37465771041617e+02
8.98000000000000e+00	6.26803480567317e+02
8.99000000000000e+00	6.16439050786794e+02
9.00000000000000e+00	6.06445627001735e+02
9.01000000000000e+00	5.96895016251838e+02
9.02000000000000e+00	5.87827538610061e+02
9.03000000000000e+00	5.79266506166092e+02
9.04000000000000e+00	5.71217948508533e+02
9.05000000000000e+00	5.63623106291234e+02
9.06000000000000e+00	5.56411186529626e+02
9.07000000000000e+00	5.49458533770801e+02
9.08000000000000e+00	5.42639541635280e+02
9.09000000000000e+00	5.35818289464216e+02
9.10000000000000e+00	5.28874653699089e+02
9.11000000000000e+00	5.21699607674089e+02
9.12000000000000e+00	5.14212676896732e+02
9.13000000000000e+00	5.06368717974382e+02
9.14000000000000e+00	4.98152539311825e+02
9.15000000000000e+00	4.89589616286810e+02
9.16000000000000e+00	4.80734546036235e+02
9.17000000000000e+00	4.71682978434573e+02
9.18000000000000e+00	4.62552910091257e+02
9.19000000000000e+00	4.53480839454114e+02
9.20000000000000e+00	4.44607834121664e+02
9.21000000000000e+00	4.36074321298844e+02
9.22000000000000e+00	4.28003923256457e+02
9.23000000000000e+00	4.20495675719967e+02
9.24000000000000e+00	4.13613484956848e+02
9.25000000000000e+00	4.07396475846534e+02
9.26000000000000e+00	4.01836499976960e+02
9.27000000000000e+00	3.96910309881555e+02
9.28000000000000e+00	3.92560430882152e+02
9.29000000000000e+00	3.88721942777556e+02
9.30000000000000e+00	3.85312998886101e+02
9.31000000000000e+00	3.82257545121001e+02
9.32000000000000e+00	3.79476477831538e+02
9.33000000000000e+00	3.76899164487191e+02
9.34000000000000e+00	3.74466868411642e+02
9.35000000000000e+00	3.72127302053998e+02
9.36000000000000e+00	3.69842161284412e+02
9.37000000000000e+00	3.67571567052499e+02
9.38000000000000e+00	3.65293447045724e+02
9.39000000000000e+00	3.62987420859143e+02
9.40000000000000e+00	3.60629518202903e+02
9.41000000000000e+00	3.58205282580760e+02
9.42000000000000e+00	3.55696246365238e+02
9.43000000000000e+00	3.53090371454463e+02
9.44000000000000e+00	3.50369234786760e+02
9.45000000000000e+00	3.47516066906352e+02
9.46000000000000e+00	3.44531085394722e+02
9.47000000000000e+00	3.41412123574109e+02
9.48000000000000e+00	3.38176198358300e+02
9.49000000000000e+00	3.34842017492797e+02
9.50000000000000e+00	3.31451870470268e+02
9.51000000000000e+00	3.28046847424534e+02
9.52000000000000e+00	3.24671065714645e+02
9.53000000000000e+00	3.21365505615777e+02
9.54000000000000e+00	3.18159296724759e+02
9.55000000000000e+00	3.15078287250006e+02
9.56000000000000e+00	3.12145623607531e+02
9.57000000000000e+00	3.09386614051208e+02
9.58000000000000e+00	3.06840089603148e+02
9.59000000000000e+00	3.04540471558839e+02
9.60000000000000e+00	3.02508713565719e+02
9.61000000000000e+00	3.00753950767122e+02
9.62000000000000e+00	2.99249998253652e+02
9.63000000000000e+00	2.97954335668854e+02
9.64000000000000e+00	2.96803753817788e+02
9.65000000000000e+00	2.95738988876046e+02
9.66000000000000e+00	2.94700264241365e+02
9.67000000000000e+00	2.93647332467286e+02
9.68000000000000e+00	2.92553173670275e+02
9.69000000000000e+00	2.91391022308859e+02
9.70000000000000e+00	2.90150419393678e+02
9.71000000000000e+00	2.88830261209421e+02
9.72000000000000e+00	2.87423429217055e+02
9.73000000000000e+00	2.85934081695348e+02
9.74000000000000e+00	2.84367118844334e+02
9.75000000000000e+00	2.82726864503941e+02
9.76000000000000e+00	2.81022845085678e+02
9.77000000000000e+00	2.79260861962412e+02
9.78000000000000e+00	2.77448009391784e+02
9.79000000000000e+00	2.75597488477131e+02
9.80000000000000e+00	2.73715323605521e+02
9.81000000000000e+00	2.71813831373295e+02
9.82000000000000e+00	2.69905696841016e+02
9.83000000000000e+00	2.67997290598354e+02
9.84000000000000e+00	2.66099223653400e+02
9.85000000000000e+00	2.64216187888760e+02
9.86000000000000e+00	2.62352165386190e+02
9.87000000000000e+00	2.60517633328238e+02
9.88000000000000e+00	2.58738330975549e+02
9.89000000000000e+00	2.57083572174442e+02
9.90000000000000e+00	2.55717961110294e+02
9.91000000000000e+00	2.55002303826306e+02
9.92000000000000e+00	2.55651249068535e+02
9.93000000000000e+00	2.58911936929335e+02
9.94000000000000e+00	2.66800366628768e+02
9.95000000000000e+00	2.82484211526983e+02
9.96000000000000e+00	3.11011975577923e+02
9.97000000000000e+00	3.60971157680166e+02
9.98000000000000e+00	4.48429021863817e+02
9.99000000000000e+00	6.06735759707328e+02
1.00000000000000e+01	9.13970691610979e+02
1.00100000000000e+01	1.56874941922617e+03
1.00200000000000e+01	2.87337187774019e+03
1.00300000000000e+01	3.40820903174161e+03
1.00400000000000e+01	1.81464276324224e+03
1.00500000000000e+01	8.30504369669094e+02
1.00600000000000e+01	4.29297840650425e+02
1.00700000000000e+01	2.49554272343511e+02
1.00800000000000e+01	1.58208762312975e+02
1.00900000000000e+01	1.06879899248666e+02
1.01000000000000e+01	7.57440450457434e+01
1.01100000000000e+01	5.57094345421734e+01
1.01200000000000e+01	4.22053043782646e+01
1.01300000000000e+01	3.27557675633446e+01
1.01400000000000e+01	2.59368251607222e+01
1.01500000000000e+01	2.08883033923639e+01
1.01600000000000e+01	1.70682132225547e+01
1.01700000000000e+01	1.41228604086417e+01
1.01800000000000e+01	1.18149212110040e+01
1.01900000000000e+01	9.98026879264193e+00
1.02000000000000e+01	8.50354556718638e+00
1.02100000000000e+01	7.30135334093247e+00
1.02200000000000e+01	6.31279662035741e+00
1.02300000000000e+01	5.49247565099436e+00
1.02400000000000e+01	4.80618374230926e+00
1.02500000000000e+01	4.22768782983022e+00
1.02600000000000e+01	3.73672925863287e+00
1.02700000000000e+01	3.31744355341063e+00
1.02800000000000e+01	2.95728729225874e+00
1.02900000000000e+01	2.64633441984531e+00
1.03000000000000e+01	2.37649464777204e+00
1.03100000000000e+01	2.14125749855324e+00
1.03200000000000e+01	1.93531498476438e+00
1.03300000000000e+01	1.75432229404853e+00
1.03400000000000e+01	1.59462414724348e+00
1.03500000000000e+01	1.45321121033625e+00
1.03600000000000e+01	1.32758259721817e+00
1.03700000000000e+01	1.21561555662636e+00
1.03800000000000e+01	1.11551100254684e+00
1.03900000000000e+01	1.02576273947058e+00
1.04000000000000e+01	9.45067884839352e-01
1.04100000000000e+01	8.72315089088931e-01
1.04200000000000e+01	8.06573385064002e-01
1.04300000000000e+01	7.47019391994680e-01
1.04400000000000e+01	6.92958483734865e-01
1.04500000000000e+01	6.43773410758561e-01
1.04600000000000e+01	5.98939584622648e-01
1.04700000000000e+01	5.57990852070459e-01
1.04800000000000e+01	5.20528917950476e-01
1.04900000000000e+01	4.86198796299930e-01
1.05000000000000e+01	4.54684533413540e-01
1.05100000000000e+01	4.25718435649909e-01
1.05200000000000e+01	3.99051671498831e-01
1.05300000000000e+01	3.74463328702220e-01
1.05400000000000e+01	3.51768429553668e-01
1.05500000000000e+01	3.30785655146525e-01
1.05600000000000e+01	3.11367574085695e-01
1.05700000000000e+01	2.93369621049974e-01
1.05800000000000e+01	2.76668652207129e-01
1.05900000000000e+01	2.61149693695492e-01
1.06000000000000e+01	2.46717339300645e-01
1.06100000000000e+01	2.33275578422816e-01
1.06200000000000e+01	2.20747191089349e-01
1.06300000000000e+01	2.09052431346517e-01
1.06400000000000e+01	1.98126587371923e-01
1.06500000000000e+01	1.87908072373690e-01
1.06600000000000e+01	1.78340078814195e-01
1.06700000000000e+01	1.69373895792962e-01
1.06800000000000e+01	1.60963354626389e-01
1.06900000000000e+01	1.53065688583528e-01
1.07000000000000e+01	1.45643398390978e-01
1.07100000000000e+01	1.38661085119005e-01
1.07200000000000e+01	1.32089153899931e-01
1.07300000000000e+01	1.25897014956837e-01
1.07400000000000e+01	1.20058741839997e-01
1.07500000000000e+01	1.14550929458595e-01
1.07600000000000e+01	1.09352392205369e-01
1.07700000000000e+01	1.04442460692696e-01
1.07800000000000e+01	9.98029292913221e-02
1.07900000000000e+01	9.54161396113777e-02
1.08000000000000e+01	9.12667570514705e-02
1.08100000000000e+01	8.73395114025678e-02
1.08200000000000e+01	8.36221178505896e-02
1.08300000000000e+01	8.00997377790056e-02
1.08400000000000e+01	7.67618603608765e-02
1.08500000000000e+01	7.35951352305184e-02
1.08600000000000e+01	7.05909815693826e-02
1.08700000000000e+01	6.77378063781239e-02
1.08800000000000e+01	6.50275510617547e-02
1.08900000000000e+01	6.24497776271891e-02
1.09000000000000e+01	5.99980361356461e-02
1.09100000000000e+01	5.76633148116965e-02
1.09200000000000e+01	5.54391657548055e-02
1.09300000000000e+01	5.33180737190015e-02
1.09400000000000e+01	5.12949372355876e-02
1.09500000000000e+01	4.93635256906048e-02
1.09600000000000e+01	4.75183754711897e-02
1.09700000000000e+01	4.57546856566944e-02
1.09800000000000e+01	4.40677569976799e-02
1.09900000000000e+01	4.24537475968879e-02
1.10000000000000e+01	4.09083930508543e-02
1.10100000000000e+01	3.94286328504611e-02
1.10200000000000e+01	3.80114107028886e-02
1.10300000000000e+01	3.66535636896040e-02
1.10400000000000e+01	3.53524139413374e-02
1.10500000000000e+01	3.41061446013347e-02
1.10600000000000e+01	3.29126310015673e-02
1.10700000000000e+01	3.17697193187362e-02
1.10800000000000e+01	3.06753556510379e-02
1.10900000000000e+01	2.96278458778617e-02
1.11000000000000e+01	2.86255252391202e-02
1.11100000000000e+01	2.76663929357139e-02
1.11200000000000e+01	2.67484774108402e-02
1.11300000000000e+01	2.58695903752985e-02
1.11400000000000e+01	2.50284552424286e-02
1.11500000000000e+01	2.42227257359785e-02
1.11600000000000e+01	2.34505183948372e-02
1.11700000000000e+01	2.27102508350990e-02
1.11800000000000e+01	2.20002518566452e-02
1.11900000000000e+01	2.13183328920144e-02
1.12000000000000e+01	2.06633651496840e-02
1.12100000000000e+01	2.00338133104968e-02
1.12200000000000e+01	1.94282474918996e-02
1.12300000000000e+01	1.88453334338803e-02
1.12400000000000e+01	1.82835844144113e-02
1.12500000000000e+01	1.77427000809737e-02
1.12600000000000e+01	1.72212024802314e-02
1.12700000000000e+01	1.67182931082976e-02
1.12800000000000e+01	1.62329951855303e-02
1.12900000000000e+01	1.57648062364950e-02
1.13000000000000e+01	1.53127270199287e-02
1.13100000000000e+01	1.48763952891417e-02
1.13200000000000e+01	1.44547082875715e-02
1.13300000000000e+01	1.40474497650881e-02
1.13400000000000e+01	1.36535961915890e-02
1.13500000000000e+01	1.32731547522854e-02
1.13600000000000e+01	1.29050832351299e-02
1.13700000000000e+01	1.25489851493401e-02
1.13800000000000e+01	1.22045894834200e-02
1.13900000000000e+01	1.18710472702192e-02
1.14000000000000e+01	1.15481968577450e-02
1.14100000000000e+01	1.12356630998274e-02
1.14200000000000e+01	1.09327645959895e-02
1.14300000000000e+01	1.06394578145599e-02
1.14400000000000e+01	1.03553344370172e-02
1.14500000000000e+01	1.00799827791378e-02
1.14600000000000e+01	9.81317975827445e-03
1.14700000000000e+01	9.55460474909754e-03
1.14800000000000e+01	9.30370650485313e-03
1.14900000000000e+01	9.06061599971135e-03
1.15000000000000e+01	8.82485593284471e-03
1.15100000000000e+01	8.59606078344339e-03
1.15200000000000e+01	8.37413171043865e-03
1.15300000000000e+01	8.15889348795622e-03
1.15400000000000e+01	7.94979729086904e-03
1.15500000000000e+01	7.74715269821181e-03
1.15600000000000e+01	7.55037597130979e-03
1.15700000000000e+01	7.35955830297714e-03
1.15800000000000e+01	7.17465161122200e-03
1.15900000000000e+01	6.99525081074081e-03
1.16000000000000e+01	6.82156973662378e-03
1.16100000000000e+01	6.65327825225983e-03
1.16200000000000e+01	6.49036632026308e-03
1.16300000000000e+01	6.33265565765373e-03
1.16400000000000e+01	6.17992149274745e-03
1.16500000000000e+01	6.03213617981855e-03
1.16600000000000e+01	5.88890005329940e-03
1.16700000000000e+01	5.75027876816225e-03
1.16800000000000e+01	5.61573679631885e-03
1.16900000000000e+01	5.48514925197000e-03
1.17000000000000e+01	5.35836650133486e-03
1.17100000000000e+01	5.23508812438303e-03
1.17200000000000e+01	5.11508647009737e-03
1.17300000000000e+01	4.99815280428294e-03
1.17400000000000e+01	4.88421317925439e-03
1.17500000000000e+01	4.77297398130396e-03
1.17600000000000e+01	4.66446244176289e-03
1.17700000000000e+01	4.55841782002458e-03
1.17800000000000e+01	4.45501342991530e-03
1.17900000000000e+01	4.35406404464645e-03
1.18000000000000e+01	4.25559259155292e-03
1.18100000000000e+01	4.15957685572167e-03
1.18200000000000e+01	4.06602297236235e-03
1.18300000000000e+01	3.97486607772953e-03
1.18400000000000e+01	3.88621498155593e-03
1.18500000000000e+01	3.79999137490073e-03
1.18600000000000e+01	3.71616057255752e-03
1.18700000000000e+01	3.63469970687998e-03
1.18800000000000e+01	3.55551544548314e-03
1.18900000000000e+01	3.47857574791330e-03
1.19000000000000e+01	3.40379540786452e-03
1.19100000000000e+01	3.33103931335901e-03
1.19200000000000e+01	3.26033594874136e-03
1.19300000000000e+01	3.19150774830216e-03
1.19400000000000e+01	3.12454381515111e-03
1.19500000000000e+01	3.05927750148561e-03
1.19600000000000e+01	2.99568095684479e-03
1.19700000000000e+01	2.93367832088004e-03
1.19800000000000e+01	2.87317996961080e-03
1.19900000000000e+01	2.81407543841804e-03
1.20000000000000e+01	2.75637874499623e-03
1.20100000000000e+01	2.69996787950999e-03
1.20200000000000e+01	2.64483751103754e-03
1.20300000000000e+01	2.59089970712866e-03
1.20400000000000e+01	2.53821970820057e-03
1.20500000000000e+01	2.48666707448085e-03
1.20600000000000e+01	2.43630555720326e-03
1.20700000000000e+01	2.38709104032590e-03
1.20800000000000e+01	2.33903867083529e-03
1.20900000000000e+01	2.29210011164225e-03
1.21000000000000e+01	2.24632212515310e-03
1.21100000000000e+01	2.20166860177960e-03
1.21200000000000e+01	2.15820018595537e-03
1.21300000000000e+01	2.11581794053831e-03
1.21400000000000e+01	2.07453518723795e-03
1.21500000000000e+01	2.03440135767607e-03
1.21600000000000e+01	1.99524928146486e-03
1.21700000000000e+01	1.95717938738885e-03
1.21800000000000e+01	1.92006410416182e-03
1.21900000000000e+01	1.88391837846726e-03
1.22000000000000e+01	1.84864368727323e-03
1.22100000000000e+01	1.81427264290005e-03
1.22200000000000e+01	1.78065108834328e-03
1.22300000000000e+01	1.74780414001232e-03
1.22400000000000e+01	1.71568077255921e-03
1.22500000000000e+01	1.68421428288532e-03
1.22600000000000e+01	1.65340624527870e-03
1.22700000000000e+01	1.62321329364745e-03
1.22800000000000e+01	1.59352418177220e-03
1.22900000000000e+01	1.56442861172124e-03
1.23000000000000e+01	1.53580970381455e-03
1.23100000000000e+01	1.50766146601760e-03
1.23200000000000e+01	1.47998111234701e-03
1.23300000000000e+01	1.45274248894045e-03
1.23400000000000e+01	1.42591703070230e-03
1.23500000000000e+01	1.39949341120167e-03
1.23600000000000e+01	1.37348701792537e-03
1.23700000000000e+01	1.34787410141145e-03
1.23800000000000e+01	1.32266997012799e-03
1.23900000000000e+01	1.29788199829177e-03
1.24000000000000e+01	1.27351347183840e-03
1.24100000000000e+01	1.24957905549176e-03
1.24200000000000e+01	1.22606507997365e-03
1.24300000000000e+01	1.20300887531731e-03
1.24400000000000e+01	1.18040942443647e-03
1.24500000000000e+01	1.15826871011278e-03
1.24600000000000e+01	1.13657457498817e-03
1.24700000000000e+01	1.11532419520179e-03
1.24800000000000e+01	1.09453858401949e-03
1.24900000000000e+01	1.07417551379477e-03
1.25000000000000e+01	1.05425092387725e-03
1.25100000000000e+01	1.03476589622677e-03
1.25200000000000e+01	1.01569010813861e-03
1.25300000000000e+01	9.97041711916753e-04
1.25400000000000e+01	9.78807499339515e-04
1.25500000000000e+01	9.60959795345945e-04
1.25600000000000e+01	9.43511661256807e-04
1.25700000000000e+01	9.26460999061822e-04
1.25800000000000e+01	9.09801296115416e-04
1.25900000000000e+01	8.93521609318997e-04
1.26000000000000e+01	8.77611728743498e-04
1.26100000000000e+01	8.62059438698344e-04
1.26200000000000e+01	8.46860859032161e-04
1.26300000000000e+01	8.31997505174282e-04
1.26400000000000e+01	8.17455454258530e-04
1.26500000000000e+01	8.03233276974164e-04
1.26600000000000e+01	7.89321707679140e-04
1.26700000000000e+01	7.75699017660844e-04
1.26800000000000e+01	7.62366734726203e-04
1.26900000000000e+01	7.49317725519945e-04
1.27000000000000e+01	7.36546950442108e-04
1.27100000000000e+01	7.24053899328463e-04
1.27200000000000e+01	7.11834642061089e-04
1.27300000000000e+01	6.99878099761437e-04
1.27400000000000e+01	6.88191016154802e-04
1.27500000000000e+01	6.76768088170048e-04
1.27600000000000e+01	6.65605035654501e-04
1.27700000000000e+01	6.54693641376622e-04
1.27800000000000e+01	6.44035378976020e-04
1.27900000000000e+01	6.33612771824720e-04
1.28000000000000e+01	6.23426563274040e-04
1.28100000000000e+01	6.13464576322936e-04
1.28200000000000e+01	6.03723684048754e-04
1.28300000000000e+01	5.94188776464218e-04
1.28400000000000e+01	5.84859689924459e-04
1.28500000000000e+01	5.75730401613401e-04
1.28600000000000e+01	5.66786460152601e-04
1.28700000000000e+01	5.58032588034441e-04
1.28800000000000e+01	5.49455261187562e-04
1.28900000000000e+01	5.41054779819301e-04
1.29000000000000e+01	5.32821081279400e-04
1.29100000000000e+01	5.24755508581756e-04
1.29200000000000e+01	5.16850159349434e-04
1.29300000000000e+01	5.09105302359560e-04
1.29400000000000e+01	5.01506858497774e-04
1.29500000000000e+01	4.94060478162233e-04
1.29600000000000e+01	4.86750757462165e-04
1.29700000000000e+01	4.79587606860685e-04
1.29800000000000e+01	4.72553699424701e-04
1.29900000000000e+01	4.65655749251259e-04
1.30000000000000e+01	4.58881730747958e-04
1.30100000000000e+01	4.52237361837701e-04
1.30200000000000e+01	4.45717406508183e-04
1.30300000000000e+01	4.39320264188683e-04
1.30400000000000e+01	4.33041390543464e-04
1.30500000000000e+01	4.26879328598028e-04
1.30600000000000e+01	4.20829325518730e-04
1.30700000000000e+01	4.14885811044077e-04
1.30800000000000e+01	4.09043442856438e-04
1.30900000000000e+01	4.03299784698549e-04
1.31000000000000e+01	3.97643827711534e-04
1.31100000000000e+01	3.92078621420987e-04
1.31200000000000e+01	3.86588232052586e-04
1.31300000000000e+01	3.81174672930523e-04
1.31400000000000e+01	3.75831198369779e-04
1.31500000000000e+01	3.70557263619271e-04
1.31600000000000e+01	3.65353240419046e-04
1.31700000000000e+01	3.60214484449164e-04
1.31800000000000e+01	3.55143517884415e-04
1.31900000000000e+01	3.50144452348546e-04
1.32000000000000e+01	3.45214644597847e-04
1.32100000000000e+01	3.40354974450862e-04
1.32200000000000e+01	3.35569300870619e-04
1.32300000000000e+01	3.30855400557298e-04
1.32400000000000e+01	3.26214898259652e-04
1.32500000000000e+01	3.21642934891588e-04
1.32600000000000e+01	3.17135434811559e-04
1.32700000000000e+01	3.12697130967954e-04
1.32800000000000e+01	3.08320086361423e-04
1.32900000000000e+01	3.04004663680569e-04
1.33000000000000e+01	2.99750014739040e-04
1.33100000000000e+01	2.95552881975407e-04
1.33200000000000e+01	2.91415291339802e-04
1.33300000000000e+01	2.87334642011234e-04
1.33400000000000e+01	2.83316251130828e-04
1.33500000000000e+01	2.79358943908992e-04
1.33600000000000e+01	2.75461768958517e-04
1.33700000000000e+01	2.71627310728292e-04
1.33800000000000e+01	2.67859669139705e-04
1.33900000000000e+01	2.64155987268029e-04
1.34000000000000e+01	2.60516091283145e-04
1.34100000000000e+01	2.56940124514052e-04
1.34200000000000e+01	2.53429840392241e-04
1.34300000000000e+01	2.49979362817771e-04
1.34400000000000e+01	2.46590972352827e-04
1.34500000000000e+01	2.43262352780603e-04
1.34600000000000e+01	2.39989700082574e-04
1.34700000000000e+01	2.36771514126801e-04
1.34800000000000e+01	2.33608303840899e-04
1.34900000000000e+01	2.30495020205806e-04
1.35000000000000e+01	2.27432876706999e-04
1.35100000000000e+01	2.24414956916232e-04
1.35200000000000e+01	2.21444279784914e-04
1.35300000000000e+01	2.18516263438027e-04
1.35400000000000e+01	2.15630843824765e-04
1.35500000000000e+01	2.12782032908386e-04
1.35600000000000e+01	2.09972511989400e-04
1.35700000000000e+01	2.07197163221455e-04
1.35800000000000e+01	2.04457520472538e-04
1.35900000000000e+01	2.01747511340758e-04
1.36000000000000e+01	1.99071096942171e-04
1.36100000000000e+01	1.96423657638580e-04
1.36200000000000e+01	1.93805553821207e-04
1.36300000000000e+01	1.91215122692971e-04
1.36400000000000e+01	1.88654215957558e-04
1.36500000000000e+01	1.86122879446182e-04
1.36600000000000e+01	1.83620033127759e-04
1.36700000000000e+01	1.81147061654086e-04
1.36800000000000e+01	1.78706044968486e-04
1.36900000000000e+01	1.76297099920686e-04
1.37000000000000e+01	1.73920512331425e-04
1.37100000000000e+01	1.71578784822027e-04
1.37200000000000e+01	1.69272440234976e-04
1.37300000000000e+01	1.67005902867635e-04
1.37400000000000e+01	1.64776254138786e-04
1.37500000000000e+01	1.62588672795362e-04
1.37600000000000e+01	1.60441519601134e-04
1.37700000000000e+01	1.58334772318165e-04
1.37800000000000e+01	1.56269964414212e-04
1.37900000000000e+01	1.54244684690038e-04
1.38000000000000e+01	1.52261410322635e-04
1.38100000000000e+01	1.50315462830304e-04
1.38200000000000e+01	1.48406803537077e-04
1.38300000000000e+01	1.46533053036126e-04
1.38400000000000e+01	1.44693490899378e-04
1.38500000000000e+01	1.42886879289046e-04
1.38600000000000e+01	1.41109256133757e-04
1.38700000000000e+01	1.39360186552269e-04
1.38800000000000e+01	1.37640153075728e-04
1.38900000000000e+01	1.35944704567382e-04
1.39000000000000e+01	1.34273101382674e-04
1.39100000000000e+01	1.32626653798519e-04
1.39200000000000e+01	1.31001810525272e-04
1.39300000000000e+01	1.29398786552231e-04
1.39400000000000e+01	1.27816956285491e-04
1.39500000000000e+01	1.26255900326208e-04
1.39600000000000e+01	1.24713301490238e-04
1.39700000000000e+01	1.23189958435839e-04
1.39800000000000e+01	1.21685742640158e-04
1.39900000000000e+01	1.20199208953786e-04
1.40000000000000e+01	1.18732006203099e-04
1.40100000000000e+01	1.17281928325577e-04
1.40200000000000e+01	1.15849789429796e-04
1.40300000000000e+01	1.14436213454786e-04
1.40400000000000e+01	1.13042453225132e-04
1.40500000000000e+01	1.11667023145736e-04
1.40600000000000e+01	1.10310820198040e-04
1.40700000000000e+01	1.08974827742389e-04
1.40800000000000e+01	1.07658615986109e-04
1.40900000000000e+01	1.06361832437254e-04
1.41000000000000e+01	1.05084962905773e-04
1.41100000000000e+01	1.03827416150775e-04
1.41200000000000e+01	1.02589017780932e-04
1.41300000000000e+01	1.01368941487906e-04
1.41400000000000e+01	1.00166785059053e-04
1.41500000000000e+01	9.89799289597892e-05
1.41600000000000e+01	9.78092974120261e-05
1.41700000000000e+01	9.66519790381862e-05
1.41800000000000e+01	9.55082254313563e-05
1.41900000000000e+01	9.43769861315103e-05
1.42000000000000e+01	9.32568210366910e-05
1.42100000000000e+01	9.21481643220113e-05
1.42200000000000e+01	9.10518506340908e-05
1.42300000000000e+01	8.99662261962297e-05
1.42400000000000e+01	8.88925661915388e-05
1.42500000000000e+01	8.78314094621598e-05
1.42600000000000e+01	8.67818940264049e-05
1.42700000000000e+01	8.57462093863262e-05
1.42800000000000e+01	8.47251875807850e-05
1.42900000000000e+01	8.37172604819178e-05
1.43000000000000e+01	8.27241312435620e-05
1.43100000000000e+01	8.17455861741346e-05
1.43200000000000e+01	8.07804379007796e-05
1.43300000000000e+01	7.98301561928080e-05
1.43400000000000e+01	7.88936348840286e-05
1.43500000000000e+01	7.79712848248726e-05
1.43600000000000e+01	7.70619491384309e-05
1.43700000000000e+01	7.61645111292085e-05
1.43800000000000e+01	7.52805582576320e-05
1.43900000000000e+01	7.44092859699508e-05
1.44000000000000e+01	7.35508240894932e-05
1.44100000000000e+01	7.27038503454632e-05
1.44200000000000e+01	7.18696222455570e-05
1.44300000000000e+01	7.10470276687950e-05
1.44400000000000e+01	7.02376084304756e-05
1.44500000000000e+01	6.94394308089326e-05
1.44600000000000e+01	6.86538208429508e-05
1.44700000000000e+01	6.78798884580845e-05
1.44800000000000e+01	6.71171708335315e-05
1.44900000000000e+01	6.63661849447625e-05
1.45000000000000e+01	6.56263109803182e-05
1.45100000000000e+01	6.48978063928310e-05
1.45200000000000e+01	6.41794827030374e-05
1.45300000000000e+01	6.34715915794227e-05
1.45400000000000e+01	6.27742397789938e-05
1.45500000000000e+01	6.20859756579499e-05
1.45600000000000e+01	6.14073335806246e-05
1.45700000000000e+01	6.07380151777727e-05
1.45800000000000e+01	6.00766183070756e-05
1.45900000000000e+01	5.94251387378964e-05
1.46000000000000e+01	5.87813170694972e-05
1.46100000000000e+01	5.81450404356358e-05
1.46200000000000e+01	5.75174758381890e-05
1.46300000000000e+01	5.68964390908270e-05
1.46400000000000e+01	5.62834735622625e-05
1.46500000000000e+01	5.56784622225177e-05
1.46600000000000e+01	5.50800326347320e-05
1.46700000000000e+01	5.44892633271097e-05
1.46800000000000e+01	5.39060481473879e-05
1.46900000000000e+01	5.33304612798168e-05
1.47000000000000e+01	5.27624666326990e-05
1.47100000000000e+01	5.22017482644000e-05
1.47200000000000e+01	5.16481560440923e-05
1.47300000000000e+01	5.11023357459642e-05
1.47400000000000e+01	5.05641897317167e-05
1.47500000000000e+01	5.00331793946556e-05
1.47600000000000e+01	4.95094776433654e-05
1.47700000000000e+01	4.89929462123707e-05
1.47800000000000e+01	4.84826082074896e-05
1.47900000000000e+01	4.79790456098350e-05
1.48000000000000e+01	4.74814278807334e-05
1.48100000000000e+01	4.69892768875123e-05
1.48200000000000e+01	4.65035706626646e-05
1.48300000000000e+01	4.60224229418530e-05
1.48400000000000e+01	4.55463619798563e-05
1.48500000000000e+01	4.50755808043534e-05
1.48600000000000e+01	4.46093032431308e-05
1.48700000000000e+01	4.41475262391986e-05
1.48800000000000e+01	4.36901869869581e-05
1.48900000000000e+01	4.32368222798094e-05
1.49000000000000e+01	4.27886670689129e-05
1.49100000000000e+01	4.23442375638014e-05
1.49200000000000e+01	4.19044863198412e-05
1.49300000000000e+01	4.14690213670628e-05
1.49400000000000e+01	4.10381592466576e-05
1.49500000000000e+01	4.06117363168421e-05
1.49600000000000e+01	4.01902410863301e-05
1.49700000000000e+01	3.97734367714766e-05
1.49800000000000e+01	3.93615855495711e-05
1.49900000000000e+01	3.89549646501183e-05
1.50000000000000e+01	3.85528851277808e-05
1.50100000000000e+01	3.81565265608793e-05
1.50200000000000e+01	3.77644394240454e-05
1.50300000000000e+01	3.73779141460101e-05
1.50400000000000e+01	3.69964475955753e-05
1.50500000000000e+01	3.66196343195309e-05
1.50600000000000e+01	3.62478114486629e-05
1.50700000000000e+01	3.58804675168207e-05
1.50800000000000e+01	3.55174236661514e-05
1.50900000000000e+01	3.51589949161963e-05
1.51000000000000e+01	3.48042997797610e-05
1.51100000000000e+01	3.44537079888681e-05
1.51200000000000e+01	3.41072058149251e-05
1.51300000000000e+01	3.37636872294300e-05
1.51400000000000e+01	3.34241690194951e-05
1.51500000000000e+01	3.30877766404660e-05
1.51600000000000e+01	3.27544553970676e-05
1.51700000000000e+01	3.24244880065729e-05
1.51800000000000e+01	3.20980394615250e-05
1.51900000000000e+01	3.17746284798135e-05
1.52000000000000e+01	3.14545265481294e-05
1.52100000000000e+01	3.11376984857488e-05
1.52200000000000e+01	3.08247303867569e-05
1.52300000000000e+01	3.05148918604236e-05
1.52400000000000e+01	3.02081202296149e-05
1.52500000000000e+01	2.99047882037361e-05
1.52600000000000e+01	2.96044618409382e-05
1.52700000000000e+01	2.93069222261556e-05
1.52800000000000e+01	2.90121392857808e-05
1.52900000000000e+01	2.87192452760430e-05
1.53000000000000e+01	2.84281079473571e-05
1.53100000000000e+01	2.81381254207625e-05
1.53200000000000e+01	2.78493029612966e-05
1.53300000000000e+01	2.75611734415726e-05
1.53400000000000e+01	2.72727513489586e-05
1.53500000000000e+01	2.69842988078013e-05
1.53600000000000e+01	2.66958046535576e-05
1.53700000000000e+01	2.64065209730444e-05
1.53800000000000e+01	2.61165505794838e-05
1.53900000000000e+01	2.58261557960999e-05
1.54000000000000e+01	2.55352310116397e-05
1.54100000000000e+01	2.52444370332795e-05
1.54200000000000e+01	2.49537317736172e-05
1.54300000000000e+01	2.46638125638661e-05
1.54400000000000e+01	2.43751095580112e-05
1.54500000000000e+01	2.40883599371306e-05
1.54600000000000e+01	2.38040190918587e-05
1.54700000000000e+01	2.35235806429340e-05
1.54800000000000e+01	2.32469413896776e-05
1.54900000000000e+01	2.29753562880002e-05
1.55000000000000e+01	2.27092988386932e-05
1.55100000000000e+01	2.24497977292369e-05
1.55200000000000e+01	2.21972950339403e-05
1.55300000000000e+01	2.19522896215798e-05
1.55400000000000e+01	2.17144146654147e-05
1.55500000000000e+01	2.14844658758022e-05
1.55600000000000e+01	2.12617535063058e-05
1.55700000000000e+01	2.10461614579528e-05
1.55800000000000e+01	2.08377230586124e-05
1.55900000000000e+01	2.06353512368871e-05
1.56000000000000e+01	2.04383924409374e-05
1.56100000000000e+01	2.02466979639433e-05
1.56200000000000e+01	2.00591593884432e-05
1.56300000000000e+01	1.98755379187948e-05
1.56400000000000e+01	1.96948606303923e-05
1.56500000000000e+01	1.95166732206283e-05
1.56600000000000e+01	1.93403334365434e-05
1.56700000000000e+01	1.91655986368486e-05
1.56800000000000e+01	1.89918653158819e-05
1.56900000000000e+01	1.88191007847437e-05
1.57000000000000e+01	1.86467691479850e-05
1.57100000000000e+01	1.84746107632375e-05
1.57200000000000e+01	1.83028795879567e-05
1.57300000000000e+01	1.81312670553733e-05
1.57400000000000e+01	1.79597848347056e-05
1.57500000000000e+01	1.77886149289068e-05
1.57600000000000e+01	1.76177068616792e-05
1.57700000000000e+01	1.74471802980666e-05
1.57800000000000e+01	1.72773353229227e-05
1.57900000000000e+01	1.71087479121998e-05
1.58000000000000e+01	1.69411470203383e-05
1.58100000000000e+01	1.67751933045826e-05
1.58200000000000e+01	1.66109863057341e-05
1.58300000000000e+01	1.64490582421257e-05
1.58400000000000e+01	1.62896154616725e-05
1.58500000000000e+01	1.61327127056617e-05
1.58600000000000e+01	1.59789263216711e-05
1.58700000000000e+01	1.58279526741322e-05
1.58800000000000e+01	1.56800082842955e-05
1.58900000000000e+01	1.55354074343604e-05
1.59000000000000e+01	1.53937438790449e-05
1.59100000000000e+01	1.52551560510809e-05
1.59200000000000e+01	1.51193384633519e-05
1.59300000000000e+01	1.49861104197880e-05
1.59400000000000e+01	1.48554579839962e-05
1.59500000000000e+01	1.47268789174539e-05
1.59600000000000e+01	1.46001160304917e-05
1.59700000000000e+01	1.44752668713382e-05
1.59800000000000e+01	1.43519492663595e-05
1.59900000000000e+01	1.42296873291623e-05
1.60000000000000e+01	1.41089457929617e-05
1.60100000000000e+01	1.39891160278301e-05
1.60200000000000e+01	1.38703676414548e-05
1.60300000000000e+01	1.37525432162530e-05
1.60400000000000e+01	1.36356826172416e-05
1.60500000000000e+01	1.35196913085629e-05
1.60600000000000e+01	1.34046906091703e-05
1.60700000000000e+01	1.32904003573416e-05
1.60800000000000e+01	1.31768319233910e-05
1.60900000000000e+01	1.30643287054338e-05
1.61000000000000e+01	1.29527460299966e-05
1.61100000000000e+01	1.28418855735118e-05
1.61200000000000e+01	1.27320474817163e-05
1.61300000000000e+01	1.26229362753322e-05
1.61400000000000e+01	1.25150039705234e-05
1.61500000000000e+01	1.24079963820758e-05
1.61600000000000e+01	1.23018141070906e-05
1.61700000000000e+01	1.21967279601842e-05
1.61800000000000e+01	1.20926356572285e-05
1.61900000000000e+01	1.19898188814286e-05
1.62000000000000e+01	1.18879244117441e-05
1.62100000000000e+01	1.17875192744155e-05
1.62200000000000e+01	1.16882365503192e-05
1.62300000000000e+01	1.15902734726499e-05
1.62400000000000e+01	1.14937943888644e-05
1.62500000000000e+01	1.13987332522018e-05
1.62600000000000e+01	1.13049986079698e-05
1.62700000000000e+01	1.12126554865550e-05
1.62800000000000e+01	1.11217377360681e-05
1.62900000000000e+01	1.10321232040870e-05
1.63000000000000e+01	1.09437725890733e-05
1.63100000000000e+01	1.08563642337763e-05
1.63200000000000e+01	1.07701586961789e-05
1.63300000000000e+01	1.06846100290696e-05
1.63400000000000e+01	1.05997614945401e-05
1.63500000000000e+01	1.05155443311311e-05
1.63600000000000e+01	1.04316320105563e-05
1.63700000000000e+01	1.03478628418759e-05
1.63800000000000e+01	1.02643126360176e-05
1.63900000000000e+01	1.01804674830124e-05
1.64000000000000e+01	1.00965202536250e-05
1.64100000000000e+01	1.00122658457050e-05
1.64200000000000e+01	9.92768670146356e-06
1.64300000000000e+01	9.84269880326949e-06
1.64400000000000e+01	9.75737556261443e-06
1.64500000000000e+01	9.67160718993848e-06
1.64600000000000e+01	9.58567853678446e-06
1.64700000000000e+01	9.49968762047013e-06
1.64800000000000e+01	9.41363466091797e-06
1.64900000000000e+01	9.32799535291691e-06
1.65000000000000e+01	9.24285447171299e-06
1.65100000000000e+01	9.15813276742187e-06
1.65200000000000e+01	9.07429184989705e-06
1.65300000000000e+01	8.99142964460916e-06
1.65400000000000e+01	8.90964736776712e-06
1.65500000000000e+01	8.82906963893101e-06
1.65600000000000e+01	8.74980319331674e-06
1.65700000000000e+01	8.67178150486800e-06
1.65800000000000e+01	8.59516655341409e-06
1.65900000000000e+01	8.51995385648700e-06
1.66000000000000e+01	8.44630986863008e-06
1.66100000000000e+01	8.37384680969157e-06
1.66200000000000e+01	8.30287594300203e-06
1.66300000000000e+01	8.23317368680366e-06
1.66400000000000e+01	8.16483862115641e-06
1.66500000000000e+01	8.09770462359931e-06
1.66600000000000e+01	8.03186514812227e-06
1.66700000000000e+01	7.96716057484496e-06
1.66800000000000e+01	7.90368781597459e-06
1.66900000000000e+01	7.84117210532408e-06
1.67000000000000e+01	7.77970319116783e-06
1.67100000000000e+01	7.71914257465797e-06
1.67200000000000e+01	7.65958228375613e-06
1.67300000000000e+01	7.60075639857216e-06
1.67400000000000e+01	7.54265212879372e-06
1.67500000000000e+01	7.48526333849795e-06
1.67600000000000e+01	7.42844545175107e-06
1.67700000000000e+01	7.37207789767901e-06
1.67800000000000e+01	7.31615989287125e-06
1.67900000000000e+01	7.26069241078800e-06
1.68000000000000e+01	7.20544665073503e-06
1.68100000000000e+01	7.15042529756268e-06
1.68200000000000e+01	7.09576303387106e-06
1.68300000000000e+01	7.04120652673005e-06
1.68400000000000e+01	6.98683760970944e-06
1.68500000000000e+01	6.93269676095252e-06
1.68600000000000e+01	6.87877606589800e-06
1.68700000000000e+01	6.82500015753478e-06
1.68800000000000e+01	6.77152869462354e-06
1.68900000000000e+01	6.71826061473985e-06
1.69000000000000e+01	6.66540988061809e-06
1.69100000000000e+01	6.61276300283428e-06
1.69200000000000e+01	6.56039678803296e-06
1.69300000000000e+01	6.50838729921413e-06
1.69400000000000e+01	6.45676489854903e-06
1.69500000000000e+01	6.40537197919416e-06
1.69600000000000e+01	6.35441208186087e-06
1.69700000000000e+01	6.30377979673683e-06
1.69800000000000e+01	6.25360578928428e-06
1.69900000000000e+01	6.20384185118250e-06
1.70000000000000e+01	6.15452487639610e-06
1.70100000000000e+01	6.10588679535680e-06
1.70200000000000e+01	6.05783086861482e-06
1.70300000000000e+01	6.01043821282563e-06
1.70400000000000e+01	5.96372410419180e-06
1.70500000000000e+01	5.91783667125588e-06
1.70600000000000e+01	5.87269875274109e-06
1.70700000000000e+01	5.82837328401632e-06
1.70800000000000e+01	5.78480447035929e-06
1.70900000000000e+01	5.74200602329473e-06
1.71000000000000e+01	5.69998547490777e-06
1.71100000000000e+01	5.65871811269914e-06
1.71200000000000e+01	5.61796514614446e-06
1.71300000000000e+01	5.57787911260665e-06
1.71400000000000e+01	5.53837884863496e-06
1.71500000000000e+01	5.49936161098584e-06
1.71600000000000e+01	5.46075703075572e-06
1.71700000000000e+01	5.42269506319902e-06
1.71800000000000e+01	5.38487991276344e-06
1.71900000000000e+01	5.34760103050542e-06
1.72000000000000e+01	5.31059712437682e-06
1.72100000000000e+01	5.27400660941840e-06
1.72200000000000e+01	5.23778038173748e-06
1.72300000000000e+01	5.20177033120191e-06
1.72400000000000e+01	5.16624248702691e-06
1.72500000000000e+01	5.13090196929782e-06
1.72600000000000e+01	5.09597540157001e-06
1.72700000000000e+01	5.06129105310360e-06
1.72800000000000e+01	5.02692284475988e-06
1.72900000000000e+01	4.99282170153408e-06
1.73000000000000e+01	4.95897116385330e-06
1.73100000000000e+01	4.92543542720588e-06
1.73200000000000e+01	4.89213030252569e-06
1.73300000000000e+01	4.85904187201654e-06
1.73400000000000e+01	4.82613088007546e-06
1.73500000000000e+01	4.79349342419838e-06
1.73600000000000e+01	4.76102629539579e-06
1.73700000000000e+01	4.72875234170707e-06
1.73800000000000e+01	4.69664312901331e-06
1.73900000000000e+01	4.66473422875714e-06
1.74000000000000e+01	4.63310335207967e-06
1.74100000000000e+01	4.60155988358654e-06
1.74200000000000e+01	4.57021013597564e-06
1.74300000000000e+01	4.53903196915073e-06
1.74400000000000e+01	4.50812846921440e-06
1.74500000000000e+01	4.47730583709820e-06
1.74600000000000e+01	4.44676077655920e-06
1.74700000000000e+01	4.41637528696040e-06
1.74800000000000e+01	4.38617488142488e-06
1.74900000000000e+01	4.35608959065563e-06
1.75000000000000e+01	4.32623225862222e-06
1.75100000000000e+01	4.29653314412488e-06
1.75200000000000e+01	4.26693318490767e-06
1.75300000000000e+01	4.23744461932035e-06
1.75400000000000e+01	4.20803072835274e-06
1.75500000000000e+01	4.17877759218805e-06
1.75600000000000e+01	4.14955964860303e-06
1.75700000000000e+01	4.12045862340093e-06
1.75800000000000e+01	4.09137677405530e-06
1.75900000000000e+01	4.06240261267548e-06
1.76000000000000e+01	4.03347929561910e-06
1.76100000000000e+01	4.00476826230186e-06
1.76200000000000e+01	3.97607171206152e-06
1.76300000000000e+01	3.94761781876034e-06
1.76400000000000e+01	3.91925181964478e-06
1.76500000000000e+01	3.89110328748989e-06
1.76600000000000e+01	3.86323682455868e-06
1.76700000000000e+01	3.83555138049411e-06
1.76800000000000e+01	3.80813955215668e-06
1.76900000000000e+01	3.78101886814951e-06
1.77000000000000e+01	3.75411879733482e-06
1.77100000000000e+01	3.72749241977622e-06
1.77200000000000e+01	3.70111137491053e-06
1.77300000000000e+01	3.67498113490180e-06
1.77400000000000e+01	3.64913663669606e-06
1.77500000000000e+01	3.62343466285247e-06
1.77600000000000e+01	3.59802793748777e-06
1.77700000000000e+01	3.57276230946989e-06
1.77800000000000e+01	3.54769908115608e-06
1.77900000000000e+01	3.52285918312873e-06
1.78000000000000e+01	3.49808846029858e-06
1.78100000000000e+01	3.47353413894595e-06
1.78200000000000e+01	3.44912156568309e-06
1.78300000000000e+01	3.42477509300721e-06
1.78400000000000e+01	3.40058466761222e-06
1.78500000000000e+01	3.37653350312992e-06
1.78600000000000e+01	3.35261698821555e-06
1.78700000000000e+01	3.32880290921618e-06
1.78800000000000e+01	3.30506014139947e-06
1.78900000000000e+01	3.28145279099667e-06
1.79000000000000e+01	3.25800702346633e-06
1.79100000000000e+01	3.23463684569927e-06
1.79200000000000e+01	3.21134286465148e-06
1.79300000000000e+01	3.18818344795103e-06
1.79400000000000e+01	3.16506160182936e-06
1.79500000000000e+01	3.14204720767074e-06
1.79600000000000e+01	3.11903109637384e-06
1.79700000000000e+01	3.09613177224119e-06
1.79800000000000e+01	3.07320892542992e-06
1.79900000000000e+01	3.05039151196861e-06
1.80000000000000e+01	3.02764732012572e-06
1.80100000000000e+01	3.00508147542956e-06
1.80200000000000e+01	2.98258091729953e-06
1.80300000000000e+01	2.96034131674731e-06
1.80400000000000e+01	2.93832154759249e-06
1.80500000000000e+01	2.91661656158997e-06
1.80600000000000e+01	2.89521549355332e-06
1.80700000000000e+01	2.87424035472880e-06
1.80800000000000e+01	2.85365653137151e-06
1.80900000000000e+01	2.83349102159532e-06
1.81000000000000e+01	2.81372032155163e-06
1.81100000000000e+01	2.79441290220763e-06
1.81200000000000e+01	2.77550644055990e-06
1.81300000000000e+01	2.75697920883529e-06
1.81400000000000e+01	2.73874161486950e-06
1.81500000000000e+01	2.72086230990725e-06
1.81600000000000e+01	2.70318707633217e-06
1.81700000000000e+01	2.68579838945824e-06
1.81800000000000e+01	2.66852490188836e-06
1.81900000000000e+01	2.65145991423523e-06
1.82000000000000e+01	2.63452660552544e-06
1.82100000000000e+01	2.61763164409300e-06
1.82200000000000e+01	2.60086662287128e-06
1.82300000000000e+01	2.58416219272242e-06
1.82400000000000e+01	2.56747721110337e-06
1.82500000000000e+01	2.55082536539529e-06
1.82600000000000e+01	2.53417847267865e-06
1.82700000000000e+01	2.51757674133598e-06
1.82800000000000e+01	2.50095536549879e-06
1.82900000000000e+01	2.48432351087977e-06
1.83000000000000e+01	2.46777911838336e-06
1.83100000000000e+01	2.45117950753993e-06
1.83200000000000e+01	2.43468561204253e-06
1.83300000000000e+01	2.41821821423470e-06
1.83400000000000e+01	2.40180174556856e-06
1.83500000000000e+01	2.38549250672544e-06
1.83600000000000e+01	2.36930341352513e-06
1.83700000000000e+01	2.35323099385093e-06
1.83800000000000e+01	2.33731839356890e-06
1.83900000000000e+01	2.32160319211031e-06
1.84000000000000e+01	2.30607469779014e-06
1.84100000000000e+01	2.29079560138583e-06
1.84200000000000e+01	2.27576561509533e-06
1.84300000000000e+01	2.26101075673783e-06
1.84400000000000e+01	2.24653071634380e-06
1.84500000000000e+01	2.23234596437410e-06
1.84600000000000e+01	2.21844425842652e-06
1.84700000000000e+01	2.20484722528094e-06
1.84800000000000e+01	2.19151021950247e-06
1.84900000000000e+01	2.17844346459437e-06
1.85000000000000e+01	2.16561665140535e-06
1.85100000000000e+01	2.15298677392937e-06
1.85200000000000e+01	2.14055644574973e-06
1.85300000000000e+01	2.12829200682201e-06
1.85400000000000e+01	2.11615981365461e-06
1.85500000000000e+01	2.10413433829134e-06
1.85600000000000e+01	2.09218777149274e-06
1.85700000000000e+01	2.08031033951719e-06
1.85800000000000e+01	2.06849485177898e-06
1.85900000000000e+01	2.05668839620143e-06
1.86000000000000e+01	2.04490218091731e-06
1.86100000000000e+01	2.03314383327505e-06
1.86200000000000e+01	2.02137885856319e-06
1.86300000000000e+01	2.00963374478196e-06
1.86400000000000e+01	1.99788078283797e-06
1.86500000000000e+01	1.98615571562533e-06
1.86600000000000e+01	1.97445189550306e-06
1.86700000000000e+01	1.96275592225368e-06
1.86800000000000e+01	1.95110524060951e-06
1.86900000000000e+01	1.93948866262862e-06
1.87000000000000e+01	1.92792258499972e-06
1.87100000000000e+01	1.91639195479033e-06
1.87200000000000e+01	1.90492580586265e-06
1.87300000000000e+01	1.89351821215475e-06
1.87400000000000e+01	1.88216525893729e-06
1.87500000000000e+01	1.87087233218952e-06
1.87600000000000e+01	1.85961801889266e-06
1.87700000000000e+01	1.84843342223480e-06
1.87800000000000e+01	1.83730027472927e-06
1.87900000000000e+01	1.82621184194575e-06
1.88000000000000e+01	1.81517074110357e-06
1.88100000000000e+01	1.80415644017609e-06
1.88200000000000e+01	1.79318774606266e-06
1.88300000000000e+01	1.78225050813751e-06
1.88400000000000e+01	1.77133577723995e-06
1.88500000000000e+01	1.76043019715281e-06
1.88600000000000e+01	1.74955281804298e-06
1.88700000000000e+01	1.73867888335749e-06
1.88800000000000e+01	1.72779877859402e-06
1.88900000000000e+01	1.71693242775575e-06
1.89000000000000e+01	1.70604568623827e-06
1.89100000000000e+01	1.69516181100271e-06
1.89200000000000e+01	1.68425923967798e-06
1.89300000000000e+01	1.67336155434387e-06
1.89400000000000e+01	1.66244770486947e-06
1.89500000000000e+01	1.65153650867111e-06
1.89600000000000e+01	1.64064923219366e-06
1.89700000000000e+01	1.62976454999245e-06
1.89800000000000e+01	1.61891131638024e-06
1.89900000000000e+01	1.60810696359433e-06
1.90000000000000e+01	1.59735426751540e-06
1.90100000000000e+01	1.58666901171224e-06
1.90200000000000e+01	1.57605773486743e-06
1.90300000000000e+01	1.56552082553529e-06
1.90400000000000e+01	1.55504869448972e-06
1.90500000000000e+01	1.54465575463979e-06
1.90600000000000e+01	1.53430706503451e-06
1.90700000000000e+01	1.52401048955274e-06
1.90800000000000e+01	1.51373107037369e-06
1.90900000000000e+01	1.50345688256208e-06
1.91000000000000e+01	1.49319074608889e-06
1.91100000000000e+01	1.48290572235390e-06
1.91200000000000e+01	1.47261264144866e-06
1.91300000000000e+01	1.46231913264399e-06
1.91400000000000e+01	1.45207078419866e-06
1.91500000000000e+01	1.44188848425980e-06
1.91600000000000e+01	1.43180864295093e-06
1.91700000000000e+01	1.42189488462845e-06
1.91800000000000e+01	1.41216549974278e-06
1.91900000000000e+01	1.40268296327229e-06
1.92000000000000e+01	1.39347515438366e-06
1.92100000000000e+01	1.38455814042360e-06
1.92200000000000e+01	1.37595138680545e-06
1.92300000000000e+01	1.36763358965212e-06
1.92400000000000e+01	1.35961829143554e-06
1.92500000000000e+01	1.35185082641173e-06
1.92600000000000e+01	1.34433081349213e-06
1.92700000000000e+01	1.33699591317756e-06
1.92800000000000e+01	1.32982442633167e-06
1.92900000000000e+01	1.32276715653416e-06
1.93000000000000e+01	1.31581713777181e-06
1.93100000000000e+01	1.30892421827595e-06
1.93200000000000e+01	1.30209056195270e-06
1.93300000000000e+01	1.29527950828156e-06
1.93400000000000e+01	1.28848778384682e-06
1.93500000000000e+01	1.28171032442296e-06
1.93600000000000e+01	1.27493753299633e-06
1.93700000000000e+01	1.26815581141361e-06
1.93800000000000e+01	1.26137980843924e-06
1.93900000000000e+01	1.25461689970068e-06
1.94000000000000e+01	1.24784236471376e-06
1.94100000000000e+01	1.24106411058425e-06
1.94200000000000e+01	1.23429749070134e-06
1.94300000000000e+01	1.22753499896440e-06
1.94400000000000e+01	1.22076461294262e-06
1.94500000000000e+01	1.21399985259976e-06
1.94600000000000e+01	1.20723701250170e-06
1.94700000000000e+01	1.20047289455561e-06
1.94800000000000e+01	1.19372225828347e-06
1.94900000000000e+01	1.18696502719189e-06
1.95000000000000e+01	1.18021643903231e-06
1.95100000000000e+01	1.17347277104255e-06
1.95200000000000e+01	1.16673886391564e-06
1.95300000000000e+01	1.16000894357308e-06
1.95400000000000e+01	1.15327366677457e-06
1.95500000000000e+01	1.14654603896555e-06
1.95600000000000e+01	1.13983107265347e-06
1.95700000000000e+01	1.13311112040479e-06
1.95800000000000e+01	1.12642150882970e-06
1.95900000000000e+01	1.11973257993038e-06
1.96000000000000e+01	1.11306311996692e-06
1.96100000000000e+01	1.10641969793985e-06
1.96200000000000e+01	1.09979272263354e-06
1.96300000000000e+01	1.09320976393654e-06
1.96400000000000e+01	1.08664716200898e-06
1.96500000000000e+01	1.08012439707355e-06
1.96600000000000e+01	1.07362936458435e-06
1.96700000000000e+01	1.06718457740256e-06
1.96800000000000e+01	1.06077224087123e-06
1.96900000000000e+01	1.05439928342600e-06
1.97000000000000e+01	1.04813080543688e-06
1.97100000000000e+01	1.04190908427714e-06
1.97200000000000e+01	1.03579127939357e-06
1.97300000000000e+01	1.02984250633612e-06
1.97400000000000e+01	1.02416778534491e-06
1.97500000000000e+01	1.01896430952343e-06
1.97600000000000e+01	1.01453477151190e-06
1.97700000000000e+01	1.01137825091272e-06
1.97800000000000e+01	1.01028108802546e-06
1.97900000000000e+01	1.01241850977642e-06
1.98000000000000e+01	1.01954933162785e-06
1.98100000000000e+01	1.03416026630953e-06
1.98200000000000e+01	1.05980302441659e-06
1.98300000000000e+01	1.10141727996828e-06
1.98400000000000e+01	1.16586447203189e-06
1.98500000000000e+01	1.26265205509983e-06
1.98600000000000e+01	1.40511151869008e-06
1.98700000000000e+01	1.61207238456867e-06
1.98800000000000e+01	1.91035798481855e-06
1.98900000000000e+01	2.33853802320418e-06
1.99000000000000e+01	2.95226610246858e-06
1.99100000000000e+01	3.83218972190609e-06
1.99200000000000e+01	5.09567669541679e-06
1.99300000000000e+01	6.91455430380749e-06
1.99400000000000e+01	9.54321220870565e-06
1.99500000000000e+01	1.33633769729163e-05
1.99600000000000e+01	1.89595324677623e-05
1.99700000000000e+01	2.72500116715192e-05
1.99800000000000e+01	3.97234117951810e-05
1.99900000000000e+01	5.88906166011936e-05
2.00000000000000e+01	8.91955297849104e-05
