1.00000000000000e-02	8.26764070946860e+15
2.00000000000000e-02	5.16769647670005e+14
3.00000000000000e-02	1.02090387517883e+14
4.00000000000000e-02	3.23077324095328e+13
5.00000000000000e-02	1.32363017064352e+13
6.00000000000000e-02	6.38497734713261e+12
7.00000000000000e-02	3.44757589434936e+12
8.00000000000000e-02	2.02167304670043e+12
9.00000000000000e-02	1.26266429901278e+12
1.00000000000000e-01	8.28826571552619e+11
1.10000000000000e-01	5.66397628053704e+11
1.20000000000000e-01	4.00146238790422e+11
1.30000000000000e-01	2.90699437925804e+11
1.40000000000000e-01	2.16273811821177e+11
1.50000000000000e-01	1.64236633247542e+11
1.60000000000000e-01	1.26968672759128e+11
1.70000000000000e-01	9.97118923013063e+10
1.80000000000000e-01	7.94034476354233e+10
1.90000000000000e-01	6.40211635343584e+10
2.00000000000000e-01	5.21973343956207e+10
2.10000000000000e-01	4.29874934140547e+10
2.20000000000000e-01	3.57282616043795e+10
2.30000000000000e-01	2.99426111509240e+10
2.40000000000000e-01	2.52862739091140e+10
2.50000000000000e-01	2.15038434421300e+10
2.60000000000000e-01	1.84057591374430e+10
2.70000000000000e-01	1.58483025892024e+10
2.80000000000000e-01	1.37224664746999e+10
2.90000000000000e-01	1.19430646910314e+10
3.00000000000000e-01	1.04445499010797e+10
3.10000000000000e-01	9.17527914633990e+09
3.20000000000000e-01	8.09438616110412e+09
3.30000000000000e-01	7.16917469601505e+09
3.40000000000000e-01	6.37346403480825e+09
3.50000000000000e-01	5.68609542088800e+09
3.60000000000000e-01	5.08975083546747e+09
3.70000000000000e-01	4.57028877641277e+09
3.80000000000000e-01	4.11612972569806e+09
3.90000000000000e-01	3.71755740486355e+09
4.00000000000000e-01	3.36668521103273e+09
4.10000000000000e-01	3.05669224915455e+09
4.20000000000000e-01	2.78207675064850e+09
4.30000000000000e-01	2.53802143585191e+09
4.40000000000000e-01	2.32058713873906e+09
4.50000000000000e-01	2.12626489950948e+09
4.60000000000000e-01	1.95219562577344e+09
4.70000000000000e-01	1.79587816071500e+09
4.80000000000000e-01	1.65521603813246e+09
4.90000000000000e-01	1.52832281975658e+09
5.00000000000000e-01	1.41358108989861e+09
5.10000000000000e-01	1.30964977487908e+09
5.20000000000000e-01	1.21533601176697e+09
5.30000000000000e-01	1.12953342516287e+09
5.40000000000000e-01	1.05138274848880e+09
5.50000000000000e-01	9.80060285363527e+08
5.60000000000000e-01	9.14835160385503e+08
5.70000000000000e-01	8.55098756941063e+08
5.80000000000000e-01	8.00337139296154e+08
5.90000000000000e-01	7.50020527018661e+08
6.00000000000000e-01	7.03729881987216e+08
6.10000000000000e-01	6.61076836674478e+08
6.20000000000000e-01	6.21730626786011e+08
6.30000000000000e-01	5.85387314063096e+08
6.40000000000000e-01	5.51783149568425e+08
6.50000000000000e-01	5.20651359844532e+08
6.60000000000000e-01	4.91783209751642e+08
6.70000000000000e-01	4.64973063640292e+08
6.80000000000000e-01	4.40071273032264e+08
6.90000000000000e-01	4.16902015233649e+08
7.00000000000000e-01	3.95321367892350e+08
7.10000000000000e-01	3.75197723552609e+08
7.20000000000000e-01	3.56415483672421e+08
7.30000000000000e-01	3.38873259962077e+08
7.40000000000000e-01	3.22462772114817e+08
7.50000000000000e-01	3.07109624974011e+08
7.60000000000000e-01	2.92721658466160e+08
7.70000000000000e-01	2.79235603721181e+08
7.80000000000000e-01	2.66575649757379e+08
7.90000000000000e-01	2.54690301941384e+08
8.00000000000000e-01	2.43518579041212e+08
8.10000000000000e-01	2.33004882435738e+08
8.20000000000000e-01	2.23113945126998e+08
8.30000000000000e-01	2.13795111442145e+08
8.40000000000000e-01	2.05015301853248e+08
8.50000000000000e-01	1.96727854201387e+08
8.60000000000000e-01	1.88909964290976e+08
8.70000000000000e-01	1.81521997490430e+08
8.80000000000000e-01	1.74540554771620e+08
8.90000000000000e-01	1.67941351739583e+08
9.00000000000000e-01	1.61695910482146e+08
9.10000000000000e-01	1.55782123796394e+08
9.20000000000000e-01	1.50184750707918e+08
9.30000000000000e-01	1.44879576936706e+08
9.40000000000000e-01	1.39852600804823e+08
9.50000000000000e-01	1.35081765889359e+08
9.60000000000000e-01	1.30557333663721e+08
9.70000000000000e-01	1.26263168346734e+08
9.80000000000000e-01	1.22187668573843e+08
9.90000000000000e-01	1.18315785772047e+08
1.00000000000000e+00	1.14642433545403e+08
1.01000000000000e+00	1.11149937233184e+08
1.02000000000000e+00	1.07831449615256e+08
1.03000000000000e+00	1.04680601709916e+08
1.04000000000000e+00	1.01686425319250e+08
1.05000000000000e+00	9.88400258444908e+07
1.06000000000000e+00	9.61338568779215e+07
1.07000000000000e+00	9.35629528518055e+07
1.08000000000000e+00	9.11163905756474e+07
1.09000000000000e+00	8.87856774965030e+07
1.10000000000000e+00	8.65655576004073e+07
1.11000000000000e+00	8.44456773493382e+07
1.12000000000000e+00	8.24177658363616e+07
1.13000000000000e+00	8.04754735311974e+07
1.14000000000000e+00	7.86098622112826e+07
1.15000000000000e+00	7.68137784858625e+07
1.16000000000000e+00	7.50797435204553e+07
1.17000000000000e+00	7.34043326578790e+07
1.18000000000000e+00	7.17805054242137e+07
1.19000000000000e+00	7.02068014925288e+07
1.20000000000000e+00	6.86821156179462e+07
1.21000000000000e+00	6.72059304062211e+07
1.22000000000000e+00	6.57794711178769e+07
1.23000000000000e+00	6.44093920605710e+07
1.24000000000000e+00	6.30976654984273e+07
1.25000000000000e+00	6.18547871770390e+07
1.26000000000000e+00	6.06860592538904e+07
1.27000000000000e+00	5.96057225672504e+07
1.28000000000000e+00	5.86233725554111e+07
1.29000000000000e+00	5.77552644209752e+07
1.30000000000000e+00	5.70147518445179e+07
1.31000000000000e+00	5.64189536823343e+07
1.32000000000000e+00	5.59833531034370e+07
1.33000000000000e+00	5.57218224202373e+07
1.34000000000000e+00	5.56466547693811e+07
1.35000000000000e+00	5.57686981117578e+07
1.36000000000000e+00	5.60935940585236e+07
1.37000000000000e+00	5.66229213748800e+07
1.38000000000000e+00	5.73534016075356e+07
1.39000000000000e+00	5.82774457773823e+07
1.40000000000000e+00	5.93849463498698e+07
1.41000000000000e+00	6.06604308713952e+07
1.42000000000000e+00	6.20877710910201e+07
1.43000000000000e+00	6.36501847075037e+07
1.44000000000000e+00	6.53318766513680e+07
1.45000000000000e+00	6.71154685736831e+07
1.46000000000000e+00	6.89879759759935e+07
1.47000000000000e+00	7.09326467879426e+07
1.48000000000000e+00	7.29369892137350e+07
1.49000000000000e+00	7.49836378115591e+07
1.50000000000000e+00	7.70526466153228e+07
1.51000000000000e+00	7.91176817193361e+07
1.52000000000000e+00	8.11446967942326e+07
1.53000000000000e+00	8.30917951875889e+07
1.54000000000000e+00	8.49043080175488e+07
1.55000000000000e+00	8.65185083133052e+07
1.56000000000000e+00	8.78667510627406e+07
1.57000000000000e+00	8.88732692934817e+07
1.58000000000000e+00	8.94617915310873e+07
1.59000000000000e+00	8.95596487630794e+07
1.60000000000000e+00	8.91018795185593e+07
1.61000000000000e+00	8.80396347185848e+07
1.62000000000000e+00	8.63379661749653e+07
1.63000000000000e+00	8.39860355074184e+07
1.64000000000000e+00	8.09990933659662e+07
1.65000000000000e+00	7.74282766588409e+07
1.66000000000000e+00	7.33521191258567e+07
1.67000000000000e+00	6.88867469103416e+07
1.68000000000000e+00	6.41638805912966e+07
1.69000000000000e+00	5.93285507052617e+07
1.70000000000000e+00	5.45169730750031e+07
1.71000000000000e+00	4.98553163535968e+07
1.72000000000000e+00	4.54489551250414e+07
1.73000000000000e+00	4.13878081054136e+07
1.74000000000000e+00	3.77417527168379e+07
1.75000000000000e+00	3.45519652195516e+07
1.76000000000000e+00	3.18306263373235e+07
1.77000000000000e+00	2.95567683242072e+07
1.78000000000000e+00	2.76822588408148e+07
1.79000000000000e+00	2.61360065729219e+07
1.80000000000000e+00	2.48322450214884e+07
1.81000000000000e+00	2.36825499343632e+07
1.82000000000000e+00	2.26086819916830e+07
1.83000000000000e+00	2.15543502825153e+07
1.84000000000000e+00	2.04912239192344e+07
1.85000000000000e+00	1.94190662377275e+07
1.86000000000000e+00	1.83532851707308e+07
1.87000000000000e+00	1.73192681186385e+07
1.88000000000000e+00	1.63433994313023e+07
1.89000000000000e+00	1.54504332088883e+07
1.90000000000000e+00	1.46625984064736e+07
1.91000000000000e+00	1.39971210460935e+07
1.92000000000000e+00	1.34672109325326e+07
1.93000000000000e+00	1.30793867497300e+07
1.94000000000000e+00	1.28337520475653e+07
1.95000000000000e+00	1.27237080690276e+07
1.96000000000000e+00	1.27363364102805e+07
1.97000000000000e+00	1.28531867861068e+07
1.98000000000000e+00	1.30519794539071e+07
1.99000000000000e+00	1.33081067110589e+07
2.00000000000000e+00	1.35963125415109e+07
2.01000000000000e+00	1.38920495988281e+07
2.02000000000000e+00	1.41733002290904e+07
2.03000000000000e+00	1.44209596832337e+07
2.04000000000000e+00	1.46191681452142e+07
2.05000000000000e+00	1.47557237353924e+07
2.06000000000000e+00	1.48209985696718e+07
2.07000000000000e+00	1.48066161892695e+07
2.08000000000000e+00	1.47051701191971e+07
2.09000000000000e+00	1.45082080506569e+07
2.10000000000000e+00	1.42069241243996e+07
2.11000000000000e+00	1.37940734146064e+07
2.12000000000000e+00	1.32660633974050e+07
2.13000000000000e+00	1.26275289925843e+07
2.14000000000000e+00	1.18935026408233e+07
2.15000000000000e+00	1.10878201869140e+07
2.16000000000000e+00	1.02404967029141e+07
2.17000000000000e+00	9.38050362440360e+06
2.18000000000000e+00	8.53222136040846e+06
2.19000000000000e+00	7.71182281450292e+06
2.20000000000000e+00	6.92868151516680e+06
2.21000000000000e+00	6.18717442247271e+06
2.22000000000000e+00	5.48959158018552e+06
2.23000000000000e+00	4.83926919874398e+06
2.24000000000000e+00	4.24086690050741e+06
2.25000000000000e+00	3.70068317203417e+06
2.26000000000000e+00	3.22417907083498e+06
2.27000000000000e+00	2.81432094862334e+06
2.28000000000000e+00	2.47063815664120e+06
2.29000000000000e+00	2.18930617268646e+06
2.30000000000000e+00	1.96408598852934e+06
2.31000000000000e+00	1.78753542790307e+06
2.32000000000000e+00	1.65198176025169e+06
2.33000000000000e+00	1.55020338527814e+06
2.34000000000000e+00	1.47569171198938e+06
2.35000000000000e+00	1.42299499586331e+06
2.36000000000000e+00	1.38739134445856e+06
2.37000000000000e+00	1.36495788474098e+06
2.38000000000000e+00	1.35232157388747e+06
2.39000000000000e+00	1.34641735144277e+06
2.40000000000000e+00	1.34452880961626e+06
2.41000000000000e+00	1.34433374386531e+06
2.42000000000000e+00	1.34423927611369e+06
2.43000000000000e+00	1.34351274858666e+06
2.44000000000000e+00	1.34232633215463e+06
2.45000000000000e+00	1.34169756576875e+06
2.46000000000000e+00	1.34312208443772e+06
2.47000000000000e+00	1.34847507700139e+06
2.48000000000000e+00	1.35959532515495e+06
2.49000000000000e+00	1.37819866908332e+06
2.50000000000000e+00	1.40564813078259e+06
2.51000000000000e+00	1.44278164535827e+06
2.52000000000000e+00	1.48983534480452e+06
2.53000000000000e+00	1.54626774071740e+06
2.54000000000000e+00	1.61074447447106e+06
2.55000000000000e+00	1.68125993053901e+06
2.56000000000000e+00	1.75513409154578e+06
2.57000000000000e+00	1.82913960811476e+06
2.58000000000000e+00	1.89962335394596e+06
2.59000000000000e+00	1.96255370097331e+06
2.60000000000000e+00	2.01344587956569e+06
2.61000000000000e+00	2.04768063562224e+06
2.62000000000000e+00	2.06064630361470e+06
2.63000000000000e+00	2.04855733448707e+06
2.64000000000000e+00	2.00988093152356e+06
2.65000000000000e+00	1.94641268505492e+06
2.66000000000000e+00	1.86376840015024e+06
2.67000000000000e+00	1.76999147533489e+06
2.68000000000000e+00	1.67349626157643e+06
2.69000000000000e+00	1.58090398901010e+06
2.70000000000000e+00	1.49610878423727e+06
2.71000000000000e+00	1.42031317549295e+06
2.72000000000000e+00	1.35268583550000e+06
2.73000000000000e+00	1.29128955144946e+06
2.74000000000000e+00	1.23379937743597e+06
2.75000000000000e+00	1.17811416547660e+06
2.76000000000000e+00	1.12264815283104e+06
2.77000000000000e+00	1.06641373027306e+06
2.78000000000000e+00	1.00892178426243e+06
2.79000000000000e+00	9.50022184653332e+05
2.80000000000000e+00	8.89744383244028e+05
2.81000000000000e+00	8.28192062926496e+05
2.82000000000000e+00	7.65563181681894e+05
2.83000000000000e+00	7.02131466880773e+05
2.84000000000000e+00	6.38273005860950e+05
2.85000000000000e+00	5.74504501040585e+05
2.86000000000000e+00	5.11458661342511e+05
2.87000000000000e+00	4.49894848597253e+05
2.88000000000000e+00	3.90647907207860e+05
2.89000000000000e+00	3.34548284804677e+05
2.90000000000000e+00	2.82393611388021e+05
2.91000000000000e+00	2.34889292360628e+05
2.92000000000000e+00	1.92597829214214e+05
2.93000000000000e+00	1.55945939705571e+05
2.94000000000000e+00	1.25180319021062e+05
2.95000000000000e+00	1.00362977929800e+05
2.96000000000000e+00	8.13412462272941e+04
2.97000000000000e+00	6.77381772096965e+04
2.98000000000000e+00	5.89768363481558e+04
2.99000000000000e+00	5.43149836455910e+04
3.00000000000000e+00	5.29177372414768e+04
3.01000000000000e+00	5.39280201442822e+04
3.02000000000000e+00	5.65313253951688e+04
3.03000000000000e+00	6.00081070314720e+04
3.04000000000000e+00	6.37650361680264e+04
3.05000000000000e+00	6.73548470263165e+04
3.06000000000000e+00	7.04814921134215e+04
3.07000000000000e+00	7.29990198991715e+04
3.08000000000000e+00	7.48924037554525e+04
3.09000000000000e+00	7.62484230766324e+04
3.10000000000000e+00	7.72279712088416e+04
3.11000000000000e+00	7.80255203908924e+04
3.12000000000000e+00	7.88362107345697e+04
3.13000000000000e+00	7.98257258541803e+04
3.14000000000000e+00	8.11051753694695e+04
3.15000000000000e+00	8.27158038724928e+04
3.16000000000000e+00	8.46311515624486e+04
3.17000000000000e+00	8.67597327034295e+04
3.18000000000000e+00	8.89662604744829e+04
3.19000000000000e+00	9.11008759108661e+04
3.20000000000000e+00	9.30174545776244e+04
3.21000000000000e+00	9.45925840088765e+04
3.22000000000000e+00	9.57267609548996e+04
3.23000000000000e+00	9.63420095259012e+04
3.24000000000000e+00	9.63789377918572e+04
3.25000000000000e+00	9.57893442469868e+04
3.26000000000000e+00	9.45483605911654e+04
3.27000000000000e+00	9.26627092345434e+04
3.28000000000000e+00	9.01661699674558e+04
3.29000000000000e+00	8.71323659051312e+04
3.30000000000000e+00	8.36678211671381e+04
3.31000000000000e+00	7.99026078797198e+04
3.32000000000000e+00	7.59793673087189e+04
3.33000000000000e+00	7.20426825719932e+04
3.34000000000000e+00	6.82184115188985e+04
3.35000000000000e+00	6.46089575238109e+04
3.36000000000000e+00	6.12832953655555e+04
3.37000000000000e+00	5.82752007066192e+04
3.38000000000000e+00	5.55929433323164e+04
3.39000000000000e+00	5.32214701617657e+04
3.40000000000000e+00	5.11306336002732e+04
3.41000000000000e+00	4.92809512225388e+04
3.42000000000000e+00	4.76271521075284e+04
3.43000000000000e+00	4.61241640800823e+04
3.44000000000000e+00	4.47280930146361e+04
3.45000000000000e+00	4.33992327018323e+04
3.46000000000000e+00	4.21037937513343e+04
3.47000000000000e+00	4.08169494696512e+04
3.48000000000000e+00	3.95241246941456e+04
3.49000000000000e+00	3.82198962345176e+04
3.50000000000000e+00	3.69074873982596e+04
3.51000000000000e+00	3.55981144877090e+04
3.52000000000000e+00	3.43079600861296e+04
3.53000000000000e+00	3.30535812949396e+04
3.54000000000000e+00	3.18499977543353e+04
3.55000000000000e+00	3.07080508614350e+04
3.56000000000000e+00	2.96320386648399e+04
3.57000000000000e+00	2.86204325451675e+04
3.58000000000000e+00	2.76683845294539e+04
3.59000000000000e+00	2.67664414517422e+04
3.60000000000000e+00	2.59066127615435e+04
3.61000000000000e+00	2.50815668475545e+04
3.62000000000000e+00	2.42861420769712e+04
3.63000000000000e+00	2.35191476951610e+04
3.64000000000000e+00	2.27821582050741e+04
3.65000000000000e+00	2.20804294289714e+04
3.66000000000000e+00	2.14215594608973e+04
3.67000000000000e+00	2.08142949396621e+04
3.68000000000000e+00	2.02666990864592e+04
3.69000000000000e+00	1.97844811163037e+04
3.70000000000000e+00	1.93685909589310e+04
3.71000000000000e+00	1.90143234395207e+04
3.72000000000000e+00	1.87112347694551e+04
3.73000000000000e+00	1.84432676044644e+04
3.74000000000000e+00	1.81907942939395e+04
3.75000000000000e+00	1.79326363621286e+04
3.76000000000000e+00	1.76476523888928e+04
3.77000000000000e+00	1.73159334657199e+04
3.78000000000000e+00	1.69203675702593e+04
3.79000000000000e+00	1.64461360014393e+04
3.80000000000000e+00	1.58814720827046e+04
3.81000000000000e+00	1.52181029770503e+04
3.82000000000000e+00	1.44518974806480e+04
3.83000000000000e+00	1.35835230511564e+04
3.84000000000000e+00	1.26189935560980e+04
3.85000000000000e+00	1.15702694771355e+04
3.86000000000000e+00	1.04552104927828e+04
3.87000000000000e+00	9.29697135198623e+03
3.88000000000000e+00	8.12371224642944e+03
3.89000000000000e+00	6.96734697292710e+03
3.90000000000000e+00	5.86223568685460e+03
3.91000000000000e+00	4.84325482575315e+03
3.92000000000000e+00	3.94399768212781e+03
3.93000000000000e+00	3.19454969322067e+03
3.94000000000000e+00	2.61928884017717e+03
3.95000000000000e+00	2.23473625717240e+03
3.96000000000000e+00	2.04797962840157e+03
3.97000000000000e+00	2.05587876425789e+03
3.98000000000000e+00	2.24531898478611e+03
3.99000000000000e+00	2.59499431123128e+03
4.00000000000000e+00	3.07811128228777e+03
4.01000000000000e+00	3.66579784827554e+03
4.02000000000000e+00	4.32999831334233e+03
4.03000000000000e+00	5.04553990274121e+03
4.04000000000000e+00	5.79084089994511e+03
4.05000000000000e+00	6.54747966805552e+03
4.06000000000000e+00	7.29867823515919e+03
4.07000000000000e+00	8.02766040035389e+03
4.08000000000000e+00	8.71565649400120e+03
4.09000000000000e+00	9.34106056800152e+03
4.10000000000000e+00	9.87886465608292e+03
4.11000000000000e+00	1.03017714734471e+04
4.12000000000000e+00	1.05824577123091e+04
4.13000000000000e+00	1.06968327877956e+04
4.14000000000000e+00	1.06277082286844e+04
4.15000000000000e+00	1.03680586506282e+04
4.16000000000000e+00	9.92346602899476e+03
4.17000000000000e+00	9.31265466313145e+03
4.18000000000000e+00	8.56708814106164e+03
4.19000000000000e+00	7.72810756126877e+03
4.20000000000000e+00	6.84335362476598e+03
4.21000000000000e+00	5.96190049775806e+03
4.22000000000000e+00	5.12874700882461e+03
4.23000000000000e+00	4.37939319849900e+03
4.24000000000000e+00	3.73560533459329e+03
4.25000000000000e+00	3.20328256687000e+03
4.26000000000000e+00	2.77342522748831e+03
4.27000000000000e+00	2.42592497457399e+03
4.28000000000000e+00	2.13551171101492e+03
4.29000000000000e+00	1.87789647130920e+03
4.30000000000000e+00	1.63491868909177e+03
4.31000000000000e+00	1.39740925639508e+03
4.32000000000000e+00	1.16580235585319e+03
4.33000000000000e+00	9.48920255982349e+02
4.34000000000000e+00	7.61598315392493e+02
4.35000000000000e+00	6.21846808317055e+02
4.36000000000000e+00	5.47734050770949e+02
4.37000000000000e+00	5.54319794365330e+02
4.38000000000000e+00	6.50896712895249e+02
4.39000000000000e+00	8.38853564569040e+02
4.40000000000000e+00	1.11060748717740e+03
4.41000000000000e+00	1.44979911970558e+03
4.42000000000000e+00	1.83296746431327e+03
4.43000000000000e+00	2.23233264104191e+03
4.44000000000000e+00	2.61928920250847e+03
4.45000000000000e+00	2.96810113417765e+03
4.46000000000000e+00	3.25880204334920e+03
4.47000000000000e+00	3.47908110685653e+03
4.48000000000000e+00	3.62482359205700e+03
4.49000000000000e+00	3.69924089042998e+03
4.50000000000000e+00	3.71114603312279e+03
4.51000000000000e+00	3.67303093349714e+03
4.52000000000000e+00	3.59863833994480e+03
4.53000000000000e+00	3.50139335612831e+03
4.54000000000000e+00	3.39303007573293e+03
4.55000000000000e+00	3.28258986994398e+03
4.56000000000000e+00	3.17599749117162e+03
4.57000000000000e+00	3.07595799198147e+03
4.58000000000000e+00	2.98204326336483e+03
4.59000000000000e+00	2.89110006666763e+03
4.60000000000000e+00	2.79775983996790e+03
4.61000000000000e+00	2.69500251241831e+03
4.62000000000000e+00	2.57477928365745e+03
4.63000000000000e+00	2.42875113252219e+03
4.64000000000000e+00	2.24915442331486e+03
4.65000000000000e+00	2.02994375412849e+03
4.66000000000000e+00	1.76828797080259e+03
4.67000000000000e+00	1.46642184706162e+03
4.68000000000000e+00	1.13398700018722e+03
4.69000000000000e+00	7.90577969099180e+02
4.70000000000000e+00	4.68429289417468e+02
4.71000000000000e+00	2.14424790062321e+02
4.72000000000000e+00	9.06658841629291e+01
4.73000000000000e+00	1.72230408504685e+02
4.74000000000000e+00	5.40993995351846e+02
4.75000000000000e+00	1.27506150804292e+03
4.76000000000000e+00	2.43482508596383e+03
4.77000000000000e+00	4.04836554497757e+03
4.78000000000000e+00	6.09994846122951e+03
4.79000000000000e+00	8.52574588958120e+03
4.80000000000000e+00	1.12184175378087e+04
4.81000000000000e+00	1.40405571845448e+04
4.82000000000000e+00	1.68434469752766e+04
4.83000000000000e+00	1.94855530185971e+04
4.84000000000000e+00	2.18476522275105e+04
4.85000000000000e+00	2.38407681011790e+04
4.86000000000000e+00	2.54067890248137e+04
4.87000000000000e+00	2.65158391534206e+04
4.88000000000000e+00	2.71609573971994e+04
4.89000000000000e+00	2.73509432622394e+04
4.90000000000000e+00	2.71125279524740e+04
4.91000000000000e+00	2.64841134045779e+04
4.92000000000000e+00	2.55196418279986e+04
4.93000000000000e+00	2.42837899164864e+04
4.94000000000000e+00	2.28489568799690e+04
4.95000000000000e+00	2.12923512026204e+04
4.96000000000000e+00	1.96886382205971e+04
4.97000000000000e+00	1.81065773112299e+04
4.98000000000000e+00	1.66039237187563e+04
4.99000000000000e+00	1.52252465064354e+04
5.00000000000000e+00	1.40016877174009e+04
5.01000000000000e+00	1.29510383560745e+04
5.02000000000000e+00	1.20803691645691e+04
5.03000000000000e+00	1.13877814108491e+04
5.04000000000000e+00	1.08653651667467e+04
5.05000000000000e+00	1.05012375732587e+04
5.06000000000000e+00	1.02811876882837e+04
5.07000000000000e+00	1.01894946604056e+04
5.08000000000000e+00	1.02092722487206e+04
5.09000000000000e+00	1.03220512516957e+04
5.10000000000000e+00	1.05073172427664e+04
5.11000000000000e+00	1.07420819458192e+04
5.12000000000000e+00	1.10003658334361e+04
5.13000000000000e+00	1.12531187929094e+04
5.14000000000000e+00	1.14698341796112e+04
5.15000000000000e+00	1.16180104454214e+04
5.16000000000000e+00	1.16647590159008e+04
5.17000000000000e+00	1.15790810303918e+04
5.18000000000000e+00	1.13336301407450e+04
5.19000000000000e+00	1.09081966410718e+04
5.20000000000000e+00	1.02933606737493e+04
5.21000000000000e+00	9.49399576512377e+03
5.22000000000000e+00	8.53311428638864e+03
5.23000000000000e+00	7.45361652185714e+03
5.24000000000000e+00	6.31716747397859e+03
5.25000000000000e+00	5.20018532582352e+03
5.26000000000000e+00	4.18571641911700e+03
5.27000000000000e+00	3.35236712145529e+03
5.28000000000000e+00	2.76231219506459e+03
5.29000000000000e+00	2.45035948863046e+03
5.30000000000000e+00	2.41805275930054e+03
5.31000000000000e+00	2.63351645936349e+03
5.32000000000000e+00	3.03818427198303e+03
5.33000000000000e+00	3.55830131496583e+03
5.34000000000000e+00	4.11790702311213e+03
5.35000000000000e+00	4.65054766532397e+03
5.36000000000000e+00	5.10672323502397e+03
5.37000000000000e+00	5.45662596638480e+03
5.38000000000000e+00	5.68851055387913e+03
5.39000000000000e+00	5.80471200976736e+03
5.40000000000000e+00	5.81666090735709e+03
5.41000000000000e+00	5.74015071901685e+03
5.42000000000000e+00	5.59273445301657e+03
5.43000000000000e+00	5.39189988815481e+03
5.44000000000000e+00	5.15454837230620e+03
5.45000000000000e+00	4.89700583613652e+03
5.46000000000000e+00	4.63509691790265e+03
5.47000000000000e+00	4.38364728774605e+03
5.48000000000000e+00	4.15606702541633e+03
5.49000000000000e+00	3.96368219838398e+03
5.50000000000000e+00	3.81483336356502e+03
5.51000000000000e+00	3.71488232925751e+03
5.52000000000000e+00	3.66596011029524e+03
5.53000000000000e+00	3.66733050429490e+03
5.54000000000000e+00	3.71585405413909e+03
5.55000000000000e+00	3.80658613725727e+03
5.56000000000000e+00	3.93313920762522e+03
5.57000000000000e+00	4.08827139038861e+03
5.58000000000000e+00	4.26409341756889e+03
5.59000000000000e+00	4.45242471040961e+03
5.60000000000000e+00	4.64495900287548e+03
5.61000000000000e+00	4.83392345965771e+03
5.62000000000000e+00	5.01171491471045e+03
5.63000000000000e+00	5.17202388754069e+03
5.64000000000000e+00	5.30930723379102e+03
5.65000000000000e+00	5.41942039220281e+03
5.66000000000000e+00	5.49944833415442e+03
5.67000000000000e+00	5.54787345934190e+03
5.68000000000000e+00	5.56405695236456e+03
5.69000000000000e+00	5.54812488026006e+03
5.70000000000000e+00	5.50093656060222e+03
5.71000000000000e+00	5.42373804107419e+03
5.72000000000000e+00	5.31810237124935e+03
5.73000000000000e+00	5.18639983148118e+03
5.74000000000000e+00	5.03160083420696e+03
5.75000000000000e+00	4.85852343954811e+03
5.76000000000000e+00	4.67450360135526e+03
5.77000000000000e+00	4.49042546018254e+03
5.78000000000000e+00	4.32191052440158e+03
5.79000000000000e+00	4.18987745758287e+03
5.80000000000000e+00	4.12100216831500e+03
5.81000000000000e+00	4.14681259115067e+03
5.82000000000000e+00	4.30222502360136e+03
5.83000000000000e+00	4.62258970985080e+03
5.84000000000000e+00	5.13969758438236e+03
5.85000000000000e+00	5.87738502816687e+03
5.86000000000000e+00	6.84650882480342e+03
5.87000000000000e+00	8.04145429964617e+03
5.88000000000000e+00	9.43840287244238e+03
5.89000000000000e+00	1.09955572216319e+04
5.90000000000000e+00	1.26572263143375e+04
5.91000000000000e+00	1.43580807992092e+04
5.92000000000000e+00	1.60293311048462e+04
5.93000000000000e+00	1.76035649259884e+04
5.94000000000000e+00	1.90195490687217e+04
5.95000000000000e+00	2.02235625103687e+04
5.96000000000000e+00	2.11710322534258e+04
5.97000000000000e+00	2.18268410285113e+04
5.98000000000000e+00	2.21652517706829e+04
5.99000000000000e+00	2.21697442972775e+04
6.00000000000000e+00	2.18334526538318e+04
6.01000000000000e+00	2.11608146509329e+04
6.02000000000000e+00	2.01688651926810e+04
6.03000000000000e+00	1.88870273038997e+04
6.04000000000000e+00	1.73587431424071e+04
6.05000000000000e+00	1.56391358238361e+04
6.06000000000000e+00	1.37926035679067e+04
6.07000000000000e+00	1.18889795474380e+04
6.08000000000000e+00	9.99813918267017e+03
6.09000000000000e+00	8.18593833872194e+03
6.10000000000000e+00	6.50881437396341e+03
6.11000000000000e+00	5.01066144182089e+03
6.12000000000000e+00	3.72074462612113e+03
6.13000000000000e+00	2.65322783586300e+03
6.14000000000000e+00	1.80818343886130e+03
6.15000000000000e+00	1.17418500385527e+03
6.16000000000000e+00	7.31191370426651e+02
6.17000000000000e+00	4.53943939540860e+02
6.18000000000000e+00	3.14945867556978e+02
6.19000000000000e+00	2.86851831368828e+02
6.20000000000000e+00	3.44293302591119e+02
6.21000000000000e+00	4.64919489932429e+02
6.22000000000000e+00	6.29929978993635e+02
6.23000000000000e+00	8.24072773557153e+02
6.24000000000000e+00	1.03531329160902e+03
6.25000000000000e+00	1.25443152246748e+03
6.26000000000000e+00	1.47435003202566e+03
6.27000000000000e+00	1.68968266504191e+03
6.28000000000000e+00	1.89617545663936e+03
6.29000000000000e+00	2.09037801223154e+03
6.30000000000000e+00	2.26928803940021e+03
6.31000000000000e+00	2.43019925191358e+03
6.32000000000000e+00	2.57050881191261e+03
6.33000000000000e+00	2.68794462515599e+03
6.34000000000000e+00	2.78044719689172e+03
6.35000000000000e+00	2.84658495737990e+03
6.36000000000000e+00	2.88572275366071e+03
6.37000000000000e+00	2.89799282655205e+03
6.38000000000000e+00	2.88480176236807e+03
6.39000000000000e+00	2.84871555043052e+03
6.40000000000000e+00	2.79352723035973e+03
6.41000000000000e+00	2.72443561401528e+03
6.42000000000000e+00	2.64760170071877e+03
6.43000000000000e+00	2.57020380366087e+03
6.44000000000000e+00	2.49982471797267e+03
6.45000000000000e+00	2.44408819585804e+03
6.46000000000000e+00	2.41015257769910e+03
6.47000000000000e+00	2.40405802830612e+03
6.48000000000000e+00	2.43046240003621e+03
6.49000000000000e+00	2.49211426453608e+03
6.50000000000000e+00	2.58995133289701e+03
6.51000000000000e+00	2.72304447018281e+03
6.52000000000000e+00	2.88903962245467e+03
6.53000000000000e+00	3.08453481075074e+03
6.54000000000000e+00	3.30560014671827e+03
6.55000000000000e+00	3.54860906810899e+03
6.56000000000000e+00	3.81075700167500e+03
6.57000000000000e+00	4.09041733050595e+03
6.58000000000000e+00	4.38777012399905e+03
6.59000000000000e+00	4.70478811864495e+03
6.60000000000000e+00	5.04490545400919e+03
6.61000000000000e+00	5.41275840433104e+03
6.62000000000000e+00	5.81345056535882e+03
6.63000000000000e+00	6.25132037313752e+03
6.64000000000000e+00	6.72943978167551e+03
6.65000000000000e+00	7.24838284328201e+03
6.66000000000000e+00	7.80581881243676e+03
6.67000000000000e+00	8.39568370444668e+03
6.68000000000000e+00	9.00808119585043e+03
6.69000000000000e+00	9.62892558118000e+03
6.70000000000000e+00	1.02402290338650e+04
6.71000000000000e+00	1.08202083104984e+04
6.72000000000000e+00	1.13438180410418e+04
6.73000000000000e+00	1.17833238435379e+04
6.74000000000000e+00	1.21095143330163e+04
6.75000000000000e+00	1.22928933561302e+04
6.76000000000000e+00	1.23062773169893e+04
6.77000000000000e+00	1.21274253454244e+04
6.78000000000000e+00	1.17420620878235e+04
6.79000000000000e+00	1.11475187574899e+04
6.80000000000000e+00	1.03548319717461e+04
6.81000000000000e+00	9.39018890313246e+03
6.82000000000000e+00	8.29365247290167e+03
6.83000000000000e+00	7.11613238793282e+03
6.84000000000000e+00	5.91418797806989e+03
6.85000000000000e+00	4.74421573235094e+03
6.86000000000000e+00	3.65652211885585e+03
6.87000000000000e+00	2.69063679707174e+03
6.88000000000000e+00	1.87263188945453e+03
6.89000000000000e+00	1.21448689314425e+03
6.90000000000000e+00	7.15446315179163e+02
6.91000000000000e+00	3.64599040641038e+02
6.92000000000000e+00	1.44084866271014e+02
6.93000000000000e+00	3.21891053623878e+01
6.94000000000000e+00	5.97872495499229e+00
6.95000000000000e+00	4.32491838633650e+01
6.96000000000000e+00	1.23791830417106e+02
6.97000000000000e+00	2.30094094889238e+02
6.98000000000000e+00	3.47628634178731e+02
6.99000000000000e+00	4.64884765148936e+02
7.00000000000000e+00	5.73240542254643e+02
7.01000000000000e+00	6.66748431200723e+02
7.02000000000000e+00	7.41862227846096e+02
7.03000000000000e+00	7.97096859918463e+02
7.04000000000000e+00	8.32679752572933e+02
7.05000000000000e+00	8.50129676445658e+02
7.06000000000000e+00	8.51881609256211e+02
7.07000000000000e+00	8.40903258890939e+02
7.08000000000000e+00	8.20348655444260e+02
7.09000000000000e+00	7.93306532513119e+02
7.10000000000000e+00	7.62600364070467e+02
7.11000000000000e+00	7.30655502651032e+02
7.12000000000000e+00	6.99421437101543e+02
7.13000000000000e+00	6.70374036600620e+02
7.14000000000000e+00	6.44537701172223e+02
7.15000000000000e+00	6.22540161356458e+02
7.16000000000000e+00	6.04702471134029e+02
7.17000000000000e+00	5.91103503724963e+02
7.18000000000000e+00	5.81672159558527e+02
7.19000000000000e+00	5.76235955146056e+02
7.20000000000000e+00	5.74607325120929e+02
7.21000000000000e+00	5.76588703401350e+02
7.22000000000000e+00	5.82039018937128e+02
7.23000000000000e+00	5.90894255702647e+02
7.24000000000000e+00	6.03205693520218e+02
7.25000000000000e+00	6.19173811015050e+02
7.26000000000000e+00	6.39167763495949e+02
7.27000000000000e+00	6.63733147857415e+02
7.28000000000000e+00	6.93581345212951e+02
7.29000000000000e+00	7.29554407741224e+02
7.30000000000000e+00	7.72554844714268e+02
7.31000000000000e+00	8.23410278720179e+02
7.32000000000000e+00	8.82783500872529e+02
7.33000000000000e+00	9.51024624287969e+02
7.34000000000000e+00	1.02803606939347e+03
7.35000000000000e+00	1.11316440073874e+03
7.36000000000000e+00	1.20514408698491e+03
7.37000000000000e+00	1.30211757768774e+03
7.38000000000000e+00	1.40165688346626e+03
7.39000000000000e+00	1.50091321686444e+03
7.40000000000000e+00	1.59678591296800e+03
7.41000000000000e+00	1.68613657695127e+03
7.42000000000000e+00	1.76597601879857e+03
7.43000000000000e+00	1.83386727953506e+03
7.44000000000000e+00	1.88778112165440e+03
7.45000000000000e+00	1.92657335629516e+03
7.46000000000000e+00	1.94991312733362e+03
7.47000000000000e+00	1.95820032229560e+03
7.48000000000000e+00	1.95270177310998e+03
7.49000000000000e+00	1.93517880837590e+03
7.50000000000000e+00	1.90795417634379e+03
7.51000000000000e+00	1.87339502758869e+03
7.52000000000000e+00	1.83386888462774e+03
7.53000000000000e+00	1.79148140918847e+03
7.54000000000000e+00	1.74778538967415e+03
7.55000000000000e+00	1.70395077764930e+03
7.56000000000000e+00	1.66042293809730e+03
7.57000000000000e+00	1.61717152113749e+03
7.58000000000000e+00	1.57374053938976e+03
7.59000000000000e+00	1.52941102558879e+03
7.60000000000000e+00	1.48329803698224e+03
7.61000000000000e+00	1.43458120684887e+03
7.62000000000000e+00	1.38253300868014e+03
7.63000000000000e+00	1.32662489748248e+03
7.64000000000000e+00	1.26653905678582e+03
7.65000000000000e+00	1.20214093101576e+03
7.66000000000000e+00	1.13347071185895e+03
7.67000000000000e+00	1.06071101203108e+03
7.68000000000000e+00	9.84150866953667e+02
7.69000000000000e+00	9.04216882836218e+02
7.70000000000000e+00	8.21552701885655e+02
7.71000000000000e+00	7.37159420420973e+02
7.72000000000000e+00	6.52584894877130e+02
7.73000000000000e+00	5.70177077825541e+02
7.74000000000000e+00	4.93354034453139e+02
7.75000000000000e+00	4.26767942906831e+02
7.76000000000000e+00	3.76459179972823e+02
7.77000000000000e+00	3.49745655965692e+02
7.78000000000000e+00	3.54941297571105e+02
7.79000000000000e+00	4.00737403802795e+02
7.80000000000000e+00	4.95276378768210e+02
7.81000000000000e+00	6.44956449526058e+02
7.82000000000000e+00	8.53140790954352e+02
7.83000000000000e+00	1.11899406235694e+03
7.84000000000000e+00	1.43678388488397e+03
7.85000000000000e+00	1.79583855494541e+03
7.86000000000000e+00	2.18125954719031e+03
7.87000000000000e+00	2.57540449291075e+03
7.88000000000000e+00	2.95978413285010e+03
7.89000000000000e+00	3.31697456998316e+03
7.90000000000000e+00	3.63247809975228e+03
7.91000000000000e+00	3.89574410201747e+03
7.92000000000000e+00	4.10073456472526e+03
7.93000000000000e+00	4.24561237543873e+03
7.94000000000000e+00	4.33250738547491e+03
7.95000000000000e+00	4.36625773699573e+03
7.96000000000000e+00	4.35386478048334e+03
7.97000000000000e+00	4.30339915501549e+03
7.98000000000000e+00	4.22330682542202e+03
7.99000000000000e+00	4.12194702241838e+03
8.00000000000000e+00	4.00689894953671e+03
8.01000000000000e+00	3.88484268328149e+03
8.02000000000000e+00	3.76109012659027e+03
8.03000000000000e+00	3.63990885941212e+03
8.04000000000000e+00	3.52417961473010e+03
8.05000000000000e+00	3.41599554559975e+03
8.06000000000000e+00	3.31661344439337e+03
8.07000000000000e+00	3.22678876373472e+03
8.08000000000000e+00	3.14694302118762e+03
8.09000000000000e+00	3.07724883140213e+03
8.10000000000000e+00	3.01777699787034e+03
8.11000000000000e+00	2.96843315772215e+03
8.12000000000000e+00	2.92888345135671e+03
8.13000000000000e+00	2.89869133759608e+03
8.14000000000000e+00	2.87695557343063e+03
8.15000000000000e+00	2.86275708457227e+03
8.16000000000000e+00	2.85479863030600e+03
8.17000000000000e+00	2.85167693624946e+03
8.18000000000000e+00	2.85189860716893e+03
8.19000000000000e+00	2.85397695619575e+03
8.20000000000000e+00	2.85644129935314e+03
8.21000000000000e+00	2.85808101970845e+03
8.22000000000000e+00	2.85760169765587e+03
8.23000000000000e+00	2.85410996482152e+03
8.24000000000000e+00	2.84665599744168e+03
8.25000000000000e+00	2.83447074686489e+03
8.26000000000000e+00	2.81672325679302e+03
8.27000000000000e+00	2.79256138502908e+03
8.28000000000000e+00	2.76113138766997e+03
8.29000000000000e+00	2.72151546107199e+03
8.30000000000000e+00	2.67306626070711e+03
8.31000000000000e+00	2.61531877577821e+03
8.32000000000000e+00	2.54843902296459e+03
8.33000000000000e+00	2.47307196440102e+03
8.34000000000000e+00	2.39055978458912e+03
8.35000000000000e+00	2.30305108781713e+03
8.36000000000000e+00	2.21320637181461e+03
8.37000000000000e+00	2.12415869703280e+03
8.38000000000000e+00	2.03927562141749e+03
8.39000000000000e+00	1.96181825310647e+03
8.40000000000000e+00	1.89465938344184e+03
8.41000000000000e+00	1.83999145964920e+03
8.42000000000000e+00	1.79913644933780e+03
8.43000000000000e+00	1.77243986977604e+03
8.44000000000000e+00	1.75927398572081e+03
8.45000000000000e+00	1.75815251591203e+03
8.46000000000000e+00	1.76693400543336e+03
8.47000000000000e+00	1.78308001170562e+03
8.48000000000000e+00	1.80392581532115e+03
8.49000000000000e+00	1.82698597347920e+03
8.50000000000000e+00	1.85014415890323e+03
8.51000000000000e+00	1.87183085107066e+03
8.52000000000000e+00	1.89102628708042e+03
8.53000000000000e+00	1.90732287087372e+03
8.54000000000000e+00	1.92082118493460e+03
8.55000000000000e+00	1.93200210906809e+03
8.56000000000000e+00	1.94165250897185e+03
8.57000000000000e+00	1.95068375987208e+03
8.58000000000000e+00	1.96005608909705e+03
8.59000000000000e+00	1.97063277234901e+03
8.60000000000000e+00	1.98313469732865e+03
8.61000000000000e+00	1.99800753765492e+03
8.62000000000000e+00	2.01534769984174e+03
8.63000000000000e+00	2.03497073172338e+03
8.64000000000000e+00	2.05632344832630e+03
8.65000000000000e+00	2.07851830065147e+03
8.66000000000000e+00	2.10035704927816e+03
8.67000000000000e+00	2.12033353559716e+03
8.68000000000000e+00	2.13677877679728e+03
8.69000000000000e+00	2.14783938430112e+03
8.70000000000000e+00	2.15166710996116e+03
8.71000000000000e+00	2.14645731031479e+03
8.72000000000000e+00	2.13067388933717e+03
8.73000000000000e+00	2.10308672295115e+03
8.74000000000000e+00	2.06304251862594e+03
8.75000000000000e+00	2.01047003571499e+03
8.76000000000000e+00	1.94609386130395e+03
8.77000000000000e+00	1.87130003230168e+03
8.78000000000000e+00	1.78833490378198e+03
8.79000000000000e+00	1.69999014281261e+03
8.80000000000000e+00	1.60954856401541e+03
8.81000000000000e+00	1.52053146150640e+03
8.82000000000000e+00	1.43635426562662e+03
8.83000000000000e+00	1.36010385388102e+03
8.84000000000000e+00	1.29426175292961e+03
8.85000000000000e+00	1.24056825922695e+03
8.86000000000000e+00	1.19989456898542e+03
8.87000000000000e+00	1.17229377197315e+03
8.88000000000000e+00	1.15708223618435e+03
8.89000000000000e+00	1.15301058761806e+03
8.90000000000000e+00	1.15839797128113e+03
8.91000000000000e+00	1.17138760586110e+03
8.92000000000000e+00	1.19001763986444e+03
8.93000000000000e+00	1.21249289507323e+03
8.94000000000000e+00	1.23712828849563e+03
8.95000000000000e+00	1.26254259983530e+03
8.96000000000000e+00	1.28756579140359e+03
8.97000000000000e+00	1.31131810222399e+03
8.98000000000000e+00	1.33313451901786e+03
8.99000000000000e+00	1.35260219827598e+03
9.00000000000000e+00	1.36950851213911e+03
9.01000000000000e+00	1.38384940701759e+03
9.02000000000000e+00	1.39576874524326e+03
9.03000000000000e+00	1.40552414935479e+03
9.04000000000000e+00	1.41348547625378e+03
9.05000000000000e+00	1.41997900482611e+03
9.06000000000000e+00	1.42537302766491e+03
9.07000000000000e+00	1.42993812842014e+03
9.08000000000000e+00	1.43392840795767e+03
9.09000000000000e+00	1.43753762374722e+03
9.10000000000000e+00	1.44092678194180e+03
9.11000000000000e+00	1.44415100919993e+03
9.12000000000000e+00	1.44724610972851e+03
9.13000000000000e+00	1.45015355060859e+03
9.14000000000000e+00	1.45279258952904e+03
9.15000000000000e+00	1.45500164527551e+03
9.16000000000000e+00	1.45662843667928e+03
9.17000000000000e+00	1.45752423193210e+03
9.18000000000000e+00	1.45759387423569e+03
9.19000000000000e+00	1.45676745058260e+03
9.20000000000000e+00	1.45505415256827e+03
9.21000000000000e+00	1.45255231924990e+03
9.22000000000000e+00	1.44938381630944e+03
9.23000000000000e+00	1.44575915186423e+03
9.24000000000000e+00	1.44186248793730e+03
9.25000000000000e+00	1.43790647450833e+03
9.26000000000000e+00	1.43405349804291e+03
9.27000000000000e+00	1.43046239545432e+03
9.28000000000000e+00	1.42724456943901e+03
9.29000000000000e+00	1.42447373928879e+03
9.30000000000000e+00	1.42218920667338e+03
9.31000000000000e+00	1.42042755183331e+03
9.32000000000000e+00	1.41916975336810e+03
9.33000000000000e+00	1.41841953035341e+03
9.34000000000000e+00	1.41814501825616e+03
9.35000000000000e+00	1.41831904745962e+03
9.36000000000000e+00	1.41890842101508e+03
9.37000000000000e+00	1.41985948682359e+03
9.38000000000000e+00	1.42111756860014e+03
9.39000000000000e+00	1.42263395687813e+03
9.40000000000000e+00	1.42433760700860e+03
9.41000000000000e+00	1.42617049821730e+03
9.42000000000000e+00	1.42805889279845e+03
9.43000000000000e+00	1.42994655915818e+03
9.44000000000000e+00	1.43177202796598e+03
9.45000000000000e+00	1.43347154609882e+03
9.46000000000000e+00	1.43502526935644e+03
9.47000000000000e+00	1.43639491043571e+03
9.48000000000000e+00	1.43760058304063e+03
9.49000000000000e+00	1.43864453350162e+03
9.50000000000000e+00	1.43959115022036e+03
9.51000000000000e+00	1.44045842055723e+03
9.52000000000000e+00	1.44126449512263e+03
9.53000000000000e+00	1.44200918679125e+03
9.54000000000000e+00	1.44262152711989e+03
9.55000000000000e+00	1.44302677836346e+03
9.56000000000000e+00	1.44316857371862e+03
9.57000000000000e+00	1.44307354831952e+03
9.58000000000000e+00	1.44283184195846e+03
9.59000000000000e+00	1.44260947388410e+03
9.60000000000000e+00	1.44257374346990e+03
9.61000000000000e+00	1.44285343277645e+03
9.62000000000000e+00	1.44347350973906e+03
9.63000000000000e+00	1.44440073861954e+03
9.64000000000000e+00	1.44551777349098e+03
9.65000000000000e+00	1.44669902507643e+03
9.66000000000000e+00	1.44784657234719e+03
9.67000000000000e+00	1.44889908587522e+03
9.68000000000000e+00	1.44984875053370e+03
9.69000000000000e+00	1.45067642895766e+03
9.70000000000000e+00	1.45139406091420e+03
9.71000000000000e+00	1.45203642539164e+03
9.72000000000000e+00	1.45259400148118e+03
9.73000000000000e+00	1.45308542179921e+03
9.74000000000000e+00	1.45350900382342e+03
9.75000000000000e+00	1.45386002997836e+03
9.76000000000000e+00	1.45414041783099e+03
9.77000000000000e+00	1.45433282380956e+03
9.78000000000000e+00	1.45442190204104e+03
9.79000000000000e+00	1.45440966272838e+03
9.80000000000000e+00	1.45428415362740e+03
9.81000000000000e+00	1.45405208712521e+03
9.82000000000000e+00	1.45372413472644e+03
9.83000000000000e+00	1.45329548142816e+03
9.84000000000000e+00	1.45276653894372e+03
9.85000000000000e+00	1.45214939653249e+03
9.86000000000000e+00	1.45143000809878e+03
9.87000000000000e+00	1.45065931487233e+03
9.88000000000000e+00	1.44995542593725e+03
9.89000000000000e+00	1.44970691121333e+03
9.90000000000000e+00	1.45087242217516e+03
9.91000000000000e+00	1.45555036103729e+03
9.92000000000000e+00	1.46790027281936e+03
9.93000000000000e+00	1.49527463777880e+03
9.94000000000000e+00	1.54967106497835e+03
9.95000000000000e+00	1.65007190626283e+03
9.96000000000000e+00	1.82686983072571e+03
9.97000000000000e+00	2.13208180068217e+03
9.98000000000000e+00	2.66323449843099e+03
9.99000000000000e+00	3.62312067872807e+03
1.00000000000000e+01	5.48745875699288e+03
1.00100000000000e+01	9.46979542927521e+03
1.00200000000000e+01	1.74389187678962e+04
1.00300000000000e+01	2.07965830053277e+04
1.00400000000000e+01	1.11323622683065e+04
1.00500000000000e+01	5.12228279088390e+03
1.00600000000000e+01	2.66196729584497e+03
1.00700000000000e+01	1.55569095061848e+03
1.00800000000000e+01	9.91519428988321e+02
1.00900000000000e+01	6.73396301116950e+02
1.01000000000000e+01	4.79755573450573e+02
1.01100000000000e+01	3.54726284612686e+02
1.01200000000000e+01	2.70155427852671e+02
1.01300000000000e+01	2.10771065829711e+02
1.01400000000000e+01	1.67767856595978e+02
1.01500000000000e+01	1.35817979302147e+02
1.01600000000000e+01	1.11556457803313e+02
1.01700000000000e+01	9.27848744837240e+01
1.01800000000000e+01	7.80229654968491e+01
1.01900000000000e+01	6.62467390442988e+01
1.02000000000000e+01	5.67340873940383e+01
1.02100000000000e+01	4.89622682567328e+01
1.02200000000000e+01	4.25489241704312e+01
1.02300000000000e+01	3.72078122886741e+01
1.02400000000000e+01	3.27233242285508e+01
1.02500000000000e+01	2.89297715953781e+01
1.02600000000000e+01	2.56985614106616e+01
1.02700000000000e+01	2.29291051080128e+01
1.02800000000000e+01	2.05418398674053e+01
1.02900000000000e+01	1.84731677177930e+01
1.03000000000000e+01	1.66715510204481e+01
1.03100000000000e+01	1.50954145092058e+01
1.03200000000000e+01	1.37106833552193e+01
1.03300000000000e+01	1.24892650701417e+01
1.03400000000000e+01	1.14077079635603e+01
1.03500000000000e+01	1.04467002824054e+01
1.03600000000000e+01	9.58982136956992e+00
1.03700000000000e+01	8.82342681041832e+00
1.03800000000000e+01	8.13580087974192e+00
1.03900000000000e+01	7.51707687495056e+00
1.04000000000000e+01	6.95881357124437e+00
1.04100000000000e+01	6.45373506649412e+00
1.04200000000000e+01	5.99567952718021e+00
1.04300000000000e+01	5.57924878739136e+00
1.04400000000000e+01	5.19985553041407e+00
1.04500000000000e+01	4.85348458452032e+00
1.04600000000000e+01	4.53661862944603e+00
1.04700000000000e+01	4.24619110014763e+00
1.04800000000000e+01	3.97952072349430e+00
1.04900000000000e+01	3.73429851670805e+00
1.05000000000000e+01	3.50840925426790e+00
1.05100000000000e+01	3.30002492372767e+00
1.05200000000000e+01	3.10752029315008e+00
1.05300000000000e+01	2.92939499808914e+00
1.05400000000000e+01	2.76439521924967e+00
1.05500000000000e+01	2.61133330531782e+00
1.05600000000000e+01	2.46917527178900e+00
1.05700000000000e+01	2.33695991774112e+00
1.05800000000000e+01	2.21384230785659e+00
1.05900000000000e+01	2.09905641909858e+00
1.06000000000000e+01	1.99192068488398e+00
1.06100000000000e+01	1.89181204104041e+00
1.06200000000000e+01	1.79815982164657e+00
1.06300000000000e+01	1.71045257943195e+00
1.06400000000000e+01	1.62822150356842e+00
1.06500000000000e+01	1.55104604128296e+00
1.06600000000000e+01	1.47854023404120e+00
1.06700000000000e+01	1.41035671170304e+00
1.06800000000000e+01	1.34617345405743e+00
1.06900000000000e+01	1.28569937111050e+00
1.07000000000000e+01	1.22865891443330e+00
1.07100000000000e+01	1.17482039740323e+00
1.07200000000000e+01	1.12396576083410e+00
1.07300000000000e+01	1.07588532916435e+00
1.07400000000000e+01	1.03039668881662e+00
1.07500000000000e+01	9.87328547493802e-01
1.07600000000000e+01	9.46543576074472e-01
1.07700000000000e+01	9.07881347404326e-01
1.07800000000000e+01	8.71227459752509e-01
1.07900000000000e+01	8.36452467795819e-01
1.08000000000000e+01	8.03448383025759e-01
1.08100000000000e+01	7.72108500258549e-01
1.08200000000000e+01	7.42339069704364e-01
1.08300000000000e+01	7.14044157355740e-01
1.08400000000000e+01	6.87134539623485e-01
1.08500000000000e+01	6.61528221679292e-01
1.08600000000000e+01	6.37150933288955e-01
1.08700000000000e+01	6.13924971187556e-01
1.08800000000000e+01	5.91786224499180e-01
1.08900000000000e+01	5.70661619201397e-01
1.09000000000000e+01	5.50499682381823e-01
1.09100000000000e+01	5.31237518899590e-01
1.09200000000000e+01	5.12825913584881e-01
1.09300000000000e+01	4.95212743395170e-01
1.09400000000000e+01	4.78348168527512e-01
1.09500000000000e+01	4.62195941510278e-01
1.09600000000000e+01	4.46710839237244e-01
1.09700000000000e+01	4.31860369730491e-01
1.09800000000000e+01	4.17605290484181e-01
1.09900000000000e+01	4.03915913727193e-01
1.10000000000000e+01	3.90764292522580e-01
1.10100000000000e+01	3.78125314551887e-01
1.10200000000000e+01	3.65975380573015e-01
1.10300000000000e+01	3.54296577713537e-01
1.10400000000000e+01	3.43067807821825e-01
1.10500000000000e+01	3.32273428435821e-01
1.10600000000000e+01	3.21904050309414e-01
1.10700000000000e+01	3.11939086077143e-01
1.10800000000000e+01	3.02367767529577e-01
1.10900000000000e+01	2.93179729676279e-01
1.11000000000000e+01	2.84358813318023e-01
1.11100000000000e+01	2.75893681200860e-01
1.11200000000000e+01	2.67767037509287e-01
1.11300000000000e+01	2.59967025194327e-01
1.11400000000000e+01	2.52478482051313e-01
1.11500000000000e+01	2.45286086774899e-01
1.11600000000000e+01	2.38373571309304e-01
1.11700000000000e+01	2.31728488242683e-01
1.11800000000000e+01	2.25334393268035e-01
1.11900000000000e+01	2.19178795757407e-01
1.12000000000000e+01	2.13246590276846e-01
1.12100000000000e+01	2.07528550418633e-01
1.12200000000000e+01	2.02010958818174e-01
1.12300000000000e+01	1.96684195776971e-01
1.12400000000000e+01	1.91536871488458e-01
1.12500000000000e+01	1.86563916428146e-01
1.12600000000000e+01	1.81753096686626e-01
1.12700000000000e+01	1.77099609015995e-01
1.12800000000000e+01	1.72596681189201e-01
1.12900000000000e+01	1.68237022938554e-01
1.13000000000000e+01	1.64014983819204e-01
1.13100000000000e+01	1.59925441846852e-01
1.13200000000000e+01	1.55961909735175e-01
1.13300000000000e+01	1.52121538298049e-01
1.13400000000000e+01	1.48396845671047e-01
1.13500000000000e+01	1.44786000176481e-01
1.13600000000000e+01	1.41282462665541e-01
1.13700000000000e+01	1.37881303761150e-01
1.13800000000000e+01	1.34580914880370e-01
1.13900000000000e+01	1.31375050980040e-01
1.14000000000000e+01	1.28261300029869e-01
1.14100000000000e+01	1.25237239559778e-01
1.14200000000000e+01	1.22297600226446e-01
1.14300000000000e+01	1.19441257071874e-01
1.14400000000000e+01	1.16664733508839e-01
1.14500000000000e+01	1.13966046077638e-01
1.14600000000000e+01	1.11342038309796e-01
1.14700000000000e+01	1.08790068231928e-01
1.14800000000000e+01	1.06308258632612e-01
1.14900000000000e+01	1.03893527634669e-01
1.15000000000000e+01	1.01545168342119e-01
1.15100000000000e+01	9.92593061486744e-02
1.15200000000000e+01	9.70341572514102e-02
1.15300000000000e+01	9.48685085866657e-02
1.15400000000000e+01	9.27594381833790e-02
1.15500000000000e+01	9.07072193811307e-02
1.15600000000000e+01	8.87097161502553e-02
1.15700000000000e+01	8.67660403777929e-02
1.15800000000000e+01	8.48763491122962e-02
1.15900000000000e+01	8.30393467342426e-02
1.16000000000000e+01	8.12538139585422e-02
1.16100000000000e+01	7.95204595790266e-02
1.16200000000000e+01	7.78377225365810e-02
1.16300000000000e+01	7.62045818080733e-02
1.16400000000000e+01	7.46195666037381e-02
1.16500000000000e+01	7.30811575947307e-02
1.16600000000000e+01	7.15878996885071e-02
1.16700000000000e+01	7.01372517295064e-02
1.16800000000000e+01	6.87270235751143e-02
1.16900000000000e+01	6.73544638292567e-02
1.17000000000000e+01	6.60174718492971e-02
1.17100000000000e+01	6.47140851474728e-02
1.17200000000000e+01	6.34413064928554e-02
1.17300000000000e+01	6.21971935739687e-02
1.17400000000000e+01	6.09804922907812e-02
1.17500000000000e+01	5.97892237987236e-02
1.17600000000000e+01	5.86224351242872e-02
1.17700000000000e+01	5.74789850876207e-02
1.17800000000000e+01	5.63595340992697e-02
1.17900000000000e+01	5.52629428378275e-02
1.18000000000000e+01	5.41897815396644e-02
1.18100000000000e+01	5.31400490634120e-02
1.18200000000000e+01	5.21141054234181e-02
1.18300000000000e+01	5.11119870436863e-02
1.18400000000000e+01	5.01341917717780e-02
1.18500000000000e+01	4.91803749202673e-02
1.18600000000000e+01	4.82508115756988e-02
1.18700000000000e+01	4.73450495579759e-02
1.18800000000000e+01	4.64623667825403e-02
1.18900000000000e+01	4.56026111033223e-02
1.19000000000000e+01	4.47649269176193e-02
1.19100000000000e+01	4.39483076698476e-02
1.19200000000000e+01	4.31523208819376e-02
1.19300000000000e+01	4.23758871055879e-02
1.19400000000000e+01	4.16178762938568e-02
1.19500000000000e+01	4.08776683751270e-02
1.19600000000000e+01	4.01543948363424e-02
1.19700000000000e+01	3.94472350353317e-02
1.19800000000000e+01	3.87549941000900e-02
1.19900000000000e+01	3.80773520122445e-02
1.20000000000000e+01	3.74130281929551e-02
1.20100000000000e+01	3.67619758856573e-02
1.20200000000000e+01	3.61236376888856e-02
1.20300000000000e+01	3.54974035827971e-02
1.20400000000000e+01	3.48834270387113e-02
1.20500000000000e+01	3.42809374101032e-02
1.20600000000000e+01	3.36905125409454e-02
1.20700000000000e+01	3.31115327255203e-02
1.20800000000000e+01	3.25446574294949e-02
1.20900000000000e+01	3.19896050728103e-02
1.21000000000000e+01	3.14467502984044e-02
1.21100000000000e+01	3.09162687617476e-02
1.21200000000000e+01	3.03979263648983e-02
1.21300000000000e+01	2.98916901172776e-02
1.21400000000000e+01	2.93978625621798e-02
1.21500000000000e+01	2.89162414915333e-02
1.21600000000000e+01	2.84459869726111e-02
1.21700000000000e+01	2.79872633328229e-02
1.21800000000000e+01	2.75393790323567e-02
1.21900000000000e+01	2.71021655224349e-02
1.22000000000000e+01	2.66746765382805e-02
1.22100000000000e+01	2.62566603527329e-02
1.22200000000000e+01	2.58472896357338e-02
1.22300000000000e+01	2.54463147829907e-02
1.22400000000000e+01	2.50528461541221e-02
1.22500000000000e+01	2.46664538273187e-02
1.22600000000000e+01	2.42870206633069e-02
1.22700000000000e+01	2.39137588403080e-02
1.22800000000000e+01	2.35459748860794e-02
1.22900000000000e+01	2.31839739965935e-02
1.23000000000000e+01	2.28267331529806e-02
1.23100000000000e+01	2.24742135964863e-02
1.23200000000000e+01	2.21262248343321e-02
1.23300000000000e+01	2.17821160234629e-02
1.23400000000000e+01	2.14422373301244e-02
1.23500000000000e+01	2.11062482672398e-02
1.23600000000000e+01	2.07741328753921e-02
1.23700000000000e+01	2.04458738683741e-02
1.23800000000000e+01	2.01214620212015e-02
1.23900000000000e+01	1.98014415456151e-02
1.24000000000000e+01	1.94854367612009e-02
1.24100000000000e+01	1.91741943767741e-02
1.24200000000000e+01	1.88674559000151e-02
1.24300000000000e+01	1.85655776158456e-02
1.24400000000000e+01	1.82689590796145e-02
1.24500000000000e+01	1.79772423980333e-02
1.24600000000000e+01	1.76907360148700e-02
1.24700000000000e+01	1.74093575557304e-02
1.24800000000000e+01	1.71332368670137e-02
1.24900000000000e+01	1.68621058144708e-02
1.25000000000000e+01	1.65961785028416e-02
1.25100000000000e+01	1.63352010516282e-02
1.25200000000000e+01	1.60791561871178e-02
1.25300000000000e+01	1.58280623613108e-02
1.25400000000000e+01	1.55820013235215e-02
1.25500000000000e+01	1.53406571832662e-02
1.25600000000000e+01	1.51042362170941e-02
1.25700000000000e+01	1.48725569821911e-02
1.25800000000000e+01	1.46456718176399e-02
1.25900000000000e+01	1.44234967745102e-02
1.26000000000000e+01	1.42058410446472e-02
1.26100000000000e+01	1.39926248361032e-02
1.26200000000000e+01	1.37837868735223e-02
1.26300000000000e+01	1.35791391923812e-02
1.26400000000000e+01	1.33783984495941e-02
1.26500000000000e+01	1.31816500472095e-02
1.26600000000000e+01	1.29887413561646e-02
1.26700000000000e+01	1.27994188131825e-02
1.26800000000000e+01	1.26136776530394e-02
1.26900000000000e+01	1.24315003744451e-02
1.27000000000000e+01	1.22527743335851e-02
1.27100000000000e+01	1.20775888560616e-02
1.27200000000000e+01	1.19058255409522e-02
1.27300000000000e+01	1.17373844110073e-02
1.27400000000000e+01	1.15724717656187e-02
1.27500000000000e+01	1.14109818472397e-02
1.27600000000000e+01	1.12528068784720e-02
1.27700000000000e+01	1.10980153905890e-02
1.27800000000000e+01	1.09464432369646e-02
1.27900000000000e+01	1.07980665038243e-02
1.28000000000000e+01	1.06527111958206e-02
1.28100000000000e+01	1.05103114376168e-02
1.28200000000000e+01	1.03708318979376e-02
1.28300000000000e+01	1.02340492737345e-02
1.28400000000000e+01	1.00999552265987e-02
1.28500000000000e+01	9.96852441254572e-03
1.28600000000000e+01	9.83947836984465e-03
1.28700000000000e+01	9.71292331943387e-03
1.28800000000000e+01	9.58869851705439e-03
1.28900000000000e+01	9.46678049606071e-03
1.29000000000000e+01	9.34708592074864e-03
1.29100000000000e+01	9.22958855881771e-03
1.29200000000000e+01	9.11417108967268e-03
1.29300000000000e+01	9.00085926317928e-03
1.29400000000000e+01	8.88949180655781e-03
1.29500000000000e+01	8.78018624079802e-03
1.29600000000000e+01	8.67262028872092e-03
1.29700000000000e+01	8.56698899812965e-03
1.29800000000000e+01	8.46302065188079e-03
1.29900000000000e+01	8.36089717134923e-03
1.30000000000000e+01	8.26037383856999e-03
1.30100000000000e+01	8.16156978415179e-03
1.30200000000000e+01	8.06443201281754e-03
1.30300000000000e+01	7.96894038298707e-03
1.30400000000000e+01	7.87499141392139e-03
1.30500000000000e+01	7.78265248203798e-03
1.30600000000000e+01	7.69177282339466e-03
1.30700000000000e+01	7.60230078897632e-03
1.30800000000000e+01	7.51417499411299e-03
1.30900000000000e+01	7.42732208274430e-03
1.31000000000000e+01	7.34156890621614e-03
1.31100000000000e+01	7.25700545030148e-03
1.31200000000000e+01	7.17330750299586e-03
1.31300000000000e+01	7.09053897899274e-03
1.31400000000000e+01	7.00856705775892e-03
1.31500000000000e+01	6.92744521052180e-03
1.31600000000000e+01	6.84713389550698e-03
1.31700000000000e+01	6.76758737726459e-03
1.31800000000000e+01	6.68881278018851e-03
1.31900000000000e+01	6.61098132291808e-03
1.32000000000000e+01	6.53398290005351e-03
1.32100000000000e+01	6.45791045890327e-03
1.32200000000000e+01	6.38274302207052e-03
1.32300000000000e+01	6.30853476081178e-03
1.32400000000000e+01	6.23529018668591e-03
1.32500000000000e+01	6.16292573067177e-03
1.32600000000000e+01	6.09140603990146e-03
1.32700000000000e+01	6.02076215774450e-03
1.32800000000000e+01	5.95093233952313e-03
1.32900000000000e+01	5.88191563110572e-03
1.33000000000000e+01	5.81363725049528e-03
1.33100000000000e+01	5.74610754282630e-03
1.33200000000000e+01	5.67932261395551e-03
1.33300000000000e+01	5.61332120584281e-03
1.33400000000000e+01	5.54811885970241e-03
1.33500000000000e+01	5.48374659823145e-03
1.33600000000000e+01	5.42022423425500e-03
1.33700000000000e+01	5.35756551986205e-03
1.33800000000000e+01	5.29585995483298e-03
1.33900000000000e+01	5.23508652892065e-03
1.34000000000000e+01	5.17525295525037e-03
1.34100000000000e+01	5.11632442176098e-03
1.34200000000000e+01	5.05839015014444e-03
1.34300000000000e+01	5.00133767340166e-03
1.34400000000000e+01	4.94519479675706e-03
1.34500000000000e+01	4.88996421220250e-03
1.34600000000000e+01	4.83552063228066e-03
1.34700000000000e+01	4.78189711400410e-03
1.34800000000000e+01	4.72909531467543e-03
1.34900000000000e+01	4.67699537597397e-03
1.35000000000000e+01	4.62564096105460e-03
1.35100000000000e+01	4.57490983871536e-03
1.35200000000000e+01	4.52487173495689e-03
1.35300000000000e+01	4.47541010270577e-03
1.35400000000000e+01	4.42656962946465e-03
1.35500000000000e+01	4.37821805088807e-03
1.35600000000000e+01	4.33040369177370e-03
1.35700000000000e+01	4.28302597683789e-03
1.35800000000000e+01	4.23615734107698e-03
1.35900000000000e+01	4.18961500193374e-03
1.36000000000000e+01	4.14353475127953e-03
1.36100000000000e+01	4.09778673598541e-03
1.36200000000000e+01	4.05243055567828e-03
1.36300000000000e+01	4.00739977460025e-03
1.36400000000000e+01	3.96274771652817e-03
1.36500000000000e+01	3.91847903237453e-03
1.36600000000000e+01	3.87456408041345e-03
1.36700000000000e+01	3.83104646257452e-03
1.36800000000000e+01	3.78799660101006e-03
1.36900000000000e+01	3.74537576792259e-03
1.37000000000000e+01	3.70322886210546e-03
1.37100000000000e+01	3.66158954637974e-03
1.37200000000000e+01	3.62049726303399e-03
1.37300000000000e+01	3.58003961652824e-03
1.37400000000000e+01	3.54016907830615e-03
1.37500000000000e+01	3.50098228747747e-03
1.37600000000000e+01	3.46245948700846e-03
1.37700000000000e+01	3.42461526115612e-03
1.37800000000000e+01	3.38746902926420e-03
1.37900000000000e+01	3.35099324922709e-03
1.38000000000000e+01	3.31525771089936e-03
1.38100000000000e+01	3.28012571802486e-03
1.38200000000000e+01	3.24565072082254e-03
1.38300000000000e+01	3.21173667244985e-03
1.38400000000000e+01	3.17841177698762e-03
1.38500000000000e+01	3.14561454468006e-03
1.38600000000000e+01	3.11330956626233e-03
1.38700000000000e+01	3.08144386819816e-03
1.38800000000000e+01	3.05007872077906e-03
1.38900000000000e+01	3.01909128501939e-03
1.39000000000000e+01	2.98845873446467e-03
1.39100000000000e+01	2.95824163767949e-03
1.39200000000000e+01	2.92835405767160e-03
1.39300000000000e+01	2.89879508130618e-03
1.39400000000000e+01	2.86954430549496e-03
1.39500000000000e+01	2.84063063517179e-03
1.39600000000000e+01	2.81197830155029e-03
1.39700000000000e+01	2.78361608406097e-03
1.39800000000000e+01	2.75554352591836e-03
1.39900000000000e+01	2.72773027729629e-03
1.40000000000000e+01	2.70019120975977e-03
1.40100000000000e+01	2.67292849090221e-03
1.40200000000000e+01	2.64592990932229e-03
1.40300000000000e+01	2.61922008788098e-03
1.40400000000000e+01	2.59283017452403e-03
1.40500000000000e+01	2.56672862715095e-03
1.40600000000000e+01	2.54092252001041e-03
1.40700000000000e+01	2.51546919638752e-03
1.40800000000000e+01	2.49034528207054e-03
1.40900000000000e+01	2.46554524336501e-03
1.41000000000000e+01	2.44106751531810e-03
1.41100000000000e+01	2.41693941777295e-03
1.41200000000000e+01	2.39312906988033e-03
1.41300000000000e+01	2.36961940105061e-03
1.41400000000000e+01	2.34642630818212e-03
1.41500000000000e+01	2.32346072487543e-03
1.41600000000000e+01	2.30077616555293e-03
1.41700000000000e+01	2.27828376237966e-03
1.41800000000000e+01	2.25601328672454e-03
1.41900000000000e+01	2.23391267968059e-03
1.42000000000000e+01	2.21197091134261e-03
1.42100000000000e+01	2.19019273423644e-03
1.42200000000000e+01	2.16860635933934e-03
1.42300000000000e+01	2.14718089266478e-03
1.42400000000000e+01	2.12592044754103e-03
1.42500000000000e+01	2.10486016199227e-03
1.42600000000000e+01	2.08396738976900e-03
1.42700000000000e+01	2.06331677295207e-03
1.42800000000000e+01	2.04291667066631e-03
1.42900000000000e+01	2.02273768790307e-03
1.43000000000000e+01	2.00280968151987e-03
1.43100000000000e+01	1.98315557151595e-03
1.43200000000000e+01	1.96371610153145e-03
1.43300000000000e+01	1.94454824851134e-03
1.43400000000000e+01	1.92563333930041e-03
1.43500000000000e+01	1.90696421649384e-03
1.43600000000000e+01	1.88852709957137e-03
1.43700000000000e+01	1.87029626167632e-03
1.43800000000000e+01	1.85231229907278e-03
1.43900000000000e+01	1.83453905420753e-03
1.44000000000000e+01	1.81701774122092e-03
1.44100000000000e+01	1.79968125983726e-03
1.44200000000000e+01	1.78259219813415e-03
1.44300000000000e+01	1.76570090854865e-03
1.44400000000000e+01	1.74905921410719e-03
1.44500000000000e+01	1.73262063114049e-03
1.44600000000000e+01	1.71641979645543e-03
1.44700000000000e+01	1.70043610035090e-03
1.44800000000000e+01	1.68465948647043e-03
1.44900000000000e+01	1.66909889121749e-03
1.45000000000000e+01	1.65375144934806e-03
1.45100000000000e+01	1.63860855609526e-03
1.45200000000000e+01	1.62365831826822e-03
1.45300000000000e+01	1.60889747357354e-03
1.45400000000000e+01	1.59434106531116e-03
1.45500000000000e+01	1.57994809441700e-03
1.45600000000000e+01	1.56573339836790e-03
1.45700000000000e+01	1.55168546349154e-03
1.45800000000000e+01	1.53777493212501e-03
1.45900000000000e+01	1.52406437022871e-03
1.46000000000000e+01	1.51047632982012e-03
1.46100000000000e+01	1.49700915698312e-03
1.46200000000000e+01	1.48371951956758e-03
1.46300000000000e+01	1.47054179425144e-03
1.46400000000000e+01	1.45750169697989e-03
1.46500000000000e+01	1.44460738523016e-03
1.46600000000000e+01	1.43182426198627e-03
1.46700000000000e+01	1.41918626025652e-03
1.46800000000000e+01	1.40669155597841e-03
1.46900000000000e+01	1.39432854021865e-03
1.47000000000000e+01	1.38211655139685e-03
1.47100000000000e+01	1.37003408129511e-03
1.47200000000000e+01	1.35808766984644e-03
1.47300000000000e+01	1.34628113665267e-03
1.47400000000000e+01	1.33463165990545e-03
1.47500000000000e+01	1.32311695194224e-03
1.47600000000000e+01	1.31175143859882e-03
1.47700000000000e+01	1.30051419581461e-03
1.47800000000000e+01	1.28939403850973e-03
1.47900000000000e+01	1.27839833431345e-03
1.48000000000000e+01	1.26752365127620e-03
1.48100000000000e+01	1.25673564646900e-03
1.48200000000000e+01	1.24607470095643e-03
1.48300000000000e+01	1.23549099631677e-03
1.48400000000000e+01	1.22499068495419e-03
1.48500000000000e+01	1.21459240994440e-03
1.48600000000000e+01	1.20426322837428e-03
1.48700000000000e+01	1.19401219000230e-03
1.48800000000000e+01	1.18383813386609e-03
1.48900000000000e+01	1.17372072927552e-03
1.49000000000000e+01	1.16370637838838e-03
1.49100000000000e+01	1.15374739864672e-03
1.49200000000000e+01	1.14386995890811e-03
1.49300000000000e+01	1.13406437052732e-03
1.49400000000000e+01	1.12434754599595e-03
1.49500000000000e+01	1.11470375644356e-03
1.49600000000000e+01	1.10515504037724e-03
1.49700000000000e+01	1.09569960911088e-03
1.49800000000000e+01	1.08632928774588e-03
1.49900000000000e+01	1.07707210164489e-03
1.50000000000000e+01	1.06789819938745e-03
1.50100000000000e+01	1.05883297549759e-03
1.50200000000000e+01	1.04986018390039e-03
1.50300000000000e+01	1.04099317535091e-03
1.50400000000000e+01	1.03223418744814e-03
1.50500000000000e+01	1.02356857548710e-03
1.50600000000000e+01	1.01500638841824e-03
1.50700000000000e+01	1.00652665647930e-03
1.50800000000000e+01	9.98132326718037e-04
1.50900000000000e+01	9.89836639974961e-04
1.51000000000000e+01	9.81604356325450e-04
1.51100000000000e+01	9.73460717084446e-04
1.51200000000000e+01	9.65391656229240e-04
1.51300000000000e+01	9.57370216709826e-04
1.51400000000000e+01	9.49435905610680e-04
1.51500000000000e+01	9.41550444433173e-04
1.51600000000000e+01	9.33719654903886e-04
1.51700000000000e+01	9.25948838793033e-04
1.51800000000000e+01	9.18253107365676e-04
1.51900000000000e+01	9.10605594638350e-04
1.52000000000000e+01	9.03024838719653e-04
1.52100000000000e+01	8.95503592399589e-04
1.52200000000000e+01	8.88058762602600e-04
1.52300000000000e+01	8.80676849892297e-04
1.52400000000000e+01	8.73356388360341e-04
1.52500000000000e+01	8.66098636458554e-04
1.52600000000000e+01	8.58904351029309e-04
1.52700000000000e+01	8.51751853651025e-04
1.52800000000000e+01	8.44656304091810e-04
1.52900000000000e+01	8.37583511028648e-04
1.53000000000000e+01	8.30536109337933e-04
1.53100000000000e+01	8.23493305156941e-04
1.53200000000000e+01	8.16449266853598e-04
1.53300000000000e+01	8.09399884008886e-04
1.53400000000000e+01	8.02316155161951e-04
1.53500000000000e+01	7.95196430212361e-04
1.53600000000000e+01	7.88049611024530e-04
1.53700000000000e+01	7.80850264095647e-04
1.53800000000000e+01	7.73598610594116e-04
1.53900000000000e+01	7.66308144538138e-04
1.54000000000000e+01	7.58975550037054e-04
1.54100000000000e+01	7.51617203713979e-04
1.54200000000000e+01	7.44226188146416e-04
1.54300000000000e+01	7.36835163578767e-04
1.54400000000000e+01	7.29445331411893e-04
1.54500000000000e+01	7.22087589536419e-04
1.54600000000000e+01	7.14775803016042e-04
1.54700000000000e+01	7.07552198964391e-04
1.54800000000000e+01	7.00411817699909e-04
1.54900000000000e+01	6.93398458186283e-04
1.55000000000000e+01	6.86527107219454e-04
1.55100000000000e+01	6.79824450039563e-04
1.55200000000000e+01	6.73307259553279e-04
1.55300000000000e+01	6.66989432720371e-04
1.55400000000000e+01	6.60866073557570e-04
1.55500000000000e+01	6.54962442485060e-04
1.55600000000000e+01	6.49258606593494e-04
1.55700000000000e+01	6.43747067382267e-04
1.55800000000000e+01	6.38432172004627e-04
1.55900000000000e+01	6.33282158640859e-04
1.56000000000000e+01	6.28277313012672e-04
1.56100000000000e+01	6.23419236587879e-04
1.56200000000000e+01	6.18664277212930e-04
1.56300000000000e+01	6.14017988491114e-04
1.56400000000000e+01	6.09439093486564e-04
1.56500000000000e+01	6.04922946184765e-04
1.56600000000000e+01	6.00443106609439e-04
1.56700000000000e+01	5.95992338317141e-04
1.56800000000000e+01	5.91559342279193e-04
1.56900000000000e+01	5.87138001882246e-04
1.57000000000000e+01	5.82714262943356e-04
1.57100000000000e+01	5.78278001773362e-04
1.57200000000000e+01	5.73836652299838e-04
1.57300000000000e+01	5.69381118767428e-04
1.57400000000000e+01	5.64911232046258e-04
1.57500000000000e+01	5.60437711731293e-04
1.57600000000000e+01	5.55952035538135e-04
1.57700000000000e+01	5.51462434930372e-04
1.57800000000000e+01	5.46974070533974e-04
1.57900000000000e+01	5.42513975515825e-04
1.58000000000000e+01	5.38063153462414e-04
1.58100000000000e+01	5.33650818975490e-04
1.58200000000000e+01	5.29276620507810e-04
1.58300000000000e+01	5.24955434970014e-04
1.58400000000000e+01	5.20702579511049e-04
1.58500000000000e+01	5.16509979693842e-04
1.58600000000000e+01	5.12404263692911e-04
1.58700000000000e+01	5.08372530891587e-04
1.58800000000000e+01	5.04419872809008e-04
1.58900000000000e+01	5.00564978247244e-04
1.59000000000000e+01	4.96785387475457e-04
1.59100000000000e+01	4.93095778058829e-04
1.59200000000000e+01	4.89478703482919e-04
1.59300000000000e+01	4.85934935962048e-04
1.59400000000000e+01	4.82458208340082e-04
1.59500000000000e+01	4.79036498333501e-04
1.59600000000000e+01	4.75657842968281e-04
1.59700000000000e+01	4.72331772677084e-04
1.59800000000000e+01	4.69043838356677e-04
1.59900000000000e+01	4.65777037578721e-04
1.60000000000000e+01	4.62544603830895e-04
1.60100000000000e+01	4.59334329017113e-04
1.60200000000000e+01	4.56146505470918e-04
1.60300000000000e+01	4.52973982678150e-04
1.60400000000000e+01	4.49821941251006e-04
1.60500000000000e+01	4.46689484038181e-04
1.60600000000000e+01	4.43574946519545e-04
1.60700000000000e+01	4.40474946301903e-04
1.60800000000000e+01	4.37386299959691e-04
1.60900000000000e+01	4.34319986560108e-04
1.61000000000000e+01	4.31275470674311e-04
1.61100000000000e+01	4.28242674119929e-04
1.61200000000000e+01	4.25233222846731e-04
1.61300000000000e+01	4.22235884369053e-04
1.61400000000000e+01	4.19267384250517e-04
1.61500000000000e+01	4.16317890373221e-04
1.61600000000000e+01	4.13385655854642e-04
1.61700000000000e+01	4.10481882426117e-04
1.61800000000000e+01	4.07597853799115e-04
1.61900000000000e+01	4.04745232669361e-04
1.62000000000000e+01	4.01919008997310e-04
1.62100000000000e+01	3.99126425705977e-04
1.62200000000000e+01	3.96365342949398e-04
1.62300000000000e+01	3.93636482011771e-04
1.62400000000000e+01	3.90949782594302e-04
1.62500000000000e+01	3.88302358450783e-04
1.62600000000000e+01	3.85687484028773e-04
1.62700000000000e+01	3.83112745494226e-04
1.62800000000000e+01	3.80577584433604e-04
1.62900000000000e+01	3.78076686025056e-04
1.63000000000000e+01	3.75612091958651e-04
1.63100000000000e+01	3.73167869708184e-04
1.63200000000000e+01	3.70758164935307e-04
1.63300000000000e+01	3.68361161648181e-04
1.63400000000000e+01	3.65979746442711e-04
1.63500000000000e+01	3.63610352926377e-04
1.63600000000000e+01	3.61244862635159e-04
1.63700000000000e+01	3.58874602730753e-04
1.63800000000000e+01	3.56503488782754e-04
1.63900000000000e+01	3.54115452247345e-04
1.64000000000000e+01	3.51714104330012e-04
1.64100000000000e+01	3.49293510940149e-04
1.64200000000000e+01	3.46851774359851e-04
1.64300000000000e+01	3.44385914167089e-04
1.64400000000000e+01	3.41901399365080e-04
1.64500000000000e+01	3.39394282463530e-04
1.64600000000000e+01	3.36869821588079e-04
1.64700000000000e+01	3.34337811388870e-04
1.64800000000000e+01	3.31791885843068e-04
1.64900000000000e+01	3.29251725315312e-04
1.65000000000000e+01	3.26720913402419e-04
1.65100000000000e+01	3.24197847450760e-04
1.65200000000000e+01	3.21694443381083e-04
1.65300000000000e+01	3.19218798867044e-04
1.65400000000000e+01	3.16774622135244e-04
1.65500000000000e+01	3.14360979273207e-04
1.65600000000000e+01	3.11990120979441e-04
1.65700000000000e+01	3.09654354835944e-04
1.65800000000000e+01	3.07358065299217e-04
1.65900000000000e+01	3.05107236636341e-04
1.66000000000000e+01	3.02902135821045e-04
1.66100000000000e+01	3.00734938929213e-04
1.66200000000000e+01	2.98613804325111e-04
1.66300000000000e+01	2.96527234907651e-04
1.66400000000000e+01	2.94486847778199e-04
1.66500000000000e+01	2.92481599088024e-04
1.66600000000000e+01	2.90515065713434e-04
1.66700000000000e+01	2.88584236657295e-04
1.66800000000000e+01	2.86690224695694e-04
1.66900000000000e+01	2.84825782656219e-04
1.67000000000000e+01	2.82994293070666e-04
1.67100000000000e+01	2.81188336626426e-04
1.67200000000000e+01	2.79411420984323e-04
1.67300000000000e+01	2.77656477727516e-04
1.67400000000000e+01	2.75920655804666e-04
1.67500000000000e+01	2.74206308177037e-04
1.67600000000000e+01	2.72505770565146e-04
1.67700000000000e+01	2.70817143812271e-04
1.67800000000000e+01	2.69138022579600e-04
1.67900000000000e+01	2.67470930004788e-04
1.68000000000000e+01	2.65805073937864e-04
1.68100000000000e+01	2.64142981840419e-04
1.68200000000000e+01	2.62487273868296e-04
1.68300000000000e+01	2.60832427087599e-04
1.68400000000000e+01	2.59176243288449e-04
1.68500000000000e+01	2.57525466570449e-04
1.68600000000000e+01	2.55874637846625e-04
1.68700000000000e+01	2.54223835182057e-04
1.68800000000000e+01	2.52579923525501e-04
1.68900000000000e+01	2.50939150623930e-04
1.69000000000000e+01	2.49307252759021e-04
1.69100000000000e+01	2.47676310692580e-04
1.69200000000000e+01	2.46052876438079e-04
1.69300000000000e+01	2.44437064610586e-04
1.69400000000000e+01	2.42830572281365e-04
1.69500000000000e+01	2.41226159085686e-04
1.69600000000000e+01	2.39633750657484e-04
1.69700000000000e+01	2.38047221152849e-04
1.69800000000000e+01	2.36473752804315e-04
1.69900000000000e+01	2.34910735581457e-04
1.70000000000000e+01	2.33358299679849e-04
1.70100000000000e+01	2.31828297701997e-04
1.70200000000000e+01	2.30314668125888e-04
1.70300000000000e+01	2.28820915128278e-04
1.70400000000000e+01	2.27350324233608e-04
1.70500000000000e+01	2.25901829995597e-04
1.70600000000000e+01	2.24481513098554e-04
1.70700000000000e+01	2.23087676868505e-04
1.70800000000000e+01	2.21715745857942e-04
1.70900000000000e+01	2.20370994090445e-04
1.71000000000000e+01	2.19050481145373e-04
1.71100000000000e+01	2.17753387404462e-04
1.71200000000000e+01	2.16473923311711e-04
1.71300000000000e+01	2.15215514983574e-04
1.71400000000000e+01	2.13975615506447e-04
1.71500000000000e+01	2.12750336513650e-04
1.71600000000000e+01	2.11537774054630e-04
1.71700000000000e+01	2.10339801877830e-04
1.71800000000000e+01	2.09150698222883e-04
1.71900000000000e+01	2.07976078430811e-04
1.72000000000000e+01	2.06810267811368e-04
1.72100000000000e+01	2.05655516003994e-04
1.72200000000000e+01	2.04511190416525e-04
1.72300000000000e+01	2.03372276113700e-04
1.72400000000000e+01	2.02249205987849e-04
1.72500000000000e+01	2.01127853746351e-04
1.72600000000000e+01	2.00018587512312e-04
1.72700000000000e+01	1.98918284918252e-04
1.72800000000000e+01	1.97824413239895e-04
1.72900000000000e+01	1.96739348754533e-04
1.73000000000000e+01	1.95660585408809e-04
1.73100000000000e+01	1.94588353965196e-04
1.73200000000000e+01	1.93524750064719e-04
1.73300000000000e+01	1.92463885374742e-04
1.73400000000000e+01	1.91406575685077e-04
1.73500000000000e+01	1.90359170060001e-04
1.73600000000000e+01	1.89313250807478e-04
1.73700000000000e+01	1.88272260169631e-04
1.73800000000000e+01	1.87234415365183e-04
1.73900000000000e+01	1.86201822208100e-04
1.74000000000000e+01	1.85175813605815e-04
1.74100000000000e+01	1.84151726587707e-04
1.74200000000000e+01	1.83130909976095e-04
1.74300000000000e+01	1.82113636135644e-04
1.74400000000000e+01	1.81104715685222e-04
1.74500000000000e+01	1.80095742442141e-04
1.74600000000000e+01	1.79095287199837e-04
1.74700000000000e+01	1.78097988351068e-04
1.74800000000000e+01	1.77103800677134e-04
1.74900000000000e+01	1.76111656657240e-04
1.75000000000000e+01	1.75125506997574e-04
1.75100000000000e+01	1.74144265080519e-04
1.75200000000000e+01	1.73162754071873e-04
1.75300000000000e+01	1.72181498238790e-04
1.75400000000000e+01	1.71201789266747e-04
1.75500000000000e+01	1.70227121446998e-04
1.75600000000000e+01	1.69247974033987e-04
1.75700000000000e+01	1.68271045228622e-04
1.75800000000000e+01	1.67293402064429e-04
1.75900000000000e+01	1.66317003133969e-04
1.76000000000000e+01	1.65338486672300e-04
1.76100000000000e+01	1.64366128009332e-04
1.76200000000000e+01	1.63392278133676e-04
1.76300000000000e+01	1.62423209823570e-04
1.76400000000000e+01	1.61457307761618e-04
1.76500000000000e+01	1.60496243541837e-04
1.76600000000000e+01	1.59544321646316e-04
1.76700000000000e+01	1.58596832100654e-04
1.76800000000000e+01	1.57658197965845e-04
1.76900000000000e+01	1.56729628969543e-04
1.77000000000000e+01	1.55805215318456e-04
1.77100000000000e+01	1.54890224312214e-04
1.77200000000000e+01	1.53983057666282e-04
1.77300000000000e+01	1.53083971684005e-04
1.77400000000000e+01	1.52193910650127e-04
1.77500000000000e+01	1.51306938400967e-04
1.77600000000000e+01	1.50428481984250e-04
1.77700000000000e+01	1.49554632323696e-04
1.77800000000000e+01	1.48687959616491e-04
1.77900000000000e+01	1.47825393512075e-04
1.78000000000000e+01	1.46964466588183e-04
1.78100000000000e+01	1.46110401362141e-04
1.78200000000000e+01	1.45259561109075e-04
1.78300000000000e+01	1.44408778649239e-04
1.78400000000000e+01	1.43562373814138e-04
1.78500000000000e+01	1.42719144396177e-04
1.78600000000000e+01	1.41878917585382e-04
1.78700000000000e+01	1.41040852714635e-04
1.78800000000000e+01	1.40203137744847e-04
1.78900000000000e+01	1.39368507486476e-04
1.79000000000000e+01	1.38538590141124e-04
1.79100000000000e+01	1.37709251126835e-04
1.79200000000000e+01	1.36881934320314e-04
1.79300000000000e+01	1.36057724755608e-04
1.79400000000000e+01	1.35231590841305e-04
1.79500000000000e+01	1.34407925489847e-04
1.79600000000000e+01	1.33582487844797e-04
1.79700000000000e+01	1.32758553843149e-04
1.79800000000000e+01	1.31932388482643e-04
1.79900000000000e+01	1.31108155186621e-04
1.80000000000000e+01	1.30284950018235e-04
1.80100000000000e+01	1.29466845070157e-04
1.80200000000000e+01	1.28648992842772e-04
1.80300000000000e+01	1.27840310720456e-04
1.80400000000000e+01	1.27039470246478e-04
1.80500000000000e+01	1.26248874973753e-04
1.80600000000000e+01	1.25469424104959e-04
1.80700000000000e+01	1.24706864591886e-04
1.80800000000000e+01	1.23958040987323e-04
1.80900000000000e+01	1.23226339275359e-04
1.81000000000000e+01	1.22509500077347e-04
1.81100000000000e+01	1.21811004111751e-04
1.81200000000000e+01	1.21128604948750e-04
1.81300000000000e+01	1.20459732895498e-04
1.81400000000000e+01	1.19801371571215e-04
1.81500000000000e+01	1.19156997611908e-04
1.81600000000000e+01	1.18521553557849e-04
1.81700000000000e+01	1.17894529733377e-04
1.81800000000000e+01	1.17271765944872e-04
1.81900000000000e+01	1.16656136626547e-04
1.82000000000000e+01	1.16044704675440e-04
1.82100000000000e+01	1.15433771039007e-04
1.82200000000000e+01	1.14826977371877e-04
1.82300000000000e+01	1.14219652901666e-04
1.82400000000000e+01	1.13612420538560e-04
1.82500000000000e+01	1.13005075054669e-04
1.82600000000000e+01	1.12395566322606e-04
1.82700000000000e+01	1.11786485092908e-04
1.82800000000000e+01	1.11175744864284e-04
1.82900000000000e+01	1.10562554254372e-04
1.83000000000000e+01	1.09951277479568e-04
1.83100000000000e+01	1.09335565660992e-04
1.83200000000000e+01	1.08722986364613e-04
1.83300000000000e+01	1.08109624867615e-04
1.83400000000000e+01	1.07498510718834e-04
1.83500000000000e+01	1.06888308805433e-04
1.83600000000000e+01	1.06283079261555e-04
1.83700000000000e+01	1.05680771715080e-04
1.83800000000000e+01	1.05084861792994e-04
1.83900000000000e+01	1.04495163816929e-04
1.84000000000000e+01	1.03912747718634e-04
1.84100000000000e+01	1.03340078790759e-04
1.84200000000000e+01	1.02776812277960e-04
1.84300000000000e+01	1.02225274901060e-04
1.84400000000000e+01	1.01684376681415e-04
1.84500000000000e+01	1.01155089128566e-04
1.84600000000000e+01	1.00636903752385e-04
1.84700000000000e+01	1.00131203809824e-04
1.84800000000000e+01	9.96363814347603e-05
1.84900000000000e+01	9.91525573611476e-05
1.85000000000000e+01	9.86769570869658e-05
1.85100000000000e+01	9.82105479545980e-05
1.85200000000000e+01	9.77520131783191e-05
1.85300000000000e+01	9.72994949663985e-05
1.85400000000000e+01	9.68514804022924e-05
1.85500000000000e+01	9.64068215656542e-05
1.85600000000000e+01	9.59653180125009e-05
1.85700000000000e+01	9.55254698949193e-05
1.85800000000000e+01	9.50862470426789e-05
1.85900000000000e+01	9.46476975419225e-05
1.86000000000000e+01	9.42085733778808e-05
1.86100000000000e+01	9.37685258105352e-05
1.86200000000000e+01	9.33284161998893e-05
1.86300000000000e+01	9.28870186845042e-05
1.86400000000000e+01	9.24444603614434e-05
1.86500000000000e+01	9.20020214027112e-05
1.86600000000000e+01	9.15590696893857e-05
1.86700000000000e+01	9.11156806171132e-05
1.86800000000000e+01	9.06722111005477e-05
1.86900000000000e+01	9.02298522289079e-05
1.87000000000000e+01	8.97883591006330e-05
1.87100000000000e+01	8.93487233536949e-05
1.87200000000000e+01	8.89099309680022e-05
1.87300000000000e+01	8.84724024371999e-05
1.87400000000000e+01	8.80359657551554e-05
1.87500000000000e+01	8.76018687899751e-05
1.87600000000000e+01	8.71687982518846e-05
1.87700000000000e+01	8.67368758022707e-05
1.87800000000000e+01	8.63069040216749e-05
1.87900000000000e+01	8.58775950120443e-05
1.88000000000000e+01	8.54490811088707e-05
1.88100000000000e+01	8.50210648895667e-05
1.88200000000000e+01	8.45940750929212e-05
1.88300000000000e+01	8.41671495376656e-05
1.88400000000000e+01	8.37408232612663e-05
1.88500000000000e+01	8.33141630830053e-05
1.88600000000000e+01	8.28867701763160e-05
1.88700000000000e+01	8.24581311003597e-05
1.88800000000000e+01	8.20293725659800e-05
1.88900000000000e+01	8.15992086654562e-05
1.89000000000000e+01	8.11673064367202e-05
1.89100000000000e+01	8.07344149300343e-05
1.89200000000000e+01	8.02989354494599e-05
1.89300000000000e+01	7.98634800476291e-05
1.89400000000000e+01	7.94255554113134e-05
1.89500000000000e+01	7.89872542205146e-05
1.89600000000000e+01	7.85480574068643e-05
1.89700000000000e+01	7.81082022778609e-05
1.89800000000000e+01	7.76693442982902e-05
1.89900000000000e+01	7.72314251778786e-05
1.90000000000000e+01	7.67945889013495e-05
1.90100000000000e+01	7.63596060260857e-05
1.90200000000000e+01	7.59276836943055e-05
1.90300000000000e+01	7.54979679913858e-05
1.90400000000000e+01	7.50714861174927e-05
1.90500000000000e+01	7.46459894901434e-05
1.90600000000000e+01	7.42227479727404e-05
1.90700000000000e+01	7.38009376645583e-05
1.90800000000000e+01	7.33783512240244e-05
1.90900000000000e+01	7.29555292762779e-05
1.91000000000000e+01	7.25311641151452e-05
1.91100000000000e+01	7.21059757399756e-05
1.91200000000000e+01	7.16782101476456e-05
1.91300000000000e+01	7.12505047998237e-05
1.91400000000000e+01	7.08230767998979e-05
1.91500000000000e+01	7.03983673699236e-05
1.91600000000000e+01	6.99779098144437e-05
1.91700000000000e+01	6.95636838403648e-05
1.91800000000000e+01	6.91577603074680e-05
1.91900000000000e+01	6.87634684165702e-05
1.92000000000000e+01	6.83813985661066e-05
1.92100000000000e+01	6.80123842048410e-05
1.92200000000000e+01	6.76582285217979e-05
1.92300000000000e+01	6.73176844121066e-05
1.92400000000000e+01	6.69903452737536e-05
1.92500000000000e+01	6.66746784721720e-05
1.92600000000000e+01	6.63703798766973e-05
1.92700000000000e+01	6.60747231768801e-05
1.92800000000000e+01	6.57861094408272e-05
1.92900000000000e+01	6.55026777617575e-05
1.93000000000000e+01	6.52237800247606e-05
1.93100000000000e+01	6.49472595119104e-05
1.93200000000000e+01	6.46721408719234e-05
1.93300000000000e+01	6.43984726454318e-05
1.93400000000000e+01	6.41247763686249e-05
1.93500000000000e+01	6.38508046478482e-05
1.93600000000000e+01	6.35760830865740e-05
1.93700000000000e+01	6.33012328287267e-05
1.93800000000000e+01	6.30256814331587e-05
1.93900000000000e+01	6.27492667891970e-05
1.94000000000000e+01	6.24718248807439e-05
1.94100000000000e+01	6.21944977485895e-05
1.94200000000000e+01	6.19162388931277e-05
1.94300000000000e+01	6.16372078438372e-05
1.94400000000000e+01	6.13580715486275e-05
1.94500000000000e+01	6.10782346962310e-05
1.94600000000000e+01	6.07975138596345e-05
1.94700000000000e+01	6.05162718116274e-05
1.94800000000000e+01	6.02342113196188e-05
1.94900000000000e+01	5.99520926849622e-05
1.95000000000000e+01	5.96694322543930e-05
1.95100000000000e+01	5.93867689367752e-05
1.95200000000000e+01	5.91029014994641e-05
1.95300000000000e+01	5.88189855056874e-05
1.95400000000000e+01	5.85350514104719e-05
1.95500000000000e+01	5.82498153306164e-05
1.95600000000000e+01	5.79649639038822e-05
1.95700000000000e+01	5.76793925051431e-05
1.95800000000000e+01	5.73938924285350e-05
1.95900000000000e+01	5.71079655018860e-05
1.96000000000000e+01	5.68227679112466e-05
1.96100000000000e+01	5.65379367006791e-05
1.96200000000000e+01	5.62534836714415e-05
1.96300000000000e+01	5.59705227518746e-05
1.96400000000000e+01	5.56881445372841e-05
1.96500000000000e+01	5.54068584124849e-05
1.96600000000000e+01	5.51265403071661e-05
1.96700000000000e+01	5.48473749893233e-05
1.96800000000000e+01	5.45701095425564e-05
1.96900000000000e+01	5.42939375917464e-05
1.97000000000000e+01	5.40186612390110e-05
1.97100000000000e+01	5.37437601451503e-05
1.97200000000000e+01	5.34704822189096e-05
1.97300000000000e+01	5.31955887165316e-05
1.97400000000000e+01	5.29198913730119e-05
1.97500000000000e+01	5.26408417392485e-05
1.97600000000000e+01	5.23555144250476e-05
1.97700000000000e+01	5.20596400046265e-05
1.97800000000000e+01	5.17456844392164e-05
1.97900000000000e+01	5.14037524238185e-05
1.98000000000000e+01	5.10183278026787e-05
1.98100000000000e+01	5.05695150638116e-05
1.98200000000000e+01	5.00298977374716e-05
1.98300000000000e+01	4.93632815770169e-05
1.98400000000000e+01	4.85255461994268e-05
1.98500000000000e+01	4.74647821314843e-05
1.98600000000000e+01	4.61192281597135e-05
1.98700000000000e+01	4.44248877345470e-05
1.98800000000000e+01	4.23133163335011e-05
1.98900000000000e+01	3.97196201951414e-05
1.99000000000000e+01	3.65872502874399e-05
1.99100000000000e+01	3.28753056646663e-05
1.99200000000000e+01	2.85691920094973e-05
1.99300000000000e+01	2.36969001307169e-05
1.99400000000000e+01	1.83534792436549e-05
1.99500000000000e+01	1.27437544238848e-05
1.99600000000000e+01	7.25651576324060e-06
1.99700000000000e+01	2.60169150758744e-06
1.99800000000000e+01	7.10791908796155e-08
1.99900000000000e+01	2.05766977485896e-06
2.00000000000000e+01	1.31497340356726e-05
