1.00000000000000e-02	2.78650616664886e+15
2.00000000000000e-02	1.74170152328406e+14
3.00000000000000e-02	3.44083861631565e+13
4.00000000000000e-02	1.08889797364718e+13
5.00000000000000e-02	4.46116394440867e+12
6.00000000000000e-02	2.15202394525303e+12
7.00000000000000e-02	1.16199784261761e+12
8.00000000000000e-02	6.81407189192514e+11
9.00000000000000e-02	4.25585221139730e+11
1.00000000000000e-01	2.79364062168128e+11
1.10000000000000e-01	1.90913251904071e+11
1.20000000000000e-01	1.34877873293872e+11
1.30000000000000e-01	9.79882564874456e+10
1.40000000000000e-01	7.29022919228831e+10
1.50000000000000e-01	5.53624413479632e+10
1.60000000000000e-01	4.28006409063123e+10
1.70000000000000e-01	3.36131862330988e+10
1.80000000000000e-01	2.67677365430492e+10
1.90000000000000e-01	2.15827584063878e+10
2.00000000000000e-01	1.75972309140224e+10
2.10000000000000e-01	1.44928322610663e+10
2.20000000000000e-01	1.20457513316394e+10
2.30000000000000e-01	1.00954353231919e+10
2.40000000000000e-01	8.52570541690548e+09
2.50000000000000e-01	7.25062042341829e+09
2.60000000000000e-01	6.20625887062095e+09
2.70000000000000e-01	5.34410132541215e+09
2.80000000000000e-01	4.62740600497647e+09
2.90000000000000e-01	4.02748944058142e+09
3.00000000000000e-01	3.52230507605312e+09
3.10000000000000e-01	3.09439536403657e+09
3.20000000000000e-01	2.72994369111331e+09
3.30000000000000e-01	2.41801252644059e+09
3.40000000000000e-01	2.14971783612623e+09
3.50000000000000e-01	1.91795418697495e+09
3.60000000000000e-01	1.71686711053436e+09
3.70000000000000e-01	1.54170919710105e+09
3.80000000000000e-01	1.38856244262455e+09
3.90000000000000e-01	1.25416906923419e+09
4.00000000000000e-01	1.13583750922221e+09
4.10000000000000e-01	1.03130727177414e+09
4.20000000000000e-01	9.38692468421321e+08
4.30000000000000e-01	8.56385148094493e+08
4.40000000000000e-01	7.83048157802894e+08
4.50000000000000e-01	7.17510667782024e+08
4.60000000000000e-01	6.58800273977269e+08
4.70000000000000e-01	6.06081892895418e+08
4.80000000000000e-01	5.58636733266385e+08
4.90000000000000e-01	5.15827817886039e+08
5.00000000000000e-01	4.77127548285131e+08
5.10000000000000e-01	4.42063746050497e+08
5.20000000000000e-01	4.10249128432794e+08
5.30000000000000e-01	3.81303824996763e+08
5.40000000000000e-01	3.54936190613589e+08
5.50000000000000e-01	3.30872496619079e+08
5.60000000000000e-01	3.08864898730976e+08
5.70000000000000e-01	2.88711816801612e+08
5.80000000000000e-01	2.70233240894357e+08
5.90000000000000e-01	2.53252229856606e+08
6.00000000000000e-01	2.37631724892425e+08
6.10000000000000e-01	2.23237581560573e+08
6.20000000000000e-01	2.09959698291645e+08
6.30000000000000e-01	1.97693870739864e+08
6.40000000000000e-01	1.86351322826495e+08
6.50000000000000e-01	1.75842941701429e+08
6.60000000000000e-01	1.66099691260113e+08
6.70000000000000e-01	1.57049778444045e+08
6.80000000000000e-01	1.48642664090212e+08
6.90000000000000e-01	1.40820883732443e+08
7.00000000000000e-01	1.33534745714064e+08
7.10000000000000e-01	1.26740944311527e+08
7.20000000000000e-01	1.20397817146198e+08
7.30000000000000e-01	1.14474821509116e+08
7.40000000000000e-01	1.08932658870836e+08
7.50000000000000e-01	1.03747435711786e+08
7.60000000000000e-01	9.88888620354656e+07
7.70000000000000e-01	9.43336205674551e+07
7.80000000000000e-01	9.00580460871870e+07
7.90000000000000e-01	8.60427136510022e+07
8.00000000000000e-01	8.22672259640320e+07
8.10000000000000e-01	7.87168753937294e+07
8.20000000000000e-01	7.53754058945138e+07
8.30000000000000e-01	7.22259092469217e+07
8.40000000000000e-01	6.92586976733632e+07
8.50000000000000e-01	6.64585098576107e+07
8.60000000000000e-01	6.38149797519926e+07
8.70000000000000e-01	6.13185798031035e+07
8.80000000000000e-01	5.89575521484906e+07
8.90000000000000e-01	5.67266346036933e+07
9.00000000000000e-01	5.46145181261982e+07
9.10000000000000e-01	5.26151819193953e+07
9.20000000000000e-01	5.07208909182250e+07
9.30000000000000e-01	4.89264651274189e+07
9.40000000000000e-01	4.72259344992804e+07
9.50000000000000e-01	4.56115307034657e+07
9.60000000000000e-01	4.40789987499870e+07
9.70000000000000e-01	4.26249720541691e+07
9.80000000000000e-01	4.12449315424900e+07
9.90000000000000e-01	3.99327107021605e+07
1.00000000000000e+00	3.86875374986554e+07
1.01000000000000e+00	3.75030909867722e+07
1.02000000000000e+00	3.63766594452991e+07
1.03000000000000e+00	3.53064341808508e+07
1.04000000000000e+00	3.42885898056028e+07
1.05000000000000e+00	3.33212843727717e+07
1.06000000000000e+00	3.24004796867748e+07
1.07000000000000e+00	3.15263315551369e+07
1.08000000000000e+00	3.06944987505557e+07
1.09000000000000e+00	2.99028366936010e+07
1.10000000000000e+00	2.91510994286326e+07
1.11000000000000e+00	2.84357920086601e+07
1.12000000000000e+00	2.77554517573585e+07
1.13000000000000e+00	2.71082533019784e+07
1.14000000000000e+00	2.64922999866918e+07
1.15000000000000e+00	2.59059117326878e+07
1.16000000000000e+00	2.53468125094476e+07
1.17000000000000e+00	2.48141935568220e+07
1.18000000000000e+00	2.43054662497297e+07
1.19000000000000e+00	2.38199652732053e+07
1.20000000000000e+00	2.33556458855205e+07
1.21000000000000e+00	2.29113782108442e+07
1.22000000000000e+00	2.24862350539436e+07
1.23000000000000e+00	2.20804895346522e+07
1.24000000000000e+00	2.16918210614733e+07
1.25000000000000e+00	2.13219839690692e+07
1.26000000000000e+00	2.09696795557621e+07
1.27000000000000e+00	2.06375306350692e+07
1.28000000000000e+00	2.03247518177914e+07
1.29000000000000e+00	2.00342543382532e+07
1.30000000000000e+00	1.97678552328752e+07
1.31000000000000e+00	1.95278178432297e+07
1.32000000000000e+00	1.93174731121655e+07
1.33000000000000e+00	1.91393396237096e+07
1.34000000000000e+00	1.89967217445162e+07
1.35000000000000e+00	1.88925896746602e+07
1.36000000000000e+00	1.88301153712416e+07
1.37000000000000e+00	1.88122302717072e+07
1.38000000000000e+00	1.88406290650008e+07
1.39000000000000e+00	1.89174791963247e+07
1.40000000000000e+00	1.90448065626112e+07
1.41000000000000e+00	1.92230421231882e+07
1.42000000000000e+00	1.94533013624909e+07
1.43000000000000e+00	1.97360297072927e+07
1.44000000000000e+00	2.00717269090360e+07
1.45000000000000e+00	2.04596869675087e+07
1.46000000000000e+00	2.09003289473087e+07
1.47000000000000e+00	2.13912925024388e+07
1.48000000000000e+00	2.19320123431857e+07
1.49000000000000e+00	2.25188352757709e+07
1.50000000000000e+00	2.31475957106104e+07
1.51000000000000e+00	2.38122938164757e+07
1.52000000000000e+00	2.45040414760475e+07
1.53000000000000e+00	2.52127766758827e+07
1.54000000000000e+00	2.59238051041041e+07
1.55000000000000e+00	2.66199041918505e+07
1.56000000000000e+00	2.72823224201126e+07
1.57000000000000e+00	2.78886009319234e+07
1.58000000000000e+00	2.84145351799465e+07
1.59000000000000e+00	2.88344602052497e+07
1.60000000000000e+00	2.91221775457029e+07
1.61000000000000e+00	2.92528282384961e+07
1.62000000000000e+00	2.92014847844870e+07
1.63000000000000e+00	2.89471341747441e+07
1.64000000000000e+00	2.84726215672497e+07
1.65000000000000e+00	2.77703354333365e+07
1.66000000000000e+00	2.68405700082796e+07
1.67000000000000e+00	2.56979481660752e+07
1.68000000000000e+00	2.43669153503214e+07
1.69000000000000e+00	2.28833224456462e+07
1.70000000000000e+00	2.12885539713070e+07
1.71000000000000e+00	1.96292457150585e+07
1.72000000000000e+00	1.79532720886293e+07
1.73000000000000e+00	1.63095460227638e+07
1.74000000000000e+00	1.47436568867349e+07
1.75000000000000e+00	1.32910193138332e+07
1.76000000000000e+00	1.19739851069619e+07
1.77000000000000e+00	1.07987382793302e+07
1.78000000000000e+00	9.75789473613184e+06
1.79000000000000e+00	8.83318873973531e+06
1.80000000000000e+00	8.00100355388158e+06
1.81000000000000e+00	7.23793707590543e+06
1.82000000000000e+00	6.52588324319351e+06
1.83000000000000e+00	5.85510763185802e+06
1.84000000000000e+00	5.22409311637790e+06
1.85000000000000e+00	4.63727484779999e+06
1.86000000000000e+00	4.10031195566968e+06
1.87000000000000e+00	3.61803673402593e+06
1.88000000000000e+00	3.19234690834438e+06
1.89000000000000e+00	2.82239673699553e+06
1.90000000000000e+00	2.50508275703934e+06
1.91000000000000e+00	2.23526318349655e+06
1.92000000000000e+00	2.00665560486472e+06
1.93000000000000e+00	1.81192660816663e+06
1.94000000000000e+00	1.64355262313307e+06
1.95000000000000e+00	1.49417189860150e+06
1.96000000000000e+00	1.35724989930182e+06
1.97000000000000e+00	1.22770204194212e+06
1.98000000000000e+00	1.10240389607733e+06
1.99000000000000e+00	9.80570978202660e+05
2.00000000000000e+00	8.63925219598515e+05
2.01000000000000e+00	7.56534822452141e+05
2.02000000000000e+00	6.64424161173360e+05
2.03000000000000e+00	5.94816599230428e+05
2.04000000000000e+00	5.55193504071926e+05
2.05000000000000e+00	5.52315392848001e+05
2.06000000000000e+00	5.91223677848078e+05
2.07000000000000e+00	6.74471993239377e+05
2.08000000000000e+00	8.01680193155915e+05
2.09000000000000e+00	9.69298133121740e+05
2.10000000000000e+00	1.17073802742638e+06
2.11000000000000e+00	1.39683614969689e+06
2.12000000000000e+00	1.63654065529259e+06
2.13000000000000e+00	1.87825910913746e+06
2.14000000000000e+00	2.11138629173551e+06
2.15000000000000e+00	2.32768434253368e+06
2.16000000000000e+00	2.52214323043044e+06
2.17000000000000e+00	2.69251718612861e+06
2.18000000000000e+00	2.83848801902035e+06
2.19000000000000e+00	2.95987495578233e+06
2.20000000000000e+00	3.05591811590531e+06
2.21000000000000e+00	3.12465767285608e+06
2.22000000000000e+00	3.16355694764416e+06
2.23000000000000e+00	3.17103123169469e+06
2.24000000000000e+00	3.14774756964456e+06
2.25000000000000e+00	3.09797824034766e+06
2.26000000000000e+00	3.02913822605381e+06
2.27000000000000e+00	2.95037628661684e+06
2.28000000000000e+00	2.87070181106947e+06
2.29000000000000e+00	2.79722001217238e+06
2.30000000000000e+00	2.73397345916461e+06
2.31000000000000e+00	2.68166451886924e+06
2.32000000000000e+00	2.63780833333847e+06
2.33000000000000e+00	2.59751738024808e+06
2.34000000000000e+00	2.55428308050871e+06
2.35000000000000e+00	2.50170682194420e+06
2.36000000000000e+00	2.43434548373219e+06
2.37000000000000e+00	2.34890653430657e+06
2.38000000000000e+00	2.24451661189116e+06
2.39000000000000e+00	2.12224950377236e+06
2.40000000000000e+00	1.98472243230454e+06
2.41000000000000e+00	1.83552936657389e+06
2.42000000000000e+00	1.67881781048201e+06
2.43000000000000e+00	1.51895734180706e+06
2.44000000000000e+00	1.36007764815049e+06
2.45000000000000e+00	1.20591071728354e+06
2.46000000000000e+00	1.05937523938210e+06
2.47000000000000e+00	9.22798613814348e+05
2.48000000000000e+00	7.97793838869984e+05
2.49000000000000e+00	6.85569899189054e+05
2.50000000000000e+00	5.86980594820359e+05
2.51000000000000e+00	5.02619590747315e+05
2.52000000000000e+00	4.32880446260802e+05
2.53000000000000e+00	3.77986146807796e+05
2.54000000000000e+00	3.37969743935098e+05
2.55000000000000e+00	3.12679679073184e+05
2.56000000000000e+00	3.01752332621657e+05
2.57000000000000e+00	3.04584320730069e+05
2.58000000000000e+00	3.20300712853886e+05
2.59000000000000e+00	3.47733673088419e+05
2.60000000000000e+00	3.85333100738309e+05
2.61000000000000e+00	4.31079820732213e+05
2.62000000000000e+00	4.82402172513818e+05
2.63000000000000e+00	5.36215060198375e+05
2.64000000000000e+00	5.89244714233176e+05
2.65000000000000e+00	6.38611134188741e+05
2.66000000000000e+00	6.82561450282878e+05
2.67000000000000e+00	7.20684399707733e+05
2.68000000000000e+00	7.53739846013798e+05
2.69000000000000e+00	7.82888043332350e+05
2.70000000000000e+00	8.08964144688416e+05
2.71000000000000e+00	8.32036006228762e+05
2.72000000000000e+00	8.51203350798874e+05
2.73000000000000e+00	8.64929930820014e+05
2.74000000000000e+00	8.71345741569721e+05
2.75000000000000e+00	8.68883069202997e+05
2.76000000000000e+00	8.56658397874551e+05
2.77000000000000e+00	8.34816697730572e+05
2.78000000000000e+00	8.04530759656986e+05
2.79000000000000e+00	7.67891448908032e+05
2.80000000000000e+00	7.27584543427487e+05
2.81000000000000e+00	6.86659866603065e+05
2.82000000000000e+00	6.48259520261801e+05
2.83000000000000e+00	6.15342917345436e+05
2.84000000000000e+00	5.90520009810367e+05
2.85000000000000e+00	5.75835965090206e+05
2.86000000000000e+00	5.72648280604607e+05
2.87000000000000e+00	5.81504535026867e+05
2.88000000000000e+00	6.02093004048886e+05
2.89000000000000e+00	6.33243748368216e+05
2.90000000000000e+00	6.73023191561613e+05
2.91000000000000e+00	7.18856852601592e+05
2.92000000000000e+00	7.67699067265964e+05
2.93000000000000e+00	8.16296548285143e+05
2.94000000000000e+00	8.61440414466169e+05
2.95000000000000e+00	9.00294386873758e+05
2.96000000000000e+00	9.30747706101772e+05
2.97000000000000e+00	9.51529437123241e+05
2.98000000000000e+00	9.62444304662281e+05
2.99000000000000e+00	9.64109728272471e+05
3.00000000000000e+00	9.57816716489570e+05
3.01000000000000e+00	9.45101179764696e+05
3.02000000000000e+00	9.27509964975260e+05
3.03000000000000e+00	9.06404170326535e+05
3.04000000000000e+00	8.82885499497113e+05
3.05000000000000e+00	8.57831605733707e+05
3.06000000000000e+00	8.31888946980723e+05
3.07000000000000e+00	8.05577232092880e+05
3.08000000000000e+00	7.79278863060000e+05
3.09000000000000e+00	7.53232272706895e+05
3.10000000000000e+00	7.27582052338561e+05
3.11000000000000e+00	7.02353446192341e+05
3.12000000000000e+00	6.77438543629494e+05
3.13000000000000e+00	6.52638939093587e+05
3.14000000000000e+00	6.27646836410324e+05
3.15000000000000e+00	6.02095162949991e+05
3.16000000000000e+00	5.75672390477825e+05
3.17000000000000e+00	5.48162503043114e+05
3.18000000000000e+00	5.19546623628502e+05
3.19000000000000e+00	4.90048980538368e+05
3.20000000000000e+00	4.60074731762435e+05
3.21000000000000e+00	4.30165189579615e+05
3.22000000000000e+00	4.00859833594401e+05
3.23000000000000e+00	3.72626054758094e+05
3.24000000000000e+00	3.45816589474003e+05
3.25000000000000e+00	3.20674102668520e+05
3.26000000000000e+00	2.97368930358039e+05
3.27000000000000e+00	2.76024731332467e+05
3.28000000000000e+00	2.56723294043716e+05
3.29000000000000e+00	2.39531693061691e+05
3.30000000000000e+00	2.24483266355310e+05
3.31000000000000e+00	2.11554812218980e+05
3.32000000000000e+00	2.00688470262971e+05
3.33000000000000e+00	1.91758945950413e+05
3.34000000000000e+00	1.84586343820924e+05
3.35000000000000e+00	1.78941550032513e+05
3.36000000000000e+00	1.74549884889606e+05
3.37000000000000e+00	1.71125734659267e+05
3.38000000000000e+00	1.68377503993780e+05
3.39000000000000e+00	1.66052721795744e+05
3.40000000000000e+00	1.63951379095953e+05
3.41000000000000e+00	1.61929751558483e+05
3.42000000000000e+00	1.59916672989922e+05
3.43000000000000e+00	1.57898114984176e+05
3.44000000000000e+00	1.55907153227882e+05
3.45000000000000e+00	1.54009011935278e+05
3.46000000000000e+00	1.52298761792671e+05
3.47000000000000e+00	1.50880122724021e+05
3.48000000000000e+00	1.49871453897870e+05
3.49000000000000e+00	1.49393670045020e+05
3.50000000000000e+00	1.49574911096451e+05
3.51000000000000e+00	1.50547162986607e+05
3.52000000000000e+00	1.52450008767675e+05
3.53000000000000e+00	1.55418727827154e+05
3.54000000000000e+00	1.59588738235217e+05
3.55000000000000e+00	1.65080222296311e+05
3.56000000000000e+00	1.71997689632858e+05
3.57000000000000e+00	1.80416023715134e+05
3.58000000000000e+00	1.90379798382370e+05
3.59000000000000e+00	2.01892084327792e+05
3.60000000000000e+00	2.14918321411659e+05
3.61000000000000e+00	2.29368184343200e+05
3.62000000000000e+00	2.45094389353752e+05
3.63000000000000e+00	2.61889150981541e+05
3.64000000000000e+00	2.79471203145916e+05
3.65000000000000e+00	2.97488012907916e+05
3.66000000000000e+00	3.15528201353114e+05
3.67000000000000e+00	3.33125533389601e+05
3.68000000000000e+00	3.49770331253332e+05
3.69000000000000e+00	3.64925590415430e+05
3.70000000000000e+00	3.78028772856609e+05
3.71000000000000e+00	3.88520979891265e+05
3.72000000000000e+00	3.95868900122076e+05
3.73000000000000e+00	3.99615735363217e+05
3.74000000000000e+00	3.99438363816401e+05
3.75000000000000e+00	3.95205942909061e+05
3.76000000000000e+00	3.87005297641607e+05
3.77000000000000e+00	3.75137029040944e+05
3.78000000000000e+00	3.60088626218702e+05
3.79000000000000e+00	3.42467639486226e+05
3.80000000000000e+00	3.22938193071827e+05
3.81000000000000e+00	3.02163032022330e+05
3.82000000000000e+00	2.80767992023158e+05
3.83000000000000e+00	2.59306447518416e+05
3.84000000000000e+00	2.38237312656283e+05
3.85000000000000e+00	2.17930308167225e+05
3.86000000000000e+00	1.98661853499326e+05
3.87000000000000e+00	1.80620649039494e+05
3.88000000000000e+00	1.63920240983333e+05
3.89000000000000e+00	1.48617112572696e+05
3.90000000000000e+00	1.34710966221432e+05
3.91000000000000e+00	1.22166018415253e+05
3.92000000000000e+00	1.10915280866555e+05
3.93000000000000e+00	1.00868612105052e+05
3.94000000000000e+00	9.19222807911781e+04
3.95000000000000e+00	8.39679457652110e+04
3.96000000000000e+00	7.68973767754477e+04
3.97000000000000e+00	7.06089828846128e+04
3.98000000000000e+00	6.50118286484294e+04
3.99000000000000e+00	6.00295206210043e+04
4.00000000000000e+00	5.55955666238651e+04
4.01000000000000e+00	5.16563120364596e+04
4.02000000000000e+00	4.81629776612909e+04
4.03000000000000e+00	4.50700612966996e+04
4.04000000000000e+00	4.23368697886138e+04
4.05000000000000e+00	3.99254980410191e+04
4.06000000000000e+00	3.78031122108640e+04
4.07000000000000e+00	3.59412414365342e+04
4.08000000000000e+00	3.43162349645817e+04
4.09000000000000e+00	3.29089544242508e+04
4.10000000000000e+00	3.17033290708594e+04
4.11000000000000e+00	3.06825729984965e+04
4.12000000000000e+00	2.98275995624016e+04
4.13000000000000e+00	2.91192716945178e+04
4.14000000000000e+00	2.85334419932192e+04
4.15000000000000e+00	2.80438303257848e+04
4.16000000000000e+00	2.76219254388293e+04
4.17000000000000e+00	2.72370795589250e+04
4.18000000000000e+00	2.68585343978052e+04
4.19000000000000e+00	2.64552584710423e+04
4.20000000000000e+00	2.59978169345782e+04
4.21000000000000e+00	2.54597858357649e+04
4.22000000000000e+00	2.48189230284987e+04
4.23000000000000e+00	2.40604232403629e+04
4.24000000000000e+00	2.31774597935870e+04
4.25000000000000e+00	2.21741409621135e+04
4.26000000000000e+00	2.10661670351723e+04
4.27000000000000e+00	1.98790411040409e+04
4.28000000000000e+00	1.86470686640562e+04
4.29000000000000e+00	1.74091120105489e+04
4.30000000000000e+00	1.62039568690330e+04
4.31000000000000e+00	1.50669321657473e+04
4.32000000000000e+00	1.40269197689586e+04
4.33000000000000e+00	1.31039343229580e+04
4.34000000000000e+00	1.23101912352372e+04
4.35000000000000e+00	1.16502352273225e+04
4.36000000000000e+00	1.11225404687668e+04
4.37000000000000e+00	1.07205583887020e+04
4.38000000000000e+00	1.04345071625453e+04
4.39000000000000e+00	1.02516852756736e+04
4.40000000000000e+00	1.01576192500333e+04
4.41000000000000e+00	1.01363818786676e+04
4.42000000000000e+00	1.01713617081781e+04
4.43000000000000e+00	1.02457493081791e+04
4.44000000000000e+00	1.03433903678796e+04
4.45000000000000e+00	1.04496182695080e+04
4.46000000000000e+00	1.05518764130396e+04
4.47000000000000e+00	1.06403001600473e+04
4.48000000000000e+00	1.07081035038538e+04
4.49000000000000e+00	1.07515156963610e+04
4.50000000000000e+00	1.07694214770611e+04
4.51000000000000e+00	1.07630858840183e+04
4.52000000000000e+00	1.07354969884378e+04
4.53000000000000e+00	1.06909881880581e+04
4.54000000000000e+00	1.06348468550976e+04
4.55000000000000e+00	1.05725243799585e+04
4.56000000000000e+00	1.05095392010111e+04
4.57000000000000e+00	1.04518508569231e+04
4.58000000000000e+00	1.04047311419159e+04
4.59000000000000e+00	1.03733363238180e+04
4.60000000000000e+00	1.03630780288382e+04
4.61000000000000e+00	1.03790656442220e+04
4.62000000000000e+00	1.04268908501782e+04
4.63000000000000e+00	1.05125393309118e+04
4.64000000000000e+00	1.06422433361107e+04
4.65000000000000e+00	1.08228723373397e+04
4.66000000000000e+00	1.10620574347282e+04
4.67000000000000e+00	1.13672902364670e+04
4.68000000000000e+00	1.17453774062157e+04
4.69000000000000e+00	1.22011979623527e+04
4.70000000000000e+00	1.27372931226425e+04
4.71000000000000e+00	1.33521849762281e+04
4.72000000000000e+00	1.40390551130323e+04
4.73000000000000e+00	1.47870028909267e+04
4.74000000000000e+00	1.55801738574288e+04
4.75000000000000e+00	1.63995316036789e+04
4.76000000000000e+00	1.72243912228447e+04
4.77000000000000e+00	1.80351024205696e+04
4.78000000000000e+00	1.88134923759130e+04
4.79000000000000e+00	1.95458024695075e+04
4.80000000000000e+00	2.02221133470939e+04
4.81000000000000e+00	2.08364300745604e+04
4.82000000000000e+00	2.13863134038337e+04
4.83000000000000e+00	2.18712709337249e+04
4.84000000000000e+00	2.22918103381292e+04
4.85000000000000e+00	2.26471565269380e+04
4.86000000000000e+00	2.29360926805470e+04
4.87000000000000e+00	2.31536593082590e+04
4.88000000000000e+00	2.32916062235355e+04
4.89000000000000e+00	2.33386191750742e+04
4.90000000000000e+00	2.32808909279368e+04
4.91000000000000e+00	2.31021912932351e+04
4.92000000000000e+00	2.27870524128393e+04
4.93000000000000e+00	2.23215890804318e+04
4.94000000000000e+00	2.16955351119164e+04
4.95000000000000e+00	2.09046056466658e+04
4.96000000000000e+00	1.99512410002813e+04
4.97000000000000e+00	1.88478671138915e+04
4.98000000000000e+00	1.76173001227020e+04
4.99000000000000e+00	1.62957345547300e+04
5.00000000000000e+00	1.49349212280030e+04
5.01000000000000e+00	1.36031882459908e+04
5.02000000000000e+00	1.23878297661359e+04
5.03000000000000e+00	1.13932425106730e+04
5.04000000000000e+00	1.07385252802464e+04
5.05000000000000e+00	1.05517206045406e+04
5.06000000000000e+00	1.09617698242470e+04
5.07000000000000e+00	1.20879880747250e+04
5.08000000000000e+00	1.40290039170695e+04
5.09000000000000e+00	1.68514629104060e+04
5.10000000000000e+00	2.05799457006843e+04
5.11000000000000e+00	2.51904766718449e+04
5.12000000000000e+00	3.06059414986191e+04
5.13000000000000e+00	3.66975262991394e+04
5.14000000000000e+00	4.32879719992924e+04
5.15000000000000e+00	5.01557537437720e+04
5.16000000000000e+00	5.70416360007946e+04
5.17000000000000e+00	6.36562052614674e+04
5.18000000000000e+00	6.96835353491868e+04
5.19000000000000e+00	7.47954315209364e+04
5.20000000000000e+00	7.86711624141425e+04
5.21000000000000e+00	8.10182832917387e+04
5.22000000000000e+00	8.16097548561471e+04
5.23000000000000e+00	8.03206504162612e+04
5.24000000000000e+00	7.71591044968455e+04
5.25000000000000e+00	7.22771137182572e+04
5.26000000000000e+00	6.59776160326534e+04
5.27000000000000e+00	5.86728536484617e+04
5.28000000000000e+00	5.08482329482241e+04
5.29000000000000e+00	4.29968325571431e+04
5.30000000000000e+00	3.55683849200399e+04
5.31000000000000e+00	2.89212504449888e+04
5.32000000000000e+00	2.33015763631959e+04
5.33000000000000e+00	1.88411508299721e+04
5.34000000000000e+00	1.55709638120324e+04
5.35000000000000e+00	1.34472801770718e+04
5.36000000000000e+00	1.23792279772734e+04
5.37000000000000e+00	1.22531533606173e+04
5.38000000000000e+00	1.29508686150444e+04
5.39000000000000e+00	1.43616835262776e+04
5.40000000000000e+00	1.63874877318262e+04
5.41000000000000e+00	1.89428079661529e+04
5.42000000000000e+00	2.19527086914139e+04
5.43000000000000e+00	2.53474444626527e+04
5.44000000000000e+00	2.90573514319429e+04
5.45000000000000e+00	3.30076912603298e+04
5.46000000000000e+00	3.71155368180181e+04
5.47000000000000e+00	4.12864631664093e+04
5.48000000000000e+00	4.54165925946560e+04
5.49000000000000e+00	4.93952970211777e+04
5.50000000000000e+00	5.31074732829285e+04
5.51000000000000e+00	5.64474046580212e+04
5.52000000000000e+00	5.93184422016033e+04
5.53000000000000e+00	6.16487347381900e+04
5.54000000000000e+00	6.33888349881204e+04
5.55000000000000e+00	6.45167129850760e+04
5.56000000000000e+00	6.50398218292353e+04
5.57000000000000e+00	6.49839259278470e+04
5.58000000000000e+00	6.43986030952271e+04
5.59000000000000e+00	6.33446071203649e+04
5.60000000000000e+00	6.18922866481293e+04
5.61000000000000e+00	6.01184882848221e+04
5.62000000000000e+00	5.80988570487855e+04
5.63000000000000e+00	5.59090010923196e+04
5.64000000000000e+00	5.36142533886642e+04
5.65000000000000e+00	5.12773965039251e+04
5.66000000000000e+00	4.89467683937575e+04
5.67000000000000e+00	4.66644998324498e+04
5.68000000000000e+00	4.44603747671287e+04
5.69000000000000e+00	4.23547706376387e+04
5.70000000000000e+00	4.03600424109746e+04
5.71000000000000e+00	3.84804492742523e+04
5.72000000000000e+00	3.67133581330662e+04
5.73000000000000e+00	3.50521057082713e+04
5.74000000000000e+00	3.34834548581888e+04
5.75000000000000e+00	3.19926187690187e+04
5.76000000000000e+00	3.05625840384805e+04
5.77000000000000e+00	2.91770410468666e+04
5.78000000000000e+00	2.78206954156271e+04
5.79000000000000e+00	2.64810427777762e+04
5.80000000000000e+00	2.51494879796248e+04
5.81000000000000e+00	2.38204957035897e+04
5.82000000000000e+00	2.24917483479756e+04
5.83000000000000e+00	2.11645848482297e+04
5.84000000000000e+00	1.98424010126305e+04
5.85000000000000e+00	1.85316746472392e+04
5.86000000000000e+00	1.72406822740274e+04
5.87000000000000e+00	1.59796080988308e+04
5.88000000000000e+00	1.47600790637353e+04
5.89000000000000e+00	1.35934672319528e+04
5.90000000000000e+00	1.24914522139013e+04
5.91000000000000e+00	1.14636622769198e+04
5.92000000000000e+00	1.05177735606696e+04
5.93000000000000e+00	9.65841949608113e+03
5.94000000000000e+00	8.88747287983153e+03
5.95000000000000e+00	8.20371290010330e+03
5.96000000000000e+00	7.60329187246341e+03
5.97000000000000e+00	7.08035607458346e+03
5.98000000000000e+00	6.62747379426890e+03
5.99000000000000e+00	6.23596408027863e+03
6.00000000000000e+00	5.89660207563164e+03
6.01000000000000e+00	5.60027694444131e+03
6.02000000000000e+00	5.33821713773620e+03
6.03000000000000e+00	5.10244677798897e+03
6.04000000000000e+00	4.88607334199315e+03
6.05000000000000e+00	4.68344688952351e+03
6.06000000000000e+00	4.48985464621433e+03
6.07000000000000e+00	4.30190241758139e+03
6.08000000000000e+00	4.11696250254160e+03
6.09000000000000e+00	3.93333341446879e+03
6.10000000000000e+00	3.74985480706521e+03
6.11000000000000e+00	3.56597513551355e+03
6.12000000000000e+00	3.38161833672249e+03
6.13000000000000e+00	3.19696311068181e+03
6.14000000000000e+00	3.01235513001521e+03
6.15000000000000e+00	2.82830292335505e+03
6.16000000000000e+00	2.64535116153430e+03
6.17000000000000e+00	2.46387047584155e+03
6.18000000000000e+00	2.28438091745807e+03
6.19000000000000e+00	2.10714414544784e+03
6.20000000000000e+00	1.93243382783137e+03
6.21000000000000e+00	1.76030112545480e+03
6.22000000000000e+00	1.59078159060552e+03
6.23000000000000e+00	1.42389145117754e+03
6.24000000000000e+00	1.25962332757215e+03
6.25000000000000e+00	1.09823636919677e+03
6.26000000000000e+00	9.40248855011542e+02
6.27000000000000e+00	7.86621611239230e+02
6.28000000000000e+00	6.38862273718510e+02
6.29000000000000e+00	4.99190189632320e+02
6.30000000000000e+00	3.70601975922671e+02
6.31000000000000e+00	2.56990178564699e+02
6.32000000000000e+00	1.63223432306812e+02
6.33000000000000e+00	9.52006145139335e+01
6.34000000000000e+00	5.98392903221703e+01
6.35000000000000e+00	6.50350513771523e+01
6.36000000000000e+00	1.19543695257197e+02
6.37000000000000e+00	2.32831557989298e+02
6.38000000000000e+00	4.14871041225822e+02
6.39000000000000e+00	6.75871226250397e+02
6.40000000000000e+00	1.02591735351643e+03
6.41000000000000e+00	1.47456976624208e+03
6.42000000000000e+00	2.03018617778679e+03
6.43000000000000e+00	2.69932433901423e+03
6.44000000000000e+00	3.48582753284760e+03
6.45000000000000e+00	4.38995765799276e+03
6.46000000000000e+00	5.40726641596133e+03
6.47000000000000e+00	6.52789086213090e+03
6.48000000000000e+00	7.73578131388886e+03
6.49000000000000e+00	9.00851793718046e+03
6.50000000000000e+00	1.03176970145119e+04
6.51000000000000e+00	1.16297965287031e+04
6.52000000000000e+00	1.29077211041810e+04
6.53000000000000e+00	1.41126125289526e+04
6.54000000000000e+00	1.52057921334451e+04
6.55000000000000e+00	1.61513448850124e+04
6.56000000000000e+00	1.69182427337209e+04
6.57000000000000e+00	1.74821380420882e+04
6.58000000000000e+00	1.78279869664655e+04
6.59000000000000e+00	1.79499110686983e+04
6.60000000000000e+00	1.78521254420448e+04
6.61000000000000e+00	1.75475530874046e+04
6.62000000000000e+00	1.70566094514825e+04
6.63000000000000e+00	1.64049826869112e+04
6.64000000000000e+00	1.56218422551190e+04
6.65000000000000e+00	1.47380641379804e+04
6.66000000000000e+00	1.37846329684330e+04
6.67000000000000e+00	1.27908460341552e+04
6.68000000000000e+00	1.17835480826183e+04
6.69000000000000e+00	1.07859995570211e+04
6.70000000000000e+00	9.81772865064447e+03
6.71000000000000e+00	8.89439352389455e+03
6.72000000000000e+00	8.02751692321156e+03
6.73000000000000e+00	7.22537983292153e+03
6.74000000000000e+00	6.49265356069148e+03
6.75000000000000e+00	5.83119835171949e+03
6.76000000000000e+00	5.24020534625738e+03
6.77000000000000e+00	4.71682765073035e+03
6.78000000000000e+00	4.25668283626674e+03
6.79000000000000e+00	3.85435387565380e+03
6.80000000000000e+00	3.50380004388621e+03
6.81000000000000e+00	3.19906571331064e+03
6.82000000000000e+00	2.93429727437692e+03
6.83000000000000e+00	2.70412666490698e+03
6.84000000000000e+00	2.50367668523487e+03
6.85000000000000e+00	2.32867980823846e+03
6.86000000000000e+00	2.17534711030256e+03
6.87000000000000e+00	2.04044340359347e+03
6.88000000000000e+00	1.92118308222153e+03
6.89000000000000e+00	1.81507672758456e+03
6.90000000000000e+00	1.72001827827261e+03
6.91000000000000e+00	1.63421497905418e+03
6.92000000000000e+00	1.55610943623224e+03
6.93000000000000e+00	1.48439193210742e+03
6.94000000000000e+00	1.41798458099842e+03
6.95000000000000e+00	1.35598245745823e+03
6.96000000000000e+00	1.29760207217731e+03
6.97000000000000e+00	1.24215726527113e+03
6.98000000000000e+00	1.18904149094150e+03
6.99000000000000e+00	1.13766858223795e+03
7.00000000000000e+00	1.08748732602495e+03
7.01000000000000e+00	1.03799528080361e+03
7.02000000000000e+00	9.88766455077648e+02
7.03000000000000e+00	9.39437015019444e+02
7.04000000000000e+00	8.89763294213662e+02
7.05000000000000e+00	8.39600966541671e+02
7.06000000000000e+00	7.88949467996115e+02
7.07000000000000e+00	7.37936025197906e+02
7.08000000000000e+00	6.86800418731238e+02
7.09000000000000e+00	6.35906306954928e+02
7.10000000000000e+00	5.85704789810389e+02
7.11000000000000e+00	5.36706906032722e+02
7.12000000000000e+00	4.89430973138855e+02
7.13000000000000e+00	4.44379561577676e+02
7.14000000000000e+00	4.01981549078860e+02
7.15000000000000e+00	3.62573478287297e+02
7.16000000000000e+00	3.26382063803478e+02
7.17000000000000e+00	2.93523602612480e+02
7.18000000000000e+00	2.64025203834542e+02
7.19000000000000e+00	2.37831885066437e+02
7.20000000000000e+00	2.14848901338652e+02
7.21000000000000e+00	1.94949466964430e+02
7.22000000000000e+00	1.78008667745478e+02
7.23000000000000e+00	1.63917730218561e+02
7.24000000000000e+00	1.52590501981668e+02
7.25000000000000e+00	1.43967681662308e+02
7.26000000000000e+00	1.38009574887708e+02
7.27000000000000e+00	1.34677055515686e+02
7.28000000000000e+00	1.33911858012177e+02
7.29000000000000e+00	1.35618776218681e+02
7.30000000000000e+00	1.39637701517167e+02
7.31000000000000e+00	1.45734255585238e+02
7.32000000000000e+00	1.53589123894896e+02
7.33000000000000e+00	1.62813245080229e+02
7.34000000000000e+00	1.72952776925604e+02
7.35000000000000e+00	1.83523038993909e+02
7.36000000000000e+00	1.94034319910341e+02
7.37000000000000e+00	2.04031809599944e+02
7.38000000000000e+00	2.13119837524645e+02
7.39000000000000e+00	2.20992496679381e+02
7.40000000000000e+00	2.27451844756412e+02
7.41000000000000e+00	2.32416743804453e+02
7.42000000000000e+00	2.35930463625496e+02
7.43000000000000e+00	2.38152906219511e+02
7.44000000000000e+00	2.39337769770954e+02
7.45000000000000e+00	2.39823173490551e+02
7.46000000000000e+00	2.39996689206922e+02
7.47000000000000e+00	2.40263709687943e+02
7.48000000000000e+00	2.41013565566163e+02
7.49000000000000e+00	2.42583185138885e+02
7.50000000000000e+00	2.45226661703615e+02
7.51000000000000e+00	2.49085226808593e+02
7.52000000000000e+00	2.54176980357305e+02
7.53000000000000e+00	2.60392799349768e+02
7.54000000000000e+00	2.67499594331366e+02
7.55000000000000e+00	2.75176543388248e+02
7.56000000000000e+00	2.83037191796826e+02
7.57000000000000e+00	2.90672694705181e+02
7.58000000000000e+00	2.97694413369071e+02
7.59000000000000e+00	3.03770980855325e+02
7.60000000000000e+00	3.08643515216904e+02
7.61000000000000e+00	3.12153397770077e+02
7.62000000000000e+00	3.14230047125301e+02
7.63000000000000e+00	3.14891200247237e+02
7.64000000000000e+00	3.14215700452776e+02
7.65000000000000e+00	3.12328049418690e+02
7.66000000000000e+00	3.09378002179847e+02
7.67000000000000e+00	3.05515923475834e+02
7.68000000000000e+00	3.00879542465825e+02
7.69000000000000e+00	2.95578324101110e+02
7.70000000000000e+00	2.89691499542229e+02
7.71000000000000e+00	2.83268849646990e+02
7.72000000000000e+00	2.76331440977320e+02
7.73000000000000e+00	2.68879783341425e+02
7.74000000000000e+00	2.60915061135339e+02
7.75000000000000e+00	2.52435241428053e+02
7.76000000000000e+00	2.43455801214102e+02
7.77000000000000e+00	2.34000878531061e+02
7.78000000000000e+00	2.24112372847410e+02
7.79000000000000e+00	2.13850356759036e+02
7.80000000000000e+00	2.03290086735084e+02
7.81000000000000e+00	1.92525698947207e+02
7.82000000000000e+00	1.81659026725259e+02
7.83000000000000e+00	1.70792546494775e+02
7.84000000000000e+00	1.60024980178834e+02
7.85000000000000e+00	1.49436194762908e+02
7.86000000000000e+00	1.39086367068015e+02
7.87000000000000e+00	1.29014304210583e+02
7.88000000000000e+00	1.19241447424492e+02
7.89000000000000e+00	1.09775980784647e+02
7.90000000000000e+00	1.00627159331814e+02
7.91000000000000e+00	9.18004435260234e+01
7.92000000000000e+00	8.33104722591114e+01
7.93000000000000e+00	7.51772373944518e+01
7.94000000000000e+00	6.74246849807576e+01
7.95000000000000e+00	6.00831003781233e+01
7.96000000000000e+00	5.31767025128818e+01
7.97000000000000e+00	4.67245824298842e+01
7.98000000000000e+00	4.07375194388187e+01
7.99000000000000e+00	3.52171202980800e+01
8.00000000000000e+00	3.01566025466961e+01
8.01000000000000e+00	2.55420578896673e+01
8.02000000000000e+00	2.13576474780033e+01
8.03000000000000e+00	1.75856713042688e+01
8.04000000000000e+00	1.42122059510653e+01
8.05000000000000e+00	1.12267816300787e+01
8.06000000000000e+00	8.62240529110031e+00
8.07000000000000e+00	6.39390145222579e+00
8.08000000000000e+00	4.53530913299465e+00
8.09000000000000e+00	3.03689019855622e+00
8.10000000000000e+00	1.88301283718945e+00
8.11000000000000e+00	1.05098219339527e+00
8.12000000000000e+00	5.11324450282933e-01
8.13000000000000e+00	2.29200462918810e-01
8.14000000000000e+00	1.66794792475831e-01
8.15000000000000e+00	2.85809564154817e-01
8.16000000000000e+00	5.49690973566490e-01
8.17000000000000e+00	9.25246922040738e-01
8.18000000000000e+00	1.38351936125381e+00
8.19000000000000e+00	1.89986475982095e+00
8.20000000000000e+00	2.45370314203256e+00
8.21000000000000e+00	3.02796251548657e+00
8.22000000000000e+00	3.60850282983207e+00
8.23000000000000e+00	4.18381718222067e+00
8.24000000000000e+00	4.74496397606941e+00
8.25000000000000e+00	5.28564733142007e+00
8.26000000000000e+00	5.80216253654618e+00
8.27000000000000e+00	6.29379235201720e+00
8.28000000000000e+00	6.76246918375188e+00
8.29000000000000e+00	7.21257961023499e+00
8.30000000000000e+00	7.65059494260427e+00
8.31000000000000e+00	8.08386177507600e+00
8.32000000000000e+00	8.51997387742438e+00
8.33000000000000e+00	8.96541915349439e+00
8.34000000000000e+00	9.42437913261563e+00
8.35000000000000e+00	9.89770267877955e+00
8.36000000000000e+00	1.03823006953792e+01
8.37000000000000e+00	1.08708713474762e+01
8.38000000000000e+00	1.13521094166223e+01
8.39000000000000e+00	1.18116144553895e+01
8.40000000000000e+00	1.22330140185655e+01
8.41000000000000e+00	1.25993126176120e+01
8.42000000000000e+00	1.28944339094856e+01
8.43000000000000e+00	1.31042714952318e+01
8.44000000000000e+00	1.32177716378291e+01
8.45000000000000e+00	1.32271838658672e+01
8.46000000000000e+00	1.31284312220769e+01
8.47000000000000e+00	1.29212077022026e+01
8.48000000000000e+00	1.26088759900599e+01
8.49000000000000e+00	1.21989413506328e+01
8.50000000000000e+00	1.17028991470562e+01
8.51000000000000e+00	1.11365811271221e+01
8.52000000000000e+00	1.05192673152966e+01
8.53000000000000e+00	9.87375389214161e+00
8.54000000000000e+00	9.22463888812679e+00
8.55000000000000e+00	8.59691225437840e+00
8.56000000000000e+00	8.01418934286359e+00
8.57000000000000e+00	7.49667228360478e+00
8.58000000000000e+00	7.05989411192893e+00
8.59000000000000e+00	6.71355283470609e+00
8.60000000000000e+00	6.46140795967950e+00
8.61000000000000e+00	6.30138876886521e+00
8.62000000000000e+00	6.22603142282799e+00
8.63000000000000e+00	6.22353742464418e+00
8.64000000000000e+00	6.27838467942105e+00
8.65000000000000e+00	6.37239140542192e+00
8.66000000000000e+00	6.48603809394325e+00
8.67000000000000e+00	6.60002811454017e+00
8.68000000000000e+00	6.69711314109167e+00
8.69000000000000e+00	6.76350879686027e+00
8.70000000000000e+00	6.79004869076996e+00
8.71000000000000e+00	6.77210186159331e+00
8.72000000000000e+00	6.70916249417983e+00
8.73000000000000e+00	6.60336454609177e+00
8.74000000000000e+00	6.45850547929422e+00
8.75000000000000e+00	6.27862802374994e+00
8.76000000000000e+00	6.06796794683250e+00
8.77000000000000e+00	5.83037093138631e+00
8.78000000000000e+00	5.57055342866231e+00
8.79000000000000e+00	5.29374523052391e+00
8.80000000000000e+00	5.00651467550217e+00
8.81000000000000e+00	4.71649310392349e+00
8.82000000000000e+00	4.43194607846198e+00
8.83000000000000e+00	4.16123623496126e+00
8.84000000000000e+00	3.91203939440754e+00
8.85000000000000e+00	3.69089375162817e+00
8.86000000000000e+00	3.50261873856653e+00
8.87000000000000e+00	3.35031757584207e+00
8.88000000000000e+00	3.23529007676599e+00
8.89000000000000e+00	3.15733046328699e+00
8.90000000000000e+00	3.11479004598885e+00
8.91000000000000e+00	3.10513078409768e+00
8.92000000000000e+00	3.12486227303763e+00
8.93000000000000e+00	3.17015544959147e+00
8.94000000000000e+00	3.23653079796946e+00
8.95000000000000e+00	3.31949220332400e+00
8.96000000000000e+00	3.41414225301610e+00
8.97000000000000e+00	3.51561069316369e+00
8.98000000000000e+00	3.61896308771208e+00
8.99000000000000e+00	3.71949775887640e+00
9.00000000000000e+00	3.81290939815709e+00
9.01000000000000e+00	3.89546302547327e+00
9.02000000000000e+00	3.96409687702292e+00
9.03000000000000e+00	4.01646246325252e+00
9.04000000000000e+00	4.05102861919173e+00
9.05000000000000e+00	4.06667391268488e+00
9.06000000000000e+00	4.06282042241727e+00
9.07000000000000e+00	4.03904756214675e+00
9.08000000000000e+00	3.99517524995842e+00
9.09000000000000e+00	3.93112509782482e+00
9.10000000000000e+00	3.84692410152504e+00
9.11000000000000e+00	3.74245090170970e+00
9.12000000000000e+00	3.61788000405409e+00
9.13000000000000e+00	3.47347106010736e+00
9.14000000000000e+00	3.30996223325944e+00
9.15000000000000e+00	3.12857407998555e+00
9.16000000000000e+00	2.93145722293622e+00
9.17000000000000e+00	2.72183494152146e+00
9.18000000000000e+00	2.50417753947728e+00
9.19000000000000e+00	2.28439077230242e+00
9.20000000000000e+00	2.06979074364769e+00
9.21000000000000e+00	1.86912427385739e+00
9.22000000000000e+00	1.69225537078343e+00
9.23000000000000e+00	1.54988573301950e+00
9.24000000000000e+00	1.45286392783946e+00
9.25000000000000e+00	1.41150538043338e+00
9.26000000000000e+00	1.43463241529384e+00
9.27000000000000e+00	1.52868439990587e+00
9.28000000000000e+00	1.69671409320408e+00
9.29000000000000e+00	1.93776690739240e+00
9.30000000000000e+00	2.24652761841779e+00
9.31000000000000e+00	2.61358131809764e+00
9.32000000000000e+00	3.02587897661170e+00
9.33000000000000e+00	3.46798543184235e+00
9.34000000000000e+00	3.92329843274326e+00
9.35000000000000e+00	4.37547577737327e+00
9.36000000000000e+00	4.80988544080626e+00
9.37000000000000e+00	5.21444706019654e+00
9.38000000000000e+00	5.58044995079389e+00
9.39000000000000e+00	5.90295462836313e+00
9.40000000000000e+00	6.18046045820563e+00
9.41000000000000e+00	6.41476558098001e+00
9.42000000000000e+00	6.61004152257250e+00
9.43000000000000e+00	6.77214947060260e+00
9.44000000000000e+00	6.90763884663504e+00
9.45000000000000e+00	7.02291932867126e+00
9.46000000000000e+00	7.12388977644110e+00
9.47000000000000e+00	7.21511671889212e+00
9.48000000000000e+00	7.30010652154496e+00
9.49000000000000e+00	7.38101223976718e+00
9.50000000000000e+00	7.45914152874171e+00
9.51000000000000e+00	7.53494242214820e+00
9.52000000000000e+00	7.60839125652149e+00
9.53000000000000e+00	7.67932022796372e+00
9.54000000000000e+00	7.74735338448612e+00
9.55000000000000e+00	7.81245766555875e+00
9.56000000000000e+00	7.87494124349153e+00
9.57000000000000e+00	7.93594845119521e+00
9.58000000000000e+00	7.99721894843557e+00
9.59000000000000e+00	8.06101418798600e+00
9.60000000000000e+00	8.12951534623556e+00
9.61000000000000e+00	8.20463941183894e+00
9.62000000000000e+00	8.28748013065402e+00
9.63000000000000e+00	8.37847082802898e+00
9.64000000000000e+00	8.47727039471933e+00
9.65000000000000e+00	8.58317179764145e+00
9.66000000000000e+00	8.69535940602529e+00
9.67000000000000e+00	8.81298180524553e+00
9.68000000000000e+00	8.93526951921470e+00
9.69000000000000e+00	9.06150224034937e+00
9.70000000000000e+00	9.19102313329402e+00
9.71000000000000e+00	9.32327851962745e+00
9.72000000000000e+00	9.45749976322200e+00
9.73000000000000e+00	9.59330560250997e+00
9.74000000000000e+00	9.73019488345770e+00
9.75000000000000e+00	9.86766417373359e+00
9.76000000000000e+00	1.00054223656324e+01
9.77000000000000e+00	1.01430737816858e+01
9.78000000000000e+00	1.02802550422727e+01
9.79000000000000e+00	1.04169376122346e+01
9.80000000000000e+00	1.05528229866762e+01
9.81000000000000e+00	1.06879274130740e+01
9.82000000000000e+00	1.08223685425098e+01
9.83000000000000e+00	1.09559835250313e+01
9.84000000000000e+00	1.10889394387829e+01
9.85000000000000e+00	1.12213298957106e+01
9.86000000000000e+00	1.13531854285609e+01
9.87000000000000e+00	1.14850318671467e+01
9.88000000000000e+00	1.16179080706760e+01
9.89000000000000e+00	1.17552180585481e+01
9.90000000000000e+00	1.19050459541061e+01
9.91000000000000e+00	1.20853886077929e+01
9.92000000000000e+00	1.23323255206939e+01
9.93000000000000e+00	1.27107006738941e+01
9.94000000000000e+00	1.33282570255111e+01
9.95000000000000e+00	1.43583985750157e+01
9.96000000000000e+00	1.60827261087733e+01
9.97000000000000e+00	1.89882379105314e+01
9.98000000000000e+00	2.39932368274548e+01
9.99000000000000e+00	3.30163887901236e+01
1.00000000000000e+01	5.05763042923779e+01
1.00100000000000e+01	8.82674403133040e+01
1.00200000000000e+01	1.64367016845407e+02
1.00300000000000e+01	1.98184456306516e+02
1.00400000000000e+01	1.07249129859814e+02
1.00500000000000e+01	4.98812427170976e+01
1.00600000000000e+01	2.61989619726723e+01
1.00700000000000e+01	1.54722436285381e+01
1.00800000000000e+01	9.96365096874486e+00
1.00900000000000e+01	6.83619715703726e+00
1.01000000000000e+01	4.91963705271166e+00
1.01100000000000e+01	3.67380351679956e+00
1.01200000000000e+01	2.82547954552735e+00
1.01300000000000e+01	2.22582432862190e+00
1.01400000000000e+01	1.78869951198481e+00
1.01500000000000e+01	1.46178568433119e+00
1.01600000000000e+01	1.21191633727407e+00
1.01700000000000e+01	1.01732065056532e+00
1.01800000000000e+01	8.63296886734707e-01
1.01900000000000e+01	7.39636133019689e-01
1.02000000000000e+01	6.39101678768838e-01
1.02100000000000e+01	5.56439103508350e-01
1.02200000000000e+01	4.87791924225286e-01
1.02300000000000e+01	4.30261728578890e-01
1.02400000000000e+01	3.81652995654341e-01
1.02500000000000e+01	3.40276612242043e-01
1.02600000000000e+01	3.04814164526323e-01
1.02700000000000e+01	2.74231613924294e-01
1.02800000000000e+01	2.47708253672912e-01
1.02900000000000e+01	2.24583085292239e-01
1.03000000000000e+01	2.04321749530107e-01
1.03100000000000e+01	1.86488571223364e-01
1.03200000000000e+01	1.70726931006553e-01
1.03300000000000e+01	1.56741639155265e-01
1.03400000000000e+01	1.44284862392693e-01
1.03500000000000e+01	1.33151289629050e-01
1.03600000000000e+01	1.23165748227840e-01
1.03700000000000e+01	1.14182756466641e-01
1.03800000000000e+01	1.06075918632065e-01
1.03900000000000e+01	9.87401790845436e-02
1.04000000000000e+01	9.20824347681548e-02
1.04100000000000e+01	8.60244802185661e-02
1.04200000000000e+01	8.04994204180538e-02
1.04300000000000e+01	7.54477336757997e-02
1.04400000000000e+01	7.08193940533029e-02
1.04500000000000e+01	6.65699121191402e-02
1.04600000000000e+01	6.26603840303348e-02
1.04700000000000e+01	5.90571817754124e-02
1.04800000000000e+01	5.57304324044683e-02
1.04900000000000e+01	5.26542918616707e-02
1.05000000000000e+01	4.98049868669215e-02
1.05100000000000e+01	4.71623311151071e-02
1.05200000000000e+01	4.47077067402239e-02
1.05300000000000e+01	4.24242852339744e-02
1.05400000000000e+01	4.02976756991440e-02
1.05500000000000e+01	3.83147452830251e-02
1.05600000000000e+01	3.64631822763887e-02
1.05700000000000e+01	3.47320787013196e-02
1.05800000000000e+01	3.31116829057569e-02
1.05900000000000e+01	3.15932668360326e-02
1.06000000000000e+01	3.01685967622677e-02
1.06100000000000e+01	2.88305595442893e-02
1.06200000000000e+01	2.75723550687462e-02
1.06300000000000e+01	2.63880831185692e-02
1.06400000000000e+01	2.52721022428254e-02
1.06500000000000e+01	2.42193927235745e-02
1.06600000000000e+01	2.32253541449577e-02
1.06700000000000e+01	2.22858783087294e-02
1.06800000000000e+01	2.13970123829191e-02
1.06900000000000e+01	2.05553788831170e-02
1.07000000000000e+01	1.97575341448366e-02
1.07100000000000e+01	1.90006349656948e-02
1.07200000000000e+01	1.82821536082235e-02
1.07300000000000e+01	1.75994637296165e-02
1.07400000000000e+01	1.69504466943881e-02
1.07500000000000e+01	1.63328384852872e-02
1.07600000000000e+01	1.57451357914854e-02
1.07700000000000e+01	1.51853528465598e-02
1.07800000000000e+01	1.46520608991877e-02
1.07900000000000e+01	1.41437323304888e-02
1.08000000000000e+01	1.36590149973890e-02
1.08100000000000e+01	1.31966074604164e-02
1.08200000000000e+01	1.27553259491819e-02
1.08300000000000e+01	1.23339999370738e-02
1.08400000000000e+01	1.19314894463348e-02
1.08500000000000e+01	1.15467372545479e-02
1.08600000000000e+01	1.11787710038527e-02
1.08700000000000e+01	1.08266766865242e-02
1.08800000000000e+01	1.04895123085751e-02
1.08900000000000e+01	1.01663676534979e-02
1.09000000000000e+01	9.85654288479623e-03
1.09100000000000e+01	9.55925553638172e-03
1.09200000000000e+01	9.27378916152682e-03
1.09300000000000e+01	8.99945809057801e-03
1.09400000000000e+01	8.73558023607982e-03
1.09500000000000e+01	8.48169566543749e-03
1.09600000000000e+01	8.23718055694782e-03
1.09700000000000e+01	8.00157745380497e-03
1.09800000000000e+01	7.77436733673950e-03
1.09900000000000e+01	7.55516442513891e-03
1.10000000000000e+01	7.34359672088677e-03
1.10100000000000e+01	7.13930825916004e-03
1.10200000000000e+01	6.94203849809433e-03
1.10300000000000e+01	6.75151297966981e-03
1.10400000000000e+01	6.56752094256401e-03
1.10500000000000e+01	6.38988166305681e-03
1.10600000000000e+01	6.21850552707395e-03
1.10700000000000e+01	6.05311480356699e-03
1.10800000000000e+01	5.89362516840918e-03
1.10900000000000e+01	5.73991608574116e-03
1.11000000000000e+01	5.59179521246668e-03
1.11100000000000e+01	5.44913618169787e-03
1.11200000000000e+01	5.31166952885714e-03
1.11300000000000e+01	5.17927066848616e-03
1.11400000000000e+01	5.05173685576963e-03
1.11500000000000e+01	4.92882225355781e-03
1.11600000000000e+01	4.81026957780278e-03
1.11700000000000e+01	4.69594083088846e-03
1.11800000000000e+01	4.58554475729871e-03
1.11900000000000e+01	4.47888722267810e-03
1.12000000000000e+01	4.37573906788943e-03
1.12100000000000e+01	4.27595143369715e-03
1.12200000000000e+01	4.17931922896891e-03
1.12300000000000e+01	4.08568464057064e-03
1.12400000000000e+01	3.99486503875663e-03
1.12500000000000e+01	3.90679622058161e-03
1.12600000000000e+01	3.82127618742121e-03
1.12700000000000e+01	3.73823622618361e-03
1.12800000000000e+01	3.65758881499618e-03
1.12900000000000e+01	3.57919303787059e-03
1.13000000000000e+01	3.50300450144633e-03
1.13100000000000e+01	3.42891045885417e-03
1.13200000000000e+01	3.35682956725861e-03
1.13300000000000e+01	3.28673250942500e-03
1.13400000000000e+01	3.21848851010390e-03
1.13500000000000e+01	3.15207441412666e-03
1.13600000000000e+01	3.08738979413585e-03
1.13700000000000e+01	3.02435396047587e-03
1.13800000000000e+01	2.96296588139368e-03
1.13900000000000e+01	2.90309672497799e-03
1.14000000000000e+01	2.84473341316292e-03
1.14100000000000e+01	2.78782585606940e-03
1.14200000000000e+01	2.73229873892643e-03
1.14300000000000e+01	2.67814055125659e-03
1.14400000000000e+01	2.62530159626404e-03
1.14500000000000e+01	2.57374991473258e-03
1.14600000000000e+01	2.52344082459074e-03
1.14700000000000e+01	2.47433289588550e-03
1.14800000000000e+01	2.42639113894981e-03
1.14900000000000e+01	2.37958295647543e-03
1.15000000000000e+01	2.33388228684214e-03
1.15100000000000e+01	2.28923950709328e-03
1.15200000000000e+01	2.24561614039368e-03
1.15300000000000e+01	2.20301171757535e-03
1.15400000000000e+01	2.16136665918435e-03
1.15500000000000e+01	2.12070147644516e-03
1.15600000000000e+01	2.08098022007976e-03
1.15700000000000e+01	2.04220126565018e-03
1.15800000000000e+01	2.00437584899760e-03
1.15900000000000e+01	1.96748373854736e-03
1.16000000000000e+01	1.93152028035756e-03
1.16100000000000e+01	1.89651186200324e-03
1.16200000000000e+01	1.86242060600222e-03
1.16300000000000e+01	1.82925565266369e-03
1.16400000000000e+01	1.79697770955997e-03
1.16500000000000e+01	1.76557234835212e-03
1.16600000000000e+01	1.73501006217465e-03
1.16700000000000e+01	1.70524531568656e-03
1.16800000000000e+01	1.67622498024776e-03
1.16900000000000e+01	1.64790608926821e-03
1.17000000000000e+01	1.62024329082711e-03
1.17100000000000e+01	1.59318086264986e-03
1.17200000000000e+01	1.56667143598651e-03
1.17300000000000e+01	1.54067155057632e-03
1.17400000000000e+01	1.51514596761201e-03
1.17500000000000e+01	1.49006538550422e-03
1.17600000000000e+01	1.46540546233539e-03
1.17700000000000e+01	1.44114756479264e-03
1.17800000000000e+01	1.41730988001653e-03
1.17900000000000e+01	1.39387339336518e-03
1.18000000000000e+01	1.37085411676757e-03
1.18100000000000e+01	1.34825772360295e-03
1.18200000000000e+01	1.32610643365905e-03
1.18300000000000e+01	1.30440511486984e-03
1.18400000000000e+01	1.28316059477634e-03
1.18500000000000e+01	1.26238488750299e-03
1.18600000000000e+01	1.24208278642146e-03
1.18700000000000e+01	1.22224906186791e-03
1.18800000000000e+01	1.20287529203638e-03
1.18900000000000e+01	1.18395943283437e-03
1.19000000000000e+01	1.16548127842011e-03
1.19100000000000e+01	1.14743137050621e-03
1.19200000000000e+01	1.12978642652500e-03
1.19300000000000e+01	1.11253948975511e-03
1.19400000000000e+01	1.09565698563465e-03
1.19500000000000e+01	1.07912381527433e-03
1.19600000000000e+01	1.06292718687876e-03
1.19700000000000e+01	1.04704912257439e-03
1.19800000000000e+01	1.03146038254652e-03
1.19900000000000e+01	1.01615225690046e-03
1.20000000000000e+01	1.00110030277373e-03
1.20100000000000e+01	9.86301698097164e-04
1.20200000000000e+01	9.71747277562131e-04
1.20300000000000e+01	9.57425176620040e-04
1.20400000000000e+01	9.43336183775883e-04
1.20500000000000e+01	9.29468304775414e-04
1.20600000000000e+01	9.15838124707824e-04
1.20700000000000e+01	9.02433114480347e-04
1.20800000000000e+01	8.89268074771074e-04
1.20900000000000e+01	8.76346297821696e-04
1.21000000000000e+01	8.63674131285786e-04
1.21100000000000e+01	8.51261626827986e-04
1.21200000000000e+01	8.39108989075450e-04
1.21300000000000e+01	8.27213994599145e-04
1.21400000000000e+01	8.15585436052295e-04
1.21500000000000e+01	8.04222787818279e-04
1.21600000000000e+01	7.93109048358356e-04
1.21700000000000e+01	7.82247512433667e-04
1.21800000000000e+01	7.71621347795303e-04
1.21900000000000e+01	7.61228214791358e-04
1.22000000000000e+01	7.51047371901429e-04
1.22100000000000e+01	7.41070236180821e-04
1.22200000000000e+01	7.31278964542482e-04
1.22300000000000e+01	7.21661428981044e-04
1.22400000000000e+01	7.12201099828331e-04
1.22500000000000e+01	7.02889275124585e-04
1.22600000000000e+01	6.93713474959082e-04
1.22700000000000e+01	6.84663309914496e-04
1.22800000000000e+01	6.75718186598149e-04
1.22900000000000e+01	6.66883524996255e-04
1.23000000000000e+01	6.58133788974037e-04
1.23100000000000e+01	6.49472609785775e-04
1.23200000000000e+01	6.40889219637560e-04
1.23300000000000e+01	6.32373193321833e-04
1.23400000000000e+01	6.23926391922721e-04
1.23500000000000e+01	6.15545958639303e-04
1.23600000000000e+01	6.07231033977902e-04
1.23700000000000e+01	5.98984885849851e-04
1.23800000000000e+01	5.90803446740987e-04
1.23900000000000e+01	5.82705312945309e-04
1.24000000000000e+01	5.74681541846661e-04
1.24100000000000e+01	5.66753898792994e-04
1.24200000000000e+01	5.58916909575535e-04
1.24300000000000e+01	5.51180964463124e-04
1.24400000000000e+01	5.43559003987147e-04
1.24500000000000e+01	5.36044122758243e-04
1.24600000000000e+01	5.28642384225725e-04
1.24700000000000e+01	5.21356558184800e-04
1.24800000000000e+01	5.14189000407803e-04
1.24900000000000e+01	5.07131317521738e-04
1.25000000000000e+01	5.00196425113041e-04
1.25100000000000e+01	4.93374790114125e-04
1.25200000000000e+01	4.86665879620787e-04
1.25300000000000e+01	4.80071300483785e-04
1.25400000000000e+01	4.73596949872683e-04
1.25500000000000e+01	4.67231845743391e-04
1.25600000000000e+01	4.60985591191934e-04
1.25700000000000e+01	4.54851307639791e-04
1.25800000000000e+01	4.48833852425836e-04
1.25900000000000e+01	4.42929343824826e-04
1.26000000000000e+01	4.37135100529897e-04
1.26100000000000e+01	4.31447354914070e-04
1.26200000000000e+01	4.25867297747885e-04
1.26300000000000e+01	4.20387822480301e-04
1.26400000000000e+01	4.15004319107131e-04
1.26500000000000e+01	4.09715705845851e-04
1.26600000000000e+01	4.04522501674220e-04
1.26700000000000e+01	3.99414299339668e-04
1.26800000000000e+01	3.94393720694475e-04
1.26900000000000e+01	3.89460037922799e-04
1.27000000000000e+01	3.84611281415200e-04
1.27100000000000e+01	3.79848972740858e-04
1.27200000000000e+01	3.75172048431826e-04
1.27300000000000e+01	3.70578005038501e-04
1.27400000000000e+01	3.66073176292706e-04
1.27500000000000e+01	3.61654903954859e-04
1.27600000000000e+01	3.57323097062431e-04
1.27700000000000e+01	3.53075020925973e-04
1.27800000000000e+01	3.48911627590682e-04
1.27900000000000e+01	3.44828333974654e-04
1.28000000000000e+01	3.40825573776206e-04
1.28100000000000e+01	3.36897227209819e-04
1.28200000000000e+01	3.33044509599425e-04
1.28300000000000e+01	3.29260025481952e-04
1.28400000000000e+01	3.25545740532455e-04
1.28500000000000e+01	3.21898685124376e-04
1.28600000000000e+01	3.18312073780153e-04
1.28700000000000e+01	3.14790720073559e-04
1.28800000000000e+01	3.11328204316084e-04
1.28900000000000e+01	3.07924945403979e-04
1.29000000000000e+01	3.04577944166733e-04
1.29100000000000e+01	3.01288376215373e-04
1.29200000000000e+01	2.98051917380300e-04
1.29300000000000e+01	2.94870668850616e-04
1.29400000000000e+01	2.91738155932903e-04
1.29500000000000e+01	2.88658626170403e-04
1.29600000000000e+01	2.85622553001539e-04
1.29700000000000e+01	2.82637532744911e-04
1.29800000000000e+01	2.79694100159847e-04
1.29900000000000e+01	2.76798740508333e-04
1.30000000000000e+01	2.73943531290526e-04
1.30100000000000e+01	2.71133533286582e-04
1.30200000000000e+01	2.68365837280766e-04
1.30300000000000e+01	2.65641533068340e-04
1.30400000000000e+01	2.62956674339824e-04
1.30500000000000e+01	2.60313937190903e-04
1.30600000000000e+01	2.57708435060585e-04
1.30700000000000e+01	2.55140221728188e-04
1.30800000000000e+01	2.52604585978868e-04
1.30900000000000e+01	2.50101451375479e-04
1.31000000000000e+01	2.47625199108274e-04
1.31100000000000e+01	2.45177722377852e-04
1.31200000000000e+01	2.42749618312782e-04
1.31300000000000e+01	2.40343205993250e-04
1.31400000000000e+01	2.37954139189581e-04
1.31500000000000e+01	2.35583082772681e-04
1.31600000000000e+01	2.33230156511028e-04
1.31700000000000e+01	2.30893943328625e-04
1.31800000000000e+01	2.28574822438658e-04
1.31900000000000e+01	2.26277540008968e-04
1.32000000000000e+01	2.23999759091128e-04
1.32100000000000e+01	2.21743588074019e-04
1.32200000000000e+01	2.19511595243040e-04
1.32300000000000e+01	2.17302034361226e-04
1.32400000000000e+01	2.15117766824126e-04
1.32500000000000e+01	2.12955415068523e-04
1.32600000000000e+01	2.10812731271852e-04
1.32700000000000e+01	2.08693306003389e-04
1.32800000000000e+01	2.06592802166255e-04
1.32900000000000e+01	2.04511974960401e-04
1.33000000000000e+01	2.02449431549889e-04
1.33100000000000e+01	2.00404602130144e-04
1.33200000000000e+01	1.98379133702402e-04
1.33300000000000e+01	1.96371749018117e-04
1.33400000000000e+01	1.94385294575931e-04
1.33500000000000e+01	1.92421060101833e-04
1.33600000000000e+01	1.90478212288493e-04
1.33700000000000e+01	1.88559052968347e-04
1.33800000000000e+01	1.86666303908435e-04
1.33900000000000e+01	1.84799386437193e-04
1.34000000000000e+01	1.82957688169428e-04
1.34100000000000e+01	1.81142784975934e-04
1.34200000000000e+01	1.79355354152005e-04
1.34300000000000e+01	1.77592614549578e-04
1.34400000000000e+01	1.75856240623345e-04
1.34500000000000e+01	1.74144935533050e-04
1.34600000000000e+01	1.72456396840140e-04
1.34700000000000e+01	1.70790465930158e-04
1.34800000000000e+01	1.69148329018322e-04
1.34900000000000e+01	1.67524794136238e-04
1.35000000000000e+01	1.65922577057687e-04
1.35100000000000e+01	1.64337400699446e-04
1.35200000000000e+01	1.62770423292818e-04
1.35300000000000e+01	1.61219464922795e-04
1.35400000000000e+01	1.59684843802104e-04
1.35500000000000e+01	1.58162822247858e-04
1.35600000000000e+01	1.56654259450288e-04
1.35700000000000e+01	1.55157051001163e-04
1.35800000000000e+01	1.53672030650564e-04
1.35900000000000e+01	1.52194458095731e-04
1.36000000000000e+01	1.50728004838694e-04
1.36100000000000e+01	1.49269330608735e-04
1.36200000000000e+01	1.47819363076317e-04
1.36300000000000e+01	1.46376169196032e-04
1.36400000000000e+01	1.44942209688890e-04
1.36500000000000e+01	1.43517712542777e-04
1.36600000000000e+01	1.42101208675391e-04
1.36700000000000e+01	1.40694801775765e-04
1.36800000000000e+01	1.39299880576966e-04
1.36900000000000e+01	1.37917195507860e-04
1.37000000000000e+01	1.36546815953290e-04
1.37100000000000e+01	1.35191273218176e-04
1.37200000000000e+01	1.33850490319718e-04
1.37300000000000e+01	1.32529445122481e-04
1.37400000000000e+01	1.31225641024548e-04
1.37500000000000e+01	1.29942764043795e-04
1.37600000000000e+01	1.28680996762965e-04
1.37700000000000e+01	1.27440173211411e-04
1.37800000000000e+01	1.26221128547433e-04
1.37900000000000e+01	1.25023732202498e-04
1.38000000000000e+01	1.23849154004586e-04
1.38100000000000e+01	1.22693906674429e-04
1.38200000000000e+01	1.21559359799402e-04
1.38300000000000e+01	1.20442724900586e-04
1.38400000000000e+01	1.19344057386458e-04
1.38500000000000e+01	1.18262220337985e-04
1.38600000000000e+01	1.17195257392087e-04
1.38700000000000e+01	1.16141941391171e-04
1.38800000000000e+01	1.15103231750845e-04
1.38900000000000e+01	1.14076006234275e-04
1.39000000000000e+01	1.13059429137532e-04
1.39100000000000e+01	1.12054815740317e-04
1.39200000000000e+01	1.11059668499024e-04
1.39300000000000e+01	1.10074002097405e-04
1.39400000000000e+01	1.09097418622049e-04
1.39500000000000e+01	1.08130062108247e-04
1.39600000000000e+01	1.07169774697350e-04
1.39700000000000e+01	1.06217694245885e-04
1.39800000000000e+01	1.05273512033477e-04
1.39900000000000e+01	1.04336783317916e-04
1.40000000000000e+01	1.03408094698643e-04
1.40100000000000e+01	1.02486610891811e-04
1.40200000000000e+01	1.01572554512210e-04
1.40300000000000e+01	1.00666911821059e-04
1.40400000000000e+01	9.97706055913024e-05
1.40500000000000e+01	9.88831087805291e-05
1.40600000000000e+01	9.80047183271027e-05
1.40700000000000e+01	9.71367739400292e-05
1.40800000000000e+01	9.62790447892036e-05
1.40900000000000e+01	9.54313651210813e-05
1.41000000000000e+01	9.45943203993748e-05
1.41100000000000e+01	9.37678164789791e-05
1.41200000000000e+01	9.29512689322442e-05
1.41300000000000e+01	9.21443490976463e-05
1.41400000000000e+01	9.13471409404695e-05
1.41500000000000e+01	9.05567946366641e-05
1.41600000000000e+01	8.97745711243613e-05
1.41700000000000e+01	8.89984779913569e-05
1.41800000000000e+01	8.82279895930246e-05
1.41900000000000e+01	8.74625245474189e-05
1.42000000000000e+01	8.67011082937455e-05
1.42100000000000e+01	8.59439523773172e-05
1.42200000000000e+01	8.51921907238374e-05
1.42300000000000e+01	8.44440934346047e-05
1.42400000000000e+01	8.37009403308791e-05
1.42500000000000e+01	8.29633237943443e-05
1.42600000000000e+01	8.22310606776770e-05
1.42700000000000e+01	8.15057848567583e-05
1.42800000000000e+01	8.07883989385481e-05
1.42900000000000e+01	8.00777760140059e-05
1.43000000000000e+01	7.93753894468318e-05
1.43100000000000e+01	7.86816692488414e-05
1.43200000000000e+01	7.79950695333939e-05
1.43300000000000e+01	7.73173710443291e-05
1.43400000000000e+01	7.66473679939464e-05
1.43500000000000e+01	7.59858190895160e-05
1.43600000000000e+01	7.53314573249506e-05
1.43700000000000e+01	7.46837864137836e-05
1.43800000000000e+01	7.40442101339702e-05
1.43900000000000e+01	7.34118011830487e-05
1.44000000000000e+01	7.27872700885212e-05
1.44100000000000e+01	7.21689267233086e-05
1.44200000000000e+01	7.15583534536762e-05
1.44300000000000e+01	7.09547761118278e-05
1.44400000000000e+01	7.03593602612773e-05
1.44500000000000e+01	6.97705060241496e-05
1.44600000000000e+01	6.91898686402180e-05
1.44700000000000e+01	6.86161897331297e-05
1.44800000000000e+01	6.80495514371215e-05
1.44900000000000e+01	6.74903423559614e-05
1.45000000000000e+01	6.69380223344461e-05
1.45100000000000e+01	6.63929465261005e-05
1.45200000000000e+01	6.58542107318195e-05
1.45300000000000e+01	6.53217103195564e-05
1.45400000000000e+01	6.47960839986690e-05
1.45500000000000e+01	6.42756929270733e-05
1.45600000000000e+01	6.37611653083209e-05
1.45700000000000e+01	6.32526969075094e-05
1.45800000000000e+01	6.27482557322260e-05
1.45900000000000e+01	6.22504180816066e-05
1.46000000000000e+01	6.17566806689676e-05
1.46100000000000e+01	6.12669862784323e-05
1.46200000000000e+01	6.07828392426403e-05
1.46300000000000e+01	6.03019931117383e-05
1.46400000000000e+01	5.98261307243224e-05
1.46500000000000e+01	5.93547894080964e-05
1.46600000000000e+01	5.88869694038585e-05
1.46700000000000e+01	5.84238832755631e-05
1.46800000000000e+01	5.79652810814773e-05
1.46900000000000e+01	5.75116881842297e-05
1.47000000000000e+01	5.70625413805647e-05
1.47100000000000e+01	5.66179575967432e-05
1.47200000000000e+01	5.61780218654537e-05
1.47300000000000e+01	5.57431041987108e-05
1.47400000000000e+01	5.53131638998921e-05
1.47500000000000e+01	5.48880667135490e-05
1.47600000000000e+01	5.44676680370452e-05
1.47700000000000e+01	5.40520620105723e-05
1.47800000000000e+01	5.36402349340475e-05
1.47900000000000e+01	5.32327001075228e-05
1.48000000000000e+01	5.28291338129022e-05
1.48100000000000e+01	5.24283152943383e-05
1.48200000000000e+01	5.20317552838188e-05
1.48300000000000e+01	5.16375669225963e-05
1.48400000000000e+01	5.12462003206667e-05
1.48500000000000e+01	5.08577280577551e-05
1.48600000000000e+01	5.04716750907953e-05
1.48700000000000e+01	5.00877250575398e-05
1.48800000000000e+01	4.97061875051006e-05
1.48900000000000e+01	4.93263954460387e-05
1.49000000000000e+01	4.89496117894852e-05
1.49100000000000e+01	4.85747067084986e-05
1.49200000000000e+01	4.82021079851095e-05
1.49300000000000e+01	4.78320937670487e-05
1.49400000000000e+01	4.74647048579387e-05
1.49500000000000e+01	4.70996378941442e-05
1.49600000000000e+01	4.67378245391915e-05
1.49700000000000e+01	4.63790391395649e-05
1.49800000000000e+01	4.60232785115363e-05
1.49900000000000e+01	4.56710839317450e-05
1.50000000000000e+01	4.53220185007868e-05
1.50100000000000e+01	4.49770077502545e-05
1.50200000000000e+01	4.46347288526439e-05
1.50300000000000e+01	4.42964074766547e-05
1.50400000000000e+01	4.39619848460838e-05
1.50500000000000e+01	4.36306965775131e-05
1.50600000000000e+01	4.33029851738758e-05
1.50700000000000e+01	4.29784316188535e-05
1.50800000000000e+01	4.26565574346390e-05
1.50900000000000e+01	4.23383903691671e-05
1.51000000000000e+01	4.20222927724539e-05
1.51100000000000e+01	4.17088934202687e-05
1.51200000000000e+01	4.13983566152871e-05
1.51300000000000e+01	4.10895284281996e-05
1.51400000000000e+01	4.07832227280336e-05
1.51500000000000e+01	4.04786928001903e-05
1.51600000000000e+01	4.01757533309349e-05
1.51700000000000e+01	3.98749343376392e-05
1.51800000000000e+01	3.95764501987124e-05
1.51900000000000e+01	3.92795946991399e-05
1.52000000000000e+01	3.89848842147982e-05
1.52100000000000e+01	3.86924386285593e-05
1.52200000000000e+01	3.84024344804373e-05
1.52300000000000e+01	3.81147080485239e-05
1.52400000000000e+01	3.78287967954957e-05
1.52500000000000e+01	3.75453133992070e-05
1.52600000000000e+01	3.72636068321000e-05
1.52700000000000e+01	3.69835755518781e-05
1.52800000000000e+01	3.67051872921837e-05
1.52900000000000e+01	3.64273795578511e-05
1.53000000000000e+01	3.61499978255833e-05
1.53100000000000e+01	3.58722706593199e-05
1.53200000000000e+01	3.55940837403606e-05
1.53300000000000e+01	3.53151178290050e-05
1.53400000000000e+01	3.50338551602125e-05
1.53500000000000e+01	3.47507368918454e-05
1.53600000000000e+01	3.44657608290752e-05
1.53700000000000e+01	3.41779374712132e-05
1.53800000000000e+01	3.38874053097127e-05
1.53900000000000e+01	3.35944948842265e-05
1.54000000000000e+01	3.32991805953038e-05
1.54100000000000e+01	3.30020588310887e-05
1.54200000000000e+01	3.27031929735507e-05
1.54300000000000e+01	3.24035305567998e-05
1.54400000000000e+01	3.21036078978849e-05
1.54500000000000e+01	3.18045391041697e-05
1.54600000000000e+01	3.15067109280092e-05
1.54700000000000e+01	3.12122244463099e-05
1.54800000000000e+01	3.09211069204966e-05
1.54900000000000e+01	3.06349513676177e-05
1.55000000000000e+01	3.03544371405884e-05
1.55100000000000e+01	3.00809938056003e-05
1.55200000000000e+01	2.98152592687935e-05
1.55300000000000e+01	2.95579883649809e-05
1.55400000000000e+01	2.93088640051112e-05
1.55500000000000e+01	2.90689214452000e-05
1.55600000000000e+01	2.88373005677131e-05
1.55700000000000e+01	2.86140171360161e-05
1.55800000000000e+01	2.83989562511970e-05
1.55900000000000e+01	2.81909449206095e-05
1.56000000000000e+01	2.79890058093893e-05
1.56100000000000e+01	2.77931231963531e-05
1.56200000000000e+01	2.76016830532367e-05
1.56300000000000e+01	2.74144124371166e-05
1.56400000000000e+01	2.72301209534938e-05
1.56500000000000e+01	2.70480691090095e-05
1.56600000000000e+01	2.68674049758522e-05
1.56700000000000e+01	2.66878070362154e-05
1.56800000000000e+01	2.65086611227597e-05
1.56900000000000e+01	2.63295977301147e-05
1.57000000000000e+01	2.61500867253499e-05
1.57100000000000e+01	2.59697818744516e-05
1.57200000000000e+01	2.57888117759342e-05
1.57300000000000e+01	2.56070666978389e-05
1.57400000000000e+01	2.54242392669024e-05
1.57500000000000e+01	2.52408134045559e-05
1.57600000000000e+01	2.50566992084248e-05
1.57700000000000e+01	2.48720666420626e-05
1.57800000000000e+01	2.46871605179009e-05
1.57900000000000e+01	2.45029963808021e-05
1.58000000000000e+01	2.43193036948981e-05
1.58100000000000e+01	2.41367304910129e-05
1.58200000000000e+01	2.39556532063019e-05
1.58300000000000e+01	2.37767482860780e-05
1.58400000000000e+01	2.36005137240281e-05
1.58500000000000e+01	2.34268910568938e-05
1.58600000000000e+01	2.32567073124708e-05
1.58700000000000e+01	2.30896728377812e-05
1.58800000000000e+01	2.29261116121730e-05
1.58900000000000e+01	2.27664259473204e-05
1.59000000000000e+01	2.26101552226661e-05
1.59100000000000e+01	2.24575120755307e-05
1.59200000000000e+01	2.23079896969271e-05
1.59300000000000e+01	2.21615338909081e-05
1.59400000000000e+01	2.20179610584169e-05
1.59500000000000e+01	2.18766332009108e-05
1.59600000000000e+01	2.17371033941803e-05
1.59700000000000e+01	2.15996350145498e-05
1.59800000000000e+01	2.14636554405096e-05
1.59900000000000e+01	2.13284829345245e-05
1.60000000000000e+01	2.11947251423225e-05
1.60100000000000e+01	2.10615607556411e-05
1.60200000000000e+01	2.09293511844016e-05
1.60300000000000e+01	2.07976090832678e-05
1.60400000000000e+01	2.06666422864193e-05
1.60500000000000e+01	2.05361746340830e-05
1.60600000000000e+01	2.04064590383944e-05
1.60700000000000e+01	2.02771724328658e-05
1.60800000000000e+01	2.01482589163037e-05
1.60900000000000e+01	2.00200596011194e-05
1.61000000000000e+01	1.98926303301311e-05
1.61100000000000e+01	1.97655960537706e-05
1.61200000000000e+01	1.96394070898839e-05
1.61300000000000e+01	1.95136337273649e-05
1.61400000000000e+01	1.93888887588001e-05
1.61500000000000e+01	1.92649565427647e-05
1.61600000000000e+01	1.91415224415726e-05
1.61700000000000e+01	1.90191826182783e-05
1.61800000000000e+01	1.88976206937012e-05
1.61900000000000e+01	1.87774518264620e-05
1.62000000000000e+01	1.86580594501530e-05
1.62100000000000e+01	1.85402529483643e-05
1.62200000000000e+01	1.84235406339141e-05
1.62300000000000e+01	1.83083521424577e-05
1.62400000000000e+01	1.81947616525151e-05
1.62500000000000e+01	1.80828755119841e-05
1.62600000000000e+01	1.79724534864865e-05
1.62700000000000e+01	1.78636297754511e-05
1.62800000000000e+01	1.77563835251547e-05
1.62900000000000e+01	1.76506903641299e-05
1.63000000000000e+01	1.75464295134096e-05
1.63100000000000e+01	1.74430775808945e-05
1.63200000000000e+01	1.73410809169715e-05
1.63300000000000e+01	1.72396376328048e-05
1.63400000000000e+01	1.71386690200725e-05
1.63500000000000e+01	1.70381562562221e-05
1.63600000000000e+01	1.69376414123961e-05
1.63700000000000e+01	1.68368625249342e-05
1.63800000000000e+01	1.67357920788081e-05
1.63900000000000e+01	1.66336768395139e-05
1.64000000000000e+01	1.65308941176030e-05
1.64100000000000e+01	1.64269559118808e-05
1.64200000000000e+01	1.63219134580068e-05
1.64300000000000e+01	1.62156885581721e-05
1.64400000000000e+01	1.61083963012074e-05
1.64500000000000e+01	1.59997860467035e-05
1.64600000000000e+01	1.58902431660740e-05
1.64700000000000e+01	1.57801542694417e-05
1.64800000000000e+01	1.56692921486548e-05
1.64900000000000e+01	1.55585122123932e-05
1.65000000000000e+01	1.54480576442975e-05
1.65100000000000e+01	1.53377194729334e-05
1.65200000000000e+01	1.52282579553094e-05
1.65300000000000e+01	1.51199247915467e-05
1.65400000000000e+01	1.50128385644055e-05
1.65500000000000e+01	1.49072201281089e-05
1.65600000000000e+01	1.48033212919769e-05
1.65700000000000e+01	1.47009819182464e-05
1.65800000000000e+01	1.46004715246311e-05
1.65900000000000e+01	1.45018904897521e-05
1.66000000000000e+01	1.44054417903514e-05
1.66100000000000e+01	1.43105716707521e-05
1.66200000000000e+01	1.42176733218753e-05
1.66300000000000e+01	1.41265109637048e-05
1.66400000000000e+01	1.40372088414020e-05
1.66500000000000e+01	1.39495508807259e-05
1.66600000000000e+01	1.38636531321988e-05
1.66700000000000e+01	1.37793083301745e-05
1.66800000000000e+01	1.36966391212249e-05
1.66900000000000e+01	1.36152360303182e-05
1.67000000000000e+01	1.35352086892139e-05
1.67100000000000e+01	1.34563260246957e-05
1.67200000000000e+01	1.33788122961438e-05
1.67300000000000e+01	1.33022112285140e-05
1.67400000000000e+01	1.32264527441486e-05
1.67500000000000e+01	1.31515331270142e-05
1.67600000000000e+01	1.30772584120638e-05
1.67700000000000e+01	1.30033674118937e-05
1.67800000000000e+01	1.29299160790548e-05
1.67900000000000e+01	1.28568569045904e-05
1.68000000000000e+01	1.27837882825819e-05
1.68100000000000e+01	1.27107692503424e-05
1.68200000000000e+01	1.26380409555119e-05
1.68300000000000e+01	1.25651713855945e-05
1.68400000000000e+01	1.24921690708829e-05
1.68500000000000e+01	1.24192975463824e-05
1.68600000000000e+01	1.23463554202524e-05
1.68700000000000e+01	1.22733969481249e-05
1.68800000000000e+01	1.22005911761865e-05
1.68900000000000e+01	1.21278088674730e-05
1.69000000000000e+01	1.20553881537194e-05
1.69100000000000e+01	1.19829960578032e-05
1.69200000000000e+01	1.19107904020899e-05
1.69300000000000e+01	1.18387786404528e-05
1.69400000000000e+01	1.17672017414141e-05
1.69500000000000e+01	1.16956596234571e-05
1.69600000000000e+01	1.16245753752241e-05
1.69700000000000e+01	1.15537594206990e-05
1.69800000000000e+01	1.14833582769767e-05
1.69900000000000e+01	1.14134488733869e-05
1.70000000000000e+01	1.13440373414553e-05
1.70100000000000e+01	1.12754443572354e-05
1.70200000000000e+01	1.12077375293008e-05
1.70300000000000e+01	1.11408330983232e-05
1.70400000000000e+01	1.10748938714068e-05
1.70500000000000e+01	1.10101216425337e-05
1.70600000000000e+01	1.09465070026154e-05
1.70700000000000e+01	1.08840820833003e-05
1.70800000000000e+01	1.08227628912251e-05
1.70900000000000e+01	1.07625704613770e-05
1.71000000000000e+01	1.07036005293678e-05
1.71100000000000e+01	1.06456783459786e-05
1.71200000000000e+01	1.05885134077305e-05
1.71300000000000e+01	1.05322751563266e-05
1.71400000000000e+01	1.04768947823522e-05
1.71500000000000e+01	1.04221829914885e-05
1.71600000000000e+01	1.03679938990094e-05
1.71700000000000e+01	1.03145178938591e-05
1.71800000000000e+01	1.02613341788664e-05
1.71900000000000e+01	1.02088163893182e-05
1.72000000000000e+01	1.01566340578822e-05
1.72100000000000e+01	1.01049512628961e-05
1.72200000000000e+01	1.00537375480876e-05
1.72300000000000e+01	1.00027375411997e-05
1.72400000000000e+01	9.95233711802809e-06
1.72500000000000e+01	9.90211651888506e-06
1.72600000000000e+01	9.85239726516675e-06
1.72700000000000e+01	9.80298469899823e-06
1.72800000000000e+01	9.75384855983446e-06
1.72900000000000e+01	9.70505542271479e-06
1.73000000000000e+01	9.65653341176904e-06
1.73100000000000e+01	9.60833561250933e-06
1.73200000000000e+01	9.56043251970938e-06
1.73300000000000e+01	9.51266695122716e-06
1.73400000000000e+01	9.46503790314548e-06
1.73500000000000e+01	9.41767845121279e-06
1.73600000000000e+01	9.37048581839287e-06
1.73700000000000e+01	9.32344913299790e-06
1.73800000000000e+01	9.27653012454537e-06
1.73900000000000e+01	9.22974407686302e-06
1.74000000000000e+01	9.18328708211188e-06
1.74100000000000e+01	9.13679940228498e-06
1.74200000000000e+01	9.09047672191454e-06
1.74300000000000e+01	9.04429276701686e-06
1.74400000000000e+01	8.99843845342555e-06
1.74500000000000e+01	8.95254493730317e-06
1.74600000000000e+01	8.90695157110198e-06
1.74700000000000e+01	8.86151822421963e-06
1.74800000000000e+01	8.81624224081474e-06
1.74900000000000e+01	8.77094590178640e-06
1.75000000000000e+01	8.72591247980417e-06
1.75100000000000e+01	8.68104113428344e-06
1.75200000000000e+01	8.63612120300543e-06
1.75300000000000e+01	8.59121645838841e-06
1.75400000000000e+01	8.54626915424324e-06
1.75500000000000e+01	8.50149225063065e-06
1.75600000000000e+01	8.45654017764067e-06
1.75700000000000e+01	8.41158032650233e-06
1.75800000000000e+01	8.36650402832207e-06
1.75900000000000e+01	8.32149193020828e-06
1.76000000000000e+01	8.27633859172876e-06
1.76100000000000e+01	8.23137658720238e-06
1.76200000000000e+01	8.18634153462043e-06
1.76300000000000e+01	8.14151100668238e-06
1.76400000000000e+01	8.09675963295111e-06
1.76500000000000e+01	8.05221629801661e-06
1.76600000000000e+01	8.00801744348156e-06
1.76700000000000e+01	7.96404301979346e-06
1.76800000000000e+01	7.92043579590191e-06
1.76900000000000e+01	7.87730123253814e-06
1.77000000000000e+01	7.83434272168807e-06
1.77100000000000e+01	7.79186021727693e-06
1.77200000000000e+01	7.74966088880241e-06
1.77300000000000e+01	7.70779355926810e-06
1.77400000000000e+01	7.66634949460750e-06
1.77500000000000e+01	7.62506423128241e-06
1.77600000000000e+01	7.58417696550399e-06
1.77700000000000e+01	7.54341485037044e-06
1.77800000000000e+01	7.50294249241359e-06
1.77900000000000e+01	7.46275674114862e-06
1.78000000000000e+01	7.42254794318036e-06
1.78100000000000e+01	7.38258094023446e-06
1.78200000000000e+01	7.34278087393756e-06
1.78300000000000e+01	7.30295423143875e-06
1.78400000000000e+01	7.26324557395773e-06
1.78500000000000e+01	7.22373415665073e-06
1.78600000000000e+01	7.18431278139313e-06
1.78700000000000e+01	7.14493127122422e-06
1.78800000000000e+01	7.10553869356173e-06
1.78900000000000e+01	7.06630572932093e-06
1.79000000000000e+01	7.02724264464398e-06
1.79100000000000e+01	6.98814837702216e-06
1.79200000000000e+01	6.94912025012214e-06
1.79300000000000e+01	6.91018994670270e-06
1.79400000000000e+01	6.87116507512253e-06
1.79500000000000e+01	6.83219788861111e-06
1.79600000000000e+01	6.79311228278403e-06
1.79700000000000e+01	6.75407470119094e-06
1.79800000000000e+01	6.71485640268859e-06
1.79900000000000e+01	6.67570811583113e-06
1.80000000000000e+01	6.63654553197948e-06
1.80100000000000e+01	6.59761476134721e-06
1.80200000000000e+01	6.55869904817408e-06
1.80300000000000e+01	6.52015490012851e-06
1.80400000000000e+01	6.48201327956168e-06
1.80500000000000e+01	6.44433741263581e-06
1.80600000000000e+01	6.40719609144307e-06
1.80700000000000e+01	6.37089124625141e-06
1.80800000000000e+01	6.33526258462739e-06
1.80900000000000e+01	6.30044724464935e-06
1.81000000000000e+01	6.26636772713175e-06
1.81100000000000e+01	6.23313763484651e-06
1.81200000000000e+01	6.20073770259852e-06
1.81300000000000e+01	6.16903688103344e-06
1.81400000000000e+01	6.13785251269174e-06
1.81500000000000e+01	6.10729905446976e-06
1.81600000000000e+01	6.07714702736156e-06
1.81700000000000e+01	6.04747064155886e-06
1.81800000000000e+01	6.01795702106426e-06
1.81900000000000e+01	5.98878970321404e-06
1.82000000000000e+01	5.95975509805374e-06
1.82100000000000e+01	5.93075467931263e-06
1.82200000000000e+01	5.90191260792037e-06
1.82300000000000e+01	5.87305905527056e-06
1.82400000000000e+01	5.84418347369284e-06
1.82500000000000e+01	5.81519338827532e-06
1.82600000000000e+01	5.78618917958908e-06
1.82700000000000e+01	5.75709855261334e-06
1.82800000000000e+01	5.72786895634889e-06
1.82900000000000e+01	5.69852078384197e-06
1.83000000000000e+01	5.66922502924643e-06
1.83100000000000e+01	5.63973445871969e-06
1.83200000000000e+01	5.61029881608016e-06
1.83300000000000e+01	5.58085636028541e-06
1.83400000000000e+01	5.55142420009393e-06
1.83500000000000e+01	5.52210576141144e-06
1.83600000000000e+01	5.49293214234191e-06
1.83700000000000e+01	5.46394966885626e-06
1.83800000000000e+01	5.43522004189652e-06
1.83900000000000e+01	5.40681888444777e-06
1.84000000000000e+01	5.37877595507302e-06
1.84100000000000e+01	5.35116128695957e-06
1.84200000000000e+01	5.32404138827691e-06
1.84300000000000e+01	5.29747947140370e-06
1.84400000000000e+01	5.27145217332717e-06
1.84500000000000e+01	5.24601044723860e-06
1.84600000000000e+01	5.22115352333499e-06
1.84700000000000e+01	5.19687193037173e-06
1.84800000000000e+01	5.17316477037274e-06
1.84900000000000e+01	5.14995761795252e-06
1.85000000000000e+01	5.12721971766649e-06
1.85100000000000e+01	5.10491388890102e-06
1.85200000000000e+01	5.08294799602697e-06
1.85300000000000e+01	5.06130629736848e-06
1.85400000000000e+01	5.03988583354232e-06
1.85500000000000e+01	5.01865127197698e-06
1.85600000000000e+01	4.99751289734640e-06
1.85700000000000e+01	4.97644811766951e-06
1.85800000000000e+01	4.95542726416944e-06
1.85900000000000e+01	4.93437416632378e-06
1.86000000000000e+01	4.91330242425192e-06
1.86100000000000e+01	4.89216979768460e-06
1.86200000000000e+01	4.87099077205493e-06
1.86300000000000e+01	4.84973185654107e-06
1.86400000000000e+01	4.82839957061486e-06
1.86500000000000e+01	4.80703060718514e-06
1.86600000000000e+01	4.78562216536728e-06
1.86700000000000e+01	4.76420134297723e-06
1.86800000000000e+01	4.74276334183625e-06
1.86900000000000e+01	4.72131768261189e-06
1.87000000000000e+01	4.69992766027669e-06
1.87100000000000e+01	4.67856967047373e-06
1.87200000000000e+01	4.65726622095288e-06
1.87300000000000e+01	4.63601637144246e-06
1.87400000000000e+01	4.61483377568089e-06
1.87500000000000e+01	4.59370941798176e-06
1.87600000000000e+01	4.57262651857196e-06
1.87700000000000e+01	4.55161386876406e-06
1.87800000000000e+01	4.53063994648433e-06
1.87900000000000e+01	4.50971089086155e-06
1.88000000000000e+01	4.48881125511308e-06
1.88100000000000e+01	4.46794747105418e-06
1.88200000000000e+01	4.44705272766340e-06
1.88300000000000e+01	4.42619312240649e-06
1.88400000000000e+01	4.40528081137774e-06
1.88500000000000e+01	4.38438249290266e-06
1.88600000000000e+01	4.36341168394414e-06
1.88700000000000e+01	4.34238462786532e-06
1.88800000000000e+01	4.32128956414906e-06
1.88900000000000e+01	4.30012971594424e-06
1.89000000000000e+01	4.27886585487045e-06
1.89100000000000e+01	4.25750984624797e-06
1.89200000000000e+01	4.23605347493605e-06
1.89300000000000e+01	4.21450989467956e-06
1.89400000000000e+01	4.19285082370016e-06
1.89500000000000e+01	4.17115298815786e-06
1.89600000000000e+01	4.14937439108593e-06
1.89700000000000e+01	4.12756909718317e-06
1.89800000000000e+01	4.10577694488727e-06
1.89900000000000e+01	4.08402182142178e-06
1.90000000000000e+01	4.06231135078575e-06
1.90100000000000e+01	4.04070663324496e-06
1.90200000000000e+01	4.01920461558936e-06
1.90300000000000e+01	3.99780712254179e-06
1.90400000000000e+01	3.97654255789555e-06
1.90500000000000e+01	3.95538408345433e-06
1.90600000000000e+01	3.93426697706378e-06
1.90700000000000e+01	3.91318803665147e-06
1.90800000000000e+01	3.89212121386621e-06
1.90900000000000e+01	3.87098437842470e-06
1.91000000000000e+01	3.84975360116015e-06
1.91100000000000e+01	3.82844166562100e-06
1.91200000000000e+01	3.80702540381432e-06
1.91300000000000e+01	3.78557472930038e-06
1.91400000000000e+01	3.76412646322919e-06
1.91500000000000e+01	3.74276644882529e-06
1.91600000000000e+01	3.72163961726389e-06
1.91700000000000e+01	3.70083233385539e-06
1.91800000000000e+01	3.68045509454831e-06
1.91900000000000e+01	3.66066109066056e-06
1.92000000000000e+01	3.64152559503883e-06
1.92100000000000e+01	3.62307483501092e-06
1.92200000000000e+01	3.60536293656684e-06
1.92300000000000e+01	3.58836710807275e-06
1.92400000000000e+01	3.57208466071790e-06
1.92500000000000e+01	3.55643430187863e-06
1.92600000000000e+01	3.54132176658457e-06
1.92700000000000e+01	3.52668086888104e-06
1.92800000000000e+01	3.51242648104533e-06
1.92900000000000e+01	3.49844135883013e-06
1.93000000000000e+01	3.48464958441310e-06
1.93100000000000e+01	3.47099580178055e-06
1.93200000000000e+01	3.45740994117869e-06
1.93300000000000e+01	3.44387127423957e-06
1.93400000000000e+01	3.43030651124939e-06
1.93500000000000e+01	3.41675564932774e-06
1.93600000000000e+01	3.40313999735034e-06
1.93700000000000e+01	3.38950498374036e-06
1.93800000000000e+01	3.37580792840724e-06
1.93900000000000e+01	3.36207520805011e-06
1.94000000000000e+01	3.34828037541636e-06
1.94100000000000e+01	3.33446174109072e-06
1.94200000000000e+01	3.32058614105092e-06
1.94300000000000e+01	3.30666206291542e-06
1.94400000000000e+01	3.29270260083068e-06
1.94500000000000e+01	3.27869854292162e-06
1.94600000000000e+01	3.26465705687494e-06
1.94700000000000e+01	3.25058036789180e-06
1.94800000000000e+01	3.23645245457958e-06
1.94900000000000e+01	3.22229183726291e-06
1.95000000000000e+01	3.20809490784365e-06
1.95100000000000e+01	3.19386846571451e-06
1.95200000000000e+01	3.17960891982465e-06
1.95300000000000e+01	3.16530068306218e-06
1.95400000000000e+01	3.15096236957911e-06
1.95500000000000e+01	3.13658525277799e-06
1.95600000000000e+01	3.12218321407128e-06
1.95700000000000e+01	3.10775165211760e-06
1.95800000000000e+01	3.09331661909718e-06
1.95900000000000e+01	3.07886752483804e-06
1.96000000000000e+01	3.06441258126101e-06
1.96100000000000e+01	3.04997017945889e-06
1.96200000000000e+01	3.03555705181675e-06
1.96300000000000e+01	3.02117982982439e-06
1.96400000000000e+01	3.00684297945850e-06
1.96500000000000e+01	2.99254200069230e-06
1.96600000000000e+01	2.97831796582326e-06
1.96700000000000e+01	2.96413313825081e-06
1.96800000000000e+01	2.95002300938277e-06
1.96900000000000e+01	2.93598070758285e-06
1.97000000000000e+01	2.92189120348727e-06
1.97100000000000e+01	2.90785179373429e-06
1.97200000000000e+01	2.89376968846768e-06
1.97300000000000e+01	2.87954254558361e-06
1.97400000000000e+01	2.86501520380643e-06
1.97500000000000e+01	2.84994504167964e-06
1.97600000000000e+01	2.83391323231087e-06
1.97700000000000e+01	2.81626049449835e-06
1.97800000000000e+01	2.79597226652953e-06
1.97900000000000e+01	2.77154825329516e-06
1.98000000000000e+01	2.74086899333126e-06
1.98100000000000e+01	2.70094523607445e-06
1.98200000000000e+01	2.64787181039127e-06
1.98300000000000e+01	2.57667981720799e-06
1.98400000000000e+01	2.48143096619220e-06
1.98500000000000e+01	2.35548888367562e-06
1.98600000000000e+01	2.19203653805995e-06
1.98700000000000e+01	1.98502626998244e-06
1.98800000000000e+01	1.73065823819765e-06
1.98900000000000e+01	1.42926928224975e-06
1.99000000000000e+01	1.08827118318192e-06
1.99100000000000e+01	7.25992202235422e-07
1.99200000000000e+01	3.77453418717362e-07
1.99300000000000e+01	1.02950054202415e-07
1.99400000000000e+01	1.60663907812064e-09
1.99500000000000e+01	2.33622638513407e-07
1.99600000000000e+01	1.05817721027469e-06
1.99700000000000e+01	2.90058961419475e-06
1.99800000000000e+01	6.47637433069201e-06
1.99900000000000e+01	1.30315876791013e-05
2.00000000000000e+01	2.48366351610865e-05
