1.00000000000000e-02	8.58516659896340e+15
2.00000000000000e-02	5.36615012989065e+14
3.00000000000000e-02	1.06011832256548e+14
4.00000000000000e-02	3.35489365054362e+13
5.00000000000000e-02	1.37450585900147e+13
6.00000000000000e-02	6.63049858508838e+12
7.00000000000000e-02	3.58024220274419e+12
8.00000000000000e-02	2.09949392645697e+12
9.00000000000000e-02	1.31129856248192e+12
1.00000000000000e-01	8.60780234201633e+11
1.10000000000000e-01	5.88252920606075e+11
1.20000000000000e-01	4.15604538766863e+11
1.30000000000000e-01	3.01942128523229e+11
1.40000000000000e-01	2.24646952890790e+11
1.50000000000000e-01	1.70601485086453e+11
1.60000000000000e-01	1.31895607540227e+11
1.70000000000000e-01	1.03585932135255e+11
1.80000000000000e-01	8.24920952478348e+10
1.90000000000000e-01	6.65160048328504e+10
2.00000000000000e-01	5.42342847923113e+10
2.10000000000000e-01	4.46684763982968e+10
2.20000000000000e-01	3.71276614331797e+10
2.30000000000000e-01	3.11176501348895e+10
2.40000000000000e-01	2.62800782096849e+10
2.50000000000000e-01	2.23507937042896e+10
2.60000000000000e-01	1.91321891790051e+10
2.70000000000000e-01	1.64752610476671e+10
2.80000000000000e-01	1.42663744805734e+10
2.90000000000000e-01	1.24174850026881e+10
3.00000000000000e-01	1.08604699096178e+10
3.10000000000000e-01	9.54165417520607e+09
3.20000000000000e-01	8.41824137261218e+09
3.30000000000000e-01	7.45685018431933e+09
3.40000000000000e-01	6.62985067856392e+09
3.50000000000000e-01	5.91546254851774e+09
3.60000000000000e-01	5.29561205051750e+09
3.70000000000000e-01	4.75568098929330e+09
3.80000000000000e-01	4.28357376398244e+09
3.90000000000000e-01	3.86925466224606e+09
4.00000000000000e-01	3.50447632822588e+09
4.10000000000000e-01	3.18220082690273e+09
4.20000000000000e-01	2.89666819340722e+09
4.30000000000000e-01	2.64291259695832e+09
4.40000000000000e-01	2.41677555335246e+09
4.50000000000000e-01	2.21470676635485e+09
4.60000000000000e-01	2.03367285333459e+09
4.70000000000000e-01	1.87112545761464e+09
4.80000000000000e-01	1.72481259702660e+09
4.90000000000000e-01	1.59280219399023e+09
5.00000000000000e-01	1.47345291514702e+09
5.10000000000000e-01	1.36533005341701e+09
5.20000000000000e-01	1.26721262746062e+09
5.30000000000000e-01	1.17793437170415e+09
5.40000000000000e-01	1.09660408327634e+09
5.50000000000000e-01	1.02237994472012e+09
5.60000000000000e-01	9.54500696635017e+08
5.70000000000000e-01	8.92333017616341e+08
5.80000000000000e-01	8.35331494787442e+08
5.90000000000000e-01	7.82946607398907e+08
6.00000000000000e-01	7.34761697213987e+08
6.10000000000000e-01	6.90353960955690e+08
6.20000000000000e-01	6.49388369773849e+08
6.30000000000000e-01	6.11541052214164e+08
6.40000000000000e-01	5.76545550108816e+08
6.50000000000000e-01	5.44117568678925e+08
6.60000000000000e-01	5.14052893775595e+08
6.70000000000000e-01	4.86130435006024e+08
6.80000000000000e-01	4.60183719161309e+08
6.90000000000000e-01	4.36046649059523e+08
7.00000000000000e-01	4.13563566297568e+08
7.10000000000000e-01	3.92592928612475e+08
7.20000000000000e-01	3.73014909108988e+08
7.30000000000000e-01	3.54736869204048e+08
7.40000000000000e-01	3.37629242184325e+08
7.50000000000000e-01	3.21626692022519e+08
7.60000000000000e-01	3.06625663365415e+08
7.70000000000000e-01	2.92564120658060e+08
7.80000000000000e-01	2.79366137068788e+08
7.90000000000000e-01	2.66971672222593e+08
8.00000000000000e-01	2.55320451526869e+08
8.10000000000000e-01	2.44357278084325e+08
8.20000000000000e-01	2.34039885715132e+08
8.30000000000000e-01	2.24318288350187e+08
8.40000000000000e-01	2.15158114278432e+08
8.50000000000000e-01	2.06510657860653e+08
8.60000000000000e-01	1.98350085482016e+08
8.70000000000000e-01	1.90641481033783e+08
8.80000000000000e-01	1.83354057959997e+08
8.90000000000000e-01	1.76464734256507e+08
9.00000000000000e-01	1.69945559595414e+08
9.10000000000000e-01	1.63771605024296e+08
9.20000000000000e-01	1.57925372601434e+08
9.30000000000000e-01	1.52386561787332e+08
9.40000000000000e-01	1.47134220074799e+08
9.50000000000000e-01	1.42151459152216e+08
9.60000000000000e-01	1.37423669604499e+08
9.70000000000000e-01	1.32935600539454e+08
9.80000000000000e-01	1.28676398604004e+08
9.90000000000000e-01	1.24629032193300e+08
1.00000000000000e+00	1.20787090093635e+08
1.01000000000000e+00	1.17133368755883e+08
1.02000000000000e+00	1.13660746408200e+08
1.03000000000000e+00	1.10362661331362e+08
1.04000000000000e+00	1.07226615644851e+08
1.05000000000000e+00	1.04245431566478e+08
1.06000000000000e+00	1.01410195707674e+08
1.07000000000000e+00	9.87166940947133e+07
1.08000000000000e+00	9.61542691284910e+07
1.09000000000000e+00	9.37139422729497e+07
1.10000000000000e+00	9.13917621269274e+07
1.11000000000000e+00	8.91781785195840e+07
1.12000000000000e+00	8.70649330964209e+07
1.13000000000000e+00	8.50457189049231e+07
1.14000000000000e+00	8.31121698203849e+07
1.15000000000000e+00	8.12583126934626e+07
1.16000000000000e+00	7.94743102073403e+07
1.17000000000000e+00	7.77573737597733e+07
1.18000000000000e+00	7.60995500097022e+07
1.19000000000000e+00	7.44969566713640e+07
1.20000000000000e+00	7.29486686941916e+07
1.21000000000000e+00	7.14509021310711e+07
1.22000000000000e+00	7.00042672612718e+07
1.23000000000000e+00	6.86135122888951e+07
1.24000000000000e+00	6.72791544858462e+07
1.25000000000000e+00	6.60103671112496e+07
1.26000000000000e+00	6.48119220190718e+07
1.27000000000000e+00	6.36981234970160e+07
1.28000000000000e+00	6.26759891543065e+07
1.29000000000000e+00	6.17635167546338e+07
1.30000000000000e+00	6.09723608436113e+07
1.31000000000000e+00	6.03196902693846e+07
1.32000000000000e+00	5.98209575944504e+07
1.33000000000000e+00	5.94904070029550e+07
1.34000000000000e+00	5.93398816143048e+07
1.35000000000000e+00	5.93817628712126e+07
1.36000000000000e+00	5.96213897853012e+07
1.37000000000000e+00	6.00636388710513e+07
1.38000000000000e+00	6.07062068107760e+07
1.39000000000000e+00	6.15443106326644e+07
1.40000000000000e+00	6.25702703795737e+07
1.41000000000000e+00	6.37711360116472e+07
1.42000000000000e+00	6.51332931304464e+07
1.43000000000000e+00	6.66414058002706e+07
1.44000000000000e+00	6.82798564859660e+07
1.45000000000000e+00	7.00322106151522e+07
1.46000000000000e+00	7.18827282891454e+07
1.47000000000000e+00	7.38126815296842e+07
1.48000000000000e+00	7.58063430798060e+07
1.49000000000000e+00	7.78423291821208e+07
1.50000000000000e+00	7.98971595261664e+07
1.51000000000000e+00	8.19409912920523e+07
1.52000000000000e+00	8.39368614051610e+07
1.53000000000000e+00	8.58434334673603e+07
1.54000000000000e+00	8.76064700918450e+07
1.55000000000000e+00	8.91654578058535e+07
1.56000000000000e+00	9.04583432337030e+07
1.57000000000000e+00	9.14168892175679e+07
1.58000000000000e+00	9.19723998977334e+07
1.59000000000000e+00	9.20625204112273e+07
1.60000000000000e+00	9.16306678579383e+07
1.61000000000000e+00	9.06359338762598e+07
1.62000000000000e+00	8.90479832665733e+07
1.63000000000000e+00	8.68586031355340e+07
1.64000000000000e+00	8.40801278436644e+07
1.65000000000000e+00	8.07568642422134e+07
1.66000000000000e+00	7.69563873742573e+07
1.67000000000000e+00	7.27808189346533e+07
1.68000000000000e+00	6.83475818301315e+07
1.69000000000000e+00	6.37881032519544e+07
1.70000000000000e+00	5.92284137618103e+07
1.71000000000000e+00	5.47886603845805e+07
1.72000000000000e+00	5.05741519440071e+07
1.73000000000000e+00	4.66804465808350e+07
1.74000000000000e+00	4.31892103143003e+07
1.75000000000000e+00	4.01569356585302e+07
1.76000000000000e+00	3.76115567548639e+07
1.77000000000000e+00	3.55458919779104e+07
1.78000000000000e+00	3.39203998609880e+07
1.79000000000000e+00	3.26651985953149e+07
1.80000000000000e+00	3.16862936280351e+07
1.81000000000000e+00	3.08783281732458e+07
1.82000000000000e+00	3.01396646992305e+07
1.83000000000000e+00	2.93887392945074e+07
1.84000000000000e+00	2.85751129657024e+07
1.85000000000000e+00	2.76837645811589e+07
1.86000000000000e+00	2.67211291611624e+07
1.87000000000000e+00	2.57100935544191e+07
1.88000000000000e+00	2.46770999126343e+07
1.89000000000000e+00	2.36495722224735e+07
1.90000000000000e+00	2.26541690753063e+07
1.91000000000000e+00	2.17129331377620e+07
1.92000000000000e+00	2.08456171496284e+07
1.93000000000000e+00	2.00656816031554e+07
1.94000000000000e+00	1.93810320955251e+07
1.95000000000000e+00	1.87938899779985e+07
1.96000000000000e+00	1.83011500810223e+07
1.97000000000000e+00	1.78954564755300e+07
1.98000000000000e+00	1.75661923787555e+07
1.99000000000000e+00	1.73009234802536e+07
2.00000000000000e+00	1.70863096633210e+07
2.01000000000000e+00	1.69089172511603e+07
2.02000000000000e+00	1.67564603087930e+07
2.03000000000000e+00	1.66177673030962e+07
2.04000000000000e+00	1.64824608051020e+07
2.05000000000000e+00	1.63414681661601e+07
2.06000000000000e+00	1.61852964820724e+07
2.07000000000000e+00	1.60031132268645e+07
2.08000000000000e+00	1.57823802356083e+07
2.09000000000000e+00	1.55071806383027e+07
2.10000000000000e+00	1.51596675663920e+07
2.11000000000000e+00	1.47224748620879e+07
2.12000000000000e+00	1.41821093296654e+07
2.13000000000000e+00	1.35339956934581e+07
2.14000000000000e+00	1.27860726689990e+07
2.15000000000000e+00	1.19574791856462e+07
2.16000000000000e+00	1.10761129819351e+07
2.17000000000000e+00	1.01709711567196e+07
2.18000000000000e+00	9.26789868736602e+06
2.19000000000000e+00	8.38515667277540e+06
2.20000000000000e+00	7.53449361870232e+06
2.21000000000000e+00	6.72265403586701e+06
2.22000000000000e+00	5.95441207225457e+06
2.23000000000000e+00	5.23544016503621e+06
2.24000000000000e+00	4.57264712294365e+06
2.25000000000000e+00	3.97416507959474e+06
2.26000000000000e+00	3.44670233112779e+06
2.27000000000000e+00	2.99364498399552e+06
2.28000000000000e+00	2.61420879617850e+06
2.29000000000000e+00	2.30368909092068e+06
2.30000000000000e+00	2.05465287424566e+06
2.31000000000000e+00	1.85833546385694e+06
2.32000000000000e+00	1.70584682685264e+06
2.33000000000000e+00	1.58892994640048e+06
2.34000000000000e+00	1.50032436568914e+06
2.35000000000000e+00	1.43418903152722e+06
2.36000000000000e+00	1.38585989029527e+06
2.37000000000000e+00	1.35190086134214e+06
2.38000000000000e+00	1.32977789827961e+06
2.39000000000000e+00	1.31749331341403e+06
2.40000000000000e+00	1.31340237020679e+06
2.41000000000000e+00	1.31605191051723e+06
2.42000000000000e+00	1.32425665303057e+06
2.43000000000000e+00	1.33710084162447e+06
2.44000000000000e+00	1.35384770945009e+06
2.45000000000000e+00	1.37394699708079e+06
2.46000000000000e+00	1.39670950239800e+06
2.47000000000000e+00	1.42140431530780e+06
2.48000000000000e+00	1.44695479371653e+06
2.49000000000000e+00	1.47223301089250e+06
2.50000000000000e+00	1.49591466189442e+06
2.51000000000000e+00	1.51677187888071e+06
2.52000000000000e+00	1.53377656195863e+06
2.53000000000000e+00	1.54617046632772e+06
2.54000000000000e+00	1.55364779884628e+06
2.55000000000000e+00	1.55645239881590e+06
2.56000000000000e+00	1.55529537890099e+06
2.57000000000000e+00	1.55119955117252e+06
2.58000000000000e+00	1.54527728299377e+06
2.59000000000000e+00	1.53841513512120e+06
2.60000000000000e+00	1.53084833226461e+06
2.61000000000000e+00	1.52209097762581e+06
2.62000000000000e+00	1.51070579354732e+06
2.63000000000000e+00	1.49473435936014e+06
2.64000000000000e+00	1.47254340481774e+06
2.65000000000000e+00	1.44367965004309e+06
2.66000000000000e+00	1.40959944836978e+06
2.67000000000000e+00	1.37327775143315e+06
2.68000000000000e+00	1.33831746307537e+06
2.69000000000000e+00	1.30764109141492e+06
2.70000000000000e+00	1.28280223895634e+06
2.71000000000000e+00	1.26373585114332e+06
2.72000000000000e+00	1.24897052286372e+06
2.73000000000000e+00	1.23615384810256e+06
2.74000000000000e+00	1.22251421321660e+06
2.75000000000000e+00	1.20540251315877e+06
2.76000000000000e+00	1.18267125302167e+06
2.77000000000000e+00	1.15291797208775e+06
2.78000000000000e+00	1.11541211406789e+06
2.79000000000000e+00	1.07011429077823e+06
2.80000000000000e+00	1.01740233942566e+06
2.81000000000000e+00	9.58033102141241e+05
2.82000000000000e+00	8.93033888052250e+05
2.83000000000000e+00	8.23654271107329e+05
2.84000000000000e+00	7.51333271788374e+05
2.85000000000000e+00	6.77669190297899e+05
2.86000000000000e+00	6.04307876017100e+05
2.87000000000000e+00	5.32938510552231e+05
2.88000000000000e+00	4.65161695531613e+05
2.89000000000000e+00	4.02393176957580e+05
2.90000000000000e+00	3.45795919145968e+05
2.91000000000000e+00	2.96245175526475e+05
2.92000000000000e+00	2.54274563301636e+05
2.93000000000000e+00	2.20110038589516e+05
2.94000000000000e+00	1.93665905516537e+05
2.95000000000000e+00	1.74574816065406e+05
2.96000000000000e+00	1.62227266720310e+05
2.97000000000000e+00	1.55787451954743e+05
2.98000000000000e+00	1.54283867913496e+05
2.99000000000000e+00	1.56660660417827e+05
3.00000000000000e+00	1.61858514592001e+05
3.01000000000000e+00	1.68873798561596e+05
3.02000000000000e+00	1.76790471571256e+05
3.03000000000000e+00	1.84808019396413e+05
3.04000000000000e+00	1.92271868827643e+05
3.05000000000000e+00	1.98671358848741e+05
3.06000000000000e+00	2.03653026075889e+05
3.07000000000000e+00	2.07031713075750e+05
3.08000000000000e+00	2.08779044071490e+05
3.09000000000000e+00	2.08981057114916e+05
3.10000000000000e+00	2.07828538357921e+05
3.11000000000000e+00	2.05557093592641e+05
3.12000000000000e+00	2.02423672769475e+05
3.13000000000000e+00	1.98658339512673e+05
3.14000000000000e+00	1.94442575400195e+05
3.15000000000000e+00	1.89889182456710e+05
3.16000000000000e+00	1.85068379089854e+05
3.17000000000000e+00	1.79994659266382e+05
3.18000000000000e+00	1.74667906874284e+05
3.19000000000000e+00	1.69097650752396e+05
3.20000000000000e+00	1.63290919328811e+05
3.21000000000000e+00	1.57265977666752e+05
3.22000000000000e+00	1.51028603204346e+05
3.23000000000000e+00	1.44567178654516e+05
3.24000000000000e+00	1.37850155697741e+05
3.25000000000000e+00	1.30848502992018e+05
3.26000000000000e+00	1.23556364835177e+05
3.27000000000000e+00	1.16015133833506e+05
3.28000000000000e+00	1.08334667184310e+05
3.29000000000000e+00	1.00700114737366e+05
3.30000000000000e+00	9.33613881972518e+04
3.31000000000000e+00	8.66186502171987e+04
3.32000000000000e+00	8.07958174822231e+04
3.33000000000000e+00	7.62011778179431e+04
3.34000000000000e+00	7.30933413238050e+04
3.35000000000000e+00	7.16425617807523e+04
3.36000000000000e+00	7.19084884992403e+04
3.37000000000000e+00	7.38171724903813e+04
3.38000000000000e+00	7.71574102450755e+04
3.39000000000000e+00	8.15993908075876e+04
3.40000000000000e+00	8.67216571096081e+04
3.41000000000000e+00	9.20609635991002e+04
3.42000000000000e+00	9.71641831706656e+04
3.43000000000000e+00	1.01642311927654e+05
3.44000000000000e+00	1.05202835264143e+05
3.45000000000000e+00	1.07673484492811e+05
3.46000000000000e+00	1.09000935918666e+05
3.47000000000000e+00	1.09237286650138e+05
3.48000000000000e+00	1.08519312264469e+05
3.49000000000000e+00	1.07038609290399e+05
3.50000000000000e+00	1.05015858976487e+05
3.51000000000000e+00	1.02674597467514e+05
3.52000000000000e+00	1.00223721911468e+05
3.53000000000000e+00	9.78376971197657e+04
3.54000000000000e+00	9.56496950303881e+04
3.55000000000000e+00	9.37440568228359e+04
3.56000000000000e+00	9.21548828873443e+04
3.57000000000000e+00	9.08740249898671e+04
3.58000000000000e+00	8.98598768880812e+04
3.59000000000000e+00	8.90443459343487e+04
3.60000000000000e+00	8.83513418574523e+04
3.61000000000000e+00	8.77010429930181e+04
3.62000000000000e+00	8.70222267688581e+04
3.63000000000000e+00	8.62638853711139e+04
3.64000000000000e+00	8.53971140945624e+04
3.65000000000000e+00	8.44204718308557e+04
3.66000000000000e+00	8.33631867475648e+04
3.67000000000000e+00	8.22793138249190e+04
3.68000000000000e+00	8.12415442257120e+04
3.69000000000000e+00	8.03266181732640e+04
3.70000000000000e+00	7.96020762190868e+04
3.71000000000000e+00	7.91135371652082e+04
3.72000000000000e+00	7.88750549532182e+04
3.73000000000000e+00	7.88631570496530e+04
3.74000000000000e+00	7.90224720155545e+04
3.75000000000000e+00	7.92759857349273e+04
3.76000000000000e+00	7.95316908559755e+04
3.77000000000000e+00	7.96995620357499e+04
3.78000000000000e+00	7.97037221136258e+04
3.79000000000000e+00	7.94893515062417e+04
3.80000000000000e+00	7.90373063469345e+04
3.81000000000000e+00	7.83692667019707e+04
3.82000000000000e+00	7.75531989147713e+04
3.83000000000000e+00	7.67044848712844e+04
3.84000000000000e+00	7.59825155917965e+04
3.85000000000000e+00	7.55831977334128e+04
3.86000000000000e+00	7.57175968574105e+04
3.87000000000000e+00	7.65872858692476e+04
3.88000000000000e+00	7.83647875380287e+04
3.89000000000000e+00	8.11647864243794e+04
3.90000000000000e+00	8.50248813353075e+04
3.91000000000000e+00	8.98898537540087e+04
3.92000000000000e+00	9.56121478242903e+04
3.93000000000000e+00	1.01946444342189e+05
3.94000000000000e+00	1.08564957122648e+05
3.95000000000000e+00	1.15064297360537e+05
3.96000000000000e+00	1.20989157283434e+05
3.97000000000000e+00	1.25857686685798e+05
3.98000000000000e+00	1.29193422353975e+05
3.99000000000000e+00	1.30575879690750e+05
4.00000000000000e+00	1.29682304851270e+05
4.01000000000000e+00	1.26338706237178e+05
4.02000000000000e+00	1.20546847900006e+05
4.03000000000000e+00	1.12493613371338e+05
4.04000000000000e+00	1.02548044212536e+05
4.05000000000000e+00	9.12232997227951e+04
4.06000000000000e+00	7.91226749275705e+04
4.07000000000000e+00	6.68707940949239e+04
4.08000000000000e+00	5.50400795874633e+04
4.09000000000000e+00	4.40981784411579e+04
4.10000000000000e+00	3.43688473653398e+04
4.11000000000000e+00	2.60268592908149e+04
4.12000000000000e+00	1.91142383670503e+04
4.13000000000000e+00	1.35703146083556e+04
4.14000000000000e+00	9.26686345950640e+03
4.15000000000000e+00	6.03925932403524e+03
4.16000000000000e+00	3.71043034582172e+03
4.17000000000000e+00	2.10687346993845e+03
4.18000000000000e+00	1.06830153012806e+03
4.19000000000000e+00	4.52498197684603e+02
4.20000000000000e+00	1.37644441830047e+02
4.21000000000000e+00	2.29202926670214e+01
4.22000000000000e+00	2.84254339437134e+01
4.23000000000000e+00	9.45954517444968e+01
4.24000000000000e+00	1.81229372983102e+02
4.25000000000000e+00	2.65943247306398e+02
4.26000000000000e+00	3.41784588645705e+02
4.27000000000000e+00	4.13822100363044e+02
4.28000000000000e+00	4.94858041358382e+02
4.29000000000000e+00	6.00704493192427e+02
4.30000000000000e+00	7.45780816137614e+02
4.31000000000000e+00	9.39837960135605e+02
4.32000000000000e+00	1.18619432288195e+03
4.33000000000000e+00	1.48156460438327e+03
4.34000000000000e+00	1.81707342748902e+03
4.35000000000000e+00	2.17991223207017e+03
4.36000000000000e+00	2.55501827251689e+03
4.37000000000000e+00	2.92631733123691e+03
4.38000000000000e+00	3.27762587422656e+03
4.39000000000000e+00	3.59268616932347e+03
4.40000000000000e+00	3.85538872726636e+03
4.41000000000000e+00	4.04984686513944e+03
4.42000000000000e+00	4.16137154603546e+03
4.43000000000000e+00	4.17800615452620e+03
4.44000000000000e+00	4.09280107707786e+03
4.45000000000000e+00	3.90598967789783e+03
4.46000000000000e+00	3.62639857047245e+03
4.47000000000000e+00	3.27139508997188e+03
4.48000000000000e+00	2.86517248193011e+03
4.49000000000000e+00	2.43552027721785e+03
4.50000000000000e+00	2.01002255497971e+03
4.51000000000000e+00	1.61257283699462e+03
4.52000000000000e+00	1.26095599963862e+03
4.53000000000000e+00	9.66026247294691e+02
4.54000000000000e+00	7.32150915586337e+02
4.55000000000000e+00	5.58732276795528e+02
4.56000000000000e+00	4.42058044648085e+02
4.57000000000000e+00	3.77003741836780e+02
4.58000000000000e+00	3.58336900191709e+02
4.59000000000000e+00	3.81410086343165e+02
4.60000000000000e+00	4.42344857018537e+02
4.61000000000000e+00	5.37822140612696e+02
4.62000000000000e+00	6.64776580339704e+02
4.63000000000000e+00	8.20051915025035e+02
4.64000000000000e+00	1.00030873069007e+03
4.65000000000000e+00	1.20222392275937e+03
4.66000000000000e+00	1.42299587531971e+03
4.67000000000000e+00	1.66105207520354e+03
4.68000000000000e+00	1.91697127174963e+03
4.69000000000000e+00	2.19416842097698e+03
4.70000000000000e+00	2.49959568342932e+03
4.71000000000000e+00	2.84413223339593e+03
4.72000000000000e+00	3.24302736200591e+03
4.73000000000000e+00	3.71648637079149e+03
4.74000000000000e+00	4.29060084009644e+03
4.75000000000000e+00	4.99833003579839e+03
4.76000000000000e+00	5.88075258559698e+03
4.77000000000000e+00	6.98798815865105e+03
4.78000000000000e+00	8.37949180688244e+03
4.79000000000000e+00	1.01242309850196e+04
4.80000000000000e+00	1.22995992920715e+04
4.81000000000000e+00	1.49901127062603e+04
4.82000000000000e+00	1.82842644843684e+04
4.83000000000000e+00	2.22682979021243e+04
4.84000000000000e+00	2.70151873481929e+04
4.85000000000000e+00	3.25674111929951e+04
4.86000000000000e+00	3.89153029586152e+04
4.87000000000000e+00	4.59724409122670e+04
4.88000000000000e+00	5.35567457795494e+04
4.89000000000000e+00	6.13871718920310e+04
4.90000000000000e+00	6.90987548885281e+04
4.91000000000000e+00	7.62776115001709e+04
4.92000000000000e+00	8.25172232094809e+04
4.93000000000000e+00	8.74740263477789e+04
4.94000000000000e+00	9.09120392156894e+04
4.95000000000000e+00	9.27335620284175e+04
4.96000000000000e+00	9.29680976033325e+04
4.97000000000000e+00	9.17594978632523e+04
4.98000000000000e+00	8.93201019274296e+04
4.99000000000000e+00	8.58902828252175e+04
5.00000000000000e+00	8.17106104369362e+04
5.01000000000000e+00	7.69981600135805e+04
5.02000000000000e+00	7.19413775179979e+04
5.03000000000000e+00	6.66992841979542e+04
5.04000000000000e+00	6.14092918235779e+04
5.05000000000000e+00	5.61867794266544e+04
5.06000000000000e+00	5.11357044289931e+04
5.07000000000000e+00	4.63411979902996e+04
5.08000000000000e+00	4.18701230842474e+04
5.09000000000000e+00	3.77725725617030e+04
5.10000000000000e+00	3.40782734864156e+04
5.11000000000000e+00	3.07982256898971e+04
5.12000000000000e+00	2.79268573163767e+04
5.13000000000000e+00	2.54457839451108e+04
5.14000000000000e+00	2.33265964993556e+04
5.15000000000000e+00	2.15340532476887e+04
5.16000000000000e+00	2.00290330170146e+04
5.17000000000000e+00	1.87721158350047e+04
5.18000000000000e+00	1.77242600497347e+04
5.19000000000000e+00	1.68490326723045e+04
5.20000000000000e+00	1.61137739915158e+04
5.21000000000000e+00	1.54892851962750e+04
5.22000000000000e+00	1.49507465835607e+04
5.23000000000000e+00	1.44777065710483e+04
5.24000000000000e+00	1.40534619274306e+04
5.25000000000000e+00	1.36644126752969e+04
5.26000000000000e+00	1.33006969800103e+04
5.27000000000000e+00	1.29544702678610e+04
5.28000000000000e+00	1.26207701085708e+04
5.29000000000000e+00	1.22958676463157e+04
5.30000000000000e+00	1.19781787529905e+04
5.31000000000000e+00	1.16666114332952e+04
5.32000000000000e+00	1.13607485405191e+04
5.33000000000000e+00	1.10607607968839e+04
5.34000000000000e+00	1.07661716908669e+04
5.35000000000000e+00	1.04764302910893e+04
5.36000000000000e+00	1.01905455918581e+04
5.37000000000000e+00	9.90727549565105e+03
5.38000000000000e+00	9.62493452417838e+03
5.39000000000000e+00	9.34177146854575e+03
5.40000000000000e+00	9.05595323714587e+03
5.41000000000000e+00	8.76533299408419e+03
5.42000000000000e+00	8.46790443760848e+03
5.43000000000000e+00	8.16141643681641e+03
5.44000000000000e+00	7.84357799446211e+03
5.45000000000000e+00	7.51185347182582e+03
5.46000000000000e+00	7.16365174107193e+03
5.47000000000000e+00	6.79617765798690e+03
5.48000000000000e+00	6.40685950818174e+03
5.49000000000000e+00	5.99391898986015e+03
5.50000000000000e+00	5.55676909343433e+03
5.51000000000000e+00	5.09778696808391e+03
5.52000000000000e+00	4.62302353026500e+03
5.53000000000000e+00	4.14385358651554e+03
5.54000000000000e+00	3.67789240609272e+03
5.55000000000000e+00	3.24944102707117e+03
5.56000000000000e+00	2.88953087829815e+03
5.57000000000000e+00	2.63475950769424e+03
5.58000000000000e+00	2.52510130266950e+03
5.59000000000000e+00	2.60098657615773e+03
5.60000000000000e+00	2.89936934432668e+03
5.61000000000000e+00	3.45015090177499e+03
5.62000000000000e+00	4.27272909954188e+03
5.63000000000000e+00	5.37437423125874e+03
5.64000000000000e+00	6.74958587728531e+03
5.65000000000000e+00	8.38181877653666e+03
5.66000000000000e+00	1.02460097226786e+04
5.67000000000000e+00	1.23123620801148e+04
5.68000000000000e+00	1.45495249702882e+04
5.69000000000000e+00	1.69275874511642e+04
5.70000000000000e+00	1.94205859463036e+04
5.71000000000000e+00	2.20072316773109e+04
5.72000000000000e+00	2.46707302497601e+04
5.73000000000000e+00	2.73987203558694e+04
5.74000000000000e+00	3.01792417552271e+04
5.75000000000000e+00	3.30002082612828e+04
5.76000000000000e+00	3.58457722088946e+04
5.77000000000000e+00	3.86946052207050e+04
5.78000000000000e+00	4.15171671356051e+04
5.79000000000000e+00	4.42738718388520e+04
5.80000000000000e+00	4.69146397393832e+04
5.81000000000000e+00	4.93753676623579e+04
5.82000000000000e+00	5.15770630383736e+04
5.83000000000000e+00	5.34279115522378e+04
5.84000000000000e+00	5.48228471663407e+04
5.85000000000000e+00	5.56541184421859e+04
5.86000000000000e+00	5.58187510529352e+04
5.87000000000000e+00	5.52341512562329e+04
5.88000000000000e+00	5.38522418109894e+04
5.89000000000000e+00	5.16695072287953e+04
5.90000000000000e+00	4.87391832726635e+04
5.91000000000000e+00	4.51656456795516e+04
5.92000000000000e+00	4.10980175271054e+04
5.93000000000000e+00	3.67141658635233e+04
5.94000000000000e+00	3.22029287058332e+04
5.95000000000000e+00	2.77434453753494e+04
5.96000000000000e+00	2.34904959188959e+04
5.97000000000000e+00	1.95633765800691e+04
5.98000000000000e+00	1.60412284385873e+04
5.99000000000000e+00	1.29641195177088e+04
6.00000000000000e+00	1.03385949095291e+04
6.01000000000000e+00	8.14632201002567e+03
6.02000000000000e+00	6.35209611177749e+03
6.03000000000000e+00	4.91180795673527e+03
6.04000000000000e+00	3.77819919598456e+03
6.05000000000000e+00	2.90510999473315e+03
6.06000000000000e+00	2.24966623325059e+03
6.07000000000000e+00	1.77360687721189e+03
6.08000000000000e+00	1.44349449857693e+03
6.09000000000000e+00	1.23072214749040e+03
6.10000000000000e+00	1.11103277421055e+03
6.11000000000000e+00	1.06404477636481e+03
6.12000000000000e+00	1.07278594754531e+03
6.13000000000000e+00	1.12313280404082e+03
6.14000000000000e+00	1.20338190380880e+03
6.15000000000000e+00	1.30389949474657e+03
6.16000000000000e+00	1.41667474887282e+03
6.17000000000000e+00	1.53503441287579e+03
6.18000000000000e+00	1.65351006907998e+03
6.19000000000000e+00	1.76745774586589e+03
6.20000000000000e+00	1.87316766893650e+03
6.21000000000000e+00	1.96752561346875e+03
6.22000000000000e+00	2.04817451587743e+03
6.23000000000000e+00	2.11337436354681e+03
6.24000000000000e+00	2.16219104283054e+03
6.25000000000000e+00	2.19442559534415e+03
6.26000000000000e+00	2.21086439112866e+03
6.27000000000000e+00	2.21329743230316e+03
6.28000000000000e+00	2.20444175313356e+03
6.29000000000000e+00	2.18805035407135e+03
6.30000000000000e+00	2.16846468393420e+03
6.31000000000000e+00	2.15037081861767e+03
6.32000000000000e+00	2.13840160488514e+03
6.33000000000000e+00	2.13671303668055e+03
6.34000000000000e+00	2.14845298383441e+03
6.35000000000000e+00	2.17566137614032e+03
6.36000000000000e+00	2.21898497388185e+03
6.37000000000000e+00	2.27781001225331e+03
6.38000000000000e+00	2.35049715705137e+03
6.39000000000000e+00	2.43475726123558e+03
6.40000000000000e+00	2.52809473180611e+03
6.41000000000000e+00	2.62847966207021e+03
6.42000000000000e+00	2.73445675930299e+03
6.43000000000000e+00	2.84581295877120e+03
6.44000000000000e+00	2.96329207405260e+03
6.45000000000000e+00	3.08866355392849e+03
6.46000000000000e+00	3.22419408578210e+03
6.47000000000000e+00	3.37234671612258e+03
6.48000000000000e+00	3.53472139340723e+03
6.49000000000000e+00	3.71169759924781e+03
6.50000000000000e+00	3.90161783133477e+03
6.51000000000000e+00	4.10040858355578e+03
6.52000000000000e+00	4.30133474166683e+03
6.53000000000000e+00	4.49505473571161e+03
6.54000000000000e+00	4.67021491622478e+03
6.55000000000000e+00	4.81407970630854e+03
6.56000000000000e+00	4.91369486617761e+03
6.57000000000000e+00	4.95693071037411e+03
6.58000000000000e+00	4.93395841527822e+03
6.59000000000000e+00	4.83844716314278e+03
6.60000000000000e+00	4.66850327518617e+03
6.61000000000000e+00	4.42730580481428e+03
6.62000000000000e+00	4.12333999543821e+03
6.63000000000000e+00	3.76971407210453e+03
6.64000000000000e+00	3.38337364377122e+03
6.65000000000000e+00	2.98331913360031e+03
6.66000000000000e+00	2.58891568340685e+03
6.67000000000000e+00	2.21792039607329e+03
6.68000000000000e+00	1.88497900981800e+03
6.69000000000000e+00	1.60052116828993e+03
6.70000000000000e+00	1.37049190397410e+03
6.71000000000000e+00	1.19659521701331e+03
6.72000000000000e+00	1.07698119104505e+03
6.73000000000000e+00	1.00718790656130e+03
6.74000000000000e+00	9.81068321835053e+02
6.75000000000000e+00	9.91647403418848e+02
6.76000000000000e+00	1.03178770367975e+03
6.77000000000000e+00	1.09465705890608e+03
6.78000000000000e+00	1.17393633672404e+03
6.79000000000000e+00	1.26401370340606e+03
6.80000000000000e+00	1.35993725339674e+03
6.81000000000000e+00	1.45738670023111e+03
6.82000000000000e+00	1.55264897546368e+03
6.83000000000000e+00	1.64251399236862e+03
6.84000000000000e+00	1.72431212128266e+03
6.85000000000000e+00	1.79590148628788e+03
6.86000000000000e+00	1.85575366045209e+03
6.87000000000000e+00	1.90288195207709e+03
6.88000000000000e+00	1.93702066967519e+03
6.89000000000000e+00	1.95842545358501e+03
6.90000000000000e+00	1.96800225275380e+03
6.91000000000000e+00	1.96711408905898e+03
6.92000000000000e+00	1.95761463380670e+03
6.93000000000000e+00	1.94168415399335e+03
6.94000000000000e+00	1.92170192360487e+03
6.95000000000000e+00	1.90025931466527e+03
6.96000000000000e+00	1.87988135272116e+03
6.97000000000000e+00	1.86314208020260e+03
6.98000000000000e+00	1.85241449519995e+03
6.99000000000000e+00	1.84987137286646e+03
7.00000000000000e+00	1.85750525050134e+03
7.01000000000000e+00	1.87692991526473e+03
7.02000000000000e+00	1.90947819805891e+03
7.03000000000000e+00	1.95604427370291e+03
7.04000000000000e+00	2.01699923271581e+03
7.05000000000000e+00	2.09211372085905e+03
7.06000000000000e+00	2.18074072054936e+03
7.07000000000000e+00	2.28147411934257e+03
7.08000000000000e+00	2.39249851825541e+03
7.09000000000000e+00	2.51162625213566e+03
7.10000000000000e+00	2.63653787586265e+03
7.11000000000000e+00	2.76492742277653e+03
7.12000000000000e+00	2.89474537297840e+03
7.13000000000000e+00	3.02453090788457e+03
7.14000000000000e+00	3.15330346506257e+03
7.15000000000000e+00	3.28079963172499e+03
7.16000000000000e+00	3.40734032839197e+03
7.17000000000000e+00	3.53373624425801e+03
7.18000000000000e+00	3.66119410439071e+03
7.19000000000000e+00	3.79103295112641e+03
7.20000000000000e+00	3.92468475803507e+03
7.21000000000000e+00	4.06300623541435e+03
7.22000000000000e+00	4.20657945666826e+03
7.23000000000000e+00	4.35513634205223e+03
7.24000000000000e+00	4.50762707911850e+03
7.25000000000000e+00	4.66218891250211e+03
7.26000000000000e+00	4.81623802234698e+03
7.27000000000000e+00	4.96655969352251e+03
7.28000000000000e+00	5.10968922122564e+03
7.29000000000000e+00	5.24244808794007e+03
7.30000000000000e+00	5.36204735454121e+03
7.31000000000000e+00	5.46684921799812e+03
7.32000000000000e+00	5.55680454804006e+03
7.33000000000000e+00	5.63403775437105e+03
7.34000000000000e+00	5.70320172972321e+03
7.35000000000000e+00	5.77199519960472e+03
7.36000000000000e+00	5.85117452541031e+03
7.37000000000000e+00	5.95482194425744e+03
7.38000000000000e+00	6.09990911105332e+03
7.39000000000000e+00	6.30601633945270e+03
7.40000000000000e+00	6.59429065315378e+03
7.41000000000000e+00	6.98696170930412e+03
7.42000000000000e+00	7.50596659792860e+03
7.43000000000000e+00	8.17234292336218e+03
7.44000000000000e+00	9.00503399418885e+03
7.45000000000000e+00	1.00207421877937e+04
7.46000000000000e+00	1.12336182319998e+04
7.47000000000000e+00	1.26557056743481e+04
7.48000000000000e+00	1.42978624765019e+04
7.49000000000000e+00	1.61709243549825e+04
7.50000000000000e+00	1.82862500673840e+04
7.51000000000000e+00	2.06569954557345e+04
7.52000000000000e+00	2.32981310482745e+04
7.53000000000000e+00	2.62257671848817e+04
7.54000000000000e+00	2.94553708963852e+04
7.55000000000000e+00	3.30006121858258e+04
7.56000000000000e+00	3.68685796735599e+04
7.57000000000000e+00	4.10568913545562e+04
7.58000000000000e+00	4.55494958811810e+04
7.59000000000000e+00	5.03133736275199e+04
7.60000000000000e+00	5.52912024123079e+04
7.61000000000000e+00	6.03994277758390e+04
7.62000000000000e+00	6.55195356190034e+04
7.63000000000000e+00	7.04948478581693e+04
7.64000000000000e+00	7.51260580768634e+04
7.65000000000000e+00	7.91744804709349e+04
7.66000000000000e+00	8.23754108712909e+04
7.67000000000000e+00	8.44611204566080e+04
7.68000000000000e+00	8.51932386521585e+04
7.69000000000000e+00	8.44024274017608e+04
7.70000000000000e+00	8.20240882742926e+04
7.71000000000000e+00	7.81198154168304e+04
7.72000000000000e+00	7.28782433834030e+04
7.73000000000000e+00	6.65939081086249e+04
7.74000000000000e+00	5.96290558386757e+04
7.75000000000000e+00	5.23616849467451e+04
7.76000000000000e+00	4.51418942706398e+04
7.77000000000000e+00	3.82551574728105e+04
7.78000000000000e+00	3.19056499063785e+04
7.79000000000000e+00	2.62164352940695e+04
7.80000000000000e+00	2.12398723742464e+04
7.81000000000000e+00	1.69749522854318e+04
7.82000000000000e+00	1.33841233270120e+04
7.83000000000000e+00	1.04082517381787e+04
7.84000000000000e+00	7.97753082497993e+03
7.85000000000000e+00	6.01904411542550e+03
7.86000000000000e+00	4.46163466716732e+03
7.87000000000000e+00	3.23885279875929e+03
7.88000000000000e+00	2.29107265456232e+03
7.89000000000000e+00	1.56637531816823e+03
7.90000000000000e+00	1.02121292504290e+03
7.91000000000000e+00	6.20114222332975e+02
7.92000000000000e+00	3.35357107807869e+02
7.93000000000000e+00	1.46150606946565e+02
7.94000000000000e+00	3.77356525937298e+01
7.95000000000000e+00	3.77571762665246e-01
7.96000000000000e+00	2.83598915551238e+01
7.97000000000000e+00	1.18990554541412e+02
7.98000000000000e+00	2.71633578514869e+02
7.99000000000000e+00	4.86778971982998e+02
8.00000000000000e+00	7.65104899842828e+02
8.01000000000000e+00	1.10655608553074e+03
8.02000000000000e+00	1.50937609448795e+03
8.03000000000000e+00	1.96907501911665e+03
8.04000000000000e+00	2.47736981545763e+03
8.05000000000000e+00	3.02098391372310e+03
8.06000000000000e+00	3.58110561875591e+03
8.07000000000000e+00	4.13315326001784e+03
8.08000000000000e+00	4.64793733173501e+03
8.09000000000000e+00	5.09362842023881e+03
8.10000000000000e+00	5.43941131779003e+03
8.11000000000000e+00	5.65962895926709e+03
8.12000000000000e+00	5.73772774202458e+03
8.13000000000000e+00	5.66911813129314e+03
8.14000000000000e+00	5.46166884994498e+03
8.15000000000000e+00	5.13488115836548e+03
8.16000000000000e+00	4.71631297525025e+03
8.17000000000000e+00	4.23735551578918e+03
8.18000000000000e+00	3.72935266616373e+03
8.19000000000000e+00	3.21988264060700e+03
8.20000000000000e+00	2.73088498816703e+03
8.21000000000000e+00	2.27808691155330e+03
8.22000000000000e+00	1.87118418676932e+03
8.23000000000000e+00	1.51486089319667e+03
8.24000000000000e+00	1.20994542726430e+03
8.25000000000000e+00	9.54473342658093e+02
8.26000000000000e+00	7.44576056982693e+02
8.27000000000000e+00	5.75289349382561e+02
8.28000000000000e+00	4.41089462009101e+02
8.29000000000000e+00	3.36382679200976e+02
8.30000000000000e+00	2.55829634156886e+02
8.31000000000000e+00	1.94574425755662e+02
8.32000000000000e+00	1.48390741673060e+02
8.33000000000000e+00	1.13733233625304e+02
8.34000000000000e+00	8.77257749448130e+01
8.35000000000000e+00	6.81112751276328e+01
8.36000000000000e+00	5.31763848343095e+01
8.37000000000000e+00	4.16565873411555e+01
8.38000000000000e+00	3.26515321329965e+01
8.39000000000000e+00	2.55385894607333e+01
8.40000000000000e+00	1.99010255166741e+01
8.41000000000000e+00	1.54646651774534e+01
8.42000000000000e+00	1.20482331101875e+01
8.43000000000000e+00	9.52166183685335e+00
8.44000000000000e+00	7.78749408816189e+00
8.45000000000000e+00	6.74967030385984e+00
8.46000000000000e+00	6.31688419419562e+00
8.47000000000000e+00	6.40022777845972e+00
8.48000000000000e+00	6.91844827438632e+00
8.49000000000000e+00	7.80595395024571e+00
8.50000000000000e+00	9.02036492975134e+00
8.51000000000000e+00	1.05473263422145e+01
8.52000000000000e+00	1.24006305991516e+01
8.53000000000000e+00	1.46177089965714e+01
8.54000000000000e+00	1.72500636375428e+01
8.55000000000000e+00	2.03508686686387e+01
8.56000000000000e+00	2.39622473749270e+01
8.57000000000000e+00	2.81031429721965e+01
8.58000000000000e+00	3.27643680718863e+01
8.59000000000000e+00	3.79016814164803e+01
8.60000000000000e+00	4.34426180314355e+01
8.61000000000000e+00	4.92904927473288e+01
8.62000000000000e+00	5.53304959933333e+01
8.63000000000000e+00	6.14457676125906e+01
8.64000000000000e+00	6.75220765366683e+01
8.65000000000000e+00	7.34542274881340e+01
8.66000000000000e+00	7.91583837711565e+01
8.67000000000000e+00	8.45679617277712e+01
8.68000000000000e+00	8.96413309610248e+01
8.69000000000000e+00	9.43576568528000e+01
8.70000000000000e+00	9.87222454967401e+01
8.71000000000000e+00	1.02757833958585e+02
8.72000000000000e+00	1.06511734226025e+02
8.73000000000000e+00	1.10044841787907e+02
8.74000000000000e+00	1.13440466508611e+02
8.75000000000000e+00	1.16792737479552e+02
8.76000000000000e+00	1.20211549074122e+02
8.77000000000000e+00	1.23808226015371e+02
8.78000000000000e+00	1.27699298183358e+02
8.79000000000000e+00	1.31991165027963e+02
8.80000000000000e+00	1.36777324447673e+02
8.81000000000000e+00	1.42128549547863e+02
8.82000000000000e+00	1.48085118335183e+02
8.83000000000000e+00	1.54650061179877e+02
8.84000000000000e+00	1.61789698282100e+02
8.85000000000000e+00	1.69434656770462e+02
8.86000000000000e+00	1.77479583976889e+02
8.87000000000000e+00	1.85801581975721e+02
8.88000000000000e+00	1.94261447638376e+02
8.89000000000000e+00	2.02726064850703e+02
8.90000000000000e+00	2.11073535279348e+02
8.91000000000000e+00	2.19211226668604e+02
8.92000000000000e+00	2.27071154156622e+02
8.93000000000000e+00	2.34630591348699e+02
8.94000000000000e+00	2.41891627455335e+02
8.95000000000000e+00	2.48895071870110e+02
8.96000000000000e+00	2.55689531919025e+02
8.97000000000000e+00	2.62340431410391e+02
8.98000000000000e+00	2.68902090230141e+02
8.99000000000000e+00	2.75425409939531e+02
9.00000000000000e+00	2.81944706399280e+02
9.01000000000000e+00	2.88487467588473e+02
9.02000000000000e+00	2.95059015322096e+02
9.03000000000000e+00	3.01652625948220e+02
9.04000000000000e+00	3.08255886737165e+02
9.05000000000000e+00	3.14829030675596e+02
9.06000000000000e+00	3.21333782950843e+02
9.07000000000000e+00	3.27711462869811e+02
9.08000000000000e+00	3.33908176553530e+02
9.09000000000000e+00	3.39872266234714e+02
9.10000000000000e+00	3.45564806455841e+02
9.11000000000000e+00	3.50942856122227e+02
9.12000000000000e+00	3.55984815645434e+02
9.13000000000000e+00	3.60668534633765e+02
9.14000000000000e+00	3.64988784715209e+02
9.15000000000000e+00	3.68936497341050e+02
9.16000000000000e+00	3.72507552610981e+02
9.17000000000000e+00	3.75712792768744e+02
9.18000000000000e+00	3.78558507244973e+02
9.19000000000000e+00	3.81060368334987e+02
9.20000000000000e+00	3.83232585467689e+02
9.21000000000000e+00	3.85097483897125e+02
9.22000000000000e+00	3.86673188238821e+02
9.23000000000000e+00	3.87983174823084e+02
9.24000000000000e+00	3.89040189667255e+02
9.25000000000000e+00	3.89864955679100e+02
9.26000000000000e+00	3.90474821856369e+02
9.27000000000000e+00	3.90895690743706e+02
9.28000000000000e+00	3.91158253963152e+02
9.29000000000000e+00	3.91305609311783e+02
9.30000000000000e+00	3.91383952003123e+02
9.31000000000000e+00	3.91456867885639e+02
9.32000000000000e+00	3.91587684164740e+02
9.33000000000000e+00	3.91842325456375e+02
9.34000000000000e+00	3.92279672147838e+02
9.35000000000000e+00	3.92952033629034e+02
9.36000000000000e+00	3.93897902289089e+02
9.37000000000000e+00	3.95140607749046e+02
9.38000000000000e+00	3.96684958066660e+02
9.39000000000000e+00	3.98526392630288e+02
9.40000000000000e+00	4.00638689013766e+02
9.41000000000000e+00	4.02992386492748e+02
9.42000000000000e+00	4.05546546157424e+02
9.43000000000000e+00	4.08260208378697e+02
9.44000000000000e+00	4.11091133523527e+02
9.45000000000000e+00	4.13993419283770e+02
9.46000000000000e+00	4.16939268262481e+02
9.47000000000000e+00	4.19892667683105e+02
9.48000000000000e+00	4.22839054211716e+02
9.49000000000000e+00	4.25762766903261e+02
9.50000000000000e+00	4.28662292740793e+02
9.51000000000000e+00	4.31529346784939e+02
9.52000000000000e+00	4.34354114761916e+02
9.53000000000000e+00	4.37126751906939e+02
9.54000000000000e+00	4.39811552845214e+02
9.55000000000000e+00	4.42379129745603e+02
9.56000000000000e+00	4.44811377348467e+02
9.57000000000000e+00	4.47106161443722e+02
9.58000000000000e+00	4.49299617874379e+02
9.59000000000000e+00	4.51445039486811e+02
9.60000000000000e+00	4.53603029456619e+02
9.61000000000000e+00	4.55826898688504e+02
9.62000000000000e+00	4.58132850697816e+02
9.63000000000000e+00	4.60519515999208e+02
9.64000000000000e+00	4.62958490394317e+02
9.65000000000000e+00	4.65414326038956e+02
9.66000000000000e+00	4.67855975372642e+02
9.67000000000000e+00	4.70263651660205e+02
9.68000000000000e+00	4.72629289626807e+02
9.69000000000000e+00	4.74948021738221e+02
9.70000000000000e+00	4.77214713526949e+02
9.71000000000000e+00	4.79438118302042e+02
9.72000000000000e+00	4.81608828320019e+02
9.73000000000000e+00	4.83729575196261e+02
9.74000000000000e+00	4.85802944966933e+02
9.75000000000000e+00	4.87822906054021e+02
9.76000000000000e+00	4.89790745393657e+02
9.77000000000000e+00	4.91701297721041e+02
9.78000000000000e+00	4.93554138011411e+02
9.79000000000000e+00	4.95351112775659e+02
9.80000000000000e+00	4.97090021616545e+02
9.81000000000000e+00	4.98773970467625e+02
9.82000000000000e+00	5.00410585697185e+02
9.83000000000000e+00	5.01998734489991e+02
9.84000000000000e+00	5.03540020086616e+02
9.85000000000000e+00	5.05035000042810e+02
9.86000000000000e+00	5.06482974713855e+02
9.87000000000000e+00	5.07899706289729e+02
9.88000000000000e+00	5.09330612556682e+02
9.89000000000000e+00	5.10911663272211e+02
9.90000000000000e+00	5.12978954510823e+02
9.91000000000000e+00	5.16287368207681e+02
9.92000000000000e+00	5.22327172446582e+02
9.93000000000000e+00	5.33750214475573e+02
9.94000000000000e+00	5.54899818190505e+02
9.95000000000000e+00	5.92687854720073e+02
9.96000000000000e+00	6.58215454726740e+02
9.97000000000000e+00	7.70532320810987e+02
9.98000000000000e+00	9.65412797917488e+02
9.99000000000000e+00	1.31731886536758e+03
1.00000000000000e+01	2.00114070041671e+03
1.00100000000000e+01	3.46361993295641e+03
1.00200000000000e+01	6.39709117803272e+03
1.00300000000000e+01	7.65101918158901e+03
1.00400000000000e+01	4.10739730433072e+03
1.00500000000000e+01	1.89532874862382e+03
1.00600000000000e+01	9.87760487292314e+02
1.00700000000000e+01	5.78882193232402e+02
1.00800000000000e+01	3.69973739300004e+02
1.00900000000000e+01	2.51962239269861e+02
1.01000000000000e+01	1.79997327403891e+02
1.01100000000000e+01	1.33447826961656e+02
1.01200000000000e+01	1.01903740610408e+02
1.01300000000000e+01	7.97141818939716e+01
1.01400000000000e+01	6.36168676861822e+01
1.01500000000000e+01	5.16353010167384e+01
1.01600000000000e+01	4.25208770830260e+01
1.01700000000000e+01	3.54561116649866e+01
1.01800000000000e+01	2.98904206711461e+01
1.01900000000000e+01	2.54424825032358e+01
1.02000000000000e+01	2.18432565123776e+01
1.02100000000000e+01	1.88973109832121e+01
1.02200000000000e+01	1.64620953420302e+01
1.02300000000000e+01	1.44304293248640e+01
1.02400000000000e+01	1.27215546331750e+01
1.02500000000000e+01	1.12734259785364e+01
1.02600000000000e+01	1.00378488559935e+01
1.02700000000000e+01	8.97695098814593e+00
1.02800000000000e+01	8.06088757240840e+00
1.02900000000000e+01	7.26572235742536e+00
1.03000000000000e+01	6.57202417499080e+00
1.03100000000000e+01	5.96407064465144e+00
1.03200000000000e+01	5.42906362621370e+00
1.03300000000000e+01	4.95633993105367e+00
1.03400000000000e+01	4.53704990982726e+00
1.03500000000000e+01	4.16388461895100e+00
1.03600000000000e+01	3.83058106704976e+00
1.03700000000000e+01	3.53198940883756e+00
1.03800000000000e+01	3.26361587555893e+00
1.03900000000000e+01	3.02176463697051e+00
1.04000000000000e+01	2.80318377361962e+00
1.04100000000000e+01	2.60508732818859e+00
1.04200000000000e+01	2.42515268982534e+00
1.04300000000000e+01	2.26130501219984e+00
1.04400000000000e+01	2.11178535292675e+00
1.04500000000000e+01	1.97504972170350e+00
1.04600000000000e+01	1.84977127783448e+00
1.04700000000000e+01	1.73475814038670e+00
1.04800000000000e+01	1.62898107718113e+00
1.04900000000000e+01	1.53156558454853e+00
1.05000000000000e+01	1.44167967153455e+00
1.05100000000000e+01	1.35863322592898e+00
1.05200000000000e+01	1.28179462866304e+00
1.05300000000000e+01	1.21058796056747e+00
1.05400000000000e+01	1.14451907268144e+00
1.05500000000000e+01	1.08314476473709e+00
1.05600000000000e+01	1.02605415916817e+00
1.05700000000000e+01	9.72874101617193e-01
1.05800000000000e+01	9.23285086762528e-01
1.05900000000000e+01	8.76978521823940e-01
1.06000000000000e+01	8.33696068746595e-01
1.06100000000000e+01	7.93185756760704e-01
1.06200000000000e+01	7.55240859357010e-01
1.06300000000000e+01	7.19645775814160e-01
1.06400000000000e+01	6.86227945117463e-01
1.06500000000000e+01	6.54816188363256e-01
1.06600000000000e+01	6.25265182067036e-01
1.06700000000000e+01	5.97436071865645e-01
1.06800000000000e+01	5.71195801536351e-01
1.06900000000000e+01	5.46441725013413e-01
1.07000000000000e+01	5.23058513592533e-01
1.07100000000000e+01	5.00953493757397e-01
1.07200000000000e+01	4.80043807728105e-01
1.07300000000000e+01	4.60248162039097e-01
1.07400000000000e+01	4.41494432232892e-01
1.07500000000000e+01	4.23710808148692e-01
1.07600000000000e+01	4.06846238114723e-01
1.07700000000000e+01	3.90838174613979e-01
1.07800000000000e+01	3.75640453836632e-01
1.07900000000000e+01	3.61200923603237e-01
1.08000000000000e+01	3.47481013358129e-01
1.08100000000000e+01	3.34433028115452e-01
1.08200000000000e+01	3.22021973072202e-01
1.08300000000000e+01	3.10212499517946e-01
1.08400000000000e+01	2.98965305891505e-01
1.08500000000000e+01	2.88248293457881e-01
1.08600000000000e+01	2.78031873217198e-01
1.08700000000000e+01	2.68288270403161e-01
1.08800000000000e+01	2.58985691099643e-01
1.08900000000000e+01	2.50100359174045e-01
1.09000000000000e+01	2.41606049222189e-01
1.09100000000000e+01	2.33482707791291e-01
1.09200000000000e+01	2.25707298163249e-01
1.09300000000000e+01	2.18258662673165e-01
1.09400000000000e+01	2.11118511717245e-01
1.09500000000000e+01	2.04269889633080e-01
1.09600000000000e+01	1.97695844782295e-01
1.09700000000000e+01	1.91384016068399e-01
1.09800000000000e+01	1.85315328051271e-01
1.09900000000000e+01	1.79480699304358e-01
1.10000000000000e+01	1.73867731538441e-01
1.10100000000000e+01	1.68466634185245e-01
1.10200000000000e+01	1.63267558161934e-01
1.10300000000000e+01	1.58262863728412e-01
1.10400000000000e+01	1.53445580068033e-01
1.10500000000000e+01	1.48808649245535e-01
1.10600000000000e+01	1.44348991485548e-01
1.10700000000000e+01	1.40057900738274e-01
1.10800000000000e+01	1.35932114102510e-01
1.10900000000000e+01	1.31966380276366e-01
1.11000000000000e+01	1.28155446077924e-01
1.11100000000000e+01	1.24494113361012e-01
1.11200000000000e+01	1.20975480680441e-01
1.11300000000000e+01	1.17594585914991e-01
1.11400000000000e+01	1.14345851518811e-01
1.11500000000000e+01	1.11222428397504e-01
1.11600000000000e+01	1.08217267151501e-01
1.11700000000000e+01	1.05325857165812e-01
1.11800000000000e+01	1.02541171513816e-01
1.11900000000000e+01	9.98569632412084e-02
1.12000000000000e+01	9.72677809747695e-02
1.12100000000000e+01	9.47694114845815e-02
1.12200000000000e+01	9.23561640974100e-02
1.12300000000000e+01	9.00237987999678e-02
1.12400000000000e+01	8.77677939341817e-02
1.12500000000000e+01	8.55857808725190e-02
1.12600000000000e+01	8.34726321096532e-02
1.12700000000000e+01	8.14262490808145e-02
1.12800000000000e+01	7.94441189546281e-02
1.12900000000000e+01	7.75228181872598e-02
1.13000000000000e+01	7.56606110442978e-02
1.13100000000000e+01	7.38542981916405e-02
1.13200000000000e+01	7.21023036757071e-02
1.13300000000000e+01	7.04026433768510e-02
1.13400000000000e+01	6.87524928479225e-02
1.13500000000000e+01	6.71509170116137e-02
1.13600000000000e+01	6.55949571002612e-02
1.13700000000000e+01	6.40832929215495e-02
1.13800000000000e+01	6.26149391553906e-02
1.13900000000000e+01	6.11867810500517e-02
1.14000000000000e+01	5.97985927471021e-02
1.14100000000000e+01	5.84484204406603e-02
1.14200000000000e+01	5.71349121749699e-02
1.14300000000000e+01	5.58569778562060e-02
1.14400000000000e+01	5.46134758972943e-02
1.14500000000000e+01	5.34039282107145e-02
1.14600000000000e+01	5.22263219850508e-02
1.14700000000000e+01	5.10798663736095e-02
1.14800000000000e+01	4.99638887932842e-02
1.14900000000000e+01	4.88768562955693e-02
1.15000000000000e+01	4.78187313278489e-02
1.15100000000000e+01	4.67874095501672e-02
1.15200000000000e+01	4.57827261729752e-02
1.15300000000000e+01	4.48036362508746e-02
1.15400000000000e+01	4.38494068690373e-02
1.15500000000000e+01	4.29197111618974e-02
1.15600000000000e+01	4.20141590310260e-02
1.15700000000000e+01	4.11321448202436e-02
1.15800000000000e+01	4.02738260804006e-02
1.15900000000000e+01	3.94385020742651e-02
1.16000000000000e+01	3.86262519976276e-02
1.16100000000000e+01	3.78368371091259e-02
1.16200000000000e+01	3.70696775867769e-02
1.16300000000000e+01	3.63249089262144e-02
1.16400000000000e+01	3.56013544555500e-02
1.16500000000000e+01	3.48986694107375e-02
1.16600000000000e+01	3.42159243246707e-02
1.16700000000000e+01	3.35522683726686e-02
1.16800000000000e+01	3.29066293521044e-02
1.16900000000000e+01	3.22776207820382e-02
1.17000000000000e+01	3.16645544273877e-02
1.17100000000000e+01	3.10662005448229e-02
1.17200000000000e+01	3.04816337751372e-02
1.17300000000000e+01	2.99094423304181e-02
1.17400000000000e+01	2.93493179618560e-02
1.17500000000000e+01	2.88004166416160e-02
1.17600000000000e+01	2.82621875942779e-02
1.17700000000000e+01	2.77341179595986e-02
1.17800000000000e+01	2.72167351998666e-02
1.17900000000000e+01	2.67091774262362e-02
1.18000000000000e+01	2.62120974329576e-02
1.18100000000000e+01	2.57255214000234e-02
1.18200000000000e+01	2.52493289476745e-02
1.18300000000000e+01	2.47840077111600e-02
1.18400000000000e+01	2.43294490302764e-02
1.18500000000000e+01	2.38858921251347e-02
1.18600000000000e+01	2.34531330971213e-02
1.18700000000000e+01	2.30311981886412e-02
1.18800000000000e+01	2.26196637376889e-02
1.18900000000000e+01	2.22184887608934e-02
1.19000000000000e+01	2.18274291760949e-02
1.19100000000000e+01	2.14461148757804e-02
1.19200000000000e+01	2.10738915905742e-02
1.19300000000000e+01	2.07107269305194e-02
1.19400000000000e+01	2.03558615378707e-02
1.19500000000000e+01	2.00090184309991e-02
1.19600000000000e+01	1.96699253169312e-02
1.19700000000000e+01	1.93380727336911e-02
1.19800000000000e+01	1.90131080734058e-02
1.19900000000000e+01	1.86945941107088e-02
1.20000000000000e+01	1.83820949798542e-02
1.20100000000000e+01	1.80755209667028e-02
1.20200000000000e+01	1.77747336150865e-02
1.20300000000000e+01	1.74794119285425e-02
1.20400000000000e+01	1.71896005429955e-02
1.20500000000000e+01	1.69049808443346e-02
1.20600000000000e+01	1.66257749780388e-02
1.20700000000000e+01	1.63518778069255e-02
1.20800000000000e+01	1.60833689543452e-02
1.20900000000000e+01	1.58203811527405e-02
1.21000000000000e+01	1.55628310097093e-02
1.21100000000000e+01	1.53111312932428e-02
1.21200000000000e+01	1.50649452170483e-02
1.21300000000000e+01	1.48244022169437e-02
1.21400000000000e+01	1.45896649337636e-02
1.21500000000000e+01	1.43604548022835e-02
1.21600000000000e+01	1.41367238782759e-02
1.21700000000000e+01	1.39182149139775e-02
1.21800000000000e+01	1.37047864155734e-02
1.21900000000000e+01	1.34963654399056e-02
1.22000000000000e+01	1.32923761464980e-02
1.22100000000000e+01	1.30929089329797e-02
1.22200000000000e+01	1.28973583998415e-02
1.22300000000000e+01	1.27056633710583e-02
1.22400000000000e+01	1.25175091929392e-02
1.22500000000000e+01	1.23326029725939e-02
1.22600000000000e+01	1.21507782919137e-02
1.22700000000000e+01	1.19718485778169e-02
1.22800000000000e+01	1.17953905138184e-02
1.22900000000000e+01	1.16215307991372e-02
1.23000000000000e+01	1.14497965657008e-02
1.23100000000000e+01	1.12802506487633e-02
1.23200000000000e+01	1.11126172511711e-02
1.23300000000000e+01	1.09467375219817e-02
1.23400000000000e+01	1.07827073432602e-02
1.23500000000000e+01	1.06204645241091e-02
1.23600000000000e+01	1.04598090748132e-02
1.23700000000000e+01	1.03010036359160e-02
1.23800000000000e+01	1.01437844306561e-02
1.23900000000000e+01	9.98864127291427e-03
1.24000000000000e+01	9.83523119165925e-03
1.24100000000000e+01	9.68402490057831e-03
1.24200000000000e+01	9.53494306246165e-03
1.24300000000000e+01	9.38805744657623e-03
1.24400000000000e+01	9.24357766574000e-03
1.24500000000000e+01	9.10143799789149e-03
1.24600000000000e+01	8.96175332849650e-03
1.24700000000000e+01	8.82446923951187e-03
1.24800000000000e+01	8.68961427446784e-03
1.24900000000000e+01	8.55711936639943e-03
1.25000000000000e+01	8.42708106000466e-03
1.25100000000000e+01	8.29943384028963e-03
1.25200000000000e+01	8.17413119898952e-03
1.25300000000000e+01	8.05107460279222e-03
1.25400000000000e+01	7.93052105096531e-03
1.25500000000000e+01	7.81210712272718e-03
1.25600000000000e+01	7.69614737329270e-03
1.25700000000000e+01	7.58235219720707e-03
1.25800000000000e+01	7.47095223512091e-03
1.25900000000000e+01	7.36171276749086e-03
1.26000000000000e+01	7.25473494169690e-03
1.26100000000000e+01	7.14979101487635e-03
1.26200000000000e+01	7.04704289552198e-03
1.26300000000000e+01	6.94621228246496e-03
1.26400000000000e+01	6.84734224955709e-03
1.26500000000000e+01	6.75029873997776e-03
1.26600000000000e+01	6.65513940194076e-03
1.26700000000000e+01	6.56170296275496e-03
1.26800000000000e+01	6.46997712780149e-03
1.26900000000000e+01	6.37996958571031e-03
1.27000000000000e+01	6.29161294599569e-03
1.27100000000000e+01	6.20496928055476e-03
1.27200000000000e+01	6.11996846454079e-03
1.27300000000000e+01	6.03660593678951e-03
1.27400000000000e+01	5.95491619045051e-03
1.27500000000000e+01	5.87489174153275e-03
1.27600000000000e+01	5.79649826274514e-03
1.27700000000000e+01	5.71972576321314e-03
1.27800000000000e+01	5.64454066754645e-03
1.27900000000000e+01	5.57088631853519e-03
1.28000000000000e+01	5.49872270068900e-03
1.28100000000000e+01	5.42800063628619e-03
1.28200000000000e+01	5.35869349581535e-03
1.28300000000000e+01	5.29069957807034e-03
1.28400000000000e+01	5.22404427161873e-03
1.28500000000000e+01	5.15861359596401e-03
1.28600000000000e+01	5.09440656284291e-03
1.28700000000000e+01	5.03140456684299e-03
1.28800000000000e+01	4.96950062651620e-03
1.28900000000000e+01	4.90874768047073e-03
1.29000000000000e+01	4.84907800871353e-03
1.29100000000000e+01	4.79043486101957e-03
1.29200000000000e+01	4.73286516612634e-03
1.29300000000000e+01	4.67631325308907e-03
1.29400000000000e+01	4.62067284913010e-03
1.29500000000000e+01	4.56607530043813e-03
1.29600000000000e+01	4.51227754187968e-03
1.29700000000000e+01	4.45945003989750e-03
1.29800000000000e+01	4.40745219522337e-03
1.29900000000000e+01	4.35632380349278e-03
1.30000000000000e+01	4.30599501547334e-03
1.30100000000000e+01	4.25649694321245e-03
1.30200000000000e+01	4.20778101879755e-03
1.30300000000000e+01	4.15992365844802e-03
1.30400000000000e+01	4.11277835438907e-03
1.30500000000000e+01	4.06645215070024e-03
1.30600000000000e+01	4.02082818911146e-03
1.30700000000000e+01	3.97588096843549e-03
1.30800000000000e+01	3.93158800652384e-03
1.30900000000000e+01	3.88790396311540e-03
1.31000000000000e+01	3.84476847905085e-03
1.31100000000000e+01	3.80217960384309e-03
1.31200000000000e+01	3.76001824509487e-03
1.31300000000000e+01	3.71831811771415e-03
1.31400000000000e+01	3.67698193325693e-03
1.31500000000000e+01	3.63601875997614e-03
1.31600000000000e+01	3.59545652786370e-03
1.31700000000000e+01	3.55527137916196e-03
1.31800000000000e+01	3.51544042927273e-03
1.31900000000000e+01	3.47606194297669e-03
1.32000000000000e+01	3.43707162560843e-03
1.32100000000000e+01	3.39850052410934e-03
1.32200000000000e+01	3.36042796660826e-03
1.32300000000000e+01	3.32276803802143e-03
1.32400000000000e+01	3.28561943425197e-03
1.32500000000000e+01	3.24886273549342e-03
1.32600000000000e+01	3.21253724547168e-03
1.32700000000000e+01	3.17664595483452e-03
1.32800000000000e+01	3.14112151496544e-03
1.32900000000000e+01	3.10598886312983e-03
1.33000000000000e+01	3.07121998668771e-03
1.33100000000000e+01	3.03681003699979e-03
1.33200000000000e+01	3.00279149554117e-03
1.33300000000000e+01	2.96908809643576e-03
1.33400000000000e+01	2.93582893987830e-03
1.33500000000000e+01	2.90296782854029e-03
1.33600000000000e+01	2.87052225990131e-03
1.33700000000000e+01	2.83849421473182e-03
1.33800000000000e+01	2.80693204840630e-03
1.33900000000000e+01	2.77584731584155e-03
1.34000000000000e+01	2.74522874508690e-03
1.34100000000000e+01	2.71506836721105e-03
1.34200000000000e+01	2.68540437712223e-03
1.34300000000000e+01	2.65617217243087e-03
1.34400000000000e+01	2.62740812003425e-03
1.34500000000000e+01	2.59907850714141e-03
1.34600000000000e+01	2.57116796467896e-03
1.34700000000000e+01	2.54364443242208e-03
1.34800000000000e+01	2.51654450096856e-03
1.34900000000000e+01	2.48978488053588e-03
1.35000000000000e+01	2.46340913120167e-03
1.35100000000000e+01	2.43735235295501e-03
1.35200000000000e+01	2.41161863990887e-03
1.35300000000000e+01	2.38617474487302e-03
1.35400000000000e+01	2.36103609315541e-03
1.35500000000000e+01	2.33612760402572e-03
1.35600000000000e+01	2.31149416209250e-03
1.35700000000000e+01	2.28708216213320e-03
1.35800000000000e+01	2.26289891281362e-03
1.35900000000000e+01	2.23889198569801e-03
1.36000000000000e+01	2.21508971072543e-03
1.36100000000000e+01	2.19144938697005e-03
1.36200000000000e+01	2.16799493015652e-03
1.36300000000000e+01	2.14470383263609e-03
1.36400000000000e+01	2.12158746806181e-03
1.36500000000000e+01	2.09866582699683e-03
1.36600000000000e+01	2.07590621588832e-03
1.36700000000000e+01	2.05334916180661e-03
1.36800000000000e+01	2.03100385465103e-03
1.36900000000000e+01	2.00889071532918e-03
1.37000000000000e+01	1.98699362742713e-03
1.37100000000000e+01	1.96537108215790e-03
1.37200000000000e+01	1.94400486119835e-03
1.37300000000000e+01	1.92297019562384e-03
1.37400000000000e+01	1.90222613960239e-03
1.37500000000000e+01	1.88184067005621e-03
1.37600000000000e+01	1.86178808079181e-03
1.37700000000000e+01	1.84209199587098e-03
1.37800000000000e+01	1.82274806588109e-03
1.37900000000000e+01	1.80375697723813e-03
1.38000000000000e+01	1.78513096833067e-03
1.38100000000000e+01	1.76683339013865e-03
1.38200000000000e+01	1.74887168463299e-03
1.38300000000000e+01	1.73118694208567e-03
1.38400000000000e+01	1.71381679245044e-03
1.38500000000000e+01	1.69672064966420e-03
1.38600000000000e+01	1.67985912257953e-03
1.38700000000000e+01	1.66323858196868e-03
1.38800000000000e+01	1.64685802287162e-03
1.38900000000000e+01	1.63067546620773e-03
1.39000000000000e+01	1.61468856751966e-03
1.39100000000000e+01	1.59889679532338e-03
1.39200000000000e+01	1.58326412656043e-03
1.39300000000000e+01	1.56780360963683e-03
1.39400000000000e+01	1.55250079613408e-03
1.39500000000000e+01	1.53736535630600e-03
1.39600000000000e+01	1.52236599735366e-03
1.39700000000000e+01	1.50750559407247e-03
1.39800000000000e+01	1.49278425023187e-03
1.39900000000000e+01	1.47819837196109e-03
1.40000000000000e+01	1.46376515978237e-03
1.40100000000000e+01	1.44944288774524e-03
1.40200000000000e+01	1.43527135503097e-03
1.40300000000000e+01	1.42123945458732e-03
1.40400000000000e+01	1.40736443302811e-03
1.40500000000000e+01	1.39364139723419e-03
1.40600000000000e+01	1.38008290165496e-03
1.40700000000000e+01	1.36667934128743e-03
1.40800000000000e+01	1.35346217353857e-03
1.40900000000000e+01	1.34040518079414e-03
1.41000000000000e+01	1.32751625529610e-03
1.41100000000000e+01	1.31480502592099e-03
1.41200000000000e+01	1.30225147951055e-03
1.41300000000000e+01	1.28986596073953e-03
1.41400000000000e+01	1.27764071242917e-03
1.41500000000000e+01	1.26552175121390e-03
1.41600000000000e+01	1.25355510291874e-03
1.41700000000000e+01	1.24168667158914e-03
1.41800000000000e+01	1.22991701421202e-03
1.41900000000000e+01	1.21824439380151e-03
1.42000000000000e+01	1.20664435801294e-03
1.42100000000000e+01	1.19513013950316e-03
1.42200000000000e+01	1.18370680753627e-03
1.42300000000000e+01	1.17236041909008e-03
1.42400000000000e+01	1.16109823672962e-03
1.42500000000000e+01	1.14994213471724e-03
1.42600000000000e+01	1.13887167465215e-03
1.42700000000000e+01	1.12791309436055e-03
1.42800000000000e+01	1.11709828159762e-03
1.42900000000000e+01	1.10638176780674e-03
1.43000000000000e+01	1.09580681208857e-03
1.43100000000000e+01	1.08537166336763e-03
1.43200000000000e+01	1.07504864886380e-03
1.43300000000000e+01	1.06487149581139e-03
1.43400000000000e+01	1.05481378523061e-03
1.43500000000000e+01	1.04488572743951e-03
1.43600000000000e+01	1.03508224626477e-03
1.43700000000000e+01	1.02538015952122e-03
1.43800000000000e+01	1.01581099787107e-03
1.43900000000000e+01	1.00636159602274e-03
1.44000000000000e+01	9.97032381477963e-04
1.44100000000000e+01	9.87799996596003e-04
1.44200000000000e+01	9.78694656130549e-04
1.44300000000000e+01	9.69693467778116e-04
1.44400000000000e+01	9.60827199609457e-04
1.44500000000000e+01	9.52061811882863e-04
1.44600000000000e+01	9.43425036791429e-04
1.44700000000000e+01	9.34897174366773e-04
1.44800000000000e+01	9.26481259706061e-04
1.44900000000000e+01	9.18180095049968e-04
1.45000000000000e+01	9.09980001291931e-04
1.45100000000000e+01	9.01896840283589e-04
1.45200000000000e+01	8.93917950953574e-04
1.45300000000000e+01	8.86033531418922e-04
1.45400000000000e+01	8.78252071531515e-04
1.45500000000000e+01	8.70559094058213e-04
1.45600000000000e+01	8.62954938275586e-04
1.45700000000000e+01	8.55447020621222e-04
1.45800000000000e+01	8.48005564782832e-04
1.45900000000000e+01	8.40667229106820e-04
1.46000000000000e+01	8.33393132685567e-04
1.46100000000000e+01	8.26189961924395e-04
1.46200000000000e+01	8.19070215826681e-04
1.46300000000000e+01	8.12010949834992e-04
1.46400000000000e+01	8.05024459119638e-04
1.46500000000000e+01	7.98109841798485e-04
1.46600000000000e+01	7.91255432959510e-04
1.46700000000000e+01	7.84472748765398e-04
1.46800000000000e+01	7.77768125821968e-04
1.46900000000000e+01	7.71133322951334e-04
1.47000000000000e+01	7.64575632644272e-04
1.47100000000000e+01	7.58086702906695e-04
1.47200000000000e+01	7.51671981700840e-04
1.47300000000000e+01	7.45331817161717e-04
1.47400000000000e+01	7.39072414062912e-04
1.47500000000000e+01	7.32884884581981e-04
1.47600000000000e+01	7.26767180466364e-04
1.47700000000000e+01	7.20724712813377e-04
1.47800000000000e+01	7.14739526757456e-04
1.47900000000000e+01	7.08827421101642e-04
1.48000000000000e+01	7.02969997053875e-04
1.48100000000000e+01	6.97164729171869e-04
1.48200000000000e+01	6.91422579607643e-04
1.48300000000000e+01	6.85722489713226e-04
1.48400000000000e+01	6.80066227945247e-04
1.48500000000000e+01	6.74454694972670e-04
1.48600000000000e+01	6.68885546483661e-04
1.48700000000000e+01	6.63352752534259e-04
1.48800000000000e+01	6.57862012489182e-04
1.48900000000000e+01	6.52400439135128e-04
1.49000000000000e+01	6.46990829309663e-04
1.49100000000000e+01	6.41609754321273e-04
1.49200000000000e+01	6.36267270793830e-04
1.49300000000000e+01	6.30968594859985e-04
1.49400000000000e+01	6.25708165441514e-04
1.49500000000000e+01	6.20492200335838e-04
1.49600000000000e+01	6.15322595376679e-04
1.49700000000000e+01	6.10204314247567e-04
1.49800000000000e+01	6.05131327854403e-04
1.49900000000000e+01	6.00116439490647e-04
1.50000000000000e+01	5.95145924490885e-04
1.50100000000000e+01	5.90233963170457e-04
1.50200000000000e+01	5.85368751318042e-04
1.50300000000000e+01	5.80560580557372e-04
1.50400000000000e+01	5.75812138929438e-04
1.50500000000000e+01	5.71109740478335e-04
1.50600000000000e+01	5.66459106669284e-04
1.50700000000000e+01	5.61858155926778e-04
1.50800000000000e+01	5.57304406134251e-04
1.50900000000000e+01	5.52794513016463e-04
1.51000000000000e+01	5.48328991044538e-04
1.51100000000000e+01	5.43897943006861e-04
1.51200000000000e+01	5.39512181727334e-04
1.51300000000000e+01	5.35156551078972e-04
1.51400000000000e+01	5.30840101992478e-04
1.51500000000000e+01	5.26549314848108e-04
1.51600000000000e+01	5.22288747049113e-04
1.51700000000000e+01	5.18060070578261e-04
1.51800000000000e+01	5.13864210301554e-04
1.51900000000000e+01	5.09698810076200e-04
1.52000000000000e+01	5.05570433075387e-04
1.52100000000000e+01	5.01473768794310e-04
1.52200000000000e+01	4.97414630716299e-04
1.52300000000000e+01	4.93385553144104e-04
1.52400000000000e+01	4.89390645580385e-04
1.52500000000000e+01	4.85434201419171e-04
1.52600000000000e+01	4.81504641414772e-04
1.52700000000000e+01	4.77600622175558e-04
1.52800000000000e+01	4.73724713784082e-04
1.52900000000000e+01	4.69860125298813e-04
1.53000000000000e+01	4.66004860286028e-04
1.53100000000000e+01	4.62151934109793e-04
1.53200000000000e+01	4.58296895654718e-04
1.53300000000000e+01	4.54438569835852e-04
1.53400000000000e+01	4.50556126289049e-04
1.53500000000000e+01	4.46656525274366e-04
1.53600000000000e+01	4.42736875334949e-04
1.53700000000000e+01	4.38782944074151e-04
1.53800000000000e+01	4.34802559875951e-04
1.53900000000000e+01	4.30795588133821e-04
1.54000000000000e+01	4.26760222394706e-04
1.54100000000000e+01	4.22709998338888e-04
1.54200000000000e+01	4.18644155492232e-04
1.54300000000000e+01	4.14569406944477e-04
1.54400000000000e+01	4.10502208049157e-04
1.54500000000000e+01	4.06444266350192e-04
1.54600000000000e+01	4.02411755010170e-04
1.54700000000000e+01	3.98424383393070e-04
1.54800000000000e+01	3.94486491191936e-04
1.54900000000000e+01	3.90615700662740e-04
1.55000000000000e+01	3.86824518415749e-04
1.55100000000000e+01	3.83127025182956e-04
1.55200000000000e+01	3.79529814246665e-04
1.55300000000000e+01	3.76047592371426e-04
1.55400000000000e+01	3.72670880340004e-04
1.55500000000000e+01	3.69414054239388e-04
1.55600000000000e+01	3.66269766397048e-04
1.55700000000000e+01	3.63232896922017e-04
1.55800000000000e+01	3.60306883279147e-04
1.55900000000000e+01	3.57472922862769e-04
1.56000000000000e+01	3.54717185169955e-04
1.56100000000000e+01	3.52044312430246e-04
1.56200000000000e+01	3.49428778153748e-04
1.56300000000000e+01	3.46871941724638e-04
1.56400000000000e+01	3.44355029615199e-04
1.56500000000000e+01	3.41867376923633e-04
1.56600000000000e+01	3.39402990192174e-04
1.56700000000000e+01	3.36954213704342e-04
1.56800000000000e+01	3.34512041792314e-04
1.56900000000000e+01	3.32076531434772e-04
1.57000000000000e+01	3.29636271071101e-04
1.57100000000000e+01	3.27191575399855e-04
1.57200000000000e+01	3.24740618017364e-04
1.57300000000000e+01	3.22280836959365e-04
1.57400000000000e+01	3.19812960169197e-04
1.57500000000000e+01	3.17339696067646e-04
1.57600000000000e+01	3.14858757029960e-04
1.57700000000000e+01	3.12375613072730e-04
1.57800000000000e+01	3.09892357673975e-04
1.57900000000000e+01	3.07422664997184e-04
1.58000000000000e+01	3.04959865779487e-04
1.58100000000000e+01	3.02513236383117e-04
1.58200000000000e+01	3.00090656922894e-04
1.58300000000000e+01	2.97697347821570e-04
1.58400000000000e+01	2.95337283811609e-04
1.58500000000000e+01	2.93016158312412e-04
1.58600000000000e+01	2.90738892675934e-04
1.58700000000000e+01	2.88505993288594e-04
1.58800000000000e+01	2.86317253822528e-04
1.58900000000000e+01	2.84178729527771e-04
1.59000000000000e+01	2.82087623198776e-04
1.59100000000000e+01	2.80042410423240e-04
1.59200000000000e+01	2.78037783593628e-04
1.59300000000000e+01	2.76074931251113e-04
1.59400000000000e+01	2.74149573198689e-04
1.59500000000000e+01	2.72252685690129e-04
1.59600000000000e+01	2.70382631699726e-04
1.59700000000000e+01	2.68539708393411e-04
1.59800000000000e+01	2.66718631280845e-04
1.59900000000000e+01	2.64909022882024e-04
1.60000000000000e+01	2.63118415451760e-04
1.60100000000000e+01	2.61338430767592e-04
1.60200000000000e+01	2.59570696216213e-04
1.60300000000000e+01	2.57811146811459e-04
1.60400000000000e+01	2.56063418170874e-04
1.60500000000000e+01	2.54324221477292e-04
1.60600000000000e+01	2.52594726231043e-04
1.60700000000000e+01	2.50873681230889e-04
1.60800000000000e+01	2.49158595521149e-04
1.60900000000000e+01	2.47453681937770e-04
1.61000000000000e+01	2.45761366968913e-04
1.61100000000000e+01	2.44075243214729e-04
1.61200000000000e+01	2.42402591684380e-04
1.61300000000000e+01	2.40736353328016e-04
1.61400000000000e+01	2.39084080333101e-04
1.61500000000000e+01	2.37444797951287e-04
1.61600000000000e+01	2.35810300293050e-04
1.61700000000000e+01	2.34194819895413e-04
1.61800000000000e+01	2.32587560441158e-04
1.61900000000000e+01	2.31000341042793e-04
1.62000000000000e+01	2.29423880046714e-04
1.62100000000000e+01	2.27870643306812e-04
1.62200000000000e+01	2.26331127671100e-04
1.62300000000000e+01	2.24811484547711e-04
1.62400000000000e+01	2.23314216609624e-04
1.62500000000000e+01	2.21838971065510e-04
1.62600000000000e+01	2.20381914580941e-04
1.62700000000000e+01	2.18947987424328e-04
1.62800000000000e+01	2.17534436796814e-04
1.62900000000000e+01	2.16140093254584e-04
1.63000000000000e+01	2.14766719530272e-04
1.63100000000000e+01	2.13404619399070e-04
1.63200000000000e+01	2.12060085571042e-04
1.63300000000000e+01	2.10724838278949e-04
1.63400000000000e+01	2.09396351354700e-04
1.63500000000000e+01	2.08074389445996e-04
1.63600000000000e+01	2.06754876416376e-04
1.63700000000000e+01	2.05432272753457e-04
1.63800000000000e+01	2.04109379605023e-04
1.63900000000000e+01	2.02772389593681e-04
1.64000000000000e+01	2.01429729443422e-04
1.64100000000000e+01	2.00076237609482e-04
1.64200000000000e+01	1.98708001909187e-04
1.64300000000000e+01	1.97327838706115e-04
1.64400000000000e+01	1.95937144281834e-04
1.64500000000000e+01	1.94529200354787e-04
1.64600000000000e+01	1.93113166061047e-04
1.64700000000000e+01	1.91692950332483e-04
1.64800000000000e+01	1.90262181736165e-04
1.64900000000000e+01	1.88834873357454e-04
1.65000000000000e+01	1.87414699128641e-04
1.65100000000000e+01	1.85994807647492e-04
1.65200000000000e+01	1.84587962970768e-04
1.65300000000000e+01	1.83197177164043e-04
1.65400000000000e+01	1.81820383065888e-04
1.65500000000000e+01	1.80464442398109e-04
1.65600000000000e+01	1.79129552752773e-04
1.65700000000000e+01	1.77816538733828e-04
1.65800000000000e+01	1.76525844135433e-04
1.65900000000000e+01	1.75259376038141e-04
1.66000000000000e+01	1.74020876570998e-04
1.66100000000000e+01	1.72800287646463e-04
1.66200000000000e+01	1.71608356641813e-04
1.66300000000000e+01	1.70435498003823e-04
1.66400000000000e+01	1.69287864622256e-04
1.66500000000000e+01	1.68160148045703e-04
1.66600000000000e+01	1.67054413044967e-04
1.66700000000000e+01	1.65969406051734e-04
1.66800000000000e+01	1.64905300980639e-04
1.66900000000000e+01	1.63858401310283e-04
1.67000000000000e+01	1.62826829821582e-04
1.67100000000000e+01	1.61811621746171e-04
1.67200000000000e+01	1.60814772207989e-04
1.67300000000000e+01	1.59826997136741e-04
1.67400000000000e+01	1.58851876952156e-04
1.67500000000000e+01	1.57887464199563e-04
1.67600000000000e+01	1.56932632655737e-04
1.67700000000000e+01	1.55983017391069e-04
1.67800000000000e+01	1.55038649333520e-04
1.67900000000000e+01	1.54101424073821e-04
1.68000000000000e+01	1.53162861814290e-04
1.68100000000000e+01	1.52226690919227e-04
1.68200000000000e+01	1.51295781637726e-04
1.68300000000000e+01	1.50363772562926e-04
1.68400000000000e+01	1.49430769221480e-04
1.68500000000000e+01	1.48499313051271e-04
1.68600000000000e+01	1.47567616185480e-04
1.68700000000000e+01	1.46637477541537e-04
1.68800000000000e+01	1.45711503385918e-04
1.68900000000000e+01	1.44784049965952e-04
1.69000000000000e+01	1.43863242000545e-04
1.69100000000000e+01	1.42942764864287e-04
1.69200000000000e+01	1.42026810532725e-04
1.69300000000000e+01	1.41112039434095e-04
1.69400000000000e+01	1.40204146797608e-04
1.69500000000000e+01	1.39298925934193e-04
1.69600000000000e+01	1.38397464867427e-04
1.69700000000000e+01	1.37500866968654e-04
1.69800000000000e+01	1.36610342306769e-04
1.69900000000000e+01	1.35727302639638e-04
1.70000000000000e+01	1.34850161157461e-04
1.70100000000000e+01	1.33983293754703e-04
1.70200000000000e+01	1.33126935301087e-04
1.70300000000000e+01	1.32282256371168e-04
1.70400000000000e+01	1.31449551233688e-04
1.70500000000000e+01	1.30630652977827e-04
1.70600000000000e+01	1.29827031048595e-04
1.70700000000000e+01	1.29036965913498e-04
1.70800000000000e+01	1.28262553390289e-04
1.70900000000000e+01	1.27500922983708e-04
1.71000000000000e+01	1.26754714903135e-04
1.71100000000000e+01	1.26021888809811e-04
1.71200000000000e+01	1.25297925695552e-04
1.71300000000000e+01	1.24586363271014e-04
1.71400000000000e+01	1.23885360718817e-04
1.71500000000000e+01	1.23192670280162e-04
1.71600000000000e+01	1.22506039928349e-04
1.71700000000000e+01	1.21829227207500e-04
1.71800000000000e+01	1.21156257343764e-04
1.71900000000000e+01	1.20491537385942e-04
1.72000000000000e+01	1.19832137291239e-04
1.72100000000000e+01	1.19179003737621e-04
1.72200000000000e+01	1.18531772150069e-04
1.72300000000000e+01	1.17886419499016e-04
1.72400000000000e+01	1.17250471212472e-04
1.72500000000000e+01	1.16616496312851e-04
1.72600000000000e+01	1.15988285291355e-04
1.72700000000000e+01	1.15365486948730e-04
1.72800000000000e+01	1.14746286512558e-04
1.72900000000000e+01	1.14130973533458e-04
1.73000000000000e+01	1.13519194695594e-04
1.73100000000000e+01	1.12912503725198e-04
1.73200000000000e+01	1.12309610482712e-04
1.73300000000000e+01	1.11708184185412e-04
1.73400000000000e+01	1.11110099420940e-04
1.73500000000000e+01	1.10514109176492e-04
1.73600000000000e+01	1.09921325330130e-04
1.73700000000000e+01	1.09331607637049e-04
1.73800000000000e+01	1.08742212246534e-04
1.73900000000000e+01	1.08156077668476e-04
1.74000000000000e+01	1.07573649856531e-04
1.74100000000000e+01	1.06992543855904e-04
1.74200000000000e+01	1.06413217295173e-04
1.74300000000000e+01	1.05835828766631e-04
1.74400000000000e+01	1.05262151759502e-04
1.74500000000000e+01	1.04688332921710e-04
1.74600000000000e+01	1.04119670527461e-04
1.74700000000000e+01	1.03552729743383e-04
1.74800000000000e+01	1.02987484554326e-04
1.74900000000000e+01	1.02423626006809e-04
1.75000000000000e+01	1.01863137601059e-04
1.75100000000000e+01	1.01304395670529e-04
1.75200000000000e+01	1.00745390118305e-04
1.75300000000000e+01	1.00187715256273e-04
1.75400000000000e+01	9.96298417394738e-05
1.75500000000000e+01	9.90738162757014e-05
1.75600000000000e+01	9.85173245509038e-05
1.75700000000000e+01	9.79597683245076e-05
1.75800000000000e+01	9.74019920298733e-05
1.75900000000000e+01	9.68460888415420e-05
1.76000000000000e+01	9.62875853349281e-05
1.76100000000000e+01	9.57328556243228e-05
1.76200000000000e+01	9.51771477264113e-05
1.76300000000000e+01	9.46241153183596e-05
1.76400000000000e+01	9.40731079309856e-05
1.76500000000000e+01	9.35248069794360e-05
1.76600000000000e+01	9.29807950222854e-05
1.76700000000000e+01	9.24392637777282e-05
1.76800000000000e+01	9.19030764781671e-05
1.76900000000000e+01	9.13714558393640e-05
1.77000000000000e+01	9.08433570517422e-05
1.77100000000000e+01	9.03218352737156e-05
1.77200000000000e+01	8.98026820545167e-05
1.77300000000000e+01	8.92884263586437e-05
1.77400000000000e+01	8.87793400407109e-05
1.77500000000000e+01	8.82731251504887e-05
1.77600000000000e+01	8.77717739891148e-05
1.77700000000000e+01	8.72709731269980e-05
1.77800000000000e+01	8.67756943077213e-05
1.77900000000000e+01	8.62824450779822e-05
1.78000000000000e+01	8.57903261464351e-05
1.78100000000000e+01	8.53012507921988e-05
1.78200000000000e+01	8.48139694216359e-05
1.78300000000000e+01	8.43266329001696e-05
1.78400000000000e+01	8.38420269128802e-05
1.78500000000000e+01	8.33591841022520e-05
1.78600000000000e+01	8.28780038464343e-05
1.78700000000000e+01	8.23971542515512e-05
1.78800000000000e+01	8.19175207944547e-05
1.78900000000000e+01	8.14395957037851e-05
1.79000000000000e+01	8.09635016245152e-05
1.79100000000000e+01	8.04876597075929e-05
1.79200000000000e+01	8.00131667024219e-05
1.79300000000000e+01	7.95404015413407e-05
1.79400000000000e+01	7.90664226947325e-05
1.79500000000000e+01	7.85940472898056e-05
1.79600000000000e+01	7.81194904253954e-05
1.79700000000000e+01	7.76467793674979e-05
1.79800000000000e+01	7.71718732345519e-05
1.79900000000000e+01	7.66990498990582e-05
1.80000000000000e+01	7.62249108076002e-05
1.80100000000000e+01	7.57547057447133e-05
1.80200000000000e+01	7.52845612023195e-05
1.80300000000000e+01	7.48189183567281e-05
1.80400000000000e+01	7.43587977198838e-05
1.80500000000000e+01	7.39045859790443e-05
1.80600000000000e+01	7.34560454050551e-05
1.80700000000000e+01	7.30173163328212e-05
1.80800000000000e+01	7.25875451912460e-05
1.80900000000000e+01	7.21669615067440e-05
1.81000000000000e+01	7.17550071948596e-05
1.81100000000000e+01	7.13529755972148e-05
1.81200000000000e+01	7.09603087075870e-05
1.81300000000000e+01	7.05764725421453e-05
1.81400000000000e+01	7.01987245316389e-05
1.81500000000000e+01	6.98283684785580e-05
1.81600000000000e+01	6.94634086149783e-05
1.81700000000000e+01	6.91030980701616e-05
1.81800000000000e+01	6.87454470909800e-05
1.81900000000000e+01	6.83919171723693e-05
1.82000000000000e+01	6.80410078113987e-05
1.82100000000000e+01	6.76893909069047e-05
1.82200000000000e+01	6.73403655461436e-05
1.82300000000000e+01	6.69916841977415e-05
1.82400000000000e+01	6.66432109600229e-05
1.82500000000000e+01	6.62929788762220e-05
1.82600000000000e+01	6.59430472307090e-05
1.82700000000000e+01	6.55926008904805e-05
1.82800000000000e+01	6.52404242179950e-05
1.82900000000000e+01	6.48876613672406e-05
1.83000000000000e+01	6.45350572621681e-05
1.83100000000000e+01	6.41806932705404e-05
1.83200000000000e+01	6.38274200055644e-05
1.83300000000000e+01	6.34745204807595e-05
1.83400000000000e+01	6.31213103192345e-05
1.83500000000000e+01	6.27701425623487e-05
1.83600000000000e+01	6.24204840752290e-05
1.83700000000000e+01	6.20740328955204e-05
1.83800000000000e+01	6.17297363117355e-05
1.83900000000000e+01	6.13899031678740e-05
1.84000000000000e+01	6.10542890572578e-05
1.84100000000000e+01	6.07236856382167e-05
1.84200000000000e+01	6.03985557275214e-05
1.84300000000000e+01	6.00804668904130e-05
1.84400000000000e+01	5.97685799233562e-05
1.84500000000000e+01	5.94634676410632e-05
1.84600000000000e+01	5.91648329991309e-05
1.84700000000000e+01	5.88736864712149e-05
1.84800000000000e+01	5.85888877637973e-05
1.84900000000000e+01	5.83090408191932e-05
1.85000000000000e+01	5.80362871791621e-05
1.85100000000000e+01	5.77674302347613e-05
1.85200000000000e+01	5.75033573356083e-05
1.85300000000000e+01	5.72427836631756e-05
1.85400000000000e+01	5.69848199684267e-05
1.85500000000000e+01	5.67287914302454e-05
1.85600000000000e+01	5.64739583451226e-05
1.85700000000000e+01	5.62208731055723e-05
1.85800000000000e+01	5.59681156358898e-05
1.85900000000000e+01	5.57150983827029e-05
1.86000000000000e+01	5.54625065399141e-05
1.86100000000000e+01	5.52085320465812e-05
1.86200000000000e+01	5.49546692495157e-05
1.86300000000000e+01	5.47000099777348e-05
1.86400000000000e+01	5.44446287390529e-05
1.86500000000000e+01	5.41894618962788e-05
1.86600000000000e+01	5.39331702795406e-05
1.86700000000000e+01	5.36773662616834e-05
1.86800000000000e+01	5.34214743813177e-05
1.86900000000000e+01	5.31663761575798e-05
1.87000000000000e+01	5.29109751044550e-05
1.87100000000000e+01	5.26568108926280e-05
1.87200000000000e+01	5.24031062040450e-05
1.87300000000000e+01	5.21501089144747e-05
1.87400000000000e+01	5.18977177106441e-05
1.87500000000000e+01	5.16468439656497e-05
1.87600000000000e+01	5.13965365874225e-05
1.87700000000000e+01	5.11468673663471e-05
1.87800000000000e+01	5.08977354457782e-05
1.87900000000000e+01	5.06489600569174e-05
1.88000000000000e+01	5.04013612294908e-05
1.88100000000000e+01	5.01540157678192e-05
1.88200000000000e+01	4.99066700865840e-05
1.88300000000000e+01	4.96593263977420e-05
1.88400000000000e+01	4.94124696415005e-05
1.88500000000000e+01	4.91646508674998e-05
1.88600000000000e+01	4.89170924424803e-05
1.88700000000000e+01	4.86687606634307e-05
1.88800000000000e+01	4.84204867910896e-05
1.88900000000000e+01	4.81706279020472e-05
1.89000000000000e+01	4.79204214488244e-05
1.89100000000000e+01	4.76690452515582e-05
1.89200000000000e+01	4.74166479445354e-05
1.89300000000000e+01	4.71631424752689e-05
1.89400000000000e+01	4.69093857733271e-05
1.89500000000000e+01	4.66541302074737e-05
1.89600000000000e+01	4.63990076406028e-05
1.89700000000000e+01	4.61434574682381e-05
1.89800000000000e+01	4.58886167230002e-05
1.89900000000000e+01	4.56336053628031e-05
1.90000000000000e+01	4.53798815305391e-05
1.90100000000000e+01	4.51272125909243e-05
1.90200000000000e+01	4.48757927792364e-05
1.90300000000000e+01	4.46256418525391e-05
1.90400000000000e+01	4.43775219951850e-05
1.90500000000000e+01	4.41297940281957e-05
1.90600000000000e+01	4.38835175528341e-05
1.90700000000000e+01	4.36375431271009e-05
1.90800000000000e+01	4.33922406913691e-05
1.90900000000000e+01	4.31455989214562e-05
1.91000000000000e+01	4.28986634707386e-05
1.91100000000000e+01	4.26507041831185e-05
1.91200000000000e+01	4.24016823426474e-05
1.91300000000000e+01	4.21521634023133e-05
1.91400000000000e+01	4.19034126769105e-05
1.91500000000000e+01	4.16557409186280e-05
1.91600000000000e+01	4.14099170412540e-05
1.91700000000000e+01	4.11683809565022e-05
1.91800000000000e+01	4.09323500311427e-05
1.91900000000000e+01	4.07020609036587e-05
1.92000000000000e+01	4.04795985722370e-05
1.92100000000000e+01	4.02648320230255e-05
1.92200000000000e+01	4.00583573613217e-05
1.92300000000000e+01	3.98599156873449e-05
1.92400000000000e+01	3.96692680761589e-05
1.92500000000000e+01	3.94861171293210e-05
1.92600000000000e+01	3.93092050092613e-05
1.92700000000000e+01	3.91373884078329e-05
1.92800000000000e+01	3.89697213856348e-05
1.92900000000000e+01	3.88051024892735e-05
1.93000000000000e+01	3.86432862504394e-05
1.93100000000000e+01	3.84828566643255e-05
1.93200000000000e+01	3.83232360640977e-05
1.93300000000000e+01	3.81639970095020e-05
1.93400000000000e+01	3.80047226135713e-05
1.93500000000000e+01	3.78458552174059e-05
1.93600000000000e+01	3.76859335439483e-05
1.93700000000000e+01	3.75260512158782e-05
1.93800000000000e+01	3.73657332232209e-05
1.93900000000000e+01	3.72054646709141e-05
1.94000000000000e+01	3.70439833952714e-05
1.94100000000000e+01	3.68826825318285e-05
1.94200000000000e+01	3.67208076683869e-05
1.94300000000000e+01	3.65584532154142e-05
1.94400000000000e+01	3.63955743870569e-05
1.94500000000000e+01	3.62322611950352e-05
1.94600000000000e+01	3.60689722393179e-05
1.94700000000000e+01	3.59047854161214e-05
1.94800000000000e+01	3.57406573385294e-05
1.94900000000000e+01	3.55760388679226e-05
1.95000000000000e+01	3.54116379821093e-05
1.95100000000000e+01	3.52462240295393e-05
1.95200000000000e+01	3.50810611611738e-05
1.95300000000000e+01	3.49154183797612e-05
1.95400000000000e+01	3.47493184318225e-05
1.95500000000000e+01	3.45828499328837e-05
1.95600000000000e+01	3.44161663397153e-05
1.95700000000000e+01	3.42495812564208e-05
1.95800000000000e+01	3.40830153369606e-05
1.95900000000000e+01	3.39161726567988e-05
1.96000000000000e+01	3.37493247850500e-05
1.96100000000000e+01	3.35826744123634e-05
1.96200000000000e+01	3.34162285349116e-05
1.96300000000000e+01	3.32507708759882e-05
1.96400000000000e+01	3.30856382949768e-05
1.96500000000000e+01	3.29211334696272e-05
1.96600000000000e+01	3.27571827636411e-05
1.96700000000000e+01	3.25938960494936e-05
1.96800000000000e+01	3.24318369085839e-05
1.96900000000000e+01	3.22704057979590e-05
1.97000000000000e+01	3.21088492868221e-05
1.97100000000000e+01	3.19478964710188e-05
1.97200000000000e+01	3.17873754749796e-05
1.97300000000000e+01	3.16263155073388e-05
1.97400000000000e+01	3.14636665301403e-05
1.97500000000000e+01	3.12987513680988e-05
1.97600000000000e+01	3.11278993859222e-05
1.97700000000000e+01	3.09486117385130e-05
1.97800000000000e+01	3.07550314949215e-05
1.97900000000000e+01	3.05387824090195e-05
1.98000000000000e+01	3.02873702147019e-05
1.98100000000000e+01	2.99853257173859e-05
1.98200000000000e+01	2.96099844949064e-05
1.98300000000000e+01	2.91328271395317e-05
1.98400000000000e+01	2.85185857772100e-05
1.98500000000000e+01	2.77267840240055e-05
1.98600000000000e+01	2.67104133938456e-05
1.98700000000000e+01	2.54212346306898e-05
1.98800000000000e+01	2.38112472410401e-05
1.98900000000000e+01	2.18391295107025e-05
1.99000000000000e+01	1.94773942143009e-05
1.99100000000000e+01	1.67206849095080e-05
1.99200000000000e+01	1.35998782259927e-05
1.99300000000000e+01	1.02017561254453e-05
1.99400000000000e+01	6.70039194990355e-06
1.99500000000000e+01	3.40984404994072e-06
1.99600000000000e+01	8.75013997076401e-07
1.99700000000000e+01	3.60347184253567e-08
1.99800000000000e+01	2.53662895651199e-06
1.99900000000000e+01	1.13310745864123e-05
2.00000000000000e+01	3.19479128994076e-05
