1.00000000000000e-02	4.65788351783389e+15
2.00000000000000e-02	2.91146630142075e+14
3.00000000000000e-02	5.75213099478681e+13
4.00000000000000e-02	1.82045307593554e+13
5.00000000000000e-02	7.45892953450131e+12
6.00000000000000e-02	3.59854886296766e+12
7.00000000000000e-02	1.94330062442183e+12
8.00000000000000e-02	1.13973234842804e+12
9.00000000000000e-02	7.11969022822448e+11
1.00000000000000e-01	4.67437771952784e+11
1.10000000000000e-01	3.19509577472648e+11
1.20000000000000e-01	2.25778880938560e+11
1.30000000000000e-01	1.64068872405588e+11
1.40000000000000e-01	1.22098648627571e+11
1.50000000000000e-01	9.27490212402068e+10
1.60000000000000e-01	7.17271231259810e+10
1.70000000000000e-01	5.63483171372902e+10
1.80000000000000e-01	4.48885477615947e+10
1.90000000000000e-01	3.62067231190664e+10
2.00000000000000e-01	2.95323734728901e+10
2.10000000000000e-01	2.43323272894372e+10
2.20000000000000e-01	2.02327020841272e+10
2.30000000000000e-01	1.69644252328065e+10
2.40000000000000e-01	1.43334465033993e+10
2.50000000000000e-01	1.21956530573870e+10
2.60000000000000e-01	1.04443235968926e+10
2.70000000000000e-01	8.99835569549357e+09
2.80000000000000e-01	7.79578139246512e+09
2.90000000000000e-01	6.78900856782436e+09
3.00000000000000e-01	5.94097094494356e+09
3.10000000000000e-01	5.22242619626491e+09
3.20000000000000e-01	4.61025209026210e+09
3.30000000000000e-01	4.08619308828169e+09
3.40000000000000e-01	3.63526784150651e+09
3.50000000000000e-01	3.24559218502923e+09
3.60000000000000e-01	2.90739978484030e+09
3.70000000000000e-01	2.61273468334028e+09
3.80000000000000e-01	2.35497294265180e+09
3.90000000000000e-01	2.12870011420590e+09
4.00000000000000e-01	1.92943429156993e+09
4.10000000000000e-01	1.75330261143685e+09
4.20000000000000e-01	1.59721140804436e+09
4.30000000000000e-01	1.45842875593276e+09
4.40000000000000e-01	1.33471102539233e+09
4.50000000000000e-01	1.22411356532316e+09
4.60000000000000e-01	1.12499979274694e+09
4.70000000000000e-01	1.03596688341758e+09
4.80000000000000e-01	9.55801016136443e+08
4.90000000000000e-01	8.83451429434751e+08
5.00000000000000e-01	8.17994550657039e+08
5.10000000000000e-01	7.58681093699562e+08
5.20000000000000e-01	7.04828591842653e+08
5.30000000000000e-01	6.55812131816082e+08
5.40000000000000e-01	6.11137518221168e+08
5.50000000000000e-01	5.70355249791253e+08
5.60000000000000e-01	5.33033064376992e+08
5.70000000000000e-01	4.98841431887195e+08
5.80000000000000e-01	4.67476149439337e+08
5.90000000000000e-01	4.38636717550298e+08
6.00000000000000e-01	4.12097802044587e+08
6.10000000000000e-01	3.87632528647258e+08
6.20000000000000e-01	3.65047043733280e+08
6.30000000000000e-01	3.44176126598608e+08
6.40000000000000e-01	3.24864424935278e+08
6.50000000000000e-01	3.06965084509674e+08
6.60000000000000e-01	2.90363688223644e+08
6.70000000000000e-01	2.74930167045018e+08
6.80000000000000e-01	2.60589978121300e+08
6.90000000000000e-01	2.47237467261666e+08
7.00000000000000e-01	2.34798966676226e+08
7.10000000000000e-01	2.23188302805891e+08
7.20000000000000e-01	2.12345089540788e+08
7.30000000000000e-01	2.02216301603523e+08
7.40000000000000e-01	1.92734694201227e+08
7.50000000000000e-01	1.83858231221684e+08
7.60000000000000e-01	1.75534626808301e+08
7.70000000000000e-01	1.67728006275991e+08
7.80000000000000e-01	1.60397136633408e+08
7.90000000000000e-01	1.53511312815327e+08
8.00000000000000e-01	1.47033294633410e+08
8.10000000000000e-01	1.40936965815510e+08
8.20000000000000e-01	1.35197455098370e+08
8.30000000000000e-01	1.29785641582203e+08
8.40000000000000e-01	1.24686431045613e+08
8.50000000000000e-01	1.19869396860257e+08
8.60000000000000e-01	1.15322639337345e+08
8.70000000000000e-01	1.11025501207566e+08
8.80000000000000e-01	1.06962791682273e+08
8.90000000000000e-01	1.03120300966110e+08
9.00000000000000e-01	9.94831534268654e+07
9.10000000000000e-01	9.60374595206287e+07
9.20000000000000e-01	9.27742162029877e+07
9.30000000000000e-01	8.96823662923494e+07
9.40000000000000e-01	8.67501196830039e+07
9.50000000000000e-01	8.39677115767961e+07
9.60000000000000e-01	8.13273035062213e+07
9.70000000000000e-01	7.88213842920162e+07
9.80000000000000e-01	7.64418842633712e+07
9.90000000000000e-01	7.41820861918896e+07
1.00000000000000e+00	7.20370544165377e+07
1.01000000000000e+00	6.99982149042674e+07
1.02000000000000e+00	6.80604824751763e+07
1.03000000000000e+00	6.62213127041537e+07
1.04000000000000e+00	6.44740197906070e+07
1.05000000000000e+00	6.28141033972093e+07
1.06000000000000e+00	6.12367917132419e+07
1.07000000000000e+00	5.97400950325613e+07
1.08000000000000e+00	5.83168844157013e+07
1.09000000000000e+00	5.69644713446600e+07
1.10000000000000e+00	5.56800150866098e+07
1.11000000000000e+00	5.44573402238344e+07
1.12000000000000e+00	5.32918972419830e+07
1.13000000000000e+00	5.21808486421682e+07
1.14000000000000e+00	5.11193043171276e+07
1.15000000000000e+00	5.01024411016029e+07
1.16000000000000e+00	4.91257490285214e+07
1.17000000000000e+00	4.81864045472132e+07
1.18000000000000e+00	4.72791874393175e+07
1.19000000000000e+00	4.64021079139823e+07
1.20000000000000e+00	4.55536250013891e+07
1.21000000000000e+00	4.47316820153204e+07
1.22000000000000e+00	4.39356632334806e+07
1.23000000000000e+00	4.31685394261754e+07
1.24000000000000e+00	4.24313085839348e+07
1.25000000000000e+00	4.17288848247559e+07
1.26000000000000e+00	4.10659409208631e+07
1.27000000000000e+00	4.04517227435794e+07
1.28000000000000e+00	3.98923699801253e+07
1.29000000000000e+00	3.94012686160553e+07
1.30000000000000e+00	3.89876080334119e+07
1.31000000000000e+00	3.86661143036291e+07
1.32000000000000e+00	3.84482794977401e+07
1.33000000000000e+00	3.83470968849478e+07
1.34000000000000e+00	3.83733475409762e+07
1.35000000000000e+00	3.85377530069819e+07
1.36000000000000e+00	3.88469140019888e+07
1.37000000000000e+00	3.93052628863010e+07
1.38000000000000e+00	3.99132238759354e+07
1.39000000000000e+00	4.06678559419019e+07
1.40000000000000e+00	4.15644309152944e+07
1.41000000000000e+00	4.25923693973345e+07
1.42000000000000e+00	4.37408414064506e+07
1.43000000000000e+00	4.49970903121047e+07
1.44000000000000e+00	4.63472276601942e+07
1.45000000000000e+00	4.77769426539365e+07
1.46000000000000e+00	4.92728959280912e+07
1.47000000000000e+00	5.08191922424540e+07
1.48000000000000e+00	5.24032013979174e+07
1.49000000000000e+00	5.40091148079002e+07
1.50000000000000e+00	5.56205387282421e+07
1.51000000000000e+00	5.72179238210218e+07
1.52000000000000e+00	5.87775884764724e+07
1.53000000000000e+00	6.02724544830374e+07
1.54000000000000e+00	6.16667352768500e+07
1.55000000000000e+00	6.29193154854319e+07
1.56000000000000e+00	6.39870002491260e+07
1.57000000000000e+00	6.48195943707527e+07
1.58000000000000e+00	6.53643977486843e+07
1.59000000000000e+00	6.55703227529920e+07
1.60000000000000e+00	6.53878225447971e+07
1.61000000000000e+00	6.47766147169899e+07
1.62000000000000e+00	6.37023962074326e+07
1.63000000000000e+00	6.21466745236795e+07
1.64000000000000e+00	6.01074252818078e+07
1.65000000000000e+00	5.76085312705413e+07
1.66000000000000e+00	5.46968773613275e+07
1.67000000000000e+00	5.14492840979976e+07
1.68000000000000e+00	4.79609362029586e+07
1.69000000000000e+00	4.43424506603288e+07
1.70000000000000e+00	4.07050008843711e+07
1.71000000000000e+00	3.71568150996134e+07
1.72000000000000e+00	3.37945428339184e+07
1.73000000000000e+00	3.07031883951036e+07
1.74000000000000e+00	2.79514321350668e+07
1.75000000000000e+00	2.55832098736768e+07
1.76000000000000e+00	2.36174294766303e+07
1.77000000000000e+00	2.20450105860572e+07
1.78000000000000e+00	2.08347068807667e+07
1.79000000000000e+00	1.99356533633838e+07
1.80000000000000e+00	1.92831657826968e+07
1.81000000000000e+00	1.88063902031816e+07
1.82000000000000e+00	1.84365931297377e+07
1.83000000000000e+00	1.81165449850484e+07
1.84000000000000e+00	1.78067512159657e+07
1.85000000000000e+00	1.74890625694353e+07
1.86000000000000e+00	1.71589579030273e+07
1.87000000000000e+00	1.68234513304322e+07
1.88000000000000e+00	1.64933384247196e+07
1.89000000000000e+00	1.61817229339381e+07
1.90000000000000e+00	1.59021390909061e+07
1.91000000000000e+00	1.56661683526559e+07
1.92000000000000e+00	1.54844357088487e+07
1.93000000000000e+00	1.53633719505039e+07
1.94000000000000e+00	1.53056509381783e+07
1.95000000000000e+00	1.53100153324398e+07
1.96000000000000e+00	1.53711454930503e+07
1.97000000000000e+00	1.54804915671707e+07
1.98000000000000e+00	1.56270410671318e+07
1.99000000000000e+00	1.57984035397050e+07
2.00000000000000e+00	1.59810575556326e+07
2.01000000000000e+00	1.61612605804049e+07
2.02000000000000e+00	1.63260624790642e+07
2.03000000000000e+00	1.64631977719647e+07
2.04000000000000e+00	1.65610827700726e+07
2.05000000000000e+00	1.66099157422453e+07
2.06000000000000e+00	1.66003622371501e+07
2.07000000000000e+00	1.65229773457832e+07
2.08000000000000e+00	1.63679140144088e+07
2.09000000000000e+00	1.61235503801800e+07
2.10000000000000e+00	1.57774493481263e+07
2.11000000000000e+00	1.53184432467365e+07
2.12000000000000e+00	1.47396238729939e+07
2.13000000000000e+00	1.40431424595331e+07
2.14000000000000e+00	1.32428102690547e+07
2.15000000000000e+00	1.23628514579986e+07
2.16000000000000e+00	1.14348367470356e+07
2.17000000000000e+00	1.04898445295063e+07
2.18000000000000e+00	9.55451046383877e+06
2.19000000000000e+00	8.64686851727085e+06
2.20000000000000e+00	7.77781032530538e+06
2.21000000000000e+00	6.95282094548280e+06
2.22000000000000e+00	6.17534655640844e+06
2.23000000000000e+00	5.44994697779192e+06
2.24000000000000e+00	4.78271239017636e+06
2.25000000000000e+00	4.18128690121519e+06
2.26000000000000e+00	3.65233725319423e+06
2.27000000000000e+00	3.19945851473567e+06
2.28000000000000e+00	2.82219450531196e+06
2.29000000000000e+00	2.51621063879332e+06
2.30000000000000e+00	2.27428127269815e+06
2.31000000000000e+00	2.08760310329103e+06
2.32000000000000e+00	1.94682389677022e+06
2.33000000000000e+00	1.84270857356846e+06
2.34000000000000e+00	1.76636921342647e+06
2.35000000000000e+00	1.70969973933073e+06
2.36000000000000e+00	1.66525417568928e+06
2.37000000000000e+00	1.62648406567932e+06
2.38000000000000e+00	1.58779850340096e+06
2.39000000000000e+00	1.54459012941494e+06
2.40000000000000e+00	1.49339071241980e+06
2.41000000000000e+00	1.43212658567373e+06
2.42000000000000e+00	1.36042456232920e+06
2.43000000000000e+00	1.27964265206983e+06
2.44000000000000e+00	1.19271964937683e+06
2.45000000000000e+00	1.10393399643062e+06
2.46000000000000e+00	1.01821060423575e+06
2.47000000000000e+00	9.40932378910722e+05
2.48000000000000e+00	8.77330027847926e+05
2.49000000000000e+00	8.32247385770932e+05
2.50000000000000e+00	8.09676310102106e+05
2.51000000000000e+00	8.12418055740967e+05
2.52000000000000e+00	8.41770512616385e+05
2.53000000000000e+00	8.97214633033209e+05
2.54000000000000e+00	9.76374855384560e+05
2.55000000000000e+00	1.07509526339353e+06
2.56000000000000e+00	1.18775076739567e+06
2.57000000000000e+00	1.30768272600690e+06
2.58000000000000e+00	1.42765710749532e+06
2.59000000000000e+00	1.54035194998760e+06
2.60000000000000e+00	1.63854761826890e+06
2.61000000000000e+00	1.71556328096084e+06
2.62000000000000e+00	1.76550847740619e+06
2.63000000000000e+00	1.78399024455150e+06
2.64000000000000e+00	1.76940152708769e+06
2.65000000000000e+00	1.72386119696818e+06
2.66000000000000e+00	1.65350310463888e+06
2.67000000000000e+00	1.56703079283707e+06
2.68000000000000e+00	1.47352566311478e+06
2.69000000000000e+00	1.38034647824148e+06
2.70000000000000e+00	1.29212995314821e+06
2.71000000000000e+00	1.21093131970511e+06
2.72000000000000e+00	1.13683622124325e+06
2.73000000000000e+00	1.06896718965768e+06
2.74000000000000e+00	1.00609017008605e+06
2.75000000000000e+00	9.47152179990415e+05
2.76000000000000e+00	8.91435865529934e+05
2.77000000000000e+00	8.38637217361464e+05
2.78000000000000e+00	7.88632756231688e+05
2.79000000000000e+00	7.41406599822801e+05
2.80000000000000e+00	6.96892519965360e+05
2.81000000000000e+00	6.54963264735289e+05
2.82000000000000e+00	6.15476060583510e+05
2.83000000000000e+00	5.78263285628819e+05
2.84000000000000e+00	5.43239322787055e+05
2.85000000000000e+00	5.10377458752575e+05
2.86000000000000e+00	4.79729404618339e+05
2.87000000000000e+00	4.51426315607142e+05
2.88000000000000e+00	4.25599325916072e+05
2.89000000000000e+00	4.02359650909695e+05
2.90000000000000e+00	3.81758197753642e+05
2.91000000000000e+00	3.63744943625984e+05
2.92000000000000e+00	3.48160056145146e+05
2.93000000000000e+00	3.34775390256420e+05
2.94000000000000e+00	3.23299659602312e+05
2.95000000000000e+00	3.13441974116928e+05
2.96000000000000e+00	3.04974532511494e+05
2.97000000000000e+00	2.97737283222110e+05
2.98000000000000e+00	2.91688441186167e+05
2.99000000000000e+00	2.86855236467660e+05
3.00000000000000e+00	2.83327243748134e+05
3.01000000000000e+00	2.81184661102781e+05
3.02000000000000e+00	2.80463584569659e+05
3.03000000000000e+00	2.81141236405468e+05
3.04000000000000e+00	2.83123263632559e+05
3.05000000000000e+00	2.86245010507843e+05
3.06000000000000e+00	2.90291447452725e+05
3.07000000000000e+00	2.95027003544323e+05
3.08000000000000e+00	3.00204865175708e+05
3.09000000000000e+00	3.05573930551179e+05
3.10000000000000e+00	3.10920201716995e+05
3.11000000000000e+00	3.16046775153692e+05
3.12000000000000e+00	3.20787332689332e+05
3.13000000000000e+00	3.24987418479929e+05
3.14000000000000e+00	3.28500434935519e+05
3.15000000000000e+00	3.31161449084380e+05
3.16000000000000e+00	3.32833206406008e+05
3.17000000000000e+00	3.33391035266090e+05
3.18000000000000e+00	3.32774621418549e+05
3.19000000000000e+00	3.31016739939733e+05
3.20000000000000e+00	3.28213560179779e+05
3.21000000000000e+00	3.24511632497710e+05
3.22000000000000e+00	3.20036498258176e+05
3.23000000000000e+00	3.14856354275453e+05
3.24000000000000e+00	3.08965237674084e+05
3.25000000000000e+00	3.02271437214584e+05
3.26000000000000e+00	2.94670947810942e+05
3.27000000000000e+00	2.86066801544569e+05
3.28000000000000e+00	2.76428204956216e+05
3.29000000000000e+00	2.65807673750720e+05
3.30000000000000e+00	2.54361439947470e+05
3.31000000000000e+00	2.42318818544758e+05
3.32000000000000e+00	2.29983251354399e+05
3.33000000000000e+00	2.17671650937327e+05
3.34000000000000e+00	2.05687412667490e+05
3.35000000000000e+00	1.94278305857898e+05
3.36000000000000e+00	1.83613071367349e+05
3.37000000000000e+00	1.73790054064997e+05
3.38000000000000e+00	1.64832520767186e+05
3.39000000000000e+00	1.56719599442522e+05
3.40000000000000e+00	1.49398567981378e+05
3.41000000000000e+00	1.42799466267748e+05
3.42000000000000e+00	1.36848488672980e+05
3.43000000000000e+00	1.31477158305210e+05
3.44000000000000e+00	1.26621400445168e+05
3.45000000000000e+00	1.22225353828329e+05
3.46000000000000e+00	1.18246154403911e+05
3.47000000000000e+00	1.14652452949973e+05
3.48000000000000e+00	1.11424207213147e+05
3.49000000000000e+00	1.08555607913593e+05
3.50000000000000e+00	1.06048168815852e+05
3.51000000000000e+00	1.03912077193192e+05
3.52000000000000e+00	1.02164552654684e+05
3.53000000000000e+00	1.00820384246849e+05
3.54000000000000e+00	9.98935921903443e+04
3.55000000000000e+00	9.93896510720379e+04
3.56000000000000e+00	9.93021636343965e+04
3.57000000000000e+00	9.96193914062479e+04
3.58000000000000e+00	1.00321767956813e+05
3.59000000000000e+00	1.01385903837137e+05
3.60000000000000e+00	1.02794986339848e+05
3.61000000000000e+00	1.04529983313340e+05
3.62000000000000e+00	1.06575535592878e+05
3.63000000000000e+00	1.08915426334072e+05
3.64000000000000e+00	1.11522069670695e+05
3.65000000000000e+00	1.14355585833946e+05
3.66000000000000e+00	1.17358710864481e+05
3.67000000000000e+00	1.20454052486062e+05
3.68000000000000e+00	1.23541966971233e+05
3.69000000000000e+00	1.26505606951561e+05
3.70000000000000e+00	1.29212805884314e+05
3.71000000000000e+00	1.31526034244354e+05
3.72000000000000e+00	1.33312457333840e+05
3.73000000000000e+00	1.34458839242571e+05
3.74000000000000e+00	1.34886799068340e+05
3.75000000000000e+00	1.34569278519750e+05
3.76000000000000e+00	1.33529292443859e+05
3.77000000000000e+00	1.31838258406850e+05
3.78000000000000e+00	1.29606161968570e+05
3.79000000000000e+00	1.26959947241263e+05
3.80000000000000e+00	1.24026655094847e+05
3.81000000000000e+00	1.20925812434305e+05
3.82000000000000e+00	1.17756872205990e+05
3.83000000000000e+00	1.14595558090970e+05
3.84000000000000e+00	1.11494013909050e+05
3.85000000000000e+00	1.08486004147036e+05
3.86000000000000e+00	1.05589528900115e+05
3.87000000000000e+00	1.02810014548493e+05
3.88000000000000e+00	1.00148367025048e+05
3.89000000000000e+00	9.76026701643039e+04
3.90000000000000e+00	9.51763696050705e+04
3.91000000000000e+00	9.28725683108474e+04
3.92000000000000e+00	9.07029341056627e+04
3.93000000000000e+00	8.86807027573643e+04
3.94000000000000e+00	8.68251895315366e+04
3.95000000000000e+00	8.51571424910977e+04
3.96000000000000e+00	8.37061403708636e+04
3.97000000000000e+00	8.25054508293837e+04
3.98000000000000e+00	8.15982119062031e+04
3.99000000000000e+00	8.10360181273725e+04
4.00000000000000e+00	8.08767153194932e+04
4.01000000000000e+00	8.11823734053417e+04
4.02000000000000e+00	8.20121920253791e+04
4.03000000000000e+00	8.34182645855015e+04
4.04000000000000e+00	8.54414488224363e+04
4.05000000000000e+00	8.81102639564804e+04
4.06000000000000e+00	9.14422980073820e+04
4.07000000000000e+00	9.54404160576969e+04
4.08000000000000e+00	1.00096421339083e+05
4.09000000000000e+00	1.05395516017852e+05
4.10000000000000e+00	1.11306664237451e+05
4.11000000000000e+00	1.17790441347623e+05
4.12000000000000e+00	1.24794548006699e+05
4.13000000000000e+00	1.32253620462167e+05
4.14000000000000e+00	1.40096934997790e+05
4.15000000000000e+00	1.48253592754118e+05
4.16000000000000e+00	1.56658893288107e+05
4.17000000000000e+00	1.65263072655485e+05
4.18000000000000e+00	1.74041529093206e+05
4.19000000000000e+00	1.82991708895601e+05
4.20000000000000e+00	1.92123091111227e+05
4.21000000000000e+00	2.01469290041103e+05
4.22000000000000e+00	2.11078601664978e+05
4.23000000000000e+00	2.20997198821437e+05
4.24000000000000e+00	2.31286166201674e+05
4.25000000000000e+00	2.42024130068084e+05
4.26000000000000e+00	2.53337994115202e+05
4.27000000000000e+00	2.65427634132574e+05
4.28000000000000e+00	2.78604742172592e+05
4.29000000000000e+00	2.93313794014322e+05
4.30000000000000e+00	3.10153317089320e+05
4.31000000000000e+00	3.29863562483022e+05
4.32000000000000e+00	3.53311034027182e+05
4.33000000000000e+00	3.81427049727149e+05
4.34000000000000e+00	4.15156790405842e+05
4.35000000000000e+00	4.55376603676424e+05
4.36000000000000e+00	5.02805315869674e+05
4.37000000000000e+00	5.57917581194006e+05
4.38000000000000e+00	6.20886042188757e+05
4.39000000000000e+00	6.91482880584104e+05
4.40000000000000e+00	7.69037091819450e+05
4.41000000000000e+00	8.52305857293384e+05
4.42000000000000e+00	9.39364867520472e+05
4.43000000000000e+00	1.02745475801145e+06
4.44000000000000e+00	1.11287035504165e+06
4.45000000000000e+00	1.19100259792335e+06
4.46000000000000e+00	1.25657182700045e+06
4.47000000000000e+00	1.30419867741432e+06
4.48000000000000e+00	1.32919233408783e+06
4.49000000000000e+00	1.32836925099848e+06
4.50000000000000e+00	1.30078238547271e+06
4.51000000000000e+00	1.24807699164364e+06
4.52000000000000e+00	1.17413294443180e+06
4.53000000000000e+00	1.08457354828379e+06
4.54000000000000e+00	9.85696011038036e+05
4.55000000000000e+00	8.83597644076412e+05
4.56000000000000e+00	7.83419028535019e+05
4.57000000000000e+00	6.88977627623122e+05
4.58000000000000e+00	6.02669383618408e+05
4.59000000000000e+00	5.25676619955250e+05
4.60000000000000e+00	4.58261234150423e+05
4.61000000000000e+00	4.00085888015847e+05
4.62000000000000e+00	3.50479988155462e+05
4.63000000000000e+00	3.08625586235987e+05
4.64000000000000e+00	2.73665831753859e+05
4.65000000000000e+00	2.44755636859188e+05
4.66000000000000e+00	2.21079998040573e+05
4.67000000000000e+00	2.01856479979700e+05
4.68000000000000e+00	1.86337968839148e+05
4.69000000000000e+00	1.73808795087908e+05
4.70000000000000e+00	1.63599642732343e+05
4.71000000000000e+00	1.55086949861027e+05
4.72000000000000e+00	1.47706109682073e+05
4.73000000000000e+00	1.40959198743983e+05
4.74000000000000e+00	1.34427107362571e+05
4.75000000000000e+00	1.27772645058254e+05
4.76000000000000e+00	1.20748892521745e+05
4.77000000000000e+00	1.13204265265347e+05
4.78000000000000e+00	1.05071017278377e+05
4.79000000000000e+00	9.63694716226995e+04
4.80000000000000e+00	8.71853010759979e+04
4.81000000000000e+00	7.76638281927853e+04
4.82000000000000e+00	6.79871442422546e+04
4.83000000000000e+00	5.83719401606666e+04
4.84000000000000e+00	4.90357662748423e+04
4.85000000000000e+00	4.01847198925172e+04
4.86000000000000e+00	3.20032355526777e+04
4.87000000000000e+00	2.46391510040938e+04
4.88000000000000e+00	1.81983375080779e+04
4.89000000000000e+00	1.27440957008852e+04
4.90000000000000e+00	8.30109765517776e+03
4.91000000000000e+00	4.86134396605105e+03
4.92000000000000e+00	2.39263637800226e+03
4.93000000000000e+00	8.45219461236302e+02
4.94000000000000e+00	1.57596438951473e+02
4.95000000000000e+00	2.60637039539762e+02
4.96000000000000e+00	1.07989754369727e+03
4.97000000000000e+00	2.53682745038477e+03
4.98000000000000e+00	4.54910332001030e+03
4.99000000000000e+00	7.03083967493234e+03
5.00000000000000e+00	9.89295538671707e+03
5.01000000000000e+00	1.30439821060853e+04
5.02000000000000e+00	1.63920467475219e+04
5.03000000000000e+00	1.98468899697392e+04
5.04000000000000e+00	2.33232929432943e+04
5.05000000000000e+00	2.67432523231619e+04
5.06000000000000e+00	3.00385325283936e+04
5.07000000000000e+00	3.31514733255266e+04
5.08000000000000e+00	3.60353663118528e+04
5.09000000000000e+00	3.86534387127912e+04
5.10000000000000e+00	4.09779248435539e+04
5.11000000000000e+00	4.29898314394430e+04
5.12000000000000e+00	4.46767141630466e+04
5.13000000000000e+00	4.60341544114406e+04
5.14000000000000e+00	4.70643666046141e+04
5.15000000000000e+00	4.77738003375196e+04
5.16000000000000e+00	4.81720078617522e+04
5.17000000000000e+00	4.82713449598560e+04
5.18000000000000e+00	4.80826230464160e+04
5.19000000000000e+00	4.76159368344296e+04
5.20000000000000e+00	4.68799528066926e+04
5.21000000000000e+00	4.58798268701602e+04
5.22000000000000e+00	4.46203801085133e+04
5.23000000000000e+00	4.31071779627432e+04
5.24000000000000e+00	4.13474098133927e+04
5.25000000000000e+00	3.93519293407226e+04
5.26000000000000e+00	3.71393247006361e+04
5.27000000000000e+00	3.47355741573812e+04
5.28000000000000e+00	3.21770306578534e+04
5.29000000000000e+00	2.95080043618211e+04
5.30000000000000e+00	2.67817541021735e+04
5.31000000000000e+00	2.40546813881920e+04
5.32000000000000e+00	2.13835822947376e+04
5.33000000000000e+00	1.88219929857519e+04
5.34000000000000e+00	1.64153900809214e+04
5.35000000000000e+00	1.42002005229426e+04
5.36000000000000e+00	1.22028970989534e+04
5.37000000000000e+00	1.04400440012728e+04
5.38000000000000e+00	8.91960764325695e+03
5.39000000000000e+00	7.64242522773317e+03
5.40000000000000e+00	6.60377164989967e+03
5.41000000000000e+00	5.79443764373344e+03
5.42000000000000e+00	5.20202894199668e+03
5.43000000000000e+00	4.81141994517960e+03
5.44000000000000e+00	4.60520474411250e+03
5.45000000000000e+00	4.56379653448778e+03
5.46000000000000e+00	4.66556097445760e+03
5.47000000000000e+00	4.88678224696446e+03
5.48000000000000e+00	5.20205035317858e+03
5.49000000000000e+00	5.58496977759526e+03
5.50000000000000e+00	6.00841152582027e+03
5.51000000000000e+00	6.44625257028368e+03
5.52000000000000e+00	6.87399384347853e+03
5.53000000000000e+00	7.27003007495249e+03
5.54000000000000e+00	7.61652862033303e+03
5.55000000000000e+00	7.89968071898055e+03
5.56000000000000e+00	8.11011565555862e+03
5.57000000000000e+00	8.24263061255695e+03
5.58000000000000e+00	8.29589575499988e+03
5.59000000000000e+00	8.27215004213197e+03
5.60000000000000e+00	8.17649100929019e+03
5.61000000000000e+00	8.01695586975900e+03
5.62000000000000e+00	7.80304788902069e+03
5.63000000000000e+00	7.54593009261087e+03
5.64000000000000e+00	7.25699564480200e+03
5.65000000000000e+00	6.94754163625639e+03
5.66000000000000e+00	6.62797515579000e+03
5.67000000000000e+00	6.30743001165792e+03
5.68000000000000e+00	5.99323646005130e+03
5.69000000000000e+00	5.69080024115393e+03
5.70000000000000e+00	5.40392129375333e+03
5.71000000000000e+00	5.13479257090460e+03
5.72000000000000e+00	4.88455353103342e+03
5.73000000000000e+00	4.65369556856786e+03
5.74000000000000e+00	4.44218806535386e+03
5.75000000000000e+00	4.25010309263888e+03
5.76000000000000e+00	4.07754259382389e+03
5.77000000000000e+00	3.92482275639186e+03
5.78000000000000e+00	3.79225228428477e+03
5.79000000000000e+00	3.67995217480482e+03
5.80000000000000e+00	3.58756349171498e+03
5.81000000000000e+00	3.51391252085014e+03
5.82000000000000e+00	3.45678300427937e+03
5.83000000000000e+00	3.41298443682554e+03
5.84000000000000e+00	3.37815527641401e+03
5.85000000000000e+00	3.34749924987416e+03
5.86000000000000e+00	3.31583659735749e+03
5.87000000000000e+00	3.27834227848965e+03
5.88000000000000e+00	3.23104513690849e+03
5.89000000000000e+00	3.17108801090800e+03
5.90000000000000e+00	3.09734418557054e+03
5.91000000000000e+00	3.01007196800364e+03
5.92000000000000e+00	2.91099278306862e+03
5.93000000000000e+00	2.80289936311792e+03
5.94000000000000e+00	2.68918181576231e+03
5.95000000000000e+00	2.57340085417678e+03
5.96000000000000e+00	2.45888739767506e+03
5.97000000000000e+00	2.34837966923402e+03
5.98000000000000e+00	2.24392346467325e+03
5.99000000000000e+00	2.14666542370610e+03
6.00000000000000e+00	2.05714342874649e+03
6.01000000000000e+00	1.97541861895173e+03
6.02000000000000e+00	1.90154215995845e+03
6.03000000000000e+00	1.83581931643558e+03
6.04000000000000e+00	1.77931381937914e+03
6.05000000000000e+00	1.73401355430705e+03
6.06000000000000e+00	1.70299176274591e+03
6.07000000000000e+00	1.69051033482120e+03
6.08000000000000e+00	1.70178273581549e+03
6.09000000000000e+00	1.74278301129654e+03
6.10000000000000e+00	1.81964741261300e+03
6.11000000000000e+00	1.93824395444134e+03
6.12000000000000e+00	2.10341239838566e+03
6.13000000000000e+00	2.31823663551237e+03
6.14000000000000e+00	2.58332382961734e+03
6.15000000000000e+00	2.89640828294364e+03
6.16000000000000e+00	3.25197763174399e+03
6.17000000000000e+00	3.64138983174896e+03
6.18000000000000e+00	4.05345969298863e+03
6.19000000000000e+00	4.47517421843851e+03
6.20000000000000e+00	4.89305683659925e+03
6.21000000000000e+00	5.29387049292058e+03
6.22000000000000e+00	5.66615247406394e+03
6.23000000000000e+00	6.00048924491121e+03
6.24000000000000e+00	6.29044695977845e+03
6.25000000000000e+00	6.53227238144866e+03
6.26000000000000e+00	6.72519986948135e+03
6.27000000000000e+00	6.87077184009920e+03
6.28000000000000e+00	6.97223028222716e+03
6.29000000000000e+00	7.03421880126638e+03
6.30000000000000e+00	7.06190267126598e+03
6.31000000000000e+00	7.06023813968110e+03
6.32000000000000e+00	7.03380858929192e+03
6.33000000000000e+00	6.98652842243097e+03
6.34000000000000e+00	6.92123432637209e+03
6.35000000000000e+00	6.84042999104969e+03
6.36000000000000e+00	6.74579258902612e+03
6.37000000000000e+00	6.63828838839569e+03
6.38000000000000e+00	6.51867788322595e+03
6.39000000000000e+00	6.38721861397888e+03
6.40000000000000e+00	6.24391557382496e+03
6.41000000000000e+00	6.08853106575185e+03
6.42000000000000e+00	5.92080515472124e+03
6.43000000000000e+00	5.74045344216592e+03
6.44000000000000e+00	5.54734663428541e+03
6.45000000000000e+00	5.34142258410828e+03
6.46000000000000e+00	5.12298164669849e+03
6.47000000000000e+00	4.89266833200596e+03
6.48000000000000e+00	4.65165734859907e+03
6.49000000000000e+00	4.40160929390346e+03
6.50000000000000e+00	4.14475962223655e+03
6.51000000000000e+00	3.88404486690389e+03
6.52000000000000e+00	3.62272583674374e+03
6.53000000000000e+00	3.36446413776491e+03
6.54000000000000e+00	3.11311323181338e+03
6.55000000000000e+00	2.87252989913820e+03
6.56000000000000e+00	2.64654774209925e+03
6.57000000000000e+00	2.43887820654252e+03
6.58000000000000e+00	2.25315917141932e+03
6.59000000000000e+00	2.09267812308021e+03
6.60000000000000e+00	1.96060543510521e+03
6.61000000000000e+00	1.85956779023434e+03
6.62000000000000e+00	1.79172910285764e+03
6.63000000000000e+00	1.75849454954981e+03
6.64000000000000e+00	1.76038111939241e+03
6.65000000000000e+00	1.79663337813847e+03
6.66000000000000e+00	1.86520207639254e+03
6.67000000000000e+00	1.96254167416638e+03
6.68000000000000e+00	2.08360119306583e+03
6.69000000000000e+00	2.22200669529728e+03
6.70000000000000e+00	2.37048994403839e+03
6.71000000000000e+00	2.52128253747372e+03
6.72000000000000e+00	2.66669064929985e+03
6.73000000000000e+00	2.79984951633163e+03
6.74000000000000e+00	2.91507659820926e+03
6.75000000000000e+00	3.00837464198079e+03
6.76000000000000e+00	3.07760920322347e+03
6.77000000000000e+00	3.12272463687700e+03
6.78000000000000e+00	3.14528265510786e+03
6.79000000000000e+00	3.14845020666513e+03
6.80000000000000e+00	3.13645141827417e+03
6.81000000000000e+00	3.11421081565805e+03
6.82000000000000e+00	3.08660954787622e+03
6.83000000000000e+00	3.05829685627044e+03
6.84000000000000e+00	3.03300895355605e+03
6.85000000000000e+00	3.01349323589499e+03
6.86000000000000e+00	3.00105595978598e+03
6.87000000000000e+00	2.99580193956874e+03
6.88000000000000e+00	2.99655984494396e+03
6.89000000000000e+00	3.00107977339660e+03
6.90000000000000e+00	3.00648962961146e+03
6.91000000000000e+00	3.00951067320161e+03
6.92000000000000e+00	3.00714846733733e+03
6.93000000000000e+00	2.99688667010812e+03
6.94000000000000e+00	2.97708066029738e+03
6.95000000000000e+00	2.94733638404876e+03
6.96000000000000e+00	2.90843136077012e+03
6.97000000000000e+00	2.86234733900418e+03
6.98000000000000e+00	2.81195812162100e+03
6.99000000000000e+00	2.76065932171187e+03
7.00000000000000e+00	2.71189958787003e+03
7.01000000000000e+00	2.66867830053925e+03
7.02000000000000e+00	2.63322047339682e+03
7.03000000000000e+00	2.60640980301260e+03
7.04000000000000e+00	2.58785258712412e+03
7.05000000000000e+00	2.57569536903866e+03
7.06000000000000e+00	2.56704598113714e+03
7.07000000000000e+00	2.55815422690982e+03
7.08000000000000e+00	2.54497998109985e+03
7.09000000000000e+00	2.52363647319152e+03
7.10000000000000e+00	2.49074783840485e+03
7.11000000000000e+00	2.44395705606145e+03
7.12000000000000e+00	2.38200091231277e+03
7.13000000000000e+00	2.30492078532827e+03
7.14000000000000e+00	2.21385304716709e+03
7.15000000000000e+00	2.11099710575622e+03
7.16000000000000e+00	1.99933770821217e+03
7.17000000000000e+00	1.88235667544996e+03
7.18000000000000e+00	1.76376279470257e+03
7.19000000000000e+00	1.64713163787576e+03
7.20000000000000e+00	1.53584782143240e+03
7.21000000000000e+00	1.43262195438727e+03
7.22000000000000e+00	1.33949373243659e+03
7.23000000000000e+00	1.25774178597002e+03
7.24000000000000e+00	1.18787660022600e+03
7.25000000000000e+00	1.12973660135668e+03
7.26000000000000e+00	1.08261316717110e+03
7.27000000000000e+00	1.04541918640323e+03
7.28000000000000e+00	1.01685182063440e+03
7.29000000000000e+00	9.95573600786590e+02
7.30000000000000e+00	9.80327526837411e+02
7.31000000000000e+00	9.69994720327577e+02
7.32000000000000e+00	9.63675687741919e+02
7.33000000000000e+00	9.60672832076819e+02
7.34000000000000e+00	9.60436680752267e+02
7.35000000000000e+00	9.62513121133091e+02
7.36000000000000e+00	9.66449825113176e+02
7.37000000000000e+00	9.71758157191168e+02
7.38000000000000e+00	9.77829445594076e+02
7.39000000000000e+00	9.83946499919085e+02
7.40000000000000e+00	9.89292878504016e+02
7.41000000000000e+00	9.93005275745963e+02
7.42000000000000e+00	9.94270120494044e+02
7.43000000000000e+00	9.92419088157619e+02
7.44000000000000e+00	9.87007213643448e+02
7.45000000000000e+00	9.77911112713081e+02
7.46000000000000e+00	9.65385384928472e+02
7.47000000000000e+00	9.50059852928450e+02
7.48000000000000e+00	9.32945462596226e+02
7.49000000000000e+00	9.15334639147828e+02
7.50000000000000e+00	8.98729631798610e+02
7.51000000000000e+00	8.84680373754081e+02
7.52000000000000e+00	8.74654100117886e+02
7.53000000000000e+00	8.69889828065862e+02
7.54000000000000e+00	8.71253376575345e+02
7.55000000000000e+00	8.79182993236754e+02
7.56000000000000e+00	8.93593301341460e+02
7.57000000000000e+00	9.13878613083143e+02
7.58000000000000e+00	9.38945575612360e+02
7.59000000000000e+00	9.67285890999574e+02
7.60000000000000e+00	9.97030125586485e+02
7.61000000000000e+00	1.02610157098706e+03
7.62000000000000e+00	1.05228243105313e+03
7.63000000000000e+00	1.07335597990280e+03
7.64000000000000e+00	1.08722999058488e+03
7.65000000000000e+00	1.09206011530033e+03
7.66000000000000e+00	1.08640634183219e+03
7.67000000000000e+00	1.06938368275669e+03
7.68000000000000e+00	1.04077878671984e+03
7.69000000000000e+00	1.00114431034389e+03
7.70000000000000e+00	9.51885311103358e+02
7.71000000000000e+00	8.95204927031577e+02
7.72000000000000e+00	8.34003798482529e+02
7.73000000000000e+00	7.71694609083183e+02
7.74000000000000e+00	7.11941793776491e+02
7.75000000000000e+00	6.58299447540614e+02
7.76000000000000e+00	6.13917401827406e+02
7.77000000000000e+00	5.81189834395965e+02
7.78000000000000e+00	5.61558145281017e+02
7.79000000000000e+00	5.55386535524421e+02
7.80000000000000e+00	5.61975761576513e+02
7.81000000000000e+00	5.79694296286735e+02
7.82000000000000e+00	6.06201403985353e+02
7.83000000000000e+00	6.38724094377600e+02
7.84000000000000e+00	6.74375579697204e+02
7.85000000000000e+00	7.10420566994562e+02
7.86000000000000e+00	7.44505115830154e+02
7.87000000000000e+00	7.74821379008567e+02
7.88000000000000e+00	8.00186533162012e+02
7.89000000000000e+00	8.20020139777562e+02
7.90000000000000e+00	8.34332066795353e+02
7.91000000000000e+00	8.43556837915817e+02
7.92000000000000e+00	8.48444590386590e+02
7.93000000000000e+00	8.49871889168035e+02
7.94000000000000e+00	8.48677099369402e+02
7.95000000000000e+00	8.45556618319328e+02
7.96000000000000e+00	8.40929066698834e+02
7.97000000000000e+00	8.34916553780792e+02
7.98000000000000e+00	8.27328815672525e+02
7.99000000000000e+00	8.17787917045499e+02
8.00000000000000e+00	8.05758463538288e+02
8.01000000000000e+00	7.90707666805799e+02
8.02000000000000e+00	7.72227096665269e+02
8.03000000000000e+00	7.50129197365426e+02
8.04000000000000e+00	7.24505960704987e+02
8.05000000000000e+00	6.95811902424428e+02
8.06000000000000e+00	6.64815695127612e+02
8.07000000000000e+00	6.32562865780224e+02
8.08000000000000e+00	6.00291964864295e+02
8.09000000000000e+00	5.69280789616199e+02
8.10000000000000e+00	5.40734934079456e+02
8.11000000000000e+00	5.15651195703135e+02
8.12000000000000e+00	4.94708868882828e+02
8.13000000000000e+00	4.78227778069819e+02
8.14000000000000e+00	4.66146349546439e+02
8.15000000000000e+00	4.58072742924548e+02
8.16000000000000e+00	4.53334544256464e+02
8.17000000000000e+00	4.51084828583506e+02
8.18000000000000e+00	4.50385541099301e+02
8.19000000000000e+00	4.50284737913928e+02
8.20000000000000e+00	4.49882317722048e+02
8.21000000000000e+00	4.48407602530205e+02
8.22000000000000e+00	4.45227492336072e+02
8.23000000000000e+00	4.39877704636533e+02
8.24000000000000e+00	4.32088797958619e+02
8.25000000000000e+00	4.21762722990855e+02
8.26000000000000e+00	4.08960284732844e+02
8.27000000000000e+00	3.93905855995328e+02
8.28000000000000e+00	3.76938041816110e+02
8.29000000000000e+00	3.58508574670452e+02
8.30000000000000e+00	3.39163671818402e+02
8.31000000000000e+00	3.19498834002397e+02
8.32000000000000e+00	3.00150966777952e+02
8.33000000000000e+00	2.81749957627752e+02
8.34000000000000e+00	2.64896617279296e+02
8.35000000000000e+00	2.50118152377852e+02
8.36000000000000e+00	2.37847953846799e+02
8.37000000000000e+00	2.28397687092164e+02
8.38000000000000e+00	2.21944459644426e+02
8.39000000000000e+00	2.18525491424822e+02
8.40000000000000e+00	2.18037388933383e+02
8.41000000000000e+00	2.20247582382981e+02
8.42000000000000e+00	2.24811019347061e+02
8.43000000000000e+00	2.31291563422643e+02
8.44000000000000e+00	2.39192161025791e+02
8.45000000000000e+00	2.47968822436684e+02
8.46000000000000e+00	2.57070892063012e+02
8.47000000000000e+00	2.65956888896455e+02
8.48000000000000e+00	2.74125592006386e+02
8.49000000000000e+00	2.81137978819730e+02
8.50000000000000e+00	2.86640529283291e+02
8.51000000000000e+00	2.90372154262491e+02
8.52000000000000e+00	2.92168421580391e+02
8.53000000000000e+00	2.91965900561493e+02
8.54000000000000e+00	2.89785167013672e+02
8.55000000000000e+00	2.85722835469715e+02
8.56000000000000e+00	2.79942762675654e+02
8.57000000000000e+00	2.72654001129429e+02
8.58000000000000e+00	2.64105777000184e+02
8.59000000000000e+00	2.54575794565897e+02
8.60000000000000e+00	2.44362054370379e+02
8.61000000000000e+00	2.33768694654404e+02
8.62000000000000e+00	2.23103665515757e+02
8.63000000000000e+00	2.12680793341073e+02
8.64000000000000e+00	2.02813973603626e+02
8.65000000000000e+00	1.93807773509206e+02
8.66000000000000e+00	1.85956612046657e+02
8.67000000000000e+00	1.79525550176640e+02
8.68000000000000e+00	1.74745000628536e+02
8.69000000000000e+00	1.71789980832698e+02
8.70000000000000e+00	1.70765660511995e+02
8.71000000000000e+00	1.71686506731326e+02
8.72000000000000e+00	1.74484157459176e+02
8.73000000000000e+00	1.78987650350608e+02
8.74000000000000e+00	1.84948674832902e+02
8.75000000000000e+00	1.92044754320072e+02
8.76000000000000e+00	1.99914855586266e+02
8.77000000000000e+00	2.08170270442864e+02
8.78000000000000e+00	2.16439977483062e+02
8.79000000000000e+00	2.24380679597381e+02
8.80000000000000e+00	2.31705310590682e+02
8.81000000000000e+00	2.38195967940896e+02
8.82000000000000e+00	2.43699819029338e+02
8.83000000000000e+00	2.48134394464905e+02
8.84000000000000e+00	2.51471968331980e+02
8.85000000000000e+00	2.53734835196591e+02
8.86000000000000e+00	2.54969930370714e+02
8.87000000000000e+00	2.55247393178509e+02
8.88000000000000e+00	2.54654289554620e+02
8.89000000000000e+00	2.53286289771823e+02
8.90000000000000e+00	2.51240829113515e+02
8.91000000000000e+00	2.48629374562276e+02
8.92000000000000e+00	2.45555465486124e+02
8.93000000000000e+00	2.42147449326156e+02
8.94000000000000e+00	2.38519531048066e+02
8.95000000000000e+00	2.34801038439026e+02
8.96000000000000e+00	2.31107182616357e+02
8.97000000000000e+00	2.27547511724209e+02
8.98000000000000e+00	2.24210018381453e+02
8.99000000000000e+00	2.21170713954264e+02
9.00000000000000e+00	2.18478150047678e+02
9.01000000000000e+00	2.16165365651963e+02
9.02000000000000e+00	2.14241479692373e+02
9.03000000000000e+00	2.12694702768313e+02
9.04000000000000e+00	2.11498989449028e+02
9.05000000000000e+00	2.10600687773783e+02
9.06000000000000e+00	2.09945503128702e+02
9.07000000000000e+00	2.09462137816536e+02
9.08000000000000e+00	2.09084919106230e+02
9.09000000000000e+00	2.08749711284120e+02
9.10000000000000e+00	2.08404814184274e+02
9.11000000000000e+00	2.08005803051988e+02
9.12000000000000e+00	2.07519289974044e+02
9.13000000000000e+00	2.06917321982733e+02
9.14000000000000e+00	2.06183561219249e+02
9.15000000000000e+00	2.05298051251083e+02
9.16000000000000e+00	2.04250772709229e+02
9.17000000000000e+00	2.03034132294401e+02
9.18000000000000e+00	2.01643073593354e+02
9.19000000000000e+00	2.00081955555730e+02
9.20000000000000e+00	1.98360288328310e+02
9.21000000000000e+00	1.96494855888049e+02
9.22000000000000e+00	1.94515648415159e+02
9.23000000000000e+00	1.92455279308687e+02
9.24000000000000e+00	1.90355291602172e+02
9.25000000000000e+00	1.88258574831300e+02
9.26000000000000e+00	1.86211259598099e+02
9.27000000000000e+00	1.84253508959793e+02
9.28000000000000e+00	1.82423334833740e+02
9.29000000000000e+00	1.80751173580323e+02
9.30000000000000e+00	1.79257697241677e+02
9.31000000000000e+00	1.77951015861614e+02
9.32000000000000e+00	1.76831880079340e+02
9.33000000000000e+00	1.75886086533392e+02
9.34000000000000e+00	1.75094156844048e+02
9.35000000000000e+00	1.74428529769651e+02
9.36000000000000e+00	1.73858232676873e+02
9.37000000000000e+00	1.73346164178428e+02
9.38000000000000e+00	1.72857236152756e+02
9.39000000000000e+00	1.72357725766937e+02
9.40000000000000e+00	1.71813216585083e+02
9.41000000000000e+00	1.71194235368716e+02
9.42000000000000e+00	1.70473118703697e+02
9.43000000000000e+00	1.69625093056616e+02
9.44000000000000e+00	1.68632499831878e+02
9.45000000000000e+00	1.67480940071949e+02
9.46000000000000e+00	1.66164163410720e+02
9.47000000000000e+00	1.64685306508476e+02
9.48000000000000e+00	1.63060610108384e+02
9.49000000000000e+00	1.61314006252022e+02
9.50000000000000e+00	1.59482495969804e+02
9.51000000000000e+00	1.57609573267336e+02
9.52000000000000e+00	1.55738591364776e+02
9.53000000000000e+00	1.53915913195512e+02
9.54000000000000e+00	1.52180744851843e+02
9.55000000000000e+00	1.50564638222272e+02
9.56000000000000e+00	1.49097159988845e+02
9.57000000000000e+00	1.47801288104642e+02
9.58000000000000e+00	1.46698540300919e+02
9.59000000000000e+00	1.45805601183772e+02
9.60000000000000e+00	1.45125920414988e+02
9.61000000000000e+00	1.44653635258477e+02
9.62000000000000e+00	1.44362020230970e+02
9.63000000000000e+00	1.44220019649795e+02
9.64000000000000e+00	1.44184245694576e+02
9.65000000000000e+00	1.44212859530536e+02
9.66000000000000e+00	1.44273190276109e+02
9.67000000000000e+00	1.44338964428868e+02
9.68000000000000e+00	1.44392475428616e+02
9.69000000000000e+00	1.44425285039306e+02
9.70000000000000e+00	1.44432591936369e+02
9.71000000000000e+00	1.44417825205794e+02
9.72000000000000e+00	1.44379077069752e+02
9.73000000000000e+00	1.44320878147760e+02
9.74000000000000e+00	1.44246186862183e+02
9.75000000000000e+00	1.44156281001082e+02
9.76000000000000e+00	1.44051712749567e+02
9.77000000000000e+00	1.43928347291144e+02
9.78000000000000e+00	1.43782704859183e+02
9.79000000000000e+00	1.43610693777468e+02
9.80000000000000e+00	1.43408354304693e+02
9.81000000000000e+00	1.43169843712937e+02
9.82000000000000e+00	1.42890615096333e+02
9.83000000000000e+00	1.42567076420047e+02
9.84000000000000e+00	1.42193726438340e+02
9.85000000000000e+00	1.41771050759426e+02
9.86000000000000e+00	1.41296380014368e+02
9.87000000000000e+00	1.40774426123001e+02
9.88000000000000e+00	1.40220016410722e+02
9.89000000000000e+00	1.39673847606677e+02
9.90000000000000e+00	1.39231225312761e+02
9.91000000000000e+00	1.39096064290838e+02
9.92000000000000e+00	1.39666265326944e+02
9.93000000000000e+00	1.41632897689682e+02
9.94000000000000e+00	1.46112944503369e+02
9.95000000000000e+00	1.54858900233742e+02
9.96000000000000e+00	1.70650933451168e+02
9.97000000000000e+00	1.98232149185724e+02
9.98000000000000e+00	2.46466471418230e+02
9.99000000000000e+00	3.33751443426493e+02
1.00000000000000e+01	5.03185287595341e+02
1.00100000000000e+01	8.64429420194145e+02
1.00200000000000e+01	1.58476316472337e+03
1.00300000000000e+01	1.88154754566044e+03
1.00400000000000e+01	1.00279737870925e+03
1.00500000000000e+01	4.59424175334817e+02
1.00600000000000e+01	2.37736721361497e+02
1.00700000000000e+01	1.38350471712243e+02
1.00800000000000e+01	8.78083008803430e+01
1.00900000000000e+01	5.93886054941567e+01
1.01000000000000e+01	4.21367348571674e+01
1.01100000000000e+01	3.10283020263048e+01
1.01200000000000e+01	2.35349293394250e+01
1.01300000000000e+01	1.82876169345590e+01
1.01400000000000e+01	1.44981612888993e+01
1.01500000000000e+01	1.16902689980178e+01
1.01600000000000e+01	9.56396287534845e+00
1.01700000000000e+01	7.92324344345668e+00
1.01800000000000e+01	6.63645771434903e+00
1.01900000000000e+01	5.61273895167801e+00
1.02000000000000e+01	4.78809666100092e+00
1.02100000000000e+01	4.11613595693126e+00
1.02200000000000e+01	3.56314460541670e+00
1.02300000000000e+01	3.10383153258924e+00
1.02400000000000e+01	2.71923452509987e+00
1.02500000000000e+01	2.39478855787362e+00
1.02600000000000e+01	2.11919882883160e+00
1.02700000000000e+01	1.88361490772922e+00
1.02800000000000e+01	1.68108957509122e+00
1.02900000000000e+01	1.50606802362828e+00
1.03000000000000e+01	1.35406847222654e+00
1.03100000000000e+01	1.22144193510898e+00
1.03200000000000e+01	1.10522798520882e+00
1.03300000000000e+01	1.00299325184068e+00
1.03400000000000e+01	9.12717841917370e-01
1.03500000000000e+01	8.32714991152467e-01
1.03600000000000e+01	7.61571189846504e-01
1.03700000000000e+01	6.98115894726882e-01
1.03800000000000e+01	6.41324529298392e-01
1.03900000000000e+01	5.90370308592429e-01
1.04000000000000e+01	5.44514822989385e-01
1.04100000000000e+01	5.03139828807489e-01
1.04200000000000e+01	4.65718178382644e-01
1.04300000000000e+01	4.31787891468000e-01
1.04400000000000e+01	4.00959291555334e-01
1.04500000000000e+01	3.72893888501592e-01
1.04600000000000e+01	3.47283423662518e-01
1.04700000000000e+01	3.23873981055681e-01
1.04800000000000e+01	3.02438234965129e-01
1.04900000000000e+01	2.82779281906788e-01
1.05000000000000e+01	2.64718776172873e-01
1.05100000000000e+01	2.48103322218307e-01
1.05200000000000e+01	2.32792027280867e-01
1.05300000000000e+01	2.18666113276313e-01
1.05400000000000e+01	2.05613272452819e-01
1.05500000000000e+01	1.93537897402968e-01
1.05600000000000e+01	1.82352668146854e-01
1.05700000000000e+01	1.71977582546111e-01
1.05800000000000e+01	1.62342841450395e-01
1.05900000000000e+01	1.53382687988189e-01
1.06000000000000e+01	1.45042127454992e-01
1.06100000000000e+01	1.37269545840720e-01
1.06200000000000e+01	1.30016556670828e-01
1.06300000000000e+01	1.23242334916500e-01
1.06400000000000e+01	1.16908712097796e-01
1.06500000000000e+01	1.10979122112155e-01
1.06600000000000e+01	1.05423906405321e-01
1.06700000000000e+01	1.00214134351797e-01
1.06800000000000e+01	9.53221787941349e-02
1.06900000000000e+01	9.07259889229413e-02
1.07000000000000e+01	8.64019457304679e-02
1.07100000000000e+01	8.23319821477769e-02
1.07200000000000e+01	7.84982865232936e-02
1.07300000000000e+01	7.48831059582680e-02
1.07400000000000e+01	7.14716645199160e-02
1.07500000000000e+01	6.82508450059057e-02
1.07600000000000e+01	6.52083462175057e-02
1.07700000000000e+01	6.23325618114471e-02
1.07800000000000e+01	5.96137346458745e-02
1.07900000000000e+01	5.70400549664968e-02
1.08000000000000e+01	5.46052026066581e-02
1.08100000000000e+01	5.22980184309228e-02
1.08200000000000e+01	5.01124866103826e-02
1.08300000000000e+01	4.80411104156308e-02
1.08400000000000e+01	4.60754181276737e-02
1.08500000000000e+01	4.42101041163954e-02
1.08600000000000e+01	4.24392171444569e-02
1.08700000000000e+01	4.07563691262340e-02
1.08800000000000e+01	3.91560273545552e-02
1.08900000000000e+01	3.76330476471991e-02
1.09000000000000e+01	3.61828918268852e-02
1.09100000000000e+01	3.48016871472120e-02
1.09200000000000e+01	3.34847587903111e-02
1.09300000000000e+01	3.22286022269403e-02
1.09400000000000e+01	3.10285745435797e-02
1.09500000000000e+01	2.98827439170845e-02
1.09600000000000e+01	2.87871059618023e-02
1.09700000000000e+01	2.77392220491928e-02
1.09800000000000e+01	2.67364365674404e-02
1.09900000000000e+01	2.57757260323027e-02
1.10000000000000e+01	2.48557137000692e-02
1.10100000000000e+01	2.39739380378462e-02
1.10200000000000e+01	2.31286515644459e-02
1.10300000000000e+01	2.23183024005098e-02
1.10400000000000e+01	2.15413340738147e-02
1.10500000000000e+01	2.07964592519636e-02
1.10600000000000e+01	2.00830300631062e-02
1.10700000000000e+01	1.93989276971614e-02
1.10800000000000e+01	1.87438264122142e-02
1.10900000000000e+01	1.81161553369074e-02
1.11000000000000e+01	1.75153164685507e-02
1.11100000000000e+01	1.69398094497659e-02
1.11200000000000e+01	1.63888199973678e-02
1.11300000000000e+01	1.58609423851659e-02
1.11400000000000e+01	1.53555526202539e-02
1.11500000000000e+01	1.48709621677255e-02
1.11600000000000e+01	1.44065406198558e-02
1.11700000000000e+01	1.39608863701929e-02
1.11800000000000e+01	1.35332954568409e-02
1.11900000000000e+01	1.31223615949869e-02
1.12000000000000e+01	1.27273094571472e-02
1.12100000000000e+01	1.23473966571252e-02
1.12200000000000e+01	1.19817716888597e-02
1.12300000000000e+01	1.16296398005935e-02
1.12400000000000e+01	1.12902564315631e-02
1.12500000000000e+01	1.09629831254924e-02
1.12600000000000e+01	1.06474490551270e-02
1.12700000000000e+01	1.03428246020203e-02
1.12800000000000e+01	1.00488406727326e-02
1.12900000000000e+01	9.76493889280935e-03
1.13000000000000e+01	9.49078139605778e-03
1.13100000000000e+01	9.22590771157750e-03
1.13200000000000e+01	8.96974866020893e-03
1.13300000000000e+01	8.72222103331128e-03
1.13400000000000e+01	8.48281979733959e-03
1.13500000000000e+01	8.25133417831679e-03
1.13600000000000e+01	8.02721923326764e-03
1.13700000000000e+01	7.81027317993683e-03
1.13800000000000e+01	7.60034111360986e-03
1.13900000000000e+01	7.39700883310301e-03
1.14000000000000e+01	7.19995689843768e-03
1.14100000000000e+01	7.00909496497633e-03
1.14200000000000e+01	6.82410399428467e-03
1.14300000000000e+01	6.64475241550932e-03
1.14400000000000e+01	6.47103244643866e-03
1.14500000000000e+01	6.30244310725712e-03
1.14600000000000e+01	6.13910495545195e-03
1.14700000000000e+01	5.98060669132097e-03
1.14800000000000e+01	5.82678449158215e-03
1.14900000000000e+01	5.67768707248234e-03
1.15000000000000e+01	5.53298121066521e-03
1.15100000000000e+01	5.39244748356033e-03
1.15200000000000e+01	5.25605298545372e-03
1.15300000000000e+01	5.12369547291204e-03
1.15400000000000e+01	4.99509091337785e-03
1.15500000000000e+01	4.87031491480672e-03
1.15600000000000e+01	4.74921923278505e-03
1.15700000000000e+01	4.63163881675152e-03
1.15800000000000e+01	4.51755578590759e-03
1.15900000000000e+01	4.40693786201196e-03
1.16000000000000e+01	4.29972771903981e-03
1.16100000000000e+01	4.19583555920688e-03
1.16200000000000e+01	4.09521323587216e-03
1.16300000000000e+01	3.99773883422837e-03
1.16400000000000e+01	3.90335054008949e-03
1.16500000000000e+01	3.81190389427902e-03
1.16600000000000e+01	3.72326808783853e-03
1.16700000000000e+01	3.63739159632258e-03
1.16800000000000e+01	3.55410524793615e-03
1.16900000000000e+01	3.47320907932695e-03
1.17000000000000e+01	3.39462687942527e-03
1.17100000000000e+01	3.31809577301010e-03
1.17200000000000e+01	3.24366740500655e-03
1.17300000000000e+01	3.17108388738735e-03
1.17400000000000e+01	3.10025468740338e-03
1.17500000000000e+01	3.03109423510615e-03
1.17600000000000e+01	2.96358658778447e-03
1.17700000000000e+01	2.89765956687659e-03
1.17800000000000e+01	2.83322110244362e-03
1.17900000000000e+01	2.77037006729771e-03
1.18000000000000e+01	2.70895765220958e-03
1.18100000000000e+01	2.64908131963961e-03
1.18200000000000e+01	2.59069387265910e-03
1.18300000000000e+01	2.53384825610744e-03
1.18400000000000e+01	2.47847337028341e-03
1.18500000000000e+01	2.42459838935147e-03
1.18600000000000e+01	2.37219353526526e-03
1.18700000000000e+01	2.32124662765625e-03
1.18800000000000e+01	2.27170042215904e-03
1.18900000000000e+01	2.22353672942149e-03
1.19000000000000e+01	2.17670774381547e-03
1.19100000000000e+01	2.13115507430343e-03
1.19200000000000e+01	2.08683320288406e-03
1.19300000000000e+01	2.04369956662136e-03
1.19400000000000e+01	2.00168121294034e-03
1.19500000000000e+01	1.96073583907090e-03
1.19600000000000e+01	1.92081789385299e-03
1.19700000000000e+01	1.88187649661620e-03
1.19800000000000e+01	1.84385980684853e-03
1.19900000000000e+01	1.80672497141353e-03
1.20000000000000e+01	1.77042146915451e-03
1.20100000000000e+01	1.73493631956094e-03
1.20200000000000e+01	1.70023352807102e-03
1.20300000000000e+01	1.66628638310945e-03
1.20400000000000e+01	1.63308115810613e-03
1.20500000000000e+01	1.60059155102625e-03
1.20600000000000e+01	1.56883165445945e-03
1.20700000000000e+01	1.53777445096635e-03
1.20800000000000e+01	1.50742780893356e-03
1.20900000000000e+01	1.47779406182618e-03
1.21000000000000e+01	1.44887177299451e-03
1.21100000000000e+01	1.42066391316936e-03
1.21200000000000e+01	1.39316414438458e-03
1.21300000000000e+01	1.36635906052382e-03
1.21400000000000e+01	1.34025439881655e-03
1.21500000000000e+01	1.31483880127948e-03
1.21600000000000e+01	1.29006945447376e-03
1.21700000000000e+01	1.26594863997295e-03
1.21800000000000e+01	1.24244037889617e-03
1.21900000000000e+01	1.21952716087319e-03
1.22000000000000e+01	1.19717068100634e-03
1.22100000000000e+01	1.17535252226813e-03
1.22200000000000e+01	1.15403210145977e-03
1.22300000000000e+01	1.13318643489551e-03
1.22400000000000e+01	1.11278345928516e-03
1.22500000000000e+01	1.09280079252926e-03
1.22600000000000e+01	1.07321985628196e-03
1.22700000000000e+01	1.05401100652601e-03
1.22800000000000e+01	1.03514341518101e-03
1.22900000000000e+01	1.01661815813529e-03
1.23000000000000e+01	9.98395623688475e-04
1.23100000000000e+01	9.80471939062744e-04
1.23200000000000e+01	9.62829605817350e-04
1.23300000000000e+01	9.45450152315862e-04
1.23400000000000e+01	9.28335353322019e-04
1.23500000000000e+01	9.11473477200123e-04
1.23600000000000e+01	8.94861942455088e-04
1.23700000000000e+01	8.78500517311232e-04
1.23800000000000e+01	8.62384834616806e-04
1.23900000000000e+01	8.46532498511531e-04
1.24000000000000e+01	8.30931858427440e-04
1.24100000000000e+01	8.15608866587811e-04
1.24200000000000e+01	8.00554629730554e-04
1.24300000000000e+01	7.85778419055204e-04
1.24400000000000e+01	7.71293402085072e-04
1.24500000000000e+01	7.57088160500945e-04
1.24600000000000e+01	7.43169947548864e-04
1.24700000000000e+01	7.29536976499621e-04
1.24800000000000e+01	7.16187319179447e-04
1.24900000000000e+01	7.03109652904154e-04
1.25000000000000e+01	6.90312792582719e-04
1.25100000000000e+01	6.77785872443114e-04
1.25200000000000e+01	6.65521267679681e-04
1.25300000000000e+01	6.53518030841869e-04
1.25400000000000e+01	6.41782604804786e-04
1.25500000000000e+01	6.30293794015775e-04
1.25600000000000e+01	6.19064669860307e-04
1.25700000000000e+01	6.08082869063058e-04
1.25800000000000e+01	5.97348879758670e-04
1.25900000000000e+01	5.86856103237663e-04
1.26000000000000e+01	5.76599563330980e-04
1.26100000000000e+01	5.66568605317505e-04
1.26200000000000e+01	5.56763550126734e-04
1.26300000000000e+01	5.47172459839606e-04
1.26400000000000e+01	5.37785278205212e-04
1.26500000000000e+01	5.28601310195680e-04
1.26600000000000e+01	5.19615772460727e-04
1.26700000000000e+01	5.10813243487479e-04
1.26800000000000e+01	5.02196247580261e-04
1.26900000000000e+01	4.93758994856951e-04
1.27000000000000e+01	4.85499639661206e-04
1.27100000000000e+01	4.77418015379596e-04
1.27200000000000e+01	4.69509497806658e-04
1.27300000000000e+01	4.61770180270097e-04
1.27400000000000e+01	4.54202269456600e-04
1.27500000000000e+01	4.46804089394189e-04
1.27600000000000e+01	4.39571383215823e-04
1.27700000000000e+01	4.32501205368631e-04
1.27800000000000e+01	4.25591704987008e-04
1.27900000000000e+01	4.18835363519053e-04
1.28000000000000e+01	4.12228789519720e-04
1.28100000000000e+01	4.05766310122231e-04
1.28200000000000e+01	3.99445594437128e-04
1.28300000000000e+01	3.93257182065902e-04
1.28400000000000e+01	3.87199859357193e-04
1.28500000000000e+01	3.81271853319085e-04
1.28600000000000e+01	3.75462668967446e-04
1.28700000000000e+01	3.69774556709744e-04
1.28800000000000e+01	3.64199695135643e-04
1.28900000000000e+01	3.58738395248975e-04
1.29000000000000e+01	3.53384877603368e-04
1.29100000000000e+01	3.48139337630123e-04
1.29200000000000e+01	3.42995700262364e-04
1.29300000000000e+01	3.37955206115887e-04
1.29400000000000e+01	3.33008438251147e-04
1.29500000000000e+01	3.28160153372885e-04
1.29600000000000e+01	3.23399458542848e-04
1.29700000000000e+01	3.18732144114389e-04
1.29800000000000e+01	3.14148399529720e-04
1.29900000000000e+01	3.09651884138224e-04
1.30000000000000e+01	3.05234690644726e-04
1.30100000000000e+01	3.00901550838667e-04
1.30200000000000e+01	2.96647525347820e-04
1.30300000000000e+01	2.92473000078187e-04
1.30400000000000e+01	2.88374494224945e-04
1.30500000000000e+01	2.84350816030888e-04
1.30600000000000e+01	2.80399175412068e-04
1.30700000000000e+01	2.76517215590047e-04
1.30800000000000e+01	2.72699207807311e-04
1.30900000000000e+01	2.68944392844142e-04
1.31000000000000e+01	2.65246116620514e-04
1.31100000000000e+01	2.61606592641667e-04
1.31200000000000e+01	2.58013736052949e-04
1.31300000000000e+01	2.54470307339518e-04
1.31400000000000e+01	2.50971970056559e-04
1.31500000000000e+01	2.47517536142692e-04
1.31600000000000e+01	2.44107439583163e-04
1.31700000000000e+01	2.40739074291113e-04
1.31800000000000e+01	2.37413845000988e-04
1.31900000000000e+01	2.34134857940371e-04
1.32000000000000e+01	2.30899950121836e-04
1.32100000000000e+01	2.27710860599031e-04
1.32200000000000e+01	2.24568432500685e-04
1.32300000000000e+01	2.21472448130085e-04
1.32400000000000e+01	2.18423378145253e-04
1.32500000000000e+01	2.15419309996312e-04
1.32600000000000e+01	2.12455615745526e-04
1.32700000000000e+01	2.09536796539240e-04
1.32800000000000e+01	2.06658073161330e-04
1.32900000000000e+01	2.03818581569416e-04
1.33000000000000e+01	2.01017801801731e-04
1.33100000000000e+01	1.98254197869895e-04
1.33200000000000e+01	1.95529047525781e-04
1.33300000000000e+01	1.92840154694456e-04
1.33400000000000e+01	1.90191715474271e-04
1.33500000000000e+01	1.87582865717114e-04
1.33600000000000e+01	1.85012998045183e-04
1.33700000000000e+01	1.82483419323392e-04
1.33800000000000e+01	1.79997487952058e-04
1.33900000000000e+01	1.77553666058709e-04
1.34000000000000e+01	1.75150420243003e-04
1.34100000000000e+01	1.72789428257403e-04
1.34200000000000e+01	1.70470916877080e-04
1.34300000000000e+01	1.68191843185831e-04
1.34400000000000e+01	1.65952905201371e-04
1.34500000000000e+01	1.63753011610078e-04
1.34600000000000e+01	1.61589631700859e-04
1.34700000000000e+01	1.59461783868006e-04
1.34800000000000e+01	1.57369749566070e-04
1.34900000000000e+01	1.55310334563590e-04
1.35000000000000e+01	1.53283804098599e-04
1.35100000000000e+01	1.51286416472961e-04
1.35200000000000e+01	1.49319433060856e-04
1.35300000000000e+01	1.47380576562592e-04
1.35400000000000e+01	1.45468961577477e-04
1.35500000000000e+01	1.43581427351761e-04
1.35600000000000e+01	1.41719414427211e-04
1.35700000000000e+01	1.39879034836109e-04
1.35800000000000e+01	1.38062173558655e-04
1.35900000000000e+01	1.36264371453393e-04
1.36000000000000e+01	1.34487881176460e-04
1.36100000000000e+01	1.32730404166499e-04
1.36200000000000e+01	1.30991758218364e-04
1.36300000000000e+01	1.29270912912247e-04
1.36400000000000e+01	1.27569060379099e-04
1.36500000000000e+01	1.25886249760362e-04
1.36600000000000e+01	1.24221841593353e-04
1.36700000000000e+01	1.22577122951461e-04
1.36800000000000e+01	1.20953103702552e-04
1.36900000000000e+01	1.19349882158513e-04
1.37000000000000e+01	1.17767346641866e-04
1.37100000000000e+01	1.16208253664349e-04
1.37200000000000e+01	1.14671933911826e-04
1.37300000000000e+01	1.13161730148479e-04
1.37400000000000e+01	1.11676375127337e-04
1.37500000000000e+01	1.10218016326684e-04
1.37600000000000e+01	1.08786630853176e-04
1.37700000000000e+01	1.07382149732634e-04
1.37800000000000e+01	1.06005029982433e-04
1.37900000000000e+01	1.04654616147223e-04
1.38000000000000e+01	1.03331589816998e-04
1.38100000000000e+01	1.02033159980059e-04
1.38200000000000e+01	1.00759954652784e-04
1.38300000000000e+01	9.95093880597296e-05
1.38400000000000e+01	9.82816817541199e-05
1.38500000000000e+01	9.70753291609234e-05
1.38600000000000e+01	9.58886093125586e-05
1.38700000000000e+01	9.47202913722062e-05
1.38800000000000e+01	9.35713267954821e-05
1.38900000000000e+01	9.24384301277472e-05
1.39000000000000e+01	9.13213775703327e-05
1.39100000000000e+01	9.02208045821988e-05
1.39200000000000e+01	8.91342542793922e-05
1.39300000000000e+01	8.80622541653652e-05
1.39400000000000e+01	8.70040194117135e-05
1.39500000000000e+01	8.59595848284980e-05
1.39600000000000e+01	8.49268246738840e-05
1.39700000000000e+01	8.39071510753136e-05
1.39800000000000e+01	8.28998780168850e-05
1.39900000000000e+01	8.19043284518674e-05
1.40000000000000e+01	8.09210980507008e-05
1.40100000000000e+01	7.99494686458805e-05
1.40200000000000e+01	7.89895201727872e-05
1.40300000000000e+01	7.80416399257916e-05
1.40400000000000e+01	7.71069757452602e-05
1.40500000000000e+01	7.61842414689325e-05
1.40600000000000e+01	7.52743368999187e-05
1.40700000000000e+01	7.43776656859985e-05
1.40800000000000e+01	7.34942175742050e-05
1.40900000000000e+01	7.26234898116463e-05
1.41000000000000e+01	7.17660917760880e-05
1.41100000000000e+01	7.09215794754844e-05
1.41200000000000e+01	7.00896706042433e-05
1.41300000000000e+01	6.92699798538035e-05
1.41400000000000e+01	6.84620276422915e-05
1.41500000000000e+01	6.76642877406931e-05
1.41600000000000e+01	6.68771454256624e-05
1.41700000000000e+01	6.60988257984418e-05
1.41800000000000e+01	6.53295475982841e-05
1.41900000000000e+01	6.45683517842261e-05
1.42000000000000e+01	6.38144618479812e-05
1.42100000000000e+01	6.30679806284105e-05
1.42200000000000e+01	6.23299208936020e-05
1.42300000000000e+01	6.15987190978148e-05
1.42400000000000e+01	6.08752571587710e-05
1.42500000000000e+01	6.01601036105847e-05
1.42600000000000e+01	5.94526718329631e-05
1.42700000000000e+01	5.87545045617585e-05
1.42800000000000e+01	5.80657282266211e-05
1.42900000000000e+01	5.73859105220409e-05
1.43000000000000e+01	5.67159976463386e-05
1.43100000000000e+01	5.60556306125050e-05
1.43200000000000e+01	5.54042582724579e-05
1.43300000000000e+01	5.47628554799038e-05
1.43400000000000e+01	5.41304931343198e-05
1.43500000000000e+01	5.35076359706957e-05
1.43600000000000e+01	5.28934945841407e-05
1.43700000000000e+01	5.22873065836872e-05
1.43800000000000e+01	5.16899620829123e-05
1.43900000000000e+01	5.11011549856950e-05
1.44000000000000e+01	5.05211091008880e-05
1.44100000000000e+01	4.99483889372313e-05
1.44200000000000e+01	4.93844277618872e-05
1.44300000000000e+01	4.88280707557764e-05
1.44400000000000e+01	4.82805796807707e-05
1.44500000000000e+01	4.77406293940590e-05
1.44600000000000e+01	4.72089458318059e-05
1.44700000000000e+01	4.66853016554330e-05
1.44800000000000e+01	4.61690049105639e-05
1.44900000000000e+01	4.56607574710872e-05
1.45000000000000e+01	4.51598291271491e-05
1.45100000000000e+01	4.46663737104271e-05
1.45200000000000e+01	4.41800902784477e-05
1.45300000000000e+01	4.37003162633434e-05
1.45400000000000e+01	4.32279650471219e-05
1.45500000000000e+01	4.27615360151730e-05
1.45600000000000e+01	4.23015783805332e-05
1.45700000000000e+01	4.18480326125949e-05
1.45800000000000e+01	4.13996192421888e-05
1.45900000000000e+01	4.09578900107915e-05
1.46000000000000e+01	4.05211226308539e-05
1.46100000000000e+01	4.00894124275890e-05
1.46200000000000e+01	3.96635384572816e-05
1.46300000000000e+01	3.92421614847730e-05
1.46400000000000e+01	3.88262098820474e-05
1.46500000000000e+01	3.84154444321542e-05
1.46600000000000e+01	3.80089246027287e-05
1.46700000000000e+01	3.76078490212842e-05
1.46800000000000e+01	3.72116684621756e-05
1.46900000000000e+01	3.68206232025008e-05
1.47000000000000e+01	3.64345362531419e-05
1.47100000000000e+01	3.60534760725572e-05
1.47200000000000e+01	3.56773380804467e-05
1.47300000000000e+01	3.53061410063963e-05
1.47400000000000e+01	3.49401261349516e-05
1.47500000000000e+01	3.45791700598463e-05
1.47600000000000e+01	3.42228500338662e-05
1.47700000000000e+01	3.38715174518079e-05
1.47800000000000e+01	3.35241818007284e-05
1.47900000000000e+01	3.31815386112749e-05
1.48000000000000e+01	3.28428702867374e-05
1.48100000000000e+01	3.25077310226273e-05
1.48200000000000e+01	3.21770592293229e-05
1.48300000000000e+01	3.18494097755597e-05
1.48400000000000e+01	3.15251502463113e-05
1.48500000000000e+01	3.12043026031756e-05
1.48600000000000e+01	3.08865828946393e-05
1.48700000000000e+01	3.05718530620553e-05
1.48800000000000e+01	3.02600715270707e-05
1.48900000000000e+01	2.99509193147910e-05
1.49000000000000e+01	2.96451444244233e-05
1.49100000000000e+01	2.93420707097383e-05
1.49200000000000e+01	2.90420097355695e-05
1.49300000000000e+01	2.87447796495774e-05
1.49400000000000e+01	2.84506448534723e-05
1.49500000000000e+01	2.81594721610416e-05
1.49600000000000e+01	2.78716022228688e-05
1.49700000000000e+01	2.75871003618774e-05
1.49800000000000e+01	2.73056935210004e-05
1.49900000000000e+01	2.70278054383252e-05
1.50000000000000e+01	2.67531822621066e-05
1.50100000000000e+01	2.64821985324524e-05
1.50200000000000e+01	2.62141735763918e-05
1.50300000000000e+01	2.59499238683107e-05
1.50400000000000e+01	2.56890626329980e-05
1.50500000000000e+01	2.54314466759770e-05
1.50600000000000e+01	2.51770782478976e-05
1.50700000000000e+01	2.49257214114173e-05
1.50800000000000e+01	2.46773674564144e-05
1.50900000000000e+01	2.44321027715527e-05
1.51000000000000e+01	2.41893356821305e-05
1.51100000000000e+01	2.39493247861566e-05
1.51200000000000e+01	2.37120622425049e-05
1.51300000000000e+01	2.34768718926954e-05
1.51400000000000e+01	2.32443695767902e-05
1.51500000000000e+01	2.30138410099908e-05
1.51600000000000e+01	2.27854657226437e-05
1.51700000000000e+01	2.25593156796124e-05
1.51800000000000e+01	2.23355250165894e-05
1.51900000000000e+01	2.21137602785786e-05
1.52000000000000e+01	2.18942981615532e-05
1.52100000000000e+01	2.16770108611170e-05
1.52200000000000e+01	2.14623420490892e-05
1.52300000000000e+01	2.12497508041069e-05
1.52400000000000e+01	2.10391952490284e-05
1.52500000000000e+01	2.08310527816573e-05
1.52600000000000e+01	2.06248226217541e-05
1.52700000000000e+01	2.04206337256468e-05
1.52800000000000e+01	2.02180892308790e-05
1.52900000000000e+01	2.00169601800353e-05
1.53000000000000e+01	1.98169597187031e-05
1.53100000000000e+01	1.96176852220418e-05
1.53200000000000e+01	1.94191411127499e-05
1.53300000000000e+01	1.92209869667683e-05
1.53400000000000e+01	1.90226290797105e-05
1.53500000000000e+01	1.88240800689166e-05
1.53600000000000e+01	1.86255021118492e-05
1.53700000000000e+01	1.84262963389716e-05
1.53800000000000e+01	1.82266095048524e-05
1.53900000000000e+01	1.80265342234244e-05
1.54000000000000e+01	1.78259974934352e-05
1.54100000000000e+01	1.76255628552265e-05
1.54200000000000e+01	1.74249400171147e-05
1.54300000000000e+01	1.72250208071516e-05
1.54400000000000e+01	1.70257889330797e-05
1.54500000000000e+01	1.68278327616152e-05
1.54600000000000e+01	1.66315550088647e-05
1.54700000000000e+01	1.64379297921644e-05
1.54800000000000e+01	1.62468732384768e-05
1.54900000000000e+01	1.60592645094659e-05
1.55000000000000e+01	1.58755168950559e-05
1.55100000000000e+01	1.56963498130167e-05
1.55200000000000e+01	1.55219287886766e-05
1.55300000000000e+01	1.53526723841304e-05
1.55400000000000e+01	1.51884040618967e-05
1.55500000000000e+01	1.50296812603066e-05
1.55600000000000e+01	1.48758707652887e-05
1.55700000000000e+01	1.47271217469102e-05
1.55800000000000e+01	1.45831701629109e-05
1.55900000000000e+01	1.44435332165308e-05
1.56000000000000e+01	1.43076295701396e-05
1.56100000000000e+01	1.41754061853889e-05
1.56200000000000e+01	1.40459663374429e-05
1.56300000000000e+01	1.39192060934900e-05
1.56400000000000e+01	1.37945770339975e-05
1.56500000000000e+01	1.36716406879135e-05
1.56600000000000e+01	1.35498660646544e-05
1.56700000000000e+01	1.34292257828491e-05
1.56800000000000e+01	1.33093546935764e-05
1.56900000000000e+01	1.31899742068485e-05
1.57000000000000e+01	1.30709067926561e-05
1.57100000000000e+01	1.29520266794266e-05
1.57200000000000e+01	1.28332613388275e-05
1.57300000000000e+01	1.27146444779754e-05
1.57400000000000e+01	1.25960039000414e-05
1.57500000000000e+01	1.24776460721377e-05
1.57600000000000e+01	1.23593472021107e-05
1.57700000000000e+01	1.22413237154224e-05
1.57800000000000e+01	1.21237207055428e-05
1.57900000000000e+01	1.20070073363389e-05
1.58000000000000e+01	1.18909187834176e-05
1.58100000000000e+01	1.17759404071294e-05
1.58200000000000e+01	1.16621852445072e-05
1.58300000000000e+01	1.15499746882278e-05
1.58400000000000e+01	1.14395165890820e-05
1.58500000000000e+01	1.13307779879001e-05
1.58600000000000e+01	1.12241848981511e-05
1.58700000000000e+01	1.11195659972124e-05
1.58800000000000e+01	1.10170233293234e-05
1.58900000000000e+01	1.09167790659153e-05
1.59000000000000e+01	1.08186577676058e-05
1.59100000000000e+01	1.07225891006976e-05
1.59200000000000e+01	1.06284774592826e-05
1.59300000000000e+01	1.05361864653437e-05
1.59400000000000e+01	1.04456582631347e-05
1.59500000000000e+01	1.03565408026087e-05
1.59600000000000e+01	1.02686541908047e-05
1.59700000000000e+01	1.01821152821407e-05
1.59800000000000e+01	1.00966082223706e-05
1.59900000000000e+01	1.00118457375764e-05
1.60000000000000e+01	9.92816357946050e-06
1.60100000000000e+01	9.84502319656944e-06
1.60200000000000e+01	9.76270080450345e-06
1.60300000000000e+01	9.68093024301580e-06
1.60400000000000e+01	9.59984916638414e-06
1.60500000000000e+01	9.51932842135021e-06
1.60600000000000e+01	9.43951606910124e-06
1.60700000000000e+01	9.36015302570572e-06
1.60800000000000e+01	9.28135319665300e-06
1.60900000000000e+01	9.20321733331835e-06
1.61000000000000e+01	9.12568025789794e-06
1.61100000000000e+01	9.04870613765517e-06
1.61200000000000e+01	8.97235982071358e-06
1.61300000000000e+01	8.89657920085876e-06
1.61400000000000e+01	8.82153812487695e-06
1.61500000000000e+01	8.74720170377227e-06
1.61600000000000e+01	8.67335700673635e-06
1.61700000000000e+01	8.60028777644575e-06
1.61800000000000e+01	8.52792963881776e-06
1.61900000000000e+01	8.45642418312235e-06
1.62000000000000e+01	8.38557174366807e-06
1.62100000000000e+01	8.31573160576454e-06
1.62200000000000e+01	8.24664564792313e-06
1.62300000000000e+01	8.17848613685829e-06
1.62400000000000e+01	8.11134450014959e-06
1.62500000000000e+01	8.04524631531309e-06
1.62600000000000e+01	7.98000082353597e-06
1.62700000000000e+01	7.91574110106478e-06
1.62800000000000e+01	7.85245217982144e-06
1.62900000000000e+01	7.79008712413505e-06
1.63000000000000e+01	7.72861815276447e-06
1.63100000000000e+01	7.66777988914017e-06
1.63200000000000e+01	7.60774975505097e-06
1.63300000000000e+01	7.54823257951039e-06
1.63400000000000e+01	7.48913124119636e-06
1.63500000000000e+01	7.43048007613412e-06
1.63600000000000e+01	7.37204815261828e-06
1.63700000000000e+01	7.31367711998241e-06
1.63800000000000e+01	7.25542800449713e-06
1.63900000000000e+01	7.19701757058560e-06
1.64000000000000e+01	7.13849494544334e-06
1.64100000000000e+01	7.07967961185917e-06
1.64200000000000e+01	7.02068089610699e-06
1.64300000000000e+01	6.96135375750529e-06
1.64400000000000e+01	6.90179242839092e-06
1.64500000000000e+01	6.84191881670581e-06
1.64600000000000e+01	6.78185789584544e-06
1.64700000000000e+01	6.72179031700570e-06
1.64800000000000e+01	6.66164657673454e-06
1.64900000000000e+01	6.60176370169165e-06
1.65000000000000e+01	6.54222959629079e-06
1.65100000000000e+01	6.48299439974376e-06
1.65200000000000e+01	6.42435134945776e-06
1.65300000000000e+01	6.36640344628831e-06
1.65400000000000e+01	6.30918321610081e-06
1.65500000000000e+01	6.25281843332058e-06
1.65600000000000e+01	6.19734615610175e-06
1.65700000000000e+01	6.14279650230901e-06
1.65800000000000e+01	6.08917552526534e-06
1.65900000000000e+01	6.03654497829864e-06
1.66000000000000e+01	5.98499734979223e-06
1.66100000000000e+01	5.93432116101872e-06
1.66200000000000e+01	5.88467414695942e-06
1.66300000000000e+01	5.83589268630006e-06
1.66400000000000e+01	5.78808387487965e-06
1.66500000000000e+01	5.74109370570077e-06
1.66600000000000e+01	5.69502516774255e-06
1.66700000000000e+01	5.64976509818486e-06
1.66800000000000e+01	5.60534662160852e-06
1.66900000000000e+01	5.56161091576689e-06
1.67000000000000e+01	5.51862161203207e-06
1.67100000000000e+01	5.47624546728101e-06
1.67200000000000e+01	5.43454835397427e-06
1.67300000000000e+01	5.39341133054407e-06
1.67400000000000e+01	5.35275588731377e-06
1.67500000000000e+01	5.31257819114746e-06
1.67600000000000e+01	5.27281013024448e-06
1.67700000000000e+01	5.23333220719143e-06
1.67800000000000e+01	5.19421154322925e-06
1.67900000000000e+01	5.15534786050054e-06
1.68000000000000e+01	5.11664617123490e-06
1.68100000000000e+01	5.07810820821844e-06
1.68200000000000e+01	5.03979660099520e-06
1.68300000000000e+01	5.00159202527258e-06
1.68400000000000e+01	4.96346471488966e-06
1.68500000000000e+01	4.92553101347020e-06
1.68600000000000e+01	4.88773053458391e-06
1.68700000000000e+01	4.85000000080455e-06
1.68800000000000e+01	4.81252177766818e-06
1.68900000000000e+01	4.77516024518892e-06
1.69000000000000e+01	4.73806788829922e-06
1.69100000000000e+01	4.70112452853019e-06
1.69200000000000e+01	4.66437974502473e-06
1.69300000000000e+01	4.62786642560301e-06
1.69400000000000e+01	4.59162749979656e-06
1.69500000000000e+01	4.55555560212648e-06
1.69600000000000e+01	4.51976511219875e-06
1.69700000000000e+01	4.48421152760768e-06
1.69800000000000e+01	4.44895780059752e-06
1.69900000000000e+01	4.41399510452503e-06
1.70000000000000e+01	4.37935427636710e-06
1.70100000000000e+01	4.34517551616608e-06
1.70200000000000e+01	4.31140583615184e-06
1.70300000000000e+01	4.27811665951072e-06
1.70400000000000e+01	4.24528090619158e-06
1.70500000000000e+01	4.21301352346666e-06
1.70600000000000e+01	4.18130803117911e-06
1.70700000000000e+01	4.15018048828475e-06
1.70800000000000e+01	4.11954370726589e-06
1.70900000000000e+01	4.08948356945322e-06
1.71000000000000e+01	4.05995368080711e-06
1.71100000000000e+01	4.03093688281553e-06
1.71200000000000e+01	4.00231430332497e-06
1.71300000000000e+01	3.97412051071208e-06
1.71400000000000e+01	3.94637174240178e-06
1.71500000000000e+01	3.91896725708917e-06
1.71600000000000e+01	3.89183413153848e-06
1.71700000000000e+01	3.86506951937222e-06
1.71800000000000e+01	3.83850381734356e-06
1.71900000000000e+01	3.81230225205885e-06
1.72000000000000e+01	3.78627059679667e-06
1.72100000000000e+01	3.76053832178759e-06
1.72200000000000e+01	3.73509245182991e-06
1.72300000000000e+01	3.70977890896006e-06
1.72400000000000e+01	3.68478772625417e-06
1.72500000000000e+01	3.65993068466714e-06
1.72600000000000e+01	3.63535172083542e-06
1.72700000000000e+01	3.61096774438860e-06
1.72800000000000e+01	3.58676675964158e-06
1.72900000000000e+01	3.56278236364525e-06
1.73000000000000e+01	3.53897724945583e-06
1.73100000000000e+01	3.51535490521932e-06
1.73200000000000e+01	3.49194389977141e-06
1.73300000000000e+01	3.46862117163219e-06
1.73400000000000e+01	3.44547533549111e-06
1.73500000000000e+01	3.42247984774135e-06
1.73600000000000e+01	3.39963115131232e-06
1.73700000000000e+01	3.37690031232381e-06
1.73800000000000e+01	3.35428772779108e-06
1.73900000000000e+01	3.33179842333271e-06
1.74000000000000e+01	3.30951212045172e-06
1.74100000000000e+01	3.28728888008080e-06
1.74200000000000e+01	3.26518456032840e-06
1.74300000000000e+01	3.24322713446031e-06
1.74400000000000e+01	3.22142308465158e-06
1.74500000000000e+01	3.19970099612205e-06
1.74600000000000e+01	3.17815816219672e-06
1.74700000000000e+01	3.15675318443161e-06
1.74800000000000e+01	3.13543844721554e-06
1.74900000000000e+01	3.11421031319095e-06
1.75000000000000e+01	3.09314583965996e-06
1.75100000000000e+01	3.07221779206614e-06
1.75200000000000e+01	3.05131939332709e-06
1.75300000000000e+01	3.03050483882440e-06
1.75400000000000e+01	3.00974431757188e-06
1.75500000000000e+01	2.98909934652492e-06
1.75600000000000e+01	2.96846138262901e-06
1.75700000000000e+01	2.94788912039607e-06
1.75800000000000e+01	2.92735320960414e-06
1.75900000000000e+01	2.90689483273214e-06
1.76000000000000e+01	2.88645496770597e-06
1.76100000000000e+01	2.86614938406710e-06
1.76200000000000e+01	2.84587296588862e-06
1.76300000000000e+01	2.82575595462158e-06
1.76400000000000e+01	2.80572032666084e-06
1.76500000000000e+01	2.78580183389217e-06
1.76600000000000e+01	2.76608920652350e-06
1.76700000000000e+01	2.74650681240285e-06
1.76800000000000e+01	2.72712411357513e-06
1.76900000000000e+01	2.70794726095461e-06
1.77000000000000e+01	2.68891473306181e-06
1.77100000000000e+01	2.67007573926799e-06
1.77200000000000e+01	2.65141622983466e-06
1.77300000000000e+01	2.63291988495991e-06
1.77400000000000e+01	2.61462897167594e-06
1.77500000000000e+01	2.59644085403060e-06
1.77600000000000e+01	2.57846798906065e-06
1.77700000000000e+01	2.56057706015900e-06
1.77800000000000e+01	2.54285157450766e-06
1.77900000000000e+01	2.52525056831242e-06
1.78000000000000e+01	2.50771942033465e-06
1.78100000000000e+01	2.49032761404047e-06
1.78200000000000e+01	2.47303814797286e-06
1.78300000000000e+01	2.45579674317494e-06
1.78400000000000e+01	2.43865173589980e-06
1.78500000000000e+01	2.42160734439807e-06
1.78600000000000e+01	2.40466022642392e-06
1.78700000000000e+01	2.38777137488068e-06
1.78800000000000e+01	2.37095308570489e-06
1.78900000000000e+01	2.35421394111721e-06
1.79000000000000e+01	2.33759423049541e-06
1.79100000000000e+01	2.32101103753207e-06
1.79200000000000e+01	2.30450151461350e-06
1.79300000000000e+01	2.28808907487455e-06
1.79400000000000e+01	2.27168879137596e-06
1.79500000000000e+01	2.25533309178568e-06
1.79600000000000e+01	2.23901000335455e-06
1.79700000000000e+01	2.22275620920418e-06
1.79800000000000e+01	2.20648612571784e-06
1.79900000000000e+01	2.19029228477521e-06
1.80000000000000e+01	2.17413674362430e-06
1.80100000000000e+01	2.15810989362759e-06
1.80200000000000e+01	2.14213050669024e-06
1.80300000000000e+01	2.12632456051658e-06
1.80400000000000e+01	2.11069162774394e-06
1.80500000000000e+01	2.09527094239239e-06
1.80600000000000e+01	2.08007178614086e-06
1.80700000000000e+01	2.06517667582308e-06
1.80800000000000e+01	2.05054922051019e-06
1.80900000000000e+01	2.03622311445669e-06
1.81000000000000e+01	2.02218148703131e-06
1.81100000000000e+01	2.00845966642002e-06
1.81200000000000e+01	1.99504076693084e-06
1.81300000000000e+01	1.98189768928006e-06
1.81400000000000e+01	1.96894739274440e-06
1.81500000000000e+01	1.95624192445197e-06
1.81600000000000e+01	1.94369774837770e-06
1.81700000000000e+01	1.93134695761484e-06
1.81800000000000e+01	1.91907996732433e-06
1.81900000000000e+01	1.90696385709876e-06
1.82000000000000e+01	1.89493004604148e-06
1.82100000000000e+01	1.88293807934310e-06
1.82200000000000e+01	1.87102723485893e-06
1.82300000000000e+01	1.85916091934956e-06
1.82400000000000e+01	1.84730949889702e-06
1.82500000000000e+01	1.83545443551735e-06
1.82600000000000e+01	1.82363224299869e-06
1.82700000000000e+01	1.81183044704704e-06
1.82800000000000e+01	1.80000026535275e-06
1.82900000000000e+01	1.78817855413599e-06
1.83000000000000e+01	1.77640561536654e-06
1.83100000000000e+01	1.76460871182989e-06
1.83200000000000e+01	1.75286122907427e-06
1.83300000000000e+01	1.74113376778431e-06
1.83400000000000e+01	1.72947099212249e-06
1.83500000000000e+01	1.71785905339687e-06
1.83600000000000e+01	1.70632215823924e-06
1.83700000000000e+01	1.69488248442419e-06
1.83800000000000e+01	1.68355870611955e-06
1.83900000000000e+01	1.67235144928146e-06
1.84000000000000e+01	1.66130599870290e-06
1.84100000000000e+01	1.65042893518502e-06
1.84200000000000e+01	1.63971810221799e-06
1.84300000000000e+01	1.62922049100334e-06
1.84400000000000e+01	1.61890778133379e-06
1.84500000000000e+01	1.60880881907183e-06
1.84600000000000e+01	1.59891479302764e-06
1.84700000000000e+01	1.58922961923533e-06
1.84800000000000e+01	1.57974455176879e-06
1.84900000000000e+01	1.57044365157429e-06
1.85000000000000e+01	1.56131676243604e-06
1.85100000000000e+01	1.55233084255994e-06
1.85200000000000e+01	1.54349186931012e-06
1.85300000000000e+01	1.53476010260042e-06
1.85400000000000e+01	1.52612480483438e-06
1.85500000000000e+01	1.51756755538515e-06
1.85600000000000e+01	1.50906828313239e-06
1.85700000000000e+01	1.50061992091940e-06
1.85800000000000e+01	1.49219294032601e-06
1.85900000000000e+01	1.48379789142373e-06
1.86000000000000e+01	1.47540536634051e-06
1.86100000000000e+01	1.46702295802275e-06
1.86200000000000e+01	1.45864786654503e-06
1.86300000000000e+01	1.45027714940617e-06
1.86400000000000e+01	1.44191271812627e-06
1.86500000000000e+01	1.43354571699923e-06
1.86600000000000e+01	1.42520787505535e-06
1.86700000000000e+01	1.41687475660438e-06
1.86800000000000e+01	1.40856456974779e-06
1.86900000000000e+01	1.40028002307685e-06
1.87000000000000e+01	1.39203293097399e-06
1.87100000000000e+01	1.38381053125983e-06
1.87200000000000e+01	1.37563751616153e-06
1.87300000000000e+01	1.36749536423881e-06
1.87400000000000e+01	1.35939367848714e-06
1.87500000000000e+01	1.35133632816100e-06
1.87600000000000e+01	1.34330599704821e-06
1.87700000000000e+01	1.33532879621434e-06
1.87800000000000e+01	1.32737759751046e-06
1.87900000000000e+01	1.31945969615692e-06
1.88000000000000e+01	1.31157696106079e-06
1.88100000000000e+01	1.30372466347768e-06
1.88200000000000e+01	1.29588420220171e-06
1.88300000000000e+01	1.28806747224934e-06
1.88400000000000e+01	1.28026798134866e-06
1.88500000000000e+01	1.27248600041763e-06
1.88600000000000e+01	1.26471532669041e-06
1.88700000000000e+01	1.25693643653827e-06
1.88800000000000e+01	1.24916386972773e-06
1.88900000000000e+01	1.24139232636025e-06
1.89000000000000e+01	1.23361667443363e-06
1.89100000000000e+01	1.22583420570589e-06
1.89200000000000e+01	1.21803737272574e-06
1.89300000000000e+01	1.21023532451743e-06
1.89400000000000e+01	1.20243202362164e-06
1.89500000000000e+01	1.19463141710296e-06
1.89600000000000e+01	1.18682830988195e-06
1.89700000000000e+01	1.17903740008307e-06
1.89800000000000e+01	1.17127004227195e-06
1.89900000000000e+01	1.16353882422972e-06
1.90000000000000e+01	1.15583485050848e-06
1.90100000000000e+01	1.14819133989292e-06
1.90200000000000e+01	1.14058052566149e-06
1.90300000000000e+01	1.13303514969153e-06
1.90400000000000e+01	1.12554649784551e-06
1.90500000000000e+01	1.11809618832881e-06
1.90600000000000e+01	1.11068772280906e-06
1.90700000000000e+01	1.10329826787910e-06
1.90800000000000e+01	1.09594145961377e-06
1.90900000000000e+01	1.08857871268177e-06
1.91000000000000e+01	1.08121374438048e-06
1.91100000000000e+01	1.07383437550172e-06
1.91200000000000e+01	1.06646019415565e-06
1.91300000000000e+01	1.05908484259667e-06
1.91400000000000e+01	1.05173423311250e-06
1.91500000000000e+01	1.04442211488982e-06
1.91600000000000e+01	1.03719353269148e-06
1.91700000000000e+01	1.03007748315180e-06
1.91800000000000e+01	1.02310420407553e-06
1.91900000000000e+01	1.01630059433956e-06
1.92000000000000e+01	1.00970661923626e-06
1.92100000000000e+01	1.00330453011886e-06
1.92200000000000e+01	9.97137857398635e-07
1.92300000000000e+01	9.91179945465681e-07
1.92400000000000e+01	9.85433887939852e-07
1.92500000000000e+01	9.79876507226336e-07
1.92600000000000e+01	9.74481641848173e-07
1.92700000000000e+01	9.69230026670760e-07
1.92800000000000e+01	9.64097777338539e-07
1.92900000000000e+01	9.59047828429676e-07
1.93000000000000e+01	9.54068532980993e-07
1.93100000000000e+01	9.49139565356040e-07
1.93200000000000e+01	9.44246499590735e-07
1.93300000000000e+01	9.39369365797451e-07
1.93400000000000e+01	9.34507165796543e-07
1.93500000000000e+01	9.29646979002485e-07
1.93600000000000e+01	9.24800326174685e-07
1.93700000000000e+01	9.19937537128404e-07
1.93800000000000e+01	9.15088949602931e-07
1.93900000000000e+01	9.10233859865241e-07
1.94000000000000e+01	9.05378999368018e-07
1.94100000000000e+01	9.00529996966504e-07
1.94200000000000e+01	8.95673583236231e-07
1.94300000000000e+01	8.90821069380014e-07
1.94400000000000e+01	8.85971309456875e-07
1.94500000000000e+01	8.81117557027219e-07
1.94600000000000e+01	8.76266057962186e-07
1.94700000000000e+01	8.71413168286544e-07
1.94800000000000e+01	8.66572197157320e-07
1.94900000000000e+01	8.61725949766168e-07
1.95000000000000e+01	8.56878070814504e-07
1.95100000000000e+01	8.52034614511378e-07
1.95200000000000e+01	8.47199077637209e-07
1.95300000000000e+01	8.42367249628923e-07
1.95400000000000e+01	8.37531061929466e-07
1.95500000000000e+01	8.32701216191032e-07
1.95600000000000e+01	8.27872851733180e-07
1.95700000000000e+01	8.23048888203143e-07
1.95800000000000e+01	8.18240539000985e-07
1.95900000000000e+01	8.13432237368103e-07
1.96000000000000e+01	8.08638860234085e-07
1.96100000000000e+01	8.03865163798354e-07
1.96200000000000e+01	7.99102944285161e-07
1.96300000000000e+01	7.94366438125942e-07
1.96400000000000e+01	7.89644304273948e-07
1.96500000000000e+01	7.84951902586722e-07
1.96600000000000e+01	7.80287340008029e-07
1.96700000000000e+01	7.75645019804097e-07
1.96800000000000e+01	7.71033951407030e-07
1.96900000000000e+01	7.66452239280333e-07
1.97000000000000e+01	7.61954243678409e-07
1.97100000000000e+01	7.57484117562042e-07
1.97200000000000e+01	7.53097216908883e-07
1.97300000000000e+01	7.48848900971466e-07
1.97400000000000e+01	7.44819052215755e-07
1.97500000000000e+01	7.41172706626188e-07
1.97600000000000e+01	7.38162859702630e-07
1.97700000000000e+01	7.36198042394542e-07
1.97800000000000e+01	7.35920380208415e-07
1.97900000000000e+01	7.38311210716481e-07
1.98000000000000e+01	7.44811289994737e-07
1.98100000000000e+01	7.57489859715605e-07
1.98200000000000e+01	7.79304177271887e-07
1.98300000000000e+01	8.14393620404626e-07
1.98400000000000e+01	8.68565646726908e-07
1.98500000000000e+01	9.49969821731457e-07
1.98600000000000e+01	1.07015276659532e-06
1.98700000000000e+01	1.24562948381145e-06
1.98800000000000e+01	1.50021323895721e-06
1.98900000000000e+01	1.86846385181481e-06
1.99000000000000e+01	2.40061050084115e-06
1.99100000000000e+01	3.16990585557391e-06
1.99200000000000e+01	4.28338213871286e-06
1.99300000000000e+01	5.89834490388355e-06
1.99400000000000e+01	8.24808140105328e-06
1.99500000000000e+01	1.16833894492905e-05
1.99600000000000e+01	1.67422098767676e-05
1.99700000000000e+01	2.42705220669040e-05
1.99800000000000e+01	3.56415744128050e-05
1.99900000000000e+01	5.31734172516620e-05
2.00000000000000e+01	8.09724575193455e-05
